257835559
184466402
216091436
66067661
194451567
130997188
107798677
251459148
241911844
51491718
208271047
690017
252649319
208271049
207914870
13624070
242995187
85560152
6568581
171580942
190707635
137255644
116458792
213964798
57353834
204473013
86040648
215217960
207933137
68190516
252038387
2014117
126743457
35043478
208131858
74732208
22446009
57913621
182301652
584999
17049978
262477158
146274575
168303298
149531825
117432137
252011709
248703290
252079175
198869315
87618720
58709021
192396733
248703306
190301035
201088289
36102737
36102733
248703287
74571434
26137301
163578403
178078817
162976913
213860876
213860872
262053136
36710825
195283664
200793064
202763163
206673082
38454407
22616072
15207308
196141117
72933498
214756334
205802242
10603405
146226483
215730545
129666229
145092091
204640385
152567006
247239940
205550601
114925378
213548892
248894168
202292293
13817871
2172281
55362353
111680523
248494208
198933348
155550602
6568585
107195036
49723342
215139687
3428321
2790107
249766452
125924594
247808547
23064588
74732166
135346679
200792514
222682787
232956416
104558867
142118041
77154713
168303291
138334018
114651093
200793401
220911227
250203137
106662875
252079705
262451670
19920368
602283
222676709
164161388
10321429
102757871
191076514
146273902
252714196
51348524
205161901
71090433
77225338
152705105
68494876
77665448
201106734
195283655
253227987
703218
215483574
207008378
227103629
229727772
655956
205622252
36710356
162994063
249610802
7858923
2462903
205573998
105236975
247454348
63126433
74542718
839923
176728727
202529474
58971163
144516100
53978349
68377035
109861986
111677363
193519290
84737421
163031232
247858446
55003531
4291931
7858919
58437174
206376227
251091193
252002960
242075635
114950134
160207247
32219421
96444269
189588392
41265454
249205911
94711130
11123190
116132656
2158833
111680995
93897767
216986420
199970463
251448056
242504798
211303443
136889300
216299357
249876574
141260482
189234677
854499
73801557
130011695
147564397
210143776
163739592
261037167
74571432
152592540
139731107
169307916
163831024
204663432
221226443
164195773
74732069
251550034
173086973
221711313
111680874
146270235
252632212
158745357
128955743
250067571
125377275
262977533
216982520
52393313
10075761
259389006
56364816
72040796
249658197
127033082
252640178
34440491
215189734
243088275
104254873
253406137
147564399
107219760
251460705
248893917
262687650
203842411
2921301
6568553
222322302
199247597
217577377
164161331
141235125
247454264
104034443
262656191
180955658
205609703
1366307
74690201
173176585
248786517
1007996
181456504
196360890
170265858
596632
192950083
257646230
72033041
257869288
144524822
176817316
249889907
68304989
262453387
252683089
2202111
193006560
189234400
253242094
262292841
653316
126676467
242484662
253241175
24880834
134349645
262053173
2777829
198592839
192950749
158405811
243319656
22594644
215378563
1535529
217577375
184591235
67575919
187375079
216380594
242501479
15734296
106769640
253632098
192949206
263119109
215378579
22595644
252641041
186369296
251768685
253136525
149534848
1535513
253467896
71553535
87851112
169331333
53980357
193524978
227473870
196156305
58708525
183544605
260554506
111582636
178071235
90725868
46825302
1535511
104038201
57913619
252719677
199727940
146226336
162562592
214893477
168358989
854463
752013
201628638
2345565
170590442
254116748
252685060
67570748
250548995
252002774
80657323
74685071
128825649
49748162
197652262
247858755
248894210
76128070
131195583
146224802
203422539
252629360
217577383
58709638
261037691
208118188
262338113
105739692
136235818
152568020
257291215
22155307
195573593
3858097
253044301
204301985
114459430
250069860
13383498
192948684
158745355
163544219
186080590
179539942
252078563
73784214
190461381
887781
260111295
74747564
35443300
13624090
59579776
203204620
4291913
193045187
11580575
28928209
97010175
74853505
252011664
199527176
204416883
189193820
203204610
977986
114447385
262914517
252970207
128131968
213886032
2014119
114447388
71957067
15192190
194490797
212326821
195670695
129666364
195746005
262337983
155388702
112955720
178031683
72332262
22606888
249680942
102905196
109369141
158745349
107542980
155443723
251445026
49747009
216213591
189179256
248401802
10990293
260297055
192949612
1511431
1535515
210438281
249857258
147570697
186285978
262813036
137387593
249856964
249857458
75701897
262813034
262676115
169490162
247933003
66955380
114447397
75405366
6568589
170661906
3772629
155462039
977984
262813040
262813054
217490010
195436104
257835573
84166790
117742392
261814018
74678012
252078369
74283405
242017173
262664416
14513735
252682982
8325633
137485543
207729681
77665544
253465905
249827156
217577373
196524277
247953559
252290140
253665217
184042447
141729378
49960569
22382588
168353292
155464457
155448321
160754129
205304539
141729266
176522628
254188944
190782740
216978153
168959820
207313830
53980117
74457807
74457769
262504424
262748912
159828965
262086757
114447405
253165902
206715191
182844798
195993426
182986277
252078850
137432304
129670158
195745701
249955215
95866342
243057263
193524113
114459435
209302122
243051819
154578080
205810826
202897092
164160937
252050555
183538944
168659991
202153421
207811654
189885475
163282399
155463714
114459436
170265505
129682794
261972219
146275298
249824399
114447403
58618146
216980242
54715215
214935174
183523984
163739537
53980415
101325177
155437555
243086147
108130740
213787725
73656813
262060867
188487710
200673157
20485879
180576939
73491803
114459432
849985
262086076
193523736
181372064
243052352
201114820
174588112
202622904
176935161
158745365
180745561
252673297
252635209
252637322
252649098
262462996
249688879
179912897
252040523
20426306
88043395
198592510
35442441
263082596
189540692
74732021
263337971
163021220
146272614
7326889
221014297
196515180
183683316
1574811
158745333
177274776
129563314
189252914
252078461
252079483
207565697
137444430
230014131
68332481
194861050
252648201
247960906
188542232
58618062
263119065
1731771
263208206
263103192
213886946
199969834
146275294
247938891
263103203
247719170
114447393
77665538
252125629
246073771
246076614
137481817
194451739
12705534
168899507
193002435
253216077
215580015
192950434
214658061
263440921
137572713
252568673
252631988
252643838
158692977
155389891
169697343
252637138
252574889
252638445
249688887
255299284
263280141
81576233
141729643
263104583
263206694
176522652
249259186
170466610
161541360
114459429
254113927
216297475
263208993
193524240
261813987
192456244
247328396
261951827
59591202
8325632
149531835
214655281
160940821
207643688
258651403
106061662
93926256
248762424
198929838
262525527
262808663
262755020
262808622
243045551
247718840
25979637
192950149
181998071
58709664
11493525
263207477
263097251
263206794
165030928
242077939
101096909
263206836
263105104
246082290
194183427
205945393
263367076
263082562
139300187
129708102
252641074
252641037
206987823
261813090
155390331
180864263
176779882
195746124
53980200
205280879
73887641
262904704
127032263
246852287
215539282
87851837
247346509
220662690
246397556
252137019
215579981
261985952
149781059
146274571
207811656
216297255
146225930
77665542
167019770
196158320
206376511
8025964
157244418
158482574
246079295
68169396
208271051
215378581
193523861
79367495
138342326
206335172
253230447
235728523
252646940
155392938
247303364
104250477
47273265
252574775
76132273
262972396
225298288
102691371
192950139
129666437
207895143
189539721
259479273
263209069
263119571
113004502
169376050
36710321
129665562
253040808
189603883
243053710
137133191
216213611
188008560
201695399
192950056
199171138
128114161