3304875
3639597
121635154
54614797
217536280
162844699
186290790
174444163
120219394
76388962
186290824
22258946
186290802
200928947
87226754
242424688
253642360
249856792
145977548
262454634
50751279
198198467
87226756
186290792
186290795
157195847
15397971
253357793
74012443
225195111
186286174
121185868
186088881
187843291
248380406
186286177
201687274
217478984
197657913
253656612
69764547
5154645
57211757
262695598
70016690
184466862
186290826
480687
3241173
197344449
72542474
76012201
252795778
215141304
4085859
186286180
176550203
186290787
4466841
4889415
186286172
198198468
217336260
252131250
644076
186286168
66464346
217440624
186286184
157412117
584959
186290791
186286166
486206
153518828
298999
219148744
57518431
142675354
253656615
204902599
75455518
243090397
121185869
247289799
262695606
217350173
251577067
51286878
566718
186286186
20889775
186286190
214922280
76833705
202153823
155796419
119897850
186286182
222627369
566716
63924629
55605172
262060481
262477173
184226848
174444205
160552958
186290796
980770
167461993
150839666
188534381
170298058
230050504
143362752
530742
2848783
67652287
247566078
634063
192987505
204665316
248936931
549856
262477162
262477157
167600201
116177988
188534357
166084266
249686906
247858567
251257444
248619258
1403383
105985507
74942181
198208147
13624082
456236
242718198
259310815
259310810
199216980
137694321
190515133
203023971
563620
563621
156224973
262875350
122829719
125939195
191045565
160370177
657307
167148838
104273013
102431118
15686501
251577062
95866216
137131071
491551
535965
173763087
457673
36666733
155374010
249766492
222679652
528904
571697
197745245
704719
108698360
166033487
2756275
198203453
37890737
173764537
105483763
529087
31972589
555992
94383331
55658371
155563731
417334
154240621
249955217
485256
202961483
484458
72330200
10745325
1566839
214080802
204009119
155495505
507386
262055134
253366274
29175016
207563824
917446
374758
150017982
1275581
249771920
242424685
1496063
369412
550472
249693338
209400382
262512838
164336681
259310846
487468
183683454
164336678
2820501
457780
162100197
241821092
121744430
207933203
575791
77680802
8916601
100466670
481236
2792283
216463597
186286169
168303301
13624071
148802196
565421
167462149
561922
213301779
68392329
113526561
533692
198296399
1034442
559116
4476287
557547
215739317
196186362
160552992
6279551
249569922
261969108
251590718
106749649
478479
464132
540472
439191
248590418
19250613
251585315
918230
171587086
3957063
569428
837734
19250063
347801
77665446
77221133
592929
161252706
523496
206248631
251942822
54445426
158868216
597527
160553074
168900733
74689091
257787169
593709
220666221
205039751
544577
496027
194959722
214080794
568493
549215
194104230
497051
1353609
413696
77918980
19274684
1371309
161930320
22254704
625846
168900735
192949332
170326277
2033013
202028952
188492927
102132875
217149573
72206710
255466301
164501938
74285825
66751621
606966
575792
262393240
1371305
56305504
6568557
548695
548073
135508291
205917279
568515
540327
253311028
83608425
206715231
250549075
645613
259310934
217536282
82702645
15693075
105739554
10787813
193605360
164336677
5141139
202033135
164323195
345199
77105707
251984824
248542292
1739195
21487314
186265451
257787218
605674
192950978
184774161
47161845
475357
571266
215040231
557724
2069395
186290808
190705663
242502684
478449
1816795
213494441
8823376
259310844
5809353
74981856
491557
37368606
471955
552541
152924107
575942
553076
160553078
99283760
1820057
626850
189189031
1535127
689204
1739199
186256472
57595576
7837699
262465486
74038274
177747009
77448426
13116539
215983660
203093933
826457
625756
185067346
54632093
573641
105231518
194959695
523781
443523
430495
2000691
2462927
576180
19349144
96390088
455624
1371313
6009325
51903732
49747013
575209
119899379
3213013
105376031
102108216
25741611
98826858
1069434
516346
113526685
13415203
458023
417046
610564
251443879
567443
167359972
251984696
1539231
559160
251345232
190514882
996166
253211439
872302
916876
259512941
96389877
249976907
59081958
5023487
181699612
170326212
395940
190233151
98301144
178313185
151524164
242502682
550668
48329797
48329795
1733015
252126715
259310820
716232
215580023
104558053
1539235
76899389
146226367
47438223
419973
369276
478645
610596
6756525
574968
25742844
563975
193209824
170298044
137130058
602895
71898419
135322590
253271299
31952092
35327204
11517614
159785849
565205
160553114
149531831
632637
261840672
4336433
4476285
1539237
205809611
249143531
491176
395938
378489
25739243
5771337
188687021
559466
477390
115974415
77663506
137694327
253043602
250077490
176752934
1566841
1953609
543166
247931437
335375
146271889
6756521
7378083
200627888
219164824
433000
257869282
515027
213998039
249306950
391745
127032460
242502790
218735676
52806380
137133491
58534812
200673151
72459682
877330
92552028
167609865
173599841
597541
372308
76756490
844782
455980
137444695
551542
160552960
885470
171580607
605250
581805
1371287
121614024
850904
504138
202854982
583499
101931235
170326203
36748897
2237157
91499332
160552927
938096
10857704
120509499
444497
576414
197635941
81245166
439187
263053843
1445367
22171141
162201943
485249
915318
259310921
255455611
249773418
2546305
1696337
263021102
26465933
213494451
263076434
431187
262465519
159882211
204000460
212213045
58063000
390292
4476293
548691
137414849
481237
1406933
184243096
214753107
430492
1539259
497069
121625761
170298052
192862924
113060819
98740623
164436692
192950514
449692
118582628
1535541
481228
557460
563995
248773700
216215453
20013860
557459
137129885
478448
251456997
485259
62680999
83833385
249253644
3048355
113528647
135456594
170298054
217513569
197629234
203093931
252035988
467873
91645990
164265695
188533774
122832265
259310938
206331182
248413788
557719
36061941
545217
48629561
650297
253471967
56690903
73812807
173673951
474255
101089459
195472224
100460143
584927
464741
574856
76527908
485557
497042
177746994
11259247
31189875
262453842
251384733
7443311
528906
251786417
19349133
127032509
417189
1252519
204429454
350300
872342
485261
247817581
195954679
578859
108382616
575210
149531833
137567879
161618872
457631
395448
207502999
207027226
160553096
262055063
6906997
1371291
262084494
193736699
95211179
160552937
193433942
1672457
98740632
443188
104557878
152705117
551555
549083
349719
186290806
262055670
2077305
186290810
543051
261967325
50295029
53826891
492376
574743
15637245
791814
19349149
579407
55582276
253081216
214920268
42877484
401758
95250410
170847923
43237533
170298045
504130
253248358
1528265
75513743
76527917
597399
1734353
390284
478411
345963
3020377
262453745
215040203
157216699
253238435
247776962
175526823
123610063
218735670
1371311
121262389
262747355
74402408
162100188
153408979
581923
72711433
243025308
249257553
30792962
249257597
597393
49564211
471351
195962338
22078993
2546273
248788427
262818429
582283
181783127
544444
158741254
24744424
36628000
137254332
125535835
68585582
180575921
360044
120183147
132303244
138396266
189234175
213449878
253468343
172950044
381653
143226161
252011900
8839594
262363036
247817572
520729
80960156
160553124
121312202
213860870
192951036
137592631
651467
96389810
230247964
149449162
168900690
214920845
225220586
476648
6547583
597357
84593244
14518993
195472220
7858921
81323244
88917642
263058530
247938081
137255581
625774
419339
168899451
167610702
20426304
230323288
417771
56205258
380059
249347291
429559
205280823
253468319
573013
2000699
551692
1734383
251384716
36299941
195952111
262452078
247661211
160553044
215723301
527318
800614
4939489
104611536
127338432
54671912
105739646
105739637
76781534
244132220
152705127
192261770
12574279
137133212
137453226
34642497
172908185
207658404
171625682
137444876
37119357
137133261
23432163
3567259
35043472
242502680
8916603
921252
392786
215788536
253400480
257835492
216298639
31553651
1822055
2120371
442333
588519
262055126
215788466
576802
194451608
48702291
200634065
98301230
124706044
19918843
164430537
186267241
168900796
207749381
159693888
625185
1734381
160553119
527619
252591765
905809
248774171
262605361
13967734
160552987
74793286
176150704
151994933
111005485
176752961
200617422
573697
120183221
50764066
684874
203288358
205506557
149365226
382078
253468324
93059575
54057021
20977321
85445374
475118
252763588
170352434
532018
4104651
166084121
258284733
136020937
20113821
262054624
253228074
757372
576379
252596403
19274682
262054759
541326
137261659
248523227
1371295
497060
214160478
55637576
258284735
249272849
48210088
249692817
395447
251520925
21860167
262302732
190109360
13624077
262054855
201610153
133771894
249237690
252008158
527316
316864
219404534
190515086
10577303
253212186
249876435
920617
172024650
1362563
553858
475688
400409
204044640
187023346
197725686
7637666
96009635
202855037
25980585
127692607
529302
137424753
497529
201610123
392490
477383
133774693
197647405
205696251
74012431
395976
207749398
70743653
164227348
423236
249921202
3715677
160538405
137453484
242715907
22140055
217412346
1986173
207640405
10581343
72459690
531635
7798044
207317576
262453836
253238438
924311
262453742
200705611
165021279
1696345
558294
455205
99442932
122521450
207035118
183727728
444758
215040244
3157551
257646236
906097
248119283
66464342
48541378
262090036
190515162
148815180
217149571
149433780
487198
252591760
57910164
247787824
348167
1940325
352340
119240556
1353621
225195090
137259176
20877534
201113515
6568549
725071
632670
68190510
471335
68688349
104558060
206488473
215739319
230206800
3003461
247902090
36710676
252794810
250511099
96389861
76756241
104558481
199975378
253413353
50416098
487634
23432214
101683190
247921846
1065622
216359755
394174
195924966
172475766
95250644
13687645
58268331
4257509
57219192
472392
160553104
497361
1528239
7833003
252595537
38108492
572956
475287
201308205
248585426
190539738
98301115
194183433
389589
138669921
366014
1705537
124234495
53395808
199975052
75615231
475372
198187968
202498559
206335165
67140914
248637894
400404
1071032
177145296
532518
493431
475417
475273
468374
970220
431961
197625635
212324116
195841277
262067459
846730
146225164
171625649
438502
160553046
809883
8833819
416996
3636111
20746912
137260091
137255667
137130369
195322218
122521489
252050208
207733034
520724
533661
835998
248524527
176080918
442342
242443717
456065
215779367
474231
177205934
410102
123782210
125400725
249645808
247787091
182556227
442332
341438
1407611
891196
200673222
438499
974016
184476225
98301214
58708769
142815582
560783
400413
197629367
105739283
249693056
98301153
207252867
3715675
255455617
251546251
103474831
170298050
171625607
480173
160759007
136328701
198523332
217696768
76748082
400403
253681498
253271252
258284739
230038934
257869283
66698785
213445435
255299546
91934833
262055731
501599
207745181
57219184
255313276
66935796
76527948
184243098
578864
112194278
846574
119238929
605488
137129616
251585317
247466502
170326206
215730563
248818641
178953154
70692021
201032344
643938
31205995
188050703
206784520
8048520
72001042
109295431
137245881
11713956
196854181
215789126
31205931
181367674
137133243
494122
216007459
444785
51518748
207358464
485247
352365
230264812
137249919
252011494
105739421
713910
397932
166033458
137133193
249644301
194420750
24009712
252714292
247406275
686466
213488434
6209525
252795409
50702339
32907933
262055653
3734145
64244751
195662803
193212294
133774646
586956
132304622
217387229
10638274
102757895
123604284
253600963
84132570
146700705
16912187
137432644
215779369
571646
125619604
122521445
196028278
98301204
218735673
215545147
249349858
243808225
417113
195673251
576410
32907931
195472166
48035315
253104641
183333332
803639
191655956
249962066
252763052
252385638
344826
253238433
410812
106349478
918824
11653680
20346292
192949029
193206329
182786927
262344818
474248
594760
438090
167519520
145499871
58710036
207658258
137261156
242502788
245764924
344479
474068
572622
123491296
215779250
247285614
163831467
242502214
194088338
133141396
243808219
247944132
249971904
249873871
249652503
400405
1606921
359653
247291207
53748336
71553545
178056728
177266824
217272469
212992652
205831205
28704247
248773856
98301184
122944545
104558269
475397
262783989
185405608
7361905
248989391
163165281
249957290
46107062
225215641
21442602
262055089
80628927
137250769
202343119
8456238
253070642
261995741
578858
259542135
1031912
578842
257646232
258284737
339886
74490640
249652505
252948434
16340720
36710581
23400950
252126713
247678570
138127646
134677171
107394302
257646234
252724695
696173
708136
104557946
215486428
164818223
129268177
242502701
262605365
578800
429703
1540083
197622701
423167
253152763
696315
159696075
1754721
217292514
249972362
98301052
186286192
262053179
207317584
7908445
1823099
446729
259513239
2903045
249243187
198495052
1667323
161067320
179951608
98301031
252795485
195818649
195328356
247778225
69931939
213965529
105739370
113236020
12735181
11259249
391264
213711037
164259140
48215197
218735382
248847264
2739217
164244453
125086400
1371303
252658615
2272607
63670217
105739784
34180322
212992300
220677339
248817536
120183316
172475822
250077466
510361
257646220
255299892
508125
13687641
200673224
20480946
67140910
551902
192073327
195430259
175967756
63538260
15449180
240626494
214189264
252028504
5771461
80657319
3794953
2363053
262060530
163133577
191655960
195661026
192862931
192950414
1750153
195856406
235315630
118375096
137130000
74490644
242232264
249971265
125403468
17924181
249921326
111005495
8947290
242502699
230207761
176804363
99461651
149520446
137130415
3795009
242494651
195664511
1565665
195854053
248856724
242501431
245764943
98301015
249875064
172476318
215389520
1020618
542589
255299381
92488041
410787
576406
197635559
168899458
650518
508068
515235
1705547
413543
200673147
686517
5746487
598767
413471
235736501
174491802
197975155
34957245
576810
19408913
346655
576987
249977730
55582234
9794508
137133503
105739762
195952865
478632
137256304
437360
109862072
573638
174605359
162813761
492340
205808343
206560559
137444789
218735372
38224486
249306947
2000703
165284317
195301181
200849153
49385580
215788608
253238431
249243258
196156451
130439444
646699
38235255
392741
814016
80960217
467511
83749535
589358
146270194
155200584
121610710
552892
1029604
612902
2120367
92994999
14170297
466956
207774185
1661891
150372558
74012435
160552978
208064359
343830
73668158
215779384
104558206
429553
691402
56682574
475630
172949808
833420
472678
451293
193922293
198996072
210524075
115254348
5067163
229698480
54122068
92680190
798661
195952738
178220090
100023518
1650501
26411182
202015684
218738629
416931
184476319
11375582
247793326
184767295
995991
42846595
177642978
95250008
416998
253147073
548061
254080557
251998387
205506482
885310
78892375
247776966
160553036
34180312
1059746
492943
344695
397004
71076506
41215360
248523202
195472222
2732699
249347311
138807965
49672434
369610
249205034
181990445
6568541
355126
105740057
205695078
178264613
684875
521517
475626
741948
888201
475290
360036
322262
923056
192931371
491555
214831238
193523639
589184
76838078
197214112
505397
153815211
171625687
136126109
137259441
207640397
218735370
47141546
195841281
195864597
195322134
249940336
92551469
217520067
199006753
248773640
545653
336264
128711487
214831325
257869272
215789193
247309558
202961579
951016
184757865
31620820
541755
19682569
444055
247426663
87044818
438590
491754
1046458
127692129
475616
78632973
540301
475403
114945066
207640407
235368492
427091
25775296
138183622
230207765
425687
261968844
374979
235316590
137449198
194789773
194789600
215243263
207640413
215110457
249349769
195952389
217317513
2107527
195854051
195881212
523347
342718
262053163
404118
479702
475222
713111
242644881
451602
725064
25189053
572626
493790
439186
1050154
439233
5141195
561799
478814
247930784
22092576
95211859
172024765
438606
447364
127591533
207502895
169621368
7640221
539905
390422
474260
10606008
215288813
550664
195319302
174321397
76527809
10501730
460221
160552989
366992
248176874
215768671
137445426
137451309
195303985
195881080
339609
196049494
23433304
249257831
48757570
422117
104308235
77746597
253269065
189201730
203002216
2444265
3857673
814114
2719957
386618
23084470
576413
160552972
146225235
205506476
75813205
248643780
490643
19810751
24164769
247938380
147568293
214912110
252585491
2000705
121314867
215123475
198091169
98301217
215543767
215543758
214831317
98301088
507462
453779
125401072
253685521
249253415
103870622
543036
248572451
10604916
58459935
105739233
213488442
444725
541753
891166
696318
541289
160552925
192951022
149781055
191575657
212992715
229698437
76216690
178831633
192032267
194489968
1191825
214837766
96037650
178239156
108130752
250054828
137445378
197725680
137129439
212961376
243808221
242504722
242504726
172952184
100293570
195841377
246854498
214831327
235648882
250016767
257535445
259417210
109109566
3154305
136021232
136236248
171708036
250017287
197638709
248621850
195814926
97819419
127591173
195817544
215791161
242501701
195646203
242502805
242502807
249875066
130012834
262053165
252031502
3876409
252952362
196849237
251520920
98300943
195928260
249889724
249877087
263104222
263206774
186140055
252714312
196153035
262605363
198738765
97551174
189541102
1577269
17592105
800355
34180320
17960987
31205997
217387182
200976614
158868261
146274608
200673175
98128734
58709983
3157609
339440
121262344
165150365
195655890
263208875
203950118
214920174
183920137
40263033
202640704
5440961
192772153
127591385
262663922
246971630
127692451
98300991
172949742
1277275
322579
394460
1734367
1647105
10606010
172161454
80628931
137375842
199006659
215897829
199040226
195866634
195305521
205548268
250070934
201072546
185851613
96390061
186369331
96200979
214831289
151950570
212607512
137129998
205539854
215768386
184485843
8014490
95250793
185820903
249031443
55582278
895001
117315762
213963654
215723299
202854462
218736493
79378100
215746355
163647586
229781806
197627248
681304
77220810
4055271
3954355
109017985
248930292
3638033
262906206
214497210
187843292
120509490
201355034
145288026
72120588
202879294
190701644
249374002
99513994
213911368
201580271
70524093
167972598
168576295
242725109
167210781
87959745
248957261
77324132
167210779
970417
252131248
174444186
172024587
252131254
189940724
253376573
242725099
190705661
12574283
145288033
185435293
249260433
184774173
186166465
71957695
219148750
144207403
252131251
262454619
217574761
153867454
249669223
207217783
196830265
92859696
158741253
176909230
212992707
162181800
177487151
100347907
3241161
644083
76012191
60808682
156824931
505786
145300485
259310897
535576
76282196
249534133
508193
77437951
565772
198336727
252564157
5369071
160371993
89294860
520343
3304859
171549946
98301165
446888
198198489
576981
208258144
167520426
4340087
14643409
425284
478457
15343974
42003172
195801705
89763867
3723929
248204732
205986074
208644422
262792384
66952518
254606820
188535080
248957268
253721768
171585848
249535107
108493404
101078285
253364352
89764552
37794464
255455613
212232042
572781
214611405
251279421
75455514
103511947
136600501
13624067
261975737
248781264
252035390
129911446
170094961
491608
111070969
814272
34159110
57712546
158775128
76730154
247858579
146272040
199739996
1026156
242797772
89764009
259310860
164336675
243086211
41556498
211945377
1953893
1816789
147058063
4174729
203204578
214611383
248355616
11080944
251443194
76826974
213704985
1559489
213704981
938329
235734629
125946534
186265472
205545850
33596832
98128554
208118248
208118270
74689089
89768848
11603780
20889770
77777407
113500861
202780615
242070666
417289
188534368
109018528
115702570
186117437
253277262
249161188
468750
247930775
1674177
828649
122576756
606036
185435301
194205609
259310925
252674850
1669705
187843299
210760863
569132
180221264
576088
192949304
2756277
566896
541357
1406931
87443839
6461919
15724164
41155438
147931878
199970022
205039752
254132228
448883
189940704
35191893
54671910
197344441
191045567
8837141
206781739
192948778
203069351
636828
8138177
167043797
105104952
439270
193045282
242693562
249306421
556286
215768504
216213539
251275870
2003123
192950687
1941509
98300981
787753
200848723
84875296
206607118
519905
883450
249288352
3024737
208206810
172475933
186087665
242101836
160814568
249890711
85763213
201121610
215723178
72751111
49464555
179715880
253357797
105375441
217574642
200877613
207256601
249570494
255480971
101897986
196515656
417015
173748413
569812
160553110
54671908
141002541
176909238
568509
259512903
25746152
219155877
81576290
247661121
137741287
251756026
572730
81499976
543995
247654787
190605362
171821025
580314
5742381
252865788
111285059
261969116
259310968
207566834
171580654
250229785
33543717
568494
76126277
160370181
1752261
905811
187827401
198296397
253081207
131144751
524796
193439372
32308846
165098799
251257538
160552933
249436541
248380445
199216985
131591117
193605361
255758587
74822359
13446508
160555930
197380940
205148082
192124406
174321399
10278310
4174687
203945321
25327548
41503141
208118274
159259322
262056576
73851404
207596730
546041
171625674
516510
160553136
1860495
8234995
580317
225216905
212323453
112712440
214502884
163577855
190706490
253150609
199020704
208261161
235728494
183539029
588514
160553030
208255061
73508146
205986078
160553016
25742413
207639470
58695345
459037
577014
81506490
71957693
203883777
455524
77105806
4444831
203422549
208778537
105739561
260646106
262503972
177312707
214493579
180581826
249961568
185024834
72206712
210165938
165627356
595804
203898650
438985
247821871
70415987
823874
95249899
114129367
205551681
214922158
212940390
249306418
104557968
192905889
163149660
15267833
764026
469893
216139411
77221548
2667177
179058019
126022234
83004178
192950265
764027
8155362
162025657
47504777
137259068
253129529
194140093
249569868
135456517
449629
202152616
251585268
253253729
106756670
152375119
11419485
173515944
391102
126742913
252166397
56377197
77109801
104557964
195801648
147931869
14996956
188265574
171254128
169375347
192950351
160553094
247785640
193640174
138674987
58614140
72745505
104558178
104558184
160552934
252595318
208118250
73177218
474266
215773561
440301
205828149
214501586
192950518
253234717
129138541
167600174
45970482
84875378
4365329
253091661
253100872
160552920
214504576
261025714
262056322
149714897
25739720
25740149
205808183
252566543
1577275
14301910
478737
588256
135552423
56097245
1629787
171584598
127692587
74643173
215136624
2884139
1647109
201035447
253271260
34240215
192124403
251590737
16440471
566507
176752984
195662904
51287047
249568440
249856790
206491173
158868305
261974834
96037595
137131051
1708915
493240
212427028
14056058
214635653
521523
214498407
25740110
198127986
2732605
22366924
453765
25740059
88909365
55518204
74217690
247865736
76305756
57219194
11371176
129798983
58696242
90527580
19963125
243090355
262301565
1659979
23087379
172475772
145167501
230203515
247323235
252595381
109765108
33543746
25739664
51262945
6309045
137431703
11656091
247680877
52232683
1065620
191914634
576411
32196669
204806045
192948946
104558495
457713
8155360
68190512
205807351
137129672
247679530
95162054
217648292
225195168
10649860
883482
181979555
56306565
76736826
247661414
484430
252065847
655977
403040
35829839
216933888
208256034
861364
251983640
483752
137256445
37365038
252973602
128711663
73107473
214503235
157118136
235728267
209864236
137246027
160553100
55582232
453375
432925
646398
859045
22652099
127032810
25741072
552179
250062823
114436410
213964095
112051909
225247122
192692931
557164
497063
137451215
235728706
571636
176835366
263271960
249306423
263210315
198335043
263210243
249645536
263053853
243808004
145773127
70821073
262792281
160534565
23652328
48758455
1410127
531672
200849009
391251
1519261
262469732
375842
204876986
158744118
263110104
247413147
198224386
25740189
103796397
67477611
114850682
160553106
263058607
694010
390295
212557649
4118769
202329959
247867548
63448520
100347905
225195125
127591497
470590
215790183
42190085
49014444
66698366
242502676
193209845
407901
262692703
151757121
136076599
215914541
261985956
162177280
254859375
406555
4070547
183329999
197920657
191926655
208118272
171549961
208778543
153518826
122838812
77121586
214831230
3213077
48372560
247654006
561082
197748259
192275713
214611428
168234708
213914527
3343899
559423
202507851
167019707
230011630
262783934
54422721
41176093
251442700
495387
263033557
262806667
479762
261157070
242621129
203290208
262792647
72926793
34180387
6543939
251403516
188858516
212993252
235369071
98301199
609118
48035283
136600700
186110099
822756
251514786
95277914
573320
259602226
121605627
403046
5457869
108970346
572371
262055715
148866359
88917417
160552928
116947274
203846946
206325397
46789753
162025549
180536318
153408981
573012
563991
3241171
201593659
2446239
200779110
82041444
218735484
146272715
376124
180509890
248122913
183518547
36300600
192948736
96389878
43801523
205807423
262663936
203494219
6451143
120379081
13853125
192125802
14464751
160553156
188533804
178512301
98301064
253104673
438521
214654646
76216792
58272306
537510
45349399
124861721
198240362
205695052
632828
158307843
170326207
53775024
104558483
575068
1582085
7608276
153408984
195649408
262066378
50411636
970216
242502669
217424456
106349001
195835727
204421051
248523302
153409047
194104228
541151
198127924
137425191
160552963
153409049
197745212
215794861
242502666
160553154
249773423
96390067
242501339
584128
188534370
158868268
179951490
153409032
162025653
555048
262566415
576402
249610698
153409035
1662331
196058082
242872253
552550
249355405
179954240
646029
162025762
549084
187547034
56306071
10333564
145093022
73752838
464685
199600751
188849374
98301148
249765451
53833932
204090627
162025655
168899446
262792273
252762201
249962698
177752973
262055728
96389875
100023519
74285823
576401
76386452
127033222
249052258
478621
248805963
81126976
120183592
5995401
605649
261971257
201089692
248989389
194182236
216210070
153815197
192678405
198188601
163135204
242335111
203068398
138395194
541310
174321357
98301216
230055313
181899907
441931
214595514
161245986
252008038
13564346
183727406
121414420
1534621
253040796
767966
205471592
205893114
242411386
74382010
49464557
247865538
73166881
161903423
603867
186634492
217125594
242101992
214819315
190231496
133772697
249260722
200848448
183254374
168793914
343234
251585264
215486416
187952532
577154
20270745
76837847
119698910
249569859
168924453
254859323
247446332
46688291
58621870
160203535
364196
247785914
104612272
262694448
251279258
184918801
135456891
206206037
204765752
632854
262663942
503075
14147659
216142892
217764316
197628721
177886577
223768204
205807369
85034904
982873
71092798
248523310
257866624
230258873
188847071
982875
105739662
133933019
2674461
197901337
555111
14761386
246772946
189266511
58339992
198075126
230258804
36995860
4257507
104611371
84837712
199217101
230203762
428910
217766725
246167554
263208882
251279403
263104637
243223573
53871083
137484833
546321
221702086
169600553
127591432
109862063
251279410
248523288
84454865
104558064
192459018
569133
516133
263179483
128649316
173764542
375866
185032236
222598272
201828773
206331221
179951294
207386858
249966401
217387180
205537693
3658757
194280204
212920709
262687398
511809
198644079
201703264
210530970
59262640
202961802
249679614
257915286
93238630
6137203
249489639
177616171
171585871
120450360
193397047
136482722
210425640
84457162
59047898
25739251
173639424
10103397
528695
156199701
183335172
171625664
20113907
20113820
142996086
249971062
1012716
209885948
246772957
5746491
248880611
259479474
528920
178220050
201073323
98301047
568519
251384558
257857037
1539229
76688238
262590451
250016812
248642961
262792343
400406
98301261
104557759
249962177
221253607
51915376
151950344
25302062
225195164
98301162
231535420
102460830
259310978
192894204
569752
183282615
262086205
198379998
72628359
1582123
714076
246921052
262055734
187301786
217386166
214200294
138334951
38455323
217708757
1314289
145275410
137941663
262045796
191953993
468806
3601331
249644240
192875156
207228894
260942510
260986505
1831081
611461
221901625
86840836
192949322
53976142
138183572
230009633
95249762
4257529
175721538
36854833
256500748
207521526
192275269
169377580
252563286
112333127
550408
216475811
6670109
207639476
252762153
125009727
187828263
38486460
178056795
398526
139538911
8855464
545015
197642667
127692203
244169809
197624118
191148789
253600654
169193012
194794356
199977123
16258007
248644669
189635687
209174777
8947626
258567525
205810316
210138347
186312573
49309264
140830548
201106490
203701756
84837739
4050693
374400
217412714
188860582
221701831
242715475
253398177
8470172
207011962
249961627
137259343
972820
146275534
10281302
249092634
36750356
151420041
583666
252794992
506450
215768506
253444789
111980811
438979
13577101
98300955
16919879
169959283
6199059
19699950
216213485
14064260
98301013
438094
204895987
184414650
160537865
257786665
193736670
390425
524260
815316
198123390
98301020
120432055
207749419
205548531
209864231
249679607
170870021
168358998
253248348
204237131
161245814
248644536
385481
248585395
173137640
262067565
199940224
160552962
200848857
193720288
205958294
5061487
255175838
125653161
128711554
3723871
548254
160553066
3642435
559140
95250299
205807425
104558564
197907390
71076510
35364056
198413633
161903425
34434288
249775738
568132
174588793
217778087
143858321
174603590
178229010
837662
249033349
596846
111454545
108130857
246850791
997537
176812872
140221906
190301149
191658461
98301041
120183596
246159980
262792190
224119580
206361280
53872097
242630046
249030204
249349234
251345216
192124409
179159635
252755689
213488430
2268289
440964
177274843
109861977
249569763
146224645
57912556
4336413
128711484
605688
203023193
45347640
172476348
79436167
206560642
48156457
249029894
215896355
200767885
8470170
242411362
208126946
192950193
36750358
23027146
426870
1734335
262982228
217500540
195658376
151950480
438198
43476267
204090686
262053139
3034997
200762427
246853211
101683205
151646087
160553022
476549
178831358
564789
1031964
96031659
193524934
170847956
197647357
171549974
112321538
197628687
128711550
198495018
207642885
198426429
251445087
49464561
555086
557548
950882
568143
137432983
253103841
76386456
390223
98232755
261967915
132302739
180749744
205809891
339336
403910
249489581
74952698
185271758
127692151
19699956
188534640
247818180
206362898
242482629
248543961
253045064
50875958
510839
576404
121046140
207008532
127692119
428912
36995865
2120187
165285992
390304
167141473
197217858
248703298
263076929
248356448
221701845
127692094
76542646
393427
205188149
218735500
198072212
258752187
206474233
245769677
189557804
214831234
161245824
215733075
209378559
95250468
98301124
168899509
181452241
160552956
189630883
247930752
177185444
98301218
160553102
68354493
53748644
173657923
203898566
438184
252671760
637311
239551706
195896443
606193
136482311
252636232
262456025
115768402
76776247
459277
244169835
159829043
209603411
197217575
252870427
98300999
205810318
247408852
104558499
425246
202529237
251452159
197665304
7425179
212426861
169887044
478437
36878953
2884145
1536047
31205984
190301209
89591446
135454211
198075071
215560810
146225952
205692195
577078
34749450
3953575
253281142
94259230
206561019
239916201
210513569
146225834
225246117
122832381
205695042
206376031
249646339
96390034
247960010
188008506
235350692
137260809
215733113
249349228
573205
214908827
11375859
199520295
200631458
253100926
540286
113672422
206331161
111172179
556268
46108325
259310852
180381119
212427270
550185
163024967
192737019
34749890
163831422
184802107
252969378
626883
85445375
212993154
73434643
990496
425648
122521454
253271308
203213284
198381520
157519563
183681195
251295511
627740
249645953
249489623
215775902
133922812
3576461
84454867
214948949
184415071
242654259
262982832
230084329
190455477
95250714
37164202
179540602
197645388
247817333
215917052
207035101
229700172
230202911
249972333
247016484
38089484
84837756
197628660
171184965
73356677
207332023
137592622
54057019
540383
381641
167615274
172476365
136116321
205809889
195312261
251520814
98128126
249679579
153493625
194490005
195304116
173911173
214502993
179159788
187019525
11962358
550344
246851805
207336546
147877654
193525496
101683249
201237736
53777095
212462362
201089701
36566691
6320669
29348323
169375297
252136921
259514733
201252127
213997867
205574000
246851858
207314094
186633934
73166877
248350765
725072
602294
196924741
191763036
95249957
211961146
218748202
214753033
115414656
212326182
137403250
153491598
248343272
177722728
208438551
193617572
215561688
11375857
253447694
165626760
249974150
253273688
119224746
54107977
198958029
215794741
21728301
96389815
253398179
41864471
654537
207314127
262055751
263063931
195662631
76527181
248685685
252759449
814604
104558238
262817242
14524142
171580774
205615326
36710153
181131154
215773498
177056774
252759670
650026
179562213
36313788
252869395
137250831
17592205
253298823
249042614
253102206
242487867
230086873
196468389
176932743
95250841
262017993
343019
10585389
68580165
242276144
215914543
209863843
247893704
95250166
172476255
105778966
252795342
199039126
209377356
26411184
262344768
174321440
258668357
176674388
201873232
126257370
202340507
6907029
204428673
114763981
253471972
96390048
127032700
207286178
41351266
198585555
251268326
196856437
105739660
153021089
546102
192975134
6585167
204430254
246852052
189266858
199243642
260986520
248781268
171586424
253594366
55876444
34474177
167149919
37452776
137260077
192950412
127032386
139296431
386412
29567807
118375088
167614021
242501341
242286930
95250347
115246765
248594245
568726
257835577
104718036
605706
84859533
96390094
214004754
98301220
144522810
206659157
193586397
206480697
230213725
215914545
171745382
179718858
4981653
242118741
576126
224118752
7969774
38108502
252867958
177165928
201055600
179085819
206335401
137133501
95250787
561075
561802
180224140
98301147
196947312
192950703
20750207
179206738
177308116
173864196
253265759
251267795
214947906
185410912
1576143
136482278
203288378
6008839
352916
206331063
117315736
136113858
180223022
53777118
206376749
242229567
204765716
160553018
98740445
214933118
5995393
214503184
260942512
475664
260967329
260962284
177883593
215794576
764025
206641117
178831677
206331178
202243761
196548754
215896353
215801033
193708894
117254517
85396163
479004
219403311
204771676
197344442
1576151
157432540
181699664
249802025
253058417
58437180
214628486
25303232
262037752
136731481
580321
92504870
187827448
179937598
74211477
193450574
249289120
206480664
214611403
82936156
204957890
262846075
109954350
194131809
49125789
78958804
68421178
126808265
229776178
213873069
171625672
214618799
20129538
181166958
253319023
194104219
207596728
190231469
192721381
179550691
200779133
189091733
212993170
257788227
11475525
253248315
209429326
249784027
213488464
206340574
209423637
207398356
585218
177886758
205696940
251395744
215897795
261982686
151757130
248869953
36710682
20822929
402590
244169829
37296780
10104785
254093522
22430117
49070682
96390058
208415031
44618920
84254126
23224563
209388633
21709451
194087280
201107013
178035276
199895799
101644843
189658533
56689722
249052673
14372436
98821061
208634865
199975429
208634689
201355036
198424847
48399260
34479956
212961322
28445231
253234904
187843295
10693499
23051827
177307333
179746768
68409711
244173892
195996557
340101
50322348
160600847
184886661
68586405
242994550
165084628
137261247
247321330
76479240
558048
74565338
181895544
212468856
188847219
262692721
182124474
49027768
160553086
152380459
17000933
49125629
210275634
8175824
57047798
188858883
204302014
16212465
84875375
205810282
137375312
263100783
199896106
34969481
263098893
261968085
191632872
252299611
158868277
125243967
201114726
997545
221237850
193045189
213942652
84866584
192734241
169330486
84875360
204878397
74462027
201703268
157482436
51039356
145093426
41124029
212961318
180530954
49309258
12304586
190141849
246168826
247950284
222359347
186236432
133000208
249575765
177234514
179937206
218754857
84872267
187843297
77942719
263098294
186632991
185668530
10969678
176875342
51653680
254093532
185668398
262687036
67870657
124040355
160553088
34474438
74816697
169604254
243088166
262345541
68409686
14791114
2000701
83489020
262551731
262457803
185242034
56267583
204374386
9364480
970230
104557763
179940904
262084583
84872246
214611996
195662905
4050695
176899934
24602449
186742703
198414597
137478163
252136924
246161766
8175875
248293333
160552965
186694034
248538034
192686811
188849505
77942841
209399512
192737272
215897793
221252326
10282785
206145433
209377510
74814775
215727532
42873133
214595512
655964
77942849
205707499
214592275
186636725
83489474
338901
242487582
74815716
199118662
84875333
141051801
14791166
199896219
48629922
88909404
78488027
72507071
202717215
205694775
252636820
261949692
254147056
80968607
84875363
252136928
176779762
49464565
21762792
27990121
176063180
117926948
191945729
205573850
242487141
201308206
464011
84875362
84866583
159779770
136482448
49123863
73314007
205704652
53570361
48625398
200918132
185674311
214628778
3619289
212993246
179197604
48765703
247446338
74816433
209377814
98301034
84875277
84875246
84875379
246095003
11123192
96201009
77942783
192452461
229704965
186634833
1265885
177267110
205030782
215897801
2000697
252604780
221230371
184895622
53770546
188328603
236137099
180736657
178769514
191422679
78488036
252868174
249768138
253665947
84875310
193525612
180568320
185668137
217751015
95250746
88909376
155384606
79366556
177234566
190096912
53833220
22154362
200925839
244329029
84872225
182976038
253190479
242324056
134796208
169887045
185888686
436162
77942677
196157253
180395999
185205597
193602870
112321547
191643091
257925091
199006650
69611170
41649687
84866545
194121439
209400975
84859558
201308106
155550604
252868143
127031666
34747471
160070012
84875312
156224981
215733059
35924723
184939381
188907031
205810045
24917632
201308100
215727530
180576613
201013866
95250782
78488022
257925142
252636788
249684397
84872217
202783790
190110361
88909400
78488032
209377868
53871384
174301598
73209857
202475484
70035710
127594814
206206031
36386605
189673522
186203051
77942835
261968321
84872382
49018980
84875331
170491456
214495406
179915131
38482837
84866525
218754855
160203384
182104469
74816080
84875400
78488026
102552257
179158542
84875380
179375683
127596492
84866579
201073334
77942665
200804490
145771756
242224021
15209340
192275551
78488034
208600937
248894256
208066093
76527767
77942786
180987317
22152308
603112
204068825
76757824
77942843
203288386
159779840
190110068
196514495
201112497
120183887
184896280
73209818
216983085
216983309
83489620
84866581
84872271
175206255
176814072
32413259
84872378
198424758
213676627
176062110
199040582
62376385
190096962
68416425
77942831
77942694
76536997
185668605
84866571
249644346
209377478
49067618
199243665
53871386
68409745
16221097
49077099
84875270
96389869
49080305
262463086
105739813
263104159
77105699
49464563
82936137
58708450
54925142
77942875
263309913
252868162
177642754
84875324
263275574
215523296
51738437
196579509
201599704
200765341
190109640
84872366
96389858
84875388
247666151
53871369
77942789
190093977
139288550
28731258
169604796
24604292
84837790
84875390
95250267
98301066
177307398
75454152
182104301
48116165
48114976
197623936
84875252
84875391
186693719
176779826
120183840
56201948
68409826
248832649
84872253
36710560
114571402
84837796
248594237
263208592
263209582
225206780
251274437
246168804
186393346
204879330
34747018
249600695
3939185
104558485
201055483
204985202
217489191
203288392
182457568
249000615
41594058
76527940
200918258
53833214
95250517
175466384
218738610
200998430
84866553
42224380
87379591
77942785
68409816
160553142
160814646
215768390
136482274
162544743
192733325
246168810
84837720
117832403
179943917
179921057
180536446
84875304
24808619
84872368
53871560
179196320
175544749
73747717
175542132
180552374
42873189
173347864
246091371
246086841
209876245
217751017
197416177
34746555
85445378
263311082
246853039
204428460
205694670
193527937
84872269
10379311
77942903
84875326
200804487
68409821
53184820
168900743
68417332
77942795
160552981
68409762
151757118
48626718
8175840
77942725
76536999
163021245
167615133
68409707
96034351
197636801
137431689
205705274
174532470
179930916
42896604
77942901
248537577
32377506
84872376
202604337
21006521
74814387
217125785
68418122
68409681
53833185
84875266
77942847
197634577
49126133
192275348
49077709
214584782
186495464
263208677
16212968
252868136
249892027
127692097
249658420
194182725
252784126
263275578
215768388
201599706
84866508
190096477
45435589
201847167
171258260
41593312
77914555
200790415
53833195
68416886
76176361
21009520
218738612
96034309
215773577
214823181
84872384
194096488
166625981
201014012
187981995
190110275
8175893
158868242
6547895
190096922
200925943
190109899
175468182
229699837
102140692
95250677
205695308
77942807
86866937
51733869
68417976
246168814
33422262
24840699
179207243
74814996
221798875
77942713
34575583
49022242
260922707
88909398
248594239
198326343
246087851
84875298
77942731
249535126
202475487
11476916
252179158
84837716
203288368
215242481
14092350
249777041
188910526
214823198
113117402
68416306
189234028
436926
252854114
190092984
190707886
178217051
190337596
84872259
160553076
117315810
77942863
84866587
206605451
84875318
68416171
127692382
207008076
179916032
84859513
209378150
249878841
249878865
127033274
84875385
84837748
14069527
252763132
180531129
176021438
246168818
77942659
117791483
39000815
208066603
96389842
556273
32412913
68417736
84837730
15081973
78488024
179170598
262552348
247799377
190547208
183375659
178957541
178056708
128819910
208411222
207503079
212259739
249658538
127595931
84875268
439466
68409758
68418126
77942797
84875248
158745363
160552954
84866563
77942745
84866565
73356685
74180129
96009660
68416169
84875294
160356252
160553084
179206571
46773003
78488044
84875370
214199407
257761691
59200604
249374021
253381083
98301092
253629857
175162002
194205626
129734241
262461142
257845333
184578532
8291028
102120541
34476093
212468186
48635380
186575387
161903413
59534416
10693278
77942805
137133208
102121309
176056522
185024820
205829091
262394423
208062283
186742795
43802131
249277463
196897067
206995381
174155636
262516086
242766037
185005867
147097652
153590647
188189803
184080915
147500223
147988184
109862061
137453764
105739969
77665325
147500226
131416226
199179226
248700537
254132225
187954623
75791052
48632514
34474692
195801694
11997338
105739644
254859484
53300220
187952596
195801670
207280262
254091203
263041121
186743239
173636790
160552938
108259024
208058832
262652382
48630972
250454267
248989393
48629365
48633551
48630665
205828147
252136470
180499509
77942727
262056982
95250237
63821323
167496224
46823828
133143113
198192554
55997457
77942895
262822151
189204205
250458278
254091207
185024803
252218705
191124065
262566460
222659820
207227504
161541373
252635753
45437630
48631767
212992914
201594528
187960065
105739972
187952199
48635030
107798533
530164
208904830
21309010
208904759
208634540
77942669
183513672
248131837
262516543
258666767
259310966
43799715
171438776
222659155
51238654
89701662
248087810
186742965
252080301
247776262
35040523
229713586
248864378
201594749
77942767
169887040
74209377
211299230
11508113
208635020
53980272
128857940
84872374
77942845
190538471
254903628
262472915
187963987
183683394
198780053
208403374
179928739
195573650
166595477
77942825
145774224
179367738
168508258
15446378
202328309
194121197
37402485
77942823
77942737
77942693
77942871
167462147
78495709
209612558
248978247
77942729
212462360
77942751
54407639
180580702
77942717
77942763
179935236
249696084
187956461
77942881
136595867
249682214
221795444
79409472
190231455
137569776
137569842
186392720
221795837
246208706
77942833
77942705
221792428
96009624
77942858
230124608
230123755
195547994
177280191
198899333
77942883
249287788
195852127
249696073
246208590
31825346
253398014
77942749
77942803
77942893
203290215
260554498
263082588
253253479
15125293
84875335
84875254
77942747
68417260
77942709
68763112
77942793
246208735
246208718
173672340
77942711
117080134
195862083
84875373
77942662
230124342
186575539
177887742
128711498
201385983
249852356
23810052
68409829
68417974
602898
164265709
84872389
77942772
246208721
253398010
77942855
77942865
77942873
48629160
208652888
96200985
230124436
263035454
211944958
92552010
68417726
169622165
68409760
167025380
8288317
136981427
84875274
77942891
68409814
221795655
196554758
77942673
77942889
68390294
215040225
174605004
190118880
194199548
208412292
219161490
77942689
68416423
195852129
68417738
77942856
84837784
253533826
84875272
195862031
23086372
150342856
208418046
78488040
68409823
77942774
129028087
84872222
7851735
180720163
166437077
253580346
89773694
192542328
136482624
11677086
248538957
183509975
180720233
242719756
160553062
222659457
161541375
248799903
190086452
167397607
160552986
35150321
180720266
167501738
172448232
179912728
23633651
166438174
222662718
209302765
153890870
198257333
1914497
212425035
161541379
24933243
77774561
178951170
249696324
131511104
212351142
192194252
91776051
249682108
192544496
192529967
263098142
263352694
249682057
212993075
147108915
192531980
885340
160552994
137569791
137453760
205573705
253275525
176734590
105739831
213433721
263352696
77942885
247415313
77942667
249696326
154152457
217776596
263352689
77942851
77942867
186743166
258520741
173909467
253629224
19844964
204000260
59200602
208645982
116142264
186575509
98751185
179796003
116192111
137481807
173637088
251100409
14238287
262387816
160553014
242087858
171101323
179231911
186575359
198283140
262056407
210512596
137185073
253170706
189463497
77942839
201308240
77942735
263066333
209722627
195916776
242087742
189632934
159814411
208633804
204317936
263066288
262822070
209282992
206206025
207035182
186191289
184235691
205029707
118236878
197647179
221227051
54411771
3494749
261828443
261828336
190463992
249767185
207360543
160186495
214507071
210155894
186883758
248757791
180736956
190251937
106445368
253182340
253620307
168212323
168114581
251393354
177083769
177293084
216982971
248757198
186881705
180736985