93734071
192374488
115093388
111271075
109298270
196201375
112588572
179063980
125932213
54046992
135608188
259310808
195845910
46749907
247858742
249771928
1617809
251921710
207563200
71001107
73165390
112594560
72224144
140174608
251772885
58268333
21660244
89696777
225912600
187595623
116032176
168956204
76688193
191926264
262463562
115093589
795518
162352405
77323490
686652
1277271
58444922
181371633
92996203
71322822
107707574
226399125
58972767
252867333
1392949
252859719
109515300
248816943
252861874
58403763
89696783
169732808
252859709
217535421
192391211
186272533
51501674
245765261
217765857
248817012
2100765
247346513
31207370
22438811
262734361
181782011
50779599
215739407
247446294
181799177
139979520
37216514
217765143
249766496
76222921
108939002
73514241
205540364
262570248
249794956
262734980
89689403
73294878
68823446
113527297
174830019
262570270
205284403
77221047
76117857
262746101
198414312
262570099
205695217
208210974
207400547
795512
263057540
176478654
252861813
194131807
222483773
262570034
200725319
215617754
89696779
254092414
249533371
192692844
205694788
200725304
262570032
214937309
119064704
795514
250549061
141075155
201386061
795522
193159744
578868
106362373
46253837
263057528
160518496
56908152
253548410
205771468
120183405
137261106
178316115
136112328
58621883
91121762
200725313
430345
171118203
138049869
254022153
56800092
253070785
217528677
215739405
262570097
795516
1065618
253269109
262045055
217641826
42412019
600358
795520
196021370
140374811
262570324
144444437
252855076
795510
152567363
85886884
192287957
159811028
262570322
187616485
181929541
251577299
76052357
200940918
162162040
174295302
89696787
115254536
204871766
249394065
30156402
189468572
262570413
58807118
188322056
68719136
96057055
262570123
189697613
262570121
556274
219147090
83607363
262570452
148734282
205695215
262570398
262569949
196022333
73890485
77221745
217764843
252600957
639287
183481636
262570349
262570236
262087000
114944802
148848877
127448199
192692919
217765334
262570212
262570409
248562038
182481595
193522367
213531706
215207119
207292315
213598640
184303086
248929117
217535502
77900452
212474072
215141164
215943389
215104826
138049935
202604475
262458232
177922483
261825805
253239841
200725311
261825686
217159027
32785858
36701117
37134895
206359784
182481574
215943404
216462270
192458977
127033553
206640986
182482208
253265354
262569903
262567734
262085804
247346462
127033455
214933062
122521479
30886286
115254362
215943385
248418577
215748915
251513348
127031487
247862396
242223846
253242055
253242057
261825684
124893118
202529354
247446325
262570149
262741498
262655991
15224832
248087720
143144196
262570354
217159031
215727151
217159022
199542425
182993627
124893165
253239843
207195303
17960438
251577284
143354729
262908002
205591152
32351710
115254492
38293828
198517040
213846693
201055529
262570127
262570202
205522895
247922100
221223061
189412802
214815374
200970134
248902073
115254394
137941419
253472062
247322550
36701792
137941698
129138341
261825711
127031985
262570071
262570141
260811420
213589298
36700884
214930622
2118779
147246792
177991604
120183755
215748917
215617763
120183735
198579483