193434499
110585283
54803331
98183933
55995864
248936229
134937641
188992597
177933048
19735738
35844248
43075590
253327507
146033691
71663707
53838737
202342195
95312721
245764708
137005272
169331393
82070674
106539043
262689498
193777677
50499525
32618324
206147664
189374457
208561144
189491821
120338241
52382847
57702490
189391164
209610906
90588820
242719099
252787235
15269492
214732862
173003296
189372440
104842609
90597890
170462665
206147582
186136401
112108377
217411496
209177626
173488524
196549689
118258420
130182182
93239080
193482444
173303816
197065164
209388559
187795851
197416777
59405918
130182232
139727824
147343567
45354780
71643965
208942271
173054700
165676749
63473451
168610722
472997
24906392
93777362
118997771
133618066
466114
197924829
472966
49250704
193482796
134529860
69884856
209389728
144461723
253067305
19895827
176127915
186710456
201657171
118433160
140981814
249470390
193925991
138891945
133948512
192952105
186188957
248843163
148750716
213678587
133949369
242441467
247811011
155933312
214732679
42710092
212285693
130194944
32490385
7461609
472993
466127
466121
209307155
172290223
200683178
162577386
162577703
52382638
155784430
205474165
92806743
102050323
176133279
15972450
33771926
155933483
199034389
5155683
193927502
227288627
106540130
249578777
199044983
199034466
35349835
169822074
6965339
203217033
144329361
32397691
38990169
155933504
199051206
199034557
15502285
49484503
154184544
82389953
52401579
261945433
71113034
199540651
62777756
155933502
88223661
144831792
472964
155933495
227288764
174627355
55841910
192731397
186710538
192731295
37874722
62201508
248898075
148636772
125761589
13611981
214603399
84135549
90588841
19769506
208560869
90589071
161212427
2614255
139522842
37798631
143253409
14948791
71894274
6965337
1724917
209176445
146381695
191129591
51432730
34355487
133438919
113930163
214603376
466123
252758976
192731326
139816328
214919280
147763227
147977777
106540254
58967967
171552465
113107314
146266272
138904011
551511
12238086
163148725
203220453
197064581
153885001
113044244
152784267
52664901
170280575
190289297
209391512
248648935
472998
82498953
74972938
130197462
166068658
151545874
120462390
202642943
472967
37014549
98255760
52758247
155933333
170511507
15173420
190542989
6965335
91773777
163816018
93252669
109339178
115829862
187804268
40420119
160795787
206662363
25749767
11218889
6934137
53135840
6965345
59453615
160369055
32003880
203183655
173150405
187837552
6965331
77182590
31518517
120464695
52310907
172290225
76224715
186358695
168120900
173482681
26612975
193480114
165778730
176127594
23627765
68453459
88222225
248647141
75343512
151509187
169847177
59309851
472983
186188820
149193099
187283402
202876670
176128130
149880211
204269160
174609293
203585923
134354759
147993404
132987391
206147800
6498455
209390487
192731426
176436884
173642855
472957
261798354
303093
466113
110197896
189465183
23589839
176920303
214816429
33768370
106986020
170511217
191692685
125761532
167980876
56111182
173449854
50234013
95472656
34314114
13238193
209608518
166335536
155933496
65507748
83021083
192173463
189681100
147879905
177942248
513307
174868635
205111457
204720692
513292
513306
54041030
214911381
155933462
195338392
73202689
169690785
247295369
136868074
113005808
171618227
172906521
1994295
82223574
215089563
192731407
76694445
32422808
207270676
112441881
15499859
195456540
197926643
38057456
5160627
10766221
472969
111109410
48458544
13219306
209410020
141829504
15499879
11574600
73643336
178057411
186314599
513303
6965343
204622797
6498447
115829860
247299582
75364616
513301
168723702
175949866
32046722
54034642
113109813
202661396
89752869
636155
513299
98118395
95648531
221517738
64225901
140174552
551493
198448732
134355187
168842060
79787846
126689895
202608412
194405235
37933932
197066708
242628253
513300
192731265
551386
122873015
14969587
6965333
203204855
103003280
32393138
186188704
140505164
186578898
16048007
31519245
195335099
221511487
192731420
513298
161231085
168871459
192731289
513294
146381836
204878704
198928490
552552
6965325
199976004
147689088
145770078
248235763
73240132
460224
53837953
44123341
48011516
220661785
243123252
146492931
52382798
189465516
169652145
176437272
176249554
6934135
133832345
176695923
199051039
148699801
199050109
131183031
171857139
138827237
248482031
214742314
6965341
208188470
144326056
252053209
227288506
138826159
227288571
203178190
149446218
164541962
138903888
215159570
126743192
165674438
197926340
164539459
168544585
32045947
227288471
195902931
253127962
199050338
176099856
176100837
20536026
140103413
154858581
102015679
52665498
203220315
251021123
252890561
258928655
182088920
253296537
253295626
253870119
14247238
117056135
199048118
169656274
176476707
124275004
215078775
32225376
9850156
202643715
13237790
262674798
209409964
202643222
24825520
248648996
78555826
81577164
202645882
3579715
198964742
190469470
208277540
198966607
198484951
193482247
197066093
198552848
197063650
197182531
197183024
197182755
198486913
193484274
212425059
245764753
262881618
163567597
17041755
48984466
466130
51031313
51580349
76378963
5155887
197634178
74034622
52256132
164542302
197926641
176436221
197823018
26430206
48115329
203223316
83750552
127879893
52093449
83020771
197926653
168610648
186440087
148077460
171849236
14617108
209407178
193596244
146369492
125453108
144474114
158207113
50358354
168153641
176436005
139144098
180868093
125863549
106544810
197926338
129026596
129568716
6965327
173150781
74260778
227288806
252888314
118687436
112139804
186620371
251021125
169652307
172344687
172575592
165779154
176435674
253347771
253348909
241617497
176246483
262481723
262488294
9350346
145770057
262482153
149919258
3343459
262803759
176127927
263265591
215736414
186540972
202645836
147588133
202643458
147587505
177274979
205292570
42839046
82389232
48984489
214742183
136360920
54438614
99139000
20368443
95682656
198488724
197182274
198547402
193485064
197183242
198491007
197066463
242626994
150560976
262689510
217731123
201894230
17041582
21950070
19616979
472990
472985
72875704
227288653
53135881
20034538
248262835
143402368
252642250
203210775
149659325
248261562
126743144
52670769
172575338
197500997
209603869
154728101
113107971
168153350
106539090
176436097
144332964
39794872
108808697
148075716
108262104
177526101
187837684
196176538
203222627
203211098
193611286
136875770
38057547
176436413
133563136
139147274
203216727
227288554
196197953
33127399
217890088
189688132
253348151
253347680
253074463
253296159
242639477
199051724
157943649
176436387
149658788
192731439
227288428
186625280
217647255
6992701
176477419
168871664
253128072
68994531
203226707
227288494
206532392
203213024
14617101
252165512
125541557
126743128
149448771
169366172
149923590
262640592
144754150
16051199
202645803
202642880
202642726
202644107
123439283
87044414
90598001
42839246
42471428
42839006
26613875
32225380
163148638
173449806
190828832
1725859
54438063
66577089
198964323
253254780
197064690
197068417
197182638
14127860
198965735
191985324
160818602
261964218
161211480
71989657
181218682
146493723
146492878
189675315
52090962
126743172
111579481
197514594
126743147
125541531
176436500
149658326
140643319
193866359
171587687
199051512
155830984
217102316
197926348
134355605
197926647
14926104
168153853
199975997
177942246
32046741
142796150
134854817
254082472
111925752
252889871
252887625
96355908
252566628
170178398
160835801
129568744
197506965
214815832
165689738
168730574
184638357
147709224
262498644
148629266
126743098
78021067
247730783
145770064
122873355
173009992
252052010
176476699
163931423
210164241
203506266
182089873
260814328
262498195
169655277
149919638
149919490
134761661
138385698
185940387
201517365
187688116
173450065
262674688
209409343
106539107
248648404
50361816
31518934
49323794
158808136
16060823
163148708
53837527
262656400
76677579
42839290
78554936
84567088
78554942
13239343
198548957
197179322
197182796
208278165
208276603
208274192
198554054
214759706
198490981
132981715
252399176
216392140
178057293
76399967
90842007
91833343
80959784
263448679
131183157
199021632
209603871
117367109
197926645
197926639
197065670
199045204
176249201
207333705
131183013
214816887
177067997
174609353
170754558
138827224
126743171
214863279
131183058
79787858
133562840
252163109
133828658
165677699
227288961
149194456
152565191
138825090
214863257
172575520
197405392
209603873
139211588
252299078
252566591
252387305
252387230
248263480
144477683
138899008
227288579
139556774
6965323
139149578
160405268
176436487
131183229
52668881
52086949
192731393
122873300
250341388
160369230
252889875
261965779
252891499
205297804
117977594
253120899
253348046
253127538
248261320
66413466
259486218
73850604
182089969
14970081
217868128
215119308
148048259
262488216
147587777
196225114
49182570
42839286
80960831
101873876
169380990
202641959
209408969
35860684
202645288
209409486
202641648
49503316
65591357
101966893
136364345
3579725
252720400
33299260
193484601
208279250
198966752
198552415
198551522
208275316
193482393
198967474
197182296
198492957
198552135
197069159
214757349
252012773
262881626
60405801
96291193
71984782
147714116
82007235
103789357
227288662
167570413
52670694
14948566
216907911
210134326
6934133
176436542
167525067
122872711
192731364
131183062
112441144
192731337
203222787
176477870
208765371
195257666
134842589
170740804
34328389
173956244
227288558
171936043
176435955
89053800
125541528
54660950
32491430
131183086
162051744
217647201
182089833
248883891
261841090
217887582
124163131
73871041
253295749
227288927
253297038
141526276
173003501
164074463
145770066
513304
133246726
195341757
149445602
197926649
173652617
176127848
165843027
249584771
32422745
197926343
122873200
71497559
254082878
115760898
168895469
165913654
191367193
191365082
173350336
169353394
209580057
169365982
179695020
105739231
262881608
248648493
262656404
16063337
31519259
202643793
106651929
62196579
46344012
212605735
103879246
113049347
208274469
198549034
208278751
71892635
260792884
198964019
137863937
216204935
168963265
26093911
181218528
52382552
51597088
1994287
108807670