187827003
26114399
184466860
68585576
143217512
46240929
124767703
13419678
66619715
77774625
113530805
49747007
10095276
108684605
72882553
90985718
8835159
173748415
115266692
54422942
52584834
45663008
41299108
56445333
92859698
103640412
44433397
80628929
73515859
186080463
102629342
56218385
10397241
213861836
3737963
179735872
58695343
4541057
56697257
37411897
100931418
906795
194819071
174267565
38223395
171212880
50723822
147568390
23609962
185909477
124767712
160081252
92551369
109982846
116158321
112333133
249693336
200765426
175956866
191529453
182463032
3640421
162025756
2289999
92551275
87389629
57870426
195545266
173764549
147220976
73878873
10576550
147571058
187824619
85763211
10282075
187575543
73553846
48752755
120460868
191148794
193555557
177860568
5067169
207754430
11347711
2619499
174444168
215123440
39523655
40052000
174272290
205010298
173763066
191529451
184629090
84950236
127599460
248716954
213492169
110944248
53301006
213929712
991732
173515426
44151082
67712891
176487502
173515946
242084236
202895290
146275505
146272370
229707049
51215567
257779920
76181976
139296704
229726912
100947284
54422996
247884822
809630
16271426
261983523
74860166
177312713
105664072
6915413
14683295
71553549
524438
105374529
951573
28284051
3732975
90135309
184787602
178311057
58969015
28285288
50240864
134677179
57587909
213929707
192950693
151712455
53771999
16269970
1475793
831435
205416984
208560326
160222559
196142106
197212830
173515434
28285988
67054327
2186179
10866307
186578995
216090608
8149335
180223010
194124519
45613723
173515443
262772749
198724915
13624088
74415935
3750477
103289010
116158416
174292424
127560887
21543286
181699602
41549122
191089542
115323121
248923465
159814710
242115236
216406453
204473043
92007400
248380414
31375305
197629358
4105927
6776025
216406455
21543299
194819079
3732979
200851589
130468019
3640427
591353
439220
4978895
2012569
48659055
48210076
49204111
178305683
216090591
196001693
7100487
34180326
14475271
197667534
216090616
170118173
212961210
119698636
248957270
191506179
189642784
181699642
176753008
195545296
610680
221230175
197120437
5458331
202961491
106362865
69764541
403578
107447737
216125753
180230641
48210086
831437
195255268
57498209
115017072
150553700
216090612
167422446
164932521
351179
55093422
2012889
221230181
7821998
108239940
113670559
1071538
202062320
241746533
204027457
121374828
140204830
230009469
10577301
398558
176824435
229726905
8461637
126742917
176549131
174182712
1008715
10398566
174215332
146276829
8075388
527388
109017983
134584041
174558171
36727159
50475529
76066537
189336445
82936273
8388113
206145359
31375299
36085778
480040
92551614
50416088
2290001
108280510
42686976
104269229
1475801
196154163
91471505
11856440
192048659
46621528
139294113
137592663
104315085
14683303
486664
510919
173763067
100383611
169640941
253621947
253211484
198724917
7435661
146271982
540284
173763068
7278091
44876222
248591409
173559433
208778533
192950945
140466926
1627925
2120667
16218133
24188574
3283831
250015379
253058419
171651791
41374929
169377689
17961451
250743356
580999
253211476
169377691
174558180
208126948
141421099
252004396
38545291
247921007
214013045
242441009
177736624
137941275
130995905
208070504
116033302
28289452
41870159
6177083
197544429
248591385
10373196
87982400
34521189
248536847
102075118
91120168
58734708
823176
216387995
108130846
146270423
13528495
186860914
207749389
214199388
155619320
199243449
162741730
73668294
81224327
251885272
36855316
8095598
7986380
109135482
49204097
193640176
1938899
7718733
36376493
1939719
178481732
578262
170118101
176118778
250052978
252357085
241748791
48888537
51426132
140129166
162399326
92551847
171581084
10271874
481169
202961587
32192499
186165424
79450380
192949471
225947109
6547599
10594242
208915582
260806965
1252541
248522979
4438291
27594846
250077437
225961693
208056261
181197201
92551693
216387917
10606002
92552070
187011619
829147
54423010
102075384
137941313
2784389
134592177
801721
1668759
5536869
137444908
253396374
56377195
251378684
3123889
198724913
193640394
52665715
79129140
95005778
79129142
58982895
261974480
212323828
225210700
106749675
48035329
104049771
158868288
257844387
36300311
157118105
170119802
101471079
21661657
32002206
147570634
198898860
242656477
30886061
37967307
9754385
196154164
46749895
169377699
58132909
216462141
180851019
217521201
74035632
73463756
59535456
205538436
195545278
150615483
176132387
58709159
15867078
92551741
173515458
191694811
196283480
242995010
74608739
72225304
185909444
14430477
75829055
107798673
5460029
1639671
241746539
241746525
192048653
68437863
51833336
24594381
170706985
173515418
199964969
252186165
198198493
63924617
250058617
1415385
6634583
136939580
10405776
138049956
242995006
162742669
31207444
75454158
176903570
212993129
115254462
70851273
1736311
241748802
202036051
192950601
486348
196755830
346564
248591344
170708217
23956867
39546745
41131985
213997326
212249935
195545274
49204095
195545416
169640935
237582452
253395433
172067123
136939554
39546846
39546753
39546872
11259255
76528023
2107167
137501828
186578991
119698873
11255050
48980779
188535632
216406449
918134
46755087
585139
3640431
2149533
190755680
89691011
585134
186265466
173515436
36336977
12502158
48314966
6620863
78976748
7902327
140128993
253396850
1629489
250339003
197120435
109765190
391054
58125464
90135313
242716466
39546813
745277
51132784
10589739
169606792
214189443
1645641
248591331
32530065
252778111
105378731
53831723
1732951
241746535
950923
3640453
149153650
40052042
53599482
50475531
107802181
13833464
242425992
136939576
214598345
136731557
75490746
151950441
8458248
21435644
1619615
251590720
4438309
206675357
1367813
133860079
96806351
261969100
1581877
202529703
225961691
176024797
1825403
1941505
2254431
117720240
250078060
13316246
2107061
197745731
251520761
252185441
35129920
4941511
199705145
215544674
337867
14684970
44860083
548072
195545276
2254447
185006507
39546831
257855895
195573549
252176235
100105844
8390355
1667151
160219915
7601893
4216293
1591101
250339380
158812907
11801227
4438297
105794398
9676345
241746527
150997916
41294591
196755828
212323909
385046
43340951
103807645
106349011
205947169
1702829
436158
177652027
247328675
44858229
2071481
3640439
182149646
127032915
681862
13528493
49459951
68124284
15155521
40752451
181224763
72540051
248595203
251345295
257759979
78289216
203318634
35409665
57866234
11193214
9431348
6216105
85923370
138183499
165150443
565415
220684090
123446650
1660559
248956130
46275985
95500268
192949970
510929
396588
27973517
196142085
199903594
113526972
22400993
260806969
80932837
76397469
92552324
230301108
27959939
120183569
11819287
3653513
69162885
197920700
551563
173983911
31207496
39546806
10075763
7050299
168115611
260806930
191693479
100105828
199964926
73259689
106362460
101257384
193614356
378436
242703121
4464995
4947457
250339005
191692783
7371485
249053012
54624818
36560766
242718225
249652459
77328454
107707588
229732936
159012105
208634737
253135888
216115005
10873400
176522750
144451602
248978046
19879470
7326881
41867313
346722
26003620
8163708
105615573
173673928
249825651
242504828
7902337
36404600
48108628
558116
1725015
170118736
225211675
197120433
92551337
7822000
208134014
72032652
140128866
3748585
196897427
248567922
196180896
81035302
1341871
169376020
155618826
214731894
5797125
40818893
247943496
10406594
584873
248591403
177340644
9423421
106744503
87389689
36666110
173864200
248170522
174216908
165150349
385240
92551309
385239
181500438
252649232
10564012
45073541
164092136
32352207
170118155
187609499
33543723
36570212
46723652
33640884
192948700
626884
919987
11253860
192949419
192725695
127033411
172080577
50269856
44183109
35128168
1660561
78042388
24391329
66698781
118685651
52685517
177644621
72334214
110446327
26524132
4503881
32916022
199021810
161903965
253291690
20455546
164323200
431194
149520474
146272374
257834542
25049751
23619306
248591334
193309615
147415616
176522728
160814487
53250815
252184518
23433207
229809610
106150838
24490030
170998807
114944713
165261616
82386392
86517375
72040810
215637979
214075040
48363446
25072611
595715
48895908
82499698
36434036
107707575
102031706
241654049
170118528
66698777
48372581
48753696
170119887
170120007
1660551
25190293
27594842
2664839
36830521
14522405
151440104
11221388
111017000
175526768
3640429
127031841
5431763
72542501
4438301
908960
247935593
192688933
210134616
230078949
247935754
3287699
92552585
172374421
159484594
515850
369267
1660563
242076196
67040880
242411239
51833340
2783445
355153
33007536
177632168
248543741
12416736
32802801
249092406
39546767
410667
192364748
1660549
691903
355141
11265268
102140801
207565801
164092122
105281590
181752725
7760915
92552235
1660553
189560736
29810926
510922
92551738
197628150
421809
168283404
350276
243050682
173093871
7902331
214079735
35785488
192950840
7601887
190454508
2853653
69360616
507316
1660557
170120059
20476610
610918
74174358
963065
609475
356296
16158713
102075021
107428614
190502286
173947540
357944
117926917
8855456
164323155
44183107
21543165
2388507
8095602
92551338
37749189
82386578
242794865
92551733
36399667
73346745
198224541
146272284
626849
170119911
576536
170120412
214517830
412742
884446
248651276
175526739
208815404
195962851
138183606
164092113
183332574
228992782
6831823
1667149
576578
251590761
155619184
97699728
91561426
178514169
194183469
1475803
8843510
22367462
7916685
53247447
196219977
3653515
208118278
225211669
66227523
8458250
92551340
248683680
137941246
10570551
162399305
195283658
9993390
507290
32521593
445217
163476556
263104214
1689651
51200024
1938929
208206808
222677601
170120099
170119155
584548
170297939
249220913
253285126
39546878
195545294
185005739
185006509
207749400
44225206
187149821
7973251
252004165
57811712
201055579
7821995
7821999
250743324
262646212
45814370
1044752
215946997
196154168
125023135
17458186
95002655
248591383
170119796
70524103
173882335
2449667
224185489
192950727
13853094
361810
7832991
87108686
251767107
24364029
172936678
50742511
42180465
16631730
48980452
177016759
73272541
45321624
41331376
225908003
260942898
81225014
206483250
248644526
252595932
20349726
212213177
208119621
56218389
113498225
52332575
251446784
44044693
151448653
197674667
161903984
161245752
63526732
237583290
217387255
169377666
41299100
11259251
248257035
241666559
51903724
199012127
967526
8835167
160814395
95995253
243090200
45370394
77917922
176024676
74345162
48980486
155618769
252357093
19841342
216462230
1933173
199571357
90116374
253233361
10118602
114275083
8835163
45663002
177661504
599037
28923886
52718102
15415618
250059539
251771730
153409017
197832471
72040818
91561030
101933240
195855308
77774567
41263268
10212843
248521589
242406197
50440318
20743151
1667147
92551793
161245742
129355972
92551323
137941333
203843856
564330
209379054
251984751
101931509
260922713
77447877
249824806
11126562
35127687
247418732
32701092
192117144
41017632
19841724
196152928
44183121
36984381
150614688
79129185
54482248
195286659
176522744
6477413
255455615
1935353
77231527
100383015
137454926
15966190
431250
262899529
431075
12628537
157824563
212212780
225214461
950925
165844314
253471948
170119207
431072
194183449
44812550
74942650
248540905
242724268
113498245
198562117
92551305
219157273
204417030
1700597
75435226
243223603
157824561
120539062
194584067
69360614
208317403
106362291
55171098
158868149
10563226
170118307
170118185
3859121
11193218
77916190
253211474
170466595
170118748
2069087
253197924
210444703
248591364
248767638
215746005
250077043
1911561
213490351
10133809
113498248
2207931
230301110
229809630
1582093
92551657
151438589
207521408
2071459
92552126
170118647
85560392
104268041
214598210
216335229
180009567
253472004
184468840
52317309
253905515
85560390
262816987
170119861
170120035
149520343
52381173
153990524
210145955
103474598
170118204
225910613
66698775
196372725
170120323
24490044
92552317
165244265
248894215
169681312
249921234
2071457
151950508
184476641
146271720
217171980
106362592
34825171
170118179
507361
178476832
181927693
21054302
94700764
31709744
49722937
233023696
102140545
694094
204317926
136403556
253134090
48523412
25072619
170119907
48210082
253148544
92551763
32975719
169109683
173879314
217521194
48035295
4541067
180400040
150998402
11819283
92551261
253198117
8700330
242702960
46622655
92551925
197352634
55617060
194451806
65005282
101931341
107707578
106362272
230200711
260806887
78598391
15444773
237579000
69624548
6594275
103474618
261834666
3955683
203227997
1353615
170118163
262906842
216001262
183488704
138226270
1353613
4438293
507896
252044615
241773344
181997991
173093683
378620
110204597
193708856
127692515
25914360
195696847
3644267
113117296
173745197
76053217
194824585
3640433
79129145
113672418
113526353
92010103
190755671
195472148
215739454
163875976
218738576
248697679
92551844
199544229
82499700
205694869
170119221
249060456
46749909
2044173
170118914
247778337
247936792
459122
574041
20421682
249652452
57768090
114895799
254037117
250020076
186991202
176766562
161256046
198390902
161929411
92551837
195696647
32352219
36258368
262338111
94598140
36363192
214598153
4438311
175526742
251590773
160684697
210145963
77281252
22648559
10782653
213704977
14683311
71683050
196142108
108716630
242702941
36031711
101933383
115129131
252202276
127649070
85560403
551290
252769252
192374595
24593176
199529722
251521118
178307427
183375630
253179828
45966734
6547591
225210698
137454947
242750490
165238617
247936389
181783106
218754673
162262379
8835169
242485454
609751
217412582
51573030
113498228
419596
248772545
79129187
242620045
261834627
5537783
203840781
2388505
53831731
260941703
110097336
106362299
31511350
66698779
178511936
36777931
170118130
216986233
253621739
7436387
27887453
197352410
173110106
170120372
208056257
483776
170118542
137374828
74862932
192790586
253195153
253058414
215040297
170118335
160814506
7821996
193619402
2066555
47161883
154186088
73284728
196561811
214610184
124483659
217418254
4215441
154080240
3647725
132302661
55514209
178475469
76071337
79129191
218736643
72459688
229707040
262646214
152105064
884634
216001152
950927
225263743
248849275
249012309
137480805
225210706
196622975
102032056
213886888
626786
167149918
87236128
14762547
252664514
229809686
121414073
221697013
185991814
191434052
71967344
35473655
15415625
72527119
71353255
51564888
360418
223918816
44808488
192845206
48983427
195288815
206331312
200931993
360832
7491417
10396983
53247453
1535495
199532594
92551901
1709189
70524095
343745
230020348
10299613
250077869
22400975
250740010
155619072
338821
51119880
205149849
252869799
245787164
1820065
71125360
248930169
175811914
216124771
32895618
508549
52421923
87224817
51563507
242702976
490348
41263272
4541065
33492462
140947412
106362302
29559649
195545290
233019597
216384510
197624166
209269470
43950737
123895191
51903726
253151838
185006503
14523064
80938238
2209761
612878
2316587
253211472
153960207
611111
74811078
181142188
135092857
1732777
859047
251534691
102075109
253319037
170119841
97550318
7902333
52685515
55725190
117202636
210758553
214009188
197635967
87568624
712865
207563165
102140261
197623377
508405
247777214
173671878
27594837
77913155
57382176
207501442
249347299
20477938
49317814
74731943
2071453
196141897
1083380
215389069
100384152
92551472
214115519
170118756
24166054
36710429
85375473
180230977
194465561
921346
532661
206659691
369716
101933228
351726
92551489
48928920
249693735
21543309
7000483
581062
92551271
19841352
79129136
36335953
10070287
225210704
137499128
32638460
184521849
193976670
178831622
175526731
242484117
681833
4941509
102140714
475808
7191113
3640447
92551623
100384361
32895634
250017410
114436401
149845056
249789664
246852887
38115153
174896127
184475007
8076354
36337050
150998753
72040814
160684967
2077297
146270662
164323192
213488424
10864118
185889073
193715182
193619470
125181949
4438305
170118291
351054
106362467
262456012
208907132
3284735
19833680
114945804
216115562
3640437
10070289
106362763
113498320
174510282
202961427
203843818
590929
508469
195993377
1938939
541141
536112
38738746
92552020
366149
101931471
249384029
207596572
490422
46772944
198817238
193555555
111498888
171580822
595159
216387977
175533624
581052
1577295
344011
8390256
92551411
215637621
54119368
129138227
100382881
92411918
32529188
36995869
100382904
85923528
35010884
19842022
35220617
207646271
92552061
394892
417630
92551471
129946065
8980771
362158
73345191
5975123
170118690
170120297
180399945
555425
253621754
92552175
9326310
576535
192948596
215122752
122909054
109515302
28232018
1069528
194595336
437457
544913
217130880
253271693
102132820
486955
35604664
40754433
92551300
203783769
343848
114363133
107429006
541138
215723216
165962201
204473112
214200214
216121688
242432020
1007176
169375466
53501162
49464547
206481196
197635976
92552167
195328352
202724339
508622
170120193
198858334
21543139
170870088
185006469
241666933
552135
28078851
7435629
215775419
170118339
195545328
471325
28076365
38089615
56375153
106749682
29676619
162618187
102074790
107802179
38363510
431575
33052530
432552
230308987
192949015
170119217
508491
248684272
7104865
195993457
215292800
369126
348715
449739
102132757
165338420
611271
27594840
186693011
8300828
5431755
179584511
235363131
195283624
174321346
183334926
48873347
56377201
214153736
251773649
197920527
102074841
194582989
53301000
74953203
8458252
262646220
58932528
596923
221225960
13833458
249610674
48210097
52631489
253199320
38302924
35010940
374579
192155706
19841348
253197944
248591339
34553366
1204917
251585228
7034503
195801319
260941689
38436468
262044354
197644085
82936386
252563927
249389439
249919537
155619288
140204872
191604152
75631093
186369313
242654041
197627778
203909499
202515646
6214231
69226428
1580409
170119176
101931510
92010830
253396845
196142103
254037822
511372
253291692
253179218
248083565
638854
197828319
14683297
201386007
175526766
173889208
72165445
10704098
24947704
247938905
207195992
188487257
217523684
203383647
146274104
173904479
106749669
195545258
15155527
55066553
242742824
195961162
194770147
50330232
72917596
170118329
2783441
252868129
170120511
102140408
38436472
222678260
49640080
170119808
261974472
139970027
92552302
595174
139973269
106362821
194583608
218738578
195804523
170118257
146274639
52380830
197193626
147671163
241654042
357943
248613567
263100045
252846123
7435643
7435609
75490742
242718943
37216528
510912
107428876
42230121
199216988
189643105
170708233
10005245
205581885
212356652
167940010
121635152
179546070
106863963
47342678
107802183
253194702
168234714
76776245
50475521
13833466
190238356
179063564
138107485
139303869
198296788
49180492
130233544
101787132
228989363
195545304
112110014
66712456
205973484
121372698
124767704
101296988
173882437
179546078
229714486
2455543
5808805
165150439
7718737
170490710
191782162
167301575
216124178
90622579
102629318
32490132
205576403
74460137
205815553
201088143
179546672
159644659
147058065
78598381
170708219
77982982
192950378
105483727
77323488
195980676
179546074
143186001
112106439
220665663
249160352
187619074
207754094
173882436
149180057
244169820
46107066
34501790
249161094
8848897
145300494
186434701
214186194
195801321
7435647
109505434
161930883
84970841
129381090
252795775
173865570
157255752
199547421
117681065
202796284
57815506
101897983
126743464
168662558
109998520
131843987
9687403
262589850
189326212
52597663
555504
169546325
148750882
216001230
70016676
22634351
165150441
173763072
248428840
8011021
193736891
173174175
30156560
107802188
138342170
206675362
130233550
222679651
177747013
54616131
90679276
184466858
262746232
104651900
66398387
200628215
249374008
198204746
77717434
213929678
192048661
134605012
139093769
48035293
73323020
198644535
190214568
205851873
78015053
137741275
187933654
2628851
213929679
29190890
176824194
205574129
168373800
1387539
174182702
184101370
252908571
138226285
199547425
192692432
195960772
253642361
100382935
212213039
20917699
10767515
248936936
48513049
187934222
567897
5067167
186876107
187933551
262836774
9687409
214515111
105985514
170298038
246167954
253642364
129766803
198707246
81437584
12141178
217521197
253642355
200877611
247446852
176550199
195545322
184101375
1694077
213997308
187827394
69978860
178502495
34340291
128635781
69644746
138107483
249700436
89293439
195545282
171817391
203958084
244168841
260847305
116406726
58864689
36311444
14508205
194103545
74362886
207752597
85923342
22472008
20824020
205879303
8835539
247401914
192949866
249156705
196290947
82041440
192951086
249769093
196831940
113351050
58732189
215123437
80960198
105231346
208778368
45321630
199547419
174558182
40752445
198208145
556940
2012491
143185990
242411332
216332808
262862569
38436464
248619211
262907993
197337637
172024878
227269838
196517620
41299102
97561438
178831572
37568249
244300107
14692672
22383622
170297937
111153121
260860858
603712
37699918
257847636
200780115
113430219
249373998
214186188
196141126
8149365
217320670
196337124
216204607
211924960
89593985
110696155
1574611
8155348
262681170
15416797
40933971
251768887
198296796
172024875
1534397
205745313
215438141
252138287
216204611
225236888
77105728
140459916
57767468
143217515
260847306
211965963
217320667
216090597
5412667
71148761
196142087
243037368
122868115
81419795
176752884
17881046
195879149
229714495
36312990
207194304
202895259
205540675
110694737
31993283
196280095
191148787
1533429
246168001
26272210
102832722
137152908
227455640
180609857
260276541
115873770
187622581
214889696
194205620
102140850
167149888
103569998
113529169
57791279
242087708
70642653
197687540
3641267
253402958
198889602
191413507
225911132
262663924
216226711
36854641
250020244
127672068
92488044
74362506
200677547
102411866
14455524
19349136
161383540
191925652
35761355
241746529
146271875
181453964
260847318
216215470
118124351
196411152
197964595
186265462
167940012
262525564
77733318
196516214
262525587
436386
38363580
261834634
184101367
111271564
539355
146271621
36312870
151950474
248936939
102140401
209398582
100383100
21315541
253539366
186286173
87457185
575215
199012129
82936751
105231445
171103376
214497220
56377199
203911352
196518842
229714496
253470351
204009099
251924931
70202693
251395712
151950534
225224424
203862819
69196015
160081250
27605626
2380007
78032199
194102291
102513019
195801696
214101667
4795115
76531748
14378792
212326832
13579551
191413502
186237327
166192600
95039297
188663318
252934457
251532543
190506526
53301432
253058424
3957065
185909450
146271805
68169437
119330790
173515993
121410060
217696325
178078178
209385997
36399672
173882432
188229217
35473618
170094963
41549120
4118051
187934204
185447938
251514775
13579553
1933177
249773527
199012133
181656860
10118594
74793291
74342182
205574137
184886721
187933666
7277553
170297941
177117501
251279424
539148
4762411
160392796
21054300
204393892
247936782
11313157
204317917
253361078
194451625
181131190
256511168
181783073
262745320
173093792
5904643
100382944
167148811
11232442
25072798
145167507
49549457
1008787
187933180
11509792
251395711
183930334
41540515
195288800
209885942
110691599
208608165
173357306
252962429
114271474
220666219
217536284
37412196
127984257
10576548
97561436
53982483
263021078
242425994
146271826
248085843
262066012
137569859
58810060
367807
56047344
247862911
46108501
115254388
222051392
249610791
114578905
195980779
12422005
200764122
247439345
3643493
253361068
83619850
177341640
205417002
209885967
196201874
215871680
106362616
576362
212468530
92552051
191148802
203701748
108716640
100205826
13624086
204009100
1928361
214599046
205988595
10752047
247291772
102832719
196411135
171625656
105664065
191077427
14197768
195801667
41085109
74856421
65443434
184466856
190827321
84595863
178240547
1511363
1676079
144531369
70529836
177117503
194783172
11683671
212977492
10971007
249408345
138396015
192949302
1590661
7816704
253357791
44335819
202964168
207521411
253284504
203116811
184634324
195545307
95250342
251395709
1662793
196018789
200719280
138226261
198208139
1019482
1067982
50742515
12138654
21170977
77036504
583317
176969624
250229327
212562845
10401545
9732061
196411147
36085776
44017483
4540793
14447036
212213989
186237331
147564345
178502499
247649403
1533435
199101095
543197
48873345
248591350
252126692
217696335
252755665
193439349
249700435
68347534
171063549
247446849
217320676
10562427
100347903
202961459
10371573
196515478
7280021
3718841
49204120
10366395
196897386
94904272
342370
160082480
115702575
195881360
79239547
191148790
181224911
50493238
207754101
199547429
74331841
36495313
74332608
10379317
252165743
244168742
38038927
88998877
5975111
91985053
204317918
135322605
217614089
199547427
71062572
199544138
161245918
195545284
162530673
253444147
248590523
17495302
21543152
73838985
73410751
85396168
253113463
170118986
34440750
33420141
53870538
77627260
165098408
202042381
195531247
94159126
155200466
50441575
169546327
208198129
248656094
46759443
1699251
213929705
116196846
217320666
177747002
189643106
253700760
249488229
4086385
184629088
146223693
249854954
257831429
56691191
253470341
197352629
253470343
106362509
175798778
215779725
257831440
221223624
157084133
167614193
214493348
177747007
196411141
230009482
73521479
198197158
203294912
249935055
183540852
74332656
173515972
94347552
167600175
93070917
207749369
185654029
106362586
89315104
84881509
187934186
32735942
170120135
197584725
144584666
524399
185067344
195792253
184878550
39523651
361677
215079313
147570487
200765349
92552280
19719607
22367399
204874984
207566274
43070997
219134875
406568
163580188
179584525
175810126
252091555
215797364
257846768
188574880
215797274
37890739
10118600
197117224
170870758
54002545
243086187
250229325
8087378
191410859
32218813
248656090
217500564
70817144
192547217
208126924
186080451
254139270
115254294
197597367
474397
72622021
160324716
5536129
184878518
76479335
155618936
102140910
214598291
202040294
188663313
2014915
207427376
108747331
92010882
11336581
32056827
78290768
100382896
348718
100382907
171651769
106362820
75373050
17795684
6980643
119330782
153045613
170120629
17769685
186608774
215779723
139973455
193623100
41549125
261971168
192948602
595914
188229195
49811015
48873333
249610621
72165411
206673080
139096930
246852605
217333397
197352628
759024
230207359
6168293
195879010
253293562
184634318
39854378
46108503
262525576
263041093
1954471
262792226
213951052
178831425
249156709
51851872
207754451
249856793
201892713
242629735
205691423
195962846
10226612
146270233
69322475
169376013
66109635
167685123
203499165
262862939
172581834
189937790
100382884
198692520
10694902
4423759
113004373
212213000
229698517
37572403
248499099
106362882
215292797
107798667
244169817
59402602
255175023
252753300
162025618
257845584
263021090
147570783
174315511
161245973
198692636
216215468
248414619
137423586
252612148
103870577
206908522
137421544
219460774
207427382
68823442
257786850
599052
179214462
210145959
197547680
1817629
170119937
108130826
37975729
193402523
43342173
202891564
247930754
230223087
176550211
1826119
243090393
173135260
54683089
41274081
92552034
195962741
116158401
203291169
165030806
102140703
486349
201856169
47438231
249050990
512557
181924247
3640423
137502649
195472210
218761382
263077637
106362555
29246137
171059783
200765345
204878431
127599456
202878206
74953485
187011270
10638278
22064824
248652746
172450632
12416740
14188200
192949354
212989345
186495276
57791776
48040545
259568220
109709483
186265455
137941293
174444188
184629957
181453936
85551370
20547369
7833005
1060852
170120112
221231243
215543986
67477613
218738449
66698793
162159426
192950659
7958730
195523350
255763153
7955035
31205943
198738763
253134059
6580747
106362424
197388001
6543943
102140629
263076576
262656116
258668675
249682246
160814508
247887795
222622186
34746168
76012193
146226225
212314857
206715189
91833023
197387969
217627557
262066841
253235570
22482320
246773007
32715955
73521481
14683309
102140971
203583554
208195691
32561523
192950621
67807177
192948640
187746314
258542999
6214731
249391850
171580696
215725820
75637283
194819063
253293668
57489985
92551917
248898466
39839046
105366557
14378796
58709784
261963228
181267666
197620475
170120016
249347301
170118726
212212944
106362378
248896573
247931411
196488071
128555308
197645535
180866048
175526836
214753142
255611688
43881907
116120077
214910030
257787144
92552642
207640294
51132741
26412712
67835584
178524059
192948620
202475495
197629706
68612038
199571355
8300826
179139460
192949587
190238353
1005148
93251950
173883249
160814514
252589020
193450582
6451131
44074136
170120559
252714168
262057301
249918814
76176359
147568360
108716632
48579426
16218131
192950916
67869931
72621993
166215502
165021246
24193761
146274700
170120197
194585750
202771595
247324351
367232
248000092
260931544
190171417
195545567
242716524
58209256
144079763
155115305
174321505
102075460
165685915
36775033
205944734
67870654
16603377
247935748
214755651
216936123
249271132
106809246
198707247
165021275
2254437
249160360
90887866
9310480
249469440
50412492
3658331
38419973
249693350
139093772
242788600
177564112
195472154
10594090
2069357
163578546
196284158
85396167
85396171
199544137
137941406
49459958
101995190
10282787
203230274
196464090
190242078
93374681
162771594
191069516
230009471
249768861
253344818
190701635
158622140
108695442
100384206
95289181
197778887
20934344
137555852
62349854
190231502
197695174
249527015
160309632
8299836
140411017
155619278
6201209
203095255
50028206
177744792
57771398
212992688
68059466
195190101
214591189
36313111
50475710
253099210
242504804
118582480
74855017
193418843
199040301
59594015
181453862
38076031
85350809
160836550
174248205
188534650
82465088
204078079
200752403
205576399
217336261
106362461
251407086
163283489
167146640
106362685
193895765
39855266
109982965
67491392
214889704
248362141
3577375
186494692
192950223
4898189
254187903
185888684
205293493
249570062
1890431
87898926
77627186
4794037
177650093
77160636
199940035
244169807
106362255
87834252
189761264
6756517
205973478
48035291
251274514
177703770
41092864
190706492
188574879
169375993
196155188
4995517
96550393
66747359
249693330
189326210
106362111
1938891
210766072
196424381
249156710
174449876
120065848
149177096
71090270
208288782
249796320
57497245
196154173
215080284
161541366
248947071
83664133
235466486
229714493
204317932
188487818
75630589
146274222
104744338
38137010
165943479
211965966
207427377
106362239
203945283
200628213
195469951
213705451
165150423
191136678
20719728
58299382
197587848
204984871
249156703
191541108
140635214
568131
6512109
115795664
192950240
166529592
90374716
194407395
253545398
257835523
212468185
260934802
203905214
3483091
213705281
111579995
251545580
106605307
56801011
194790418
199705147
2071483
707347
199547423
127219136
207754097
25914364
206837291
48313527
190706494
90135265
75454261
1572633
216124176
254132118
176080883
44017485
192948718
141304984
222377743
193723486
25072624
48905222
60692106
16756609
73278026
36710439
243184746
208195163
199547431
198889479
242979547
247790319
163661527
119698647
199544226
29810969
216102598
19841767
252674999
123573891
106362188
200627658
5491727
203878386
29812162
242488465
38074234
186879841
104741690
4438299
204766262
146996530
2542259
86417789
55589740
16609925
110883356
72459684
67870649
196018785
241755877
75630581
258284679
11987074
260933152
191584835
158973415
160836707
116396339
252175042
195822527
247797305
248591401
229714499
57965538
205506567
92551375
113000523
198390907
193116257
257787109
22482312
146273853
245765064
146225022
151950626
253402950
196058135
252161779
195255264
8149403
1051380
203499145
136919437
158868223
176522754
202042569
253227756
216215472
186265449
185711321
194584060
31207346
230013293
14462349
82413537
261815364
15248815
215745970
210155875
179794448
253187938
182464517
171585840
16970115
41092278
196360904
196154175
215374413
242504846
15592533
3705559
156275613
3136211
249089809
179952615
57707233
196517625
207335661
47339151
212563570
97550051
198198485
194959691
182456188
46723662
208198127
51286686
249872282
86540950
242488496
229725647
188536929
32735946
183930330
250020681
249681308
1954475
251531494
184521900
3102757
251268890
102430679
71513991
95866407
177642910
5356347
101931352
186262953
3102767
145277101
1699261
12416731
206715156
187011531
200752317
170119161
252024891
176752960
248554154
205930187
169375222
248778503
205263625
51198625
187011156
193758117
89602072
208126936
353337
32362487
11951797
183335623
255464223
810227
90984441
147341594
76528247
195661677
95039245
71950839
246772976
49549976
200651467
54422711
104075003
109079102
35723007
109650617
176050784
242075146
172067121
145548120
3310203
172628797
113606816
212977053
251395715
22367134
249659365
146275446
253420032
12053544
52889452
193450586
255175019
199009395
193921264
403086
106362705
205924493
36403793
91947687
167019733
146270367
207400592
468738
36023701
242702818
163565401
52122948
52002251
241338037
229714491
175977354
173671676
44911508
44911510
69764545
249532543
172919942
40429235
155619170
95497637
178100865
201892543
249769084
249028666
248643774
246168055
15155519
596177
201872637
19616193
73125820
207281792
8023368
216387853
15917116
1542481
80960068
58038227
249413630
187779962
205988591
251535947
206751487
135347614
35720772
214199916
249896014
251924915
106362857
20478378
10281628
6361681
191636110
198198473
180399921
59047893
170118171
215292799
217336262
191080654
196411134
171712948
193045276
167421756
200805233
73300156
71095787
31709622
198802717
53258507
195701055
36829812
213997288
74174192
196411145
215730455
133785579
202796141
194773068
807719
49549978
258284630
73521489
253284235
41875967
10244970
42843108
173449217
196141909
185435823
49270556
198728214
29808583
137471881
20822469
225920272
14303655
247267574
251743664
173135244
101695025
178708197
188535639
2158551
106362349
55828597
92551265
5412665
36085781
37975727
339920
216724734
252853916
125732673
253134247
137561099
167424390
77917924
4438307
37889049
250738769
3344943
239166405
4605705
213963839
102140866
14143611
100931362
216403216
187987501
43950735
154260589
261961017
174215340
252854124
40981436
174933050
210513594
148749510
1653659
261961014
194085863
92551708
252539871
170352966
214584851
120183855
160814606
196683752
188784313
70624699
204848711
247444197
195928118
130610255
181448817
106362859
247669031
170118659
225210761
137504525
180999713
2070233
199976016
243043514
102140227
51316778
85560427
203927188
252636711
200765343
12477872
172476156
184795080
192950857
262681345
252636563
107707580
220682525
183256688
253305110
142989976
201088202
2071455
204417028
195849866
193555666
237662511
199009034
6683795
196518832
171586133
181453968
214823515
136941152
257759595
54512870
68774265
216198440
249872285
249798920
198296813
248666697
242504898
200765347
252563154
253396855
179545525
248591371
51420872
262660756
199145153
6927435
106362558
193896496
6512137
177860518
106362355
851101
207527220
192950986
249610747
204875014
95250785
19699964
251182861
11336125
184521902
175798780
181910009
58134524
253540736
102075123
22648919
202781081
210134527
26099905
48586887
124953620
510973
53870537
37216547
198101945
81035300
102140746
170120220
253444171
202052280
364054
5143339
214818737
205576405
77753682
50301393
102075003
192949567
160814429
75948573
224134792
105740055
206874060
3698473
558078
158391595
14134324
15226200
245031670
217525191
10704325
36399722
252401128
3551481
251380080
157073442
7958312
180749784
127807274
190490429
174896131
116461216
243086167
117595293
203291827
106348940
14378810
195465258
170118643
416663
31205932
113334412
247391819
57767484
249659361
19774674
93328168
22648602
196142095
66090073
257843704
247936755
259568228
159315715
94904219
515847
200692968
217776715
191500968
73684904
248446729
36092839
249768456
10402921
195545280
444695
32746097
170120533
176522722
135159240
201845336
252564077
137754664
48895048
213488456
106996083
245766090
81133417
67873668
102140533
92552184
200752421
192586724
235578690
92551549
189350066
369424
174834905
199969204
551543
142388295
31207400
185863047
97821133
106362195
199228559
262046171
77917794
207503121
156199576
204416859
197530279
146271854
169375382
43833727
176549556
253113423
248643775
253665694
118522507
206239637
48362505
205807395
77151200
2014913
52580817
212979586
261808248
225197265
574582
23930107
26099868
184918787
68145772
249471724
247931417
247931387
181224805
31207310
106362183
171581011
200673238
71345381
248264491
72459686
248541389
253360429
104741661
177637709
381234
176752838
36363381
8965213
147988216
250086976
49722650
253393981
48323805
109793160
48481763
261808032
67040913
145289356
126742911
50322710
15686499
552393
199544136
146225297
261151722
16631728
92551416
203401766
115078652
207941003
138143167
205694862
88229100
252098916
141472420
31219037
13312178
262461865
112333130
137561095
198858933
27563476
83432000
262525581
210429081
198858935
211965960
173996120
176733220
230009473
252098937
251265664
86563909
253129523
186088879
10281626
201679848
206266518
207427386
147988208
155416328
214160514
93327797
71173520
261025343
249086469
195288805
222655553
184886563
108232493
91663267
152743068
182541449
72649752
209885944
249347303
248644103
1732771
189641242
58462050
7278095
175956867
50586033
249573910
206678865
17879295
249768859
72291018
257781350
244168307
31206273
73207098
174860075
146271773
40933993
191413501
180967458
205695151
190592939
37890741
192949122
170516640
242425995
69764533
206837303
247862232
257782038
153921328
253468591
90480205
152870874
208417723
188576647
252558093
165701465
52749673
72868610
245769550
10724112
11428231
2542281
985964
195815321
262871303
206479088
72165331
244168837
195472369
196422801
257835603
195854055
37890745
253057679
35406206
118582633
66959808
58079211
208615261
49997209
262019135
195968294
197464909
49749898
252714091
65786287
56338578
193625130
250338151
68620091
247776509
198208141
10697628
74857623
80365822
251924922
106810063
216001238
210762359
35410612
200997680
86155931
190592920
155619068
199969171
184247906
88206888
392605
253444157
180749864
68561536
250087602
202343617
8022483
190592937
100382950
262745553
58444774
172997989
253468619
57887998
253468585
215380566
176080839
13312184
251511865
75953566
57043615
11499503
13797248
203864184
7081201
79373958
178069240
262512790
41093515
56730241
196219930
184218365
195960939
155618556
210145956
10866305
184629953
212993256
207427392
10111367
54987785
20297984
143063000
229701796
190592918
212597878
183061944
262746043
20613850
74292179
249019419
180591278
249092492
60179877
145522388
263028533
411321
35716359
55213786
170995161
187746417
74823808
10226589
155340735
192950643
172025020
11970840
165307092
11499499
20355956
28931058
92004143
11715351
139296420
252671746
184878622
228631178
182104210
57445818
258215808
214859786
192950532
247402424
83432795
77577363
11337565
253271437
225972004
215733787
35283869
22760033
261808864
74487050
205894111
7458315
20620831
176780769
252041006
94712781
15309319
46450300
182149656
106362836
7593344
242169595
149781048
249273336
200982699
160788413
217489197
7910910
15428298
6933633
170766406
68572708
178286128
241732242
190592911
213942666
176752904
184879041
177061843
187619400
470891
163739511
246161504
35411938
247540076
14197789
77719038
173854193
192950838
186234929
177860562
177403539
195573526
182744880
253468594
106362213
87389093
242405892
87393944
77702322
248766794
248947073
213707057
249414251
21508679
32742522
77149352
28731261
191354259
191148791
184918799
25123897
182557532
253617265
15309643
254022362
215774094
3717003
251395991
197628882
252854660
137976320
247937068
205696278
42838866
125724935
73795387
31315042
191354252
115709329
155618833
87964486
3941479
80960088
213864733
155618726
192815820
48567355
213971714
199009756
191892821
198523883
42843201
252005439
190490137
11728449
106362160
39363661
146274690
86151133
208615245
195801687
36923141
203422543
258215765
210429987
247287366
177754259
188282978
183338633
205582151
107277537
206145323
34746333
113083551
10365091
200851434
200946061
155618679
251405983
197344447
9961719
77231696
13852926
49180428
219460703
257532328
248538649
1954473
241339395
37157866
89984305
32352511
176715399
175840933
184766291
686433
242410805
41132598
146488309
150705815
20351837
188494833
170118499
217708736
176064389
10116849
36710230
203864263
155618732
42807217
155619266
9985547
206310909
14956063
249524174
180591105
74380438
48774580
127050870
574638
106362479
10562124
50082025
340640
7649387
48541755
87054361
143144253
199595814
173093753
208615257
221225315
209603407
173093842
253444151
152705146
251281496
89291843
46698551
20622872
248590535
208677834
68369916
41881548
201375575
11508322
53902993
250075776
10672313
254093524
213965733
34746392
60175288
41887185
185909016
253080926
89298248
192950711
43176199
180394391
195288799
182851053
43899828
129138333
11427037
146133627
217525183
23291779
186070435
194819095
35601688
172998290
35411227
201055531
44889264
249775151
25300739
107447976
8845822
158745351
153364291
146273481
22113806
192950935
213710158
14813383
101502463
56018001
20861089
230009548
74624934
170118135
31816185
42843050
221243316
41549144
194586183
16220539
246853770
106362428
14763472
10646858
1559503
201114818
216387935
206987993
250076074
185718751
176902801
119330803
99081546
181713533
155618646
10684918
34750399
201055594
96805683
211025602
38517943
215727770
192949265
81884465
23031421
202226409
191093233
254139793
162399297
203069260
76777762
31817676
403652
105740316
20356125
246161877
14447467
87447158
253166130
16984525
80941338
155705208
177273263
51348526
192863111
102140108
38075735
10382852
221261681
20700082
42546465
191672303
55880141
56267216
155618904
145551622
249513910
37158709
214841241
67110626
10562121
249696145
7467869
99506823
14764285
193512506
190592935
16272428
215123517
36650043
155618603
253237287
8458694
189689654
116245931
15085444
32613971
106362745
139050884
54088801
11422750
213864911
55843722
188579831
11716744
102140561
149781067
207244648
207196511
169697565
197388023
87166472
50378902
117315703
167059696
253113465
207333415
140221868
252179543
8461489
106362210
7940955
11951795
190592924
108676259
859043
1085396
145550921
242653939
32744649
253248350
247309814
170120065
247944744
171057752
140101007
23790662
205560737
129138419
14378798
202475486
88212857
37414129
34748468
207395736
108957013
20721258
263044434
52585356
195863589
171547538
10002420
16336151
188786003
178292515
11602016
181903091
262654946
86152383
102141069
262651705
100253419
48035287
262902119
262782611
260967958
11718858
167613865
198341974
253236201
248893254
249089762
34845338
252563886
102552334
209411137
28570276
127654482
192158787
11963073
30156562
43781122
50277314
40848432
212426342
197887901
192321181
15499818
155618865
216387950
85553751
263020061
176487496
41881502
221232789
182603743
129748482
216285801
7950969
11960039
125434134
170118808
173712036
181777299
53900029
20702603
262065989
258552296
32530122
252470835
251924921
257845288
35920676
197062931
102074770
54672402
196219936
253168890
215914357
11602019
172157471
184629080
828647
24846545
89492851
37164235
33052419
34751345
247935051
205863718
35916168
51518964
34750897
181097637
85551364
36522051
70636790
6756513
109873355
36853905
171126677
228988871
248432954
248086000
219134725
201114060
41881630
250230369
10419614
221746493
176710941
177652940
246164947
249917715
179512934
191319742
74534178
249169261
180903638
14372220
137976166
117926909
109015609
203204589
83749231
207301480
9953606
38545817
30886023
36328211
38080098
189371895
35021340
22648785
11427658
37159307
42812600
184782098
170118639
262903857
192275730
116244837
51059486
146271255
49337731
184784805
36314484
68864470
20600289
437493
92552097
74370767
56693141
5904763
180846597
117379455
44888285
194011311
44836558
204277095
117073822
41886966
42823100
89623509
177293235
192950177
163021174
216462236
10299611
32412997
53281500
192951008
135266752
249526232
221226387
72020717
104308817
170118930
39363652
216384514
105629266
137484498
41039836
14803265
248896780
49009058
3858595
22022013
82886105
34922931
252099114
75622034
11499495
113459572
177001370
92551462
41092521
92552088
253237318
213866790
215475668
15095675
108716650
217385601
204302034
191446001
213712872
198858918
12234747
1627955
87959834
74953666
41887323
17001340
175533636
252871758
127649081
192949824
146226388
11355592
106362270
106362709
385269
182603706
253501562
102140345
37159740
109958227
71052195
139508889
146272263
20595688
253444124
115254250
214824130
25962276
140416375
203499155
189060346
187746407
155618592
11275472
56267234
248592420
4419777
182316755
186256366
147763348
155618954
54789503
54778149
242075375
14384609
174015615
136150596
248663909
106362563
203945263
212580123
188961507
10775279
156285800
200851405
203023918
161947350
200751333
48981799
215733103
94278037
10281644
252099046
230368368
42843024
22172685
217317950
200854205
208214617
250106980
35910330
183337083
89293731
230083863
51198679
214081773
69229102
207640321
185813263
250079992
64256608
84884702
46772973
171924358
372293
84623591
16968772
102140088
171468797
247322647
215727772
74571862
20693527
192948722
102874408
229699844
253137813
10295361
263104245
72103224
170119041
75630704
42177986
42550426
217776385
263207775
262841980
137941659
215745921
54617379
69236674
250079188
199597406
216387844
199965029
11594003
102140365
200851403
252011595
106918444
247681074
22441822
18030622
190592915
249220905
102140373
118114717
149249460
197530301
215733785
207311055
196856575
137430423
197636932
188940989
24711899
5763661
124182993
107447711
92552053
165242255
192949406
249526642
157095584
74568577
67040869
225209566
59142801
137941519
254139401
37157364
92551395
242716236
247820704
188321407
253620296
72117935
182295576
167685122
69706280
261943102
195560349
24842341
23099739
194583048
35410989
11259008
92552043
19383853
180591707
262800198
184410277
262767667
189064601
137978325
137788068
95966335
252162332
203433584
196219934
187746412
251417360
51577922
137425262
188959810
257859367
38986131
73515323
68833684
138049764
170615087
74956760
29354221
180864265
242499438
186741645
199869473
122834595
242810736
38110532
182292193
213965593
206331045
16998345
247879459
10281139
15382569
186256339
191375833
215141183
74385342
204754528
246852435
23435943
37169600
41886245
186234941
214930682
240931881
243808014
185448355
79410013
34993401
202771023
253665592
184783195
46772975
253344927
28730081
95250071
244309200
54882916
39173483
179445320
102552375
14058527
47891991
1572629
247952550
46687916
95249856
58209768
263039391
22756866
16563000
51061282
190792477
14464753
253104734
180846604
55137467
88042618
248939587
186874500
249777474
11666017
20701396
173670138
187782861
36608149
175544939
247442526
219134858
14764163
23744047
212607485
11196594
186393450
41096694
35410974
247263702
106362140
221262503
217202470
170118926
202780341
204941425
262778255
68446475
22642561
102140369
20662104
71065147
54815221
195528854
184873830
182975826
192950079
262386730
170601361
73147290
82499696
137478282
253252954
57856170
214766633
176804420
137971547
106362184
91849031
191092872
146223700
31315046
217767465
192949820
214614180
150689292
106362420
543363
156199642
214012327
95226224
217694281
214813512
200976639
33059610
203023791
117315671
40862899
215197864
180586193
189633876
187626375
117791420
213972300
49648028
53900124
48585846
194585758
194208007
202961617
249577198
110892930
205894102
77916004
104268018
222672986
110115483
20625487
117074749
113543183
16401281
343303
8090575
217143500
184878548
148848930
208594008
217614139
26520165
36278754
53280925
74952863
185533545
247346481
154473887
246161891
205576739
55007987
61567682
187153109
11712452
7181677
24843764
252137620
229804323
7934654
56271404
38080297
67857332
196515416
10379315
50495716
102140352
125009696
60187467
195947854
196280135
181776642
127032270
140580508
34506080
242628005
248540998
68145982
55193930
10226577
249934757
11499479
153368187
184878566
53978371
113835140
41273714
60184649
219145331
197747835
229978117
249391548
155619042
20532077
253188071
113430940
196146608
193534754
251550763
48630835
192948998
95249828
194355802
49334662
53977706
171905506
206132462
213741156
11499599
155618687
155619221
176876131
217258377
191354820
40981430
112108834
180591830
58372987
172329314
20459390
102140395
49007789
248416163
202961766
263056287
53289194
41881576
207358995
106754127
11801221
35411130
122273428
199916560
72793261
32351766
214597563
92552083
217385597
41555985
199728692
188963767
3647735
242704873
253621190
253236073
38073638
107462508
152533768
174049275
34747695
170466513
155619326
207563619
214759477
253626178
52569862
159633553
155619129
192950062
208097046
187791118
192950195
181982659
213971907
37160815
177860464
13772352
32373617
34935425
194197788
40972548
221260805
171953779
225917848
259310982
34750329
28556369
253498850
12429880
194098633
207641753
169099638
206248644
32530097
155619192
173854347
91664501
35410435
179438591
200851399
212994225
53582213
212213993
106362871
46041654
207503063
212324246
85553245
248544871
55053724
117380375
249921328
50228890
14197804
29810956
193600811
195573568
115254257
76452461
187011407
253247528
174896125
54366130
172024987
53977061
164323262
41094702
69701117
114896045
194098904
181712441
162350510
173854226
204301179
155618913
215560722
147587474
29815391
10070292
235552364
182479320
111650545
113498297
122273438
216387971
182473675
191476310
2299047
147415625
149528218
227162664
147341451
204419795
177782663
70637494
119902325
181710157
167043778
215768512
180591894
114266423
230368291
253237316
166559809
117315756
210429091
11601829
95249843
174175477
91612847
117073751
2299095
32505599
16738168
174039960
156275614
170120077
20720489
36327994
95250685
205810695
161310107
216986249
74568778
50495724
248538421
91849097
91096537
248185419
34935380
85553745
23818170
43084627
173557819
230217221
249596467
263020844
192949704
59245013
197745221
253766704
46262220
243009797
111959773
191354247
137976277
40434021
198584435
2254439
106362138
171933057
186165856
192950681
20692817
92551724
200851400
15561998
173865358
117926904
177753985
74958572
162351056
216982959
38147132
182479710
182465021
36370908
178519406
54889016
197687447
253230433
170118670
222655840
212463532
14764275
59199996
217510272
36327273
174300389
205553285
253247526
204420731
39330779
41241732
14763520
32686730
36710700
242435384
195531002
223985286
68145734
51198687
243223919
207951832
230368288
252937177
230217310
262605396
216683235
113183217
54756376
33008044
23300543
102074852
150492415
174039454
55352338
229968634
109982861
113371680
22874818
48774437
243085036
249257637
248546556
142006743
73785550
183337837
195996580
4371193
253461455
173093694
180923971
170118932
163021133
36327411
186369412
50493931
167355378
174053651
176903561
11499559
124975187
49080580
106362229
16730218
201845051
80940109
242628123
87057743
15067273
215913951
179445579
222660151
230368285
244169837
262792158
100285624
14764251
253236156
23358378
41093383
84879712
253766708
223731911
91853320
34749972
200843546
28934107
166034098
197823124
39367212
225209539
31318764
215720845
200521200
82228278
9496889
215615582
173949226
85553377
215767189
106362386
41093297
246168171
71682930
99056117
11725662
186233256
183482862
225209536
32225914
214823841
173706837
59167091
206254120
138119491
215727774
186369177
59538363
35409746
155618920
253501567
23503339
11628691
14011438
74568369
250078019
52307542
253461470
597621
77561166
87966247
59552735
217440396
192276535
192948680
87057708
15877633
147341476
23499528
13782653
82386576
170120253
155618619
176872171
174310203
230062350
41098280
219152864
7917114
31825873
204754572
252675656
57896277
160671644
251274569
31698039
253165625
96306626
197748819
186080606
22083529
170120091
253501569
214515281
205574130
54930489
152022567
59207261
10226587
106362798
217130871
184878650
180904916
253237668
41097974
253300506
262067741
208174356
14764293
166093225
147341609
32372945
205799595
158098581
206248624
170120089
58946898
141816109
691854
3782745
40871644
46772910
11258998
14764215
253300720
163021311
871400
484264
67247127
36327009
61569078
14764267
116032229
198452234
155618874
174842985
41096536
32428861
106362511
41106709
22362428
160814562
23502960
21101387
137941385
54625478
252275688
20457118
249150940
102140774
106362189
183483267
28536874
203433767
181995762
199870076
116566692
259479687
52678805
215767187
179941662
191265403
190506403
188963894
242075112
54784053
14764317
253613664
32415107
201157404
10379319
14683307
176902393
237783216
209603399
249457521
217772139
210513719
14875288
249273152
261832151
14197767
207311102
51994142
14764173
253461467
253300722
137941399
186073079
13797211
176910048
248687747
92552077
41294602
109958461
92551347
217772073
74861171
195288795
171949473
194451725
76758210
20698244
206360119
41887266
148766269
42425301
180868201
207301616
248544019
102140310
202343251
221516974
192988025
221517172
161863363
248703261
207752573
170119919
106362581
195472183
117832405
196579462
34745975
69544715
262664389
178831362
29810072
95497644
54637892
182104473
171243427
181113515
176881234
145555033
113430938
82886149
69498941
50496975
69255671
118331694
35859285
113929484
73513510
49026049
32077249
163831373
74196052
242085156
82953351
253461472
54985380
34751714
199969291
201892548
196219932
217776945
230217274
155618948
200631729
155618675
14764289
32352194
206987738
170118634
148807672
261821095
252565379
214948978
262386828
217720463
196148504
249961577
50330246
249532971
11499575
14764345
215727671
184414345
178777335
896976
92551907
174291641
52317297
177979938
55319105
89205994
173745189
8121633
49249526
204416863
197745233
88592202
190592917
248798962
7804743
197745260
93838189
7982626
190242070
192697068
214599312
215105289
262797877
207227308
16223234
15180358
136019283
262797861
6927431
252892381
87966366
186111097
254078276
121414021
244169831
190592910
102159092
251552302
34751675
155618879
451691
184779709
73109087
248095033
184873939
192950849
262797831
207359301
203864192
5065751
60173222
188318937
212314036
48035284
207301571
158742022
165342396
146490973
179743729
248194911
212989431
48754589
155618670
262871425
263060865
257846915
57759241
207840988
208660549
37411737
185941450
41881459
155618621
42969033
24724739
53901963
21416440
174247201
21677571
262856928
42891769
159725668
17049678
48462315
46626276
59481368
142343813
249273789
155619227
41149224
251551535
163021116
11598136
68399433
254132138
262797896
35199158
204302133
113117482
92551796
253397943
10226600
167393874
253468626
193639200
57887441
67108259
155619237
9949043
174085422
32816148
183563382
217525193
203064277
242359192
136020963
10562129
91655005
119324696
214841038
165150427
112317040
57759336
77761090
177999989
173752474
196530886
21053410
248947069
174085337
41299098
199940839
226206721
210413295
10562127
214589492
543365
217708667
169714630
214515553
80941231
197751313
187642404
41098561
213872720
430338
20676941
155619085
181358371
531983
216129070
195814407
115977978
172992247
207359201
14764299
153038851
248760047
173747269
162025688
155619115
54788856
170120605
10174543
196280127
104558757
249261103
214759621
49650166
198305318
190347857
39324169
155618580
130327160
213562464
228879753
177886782
253166350
10226602
170119458
173168989
206251480
250113892
53022855
112321550
198896021
34745602
177266290
155618719
197686682
162776610
60120134
187619743
195817073
11423730
200692960
38074524
48970301
263117395
70663368
67241782
216983012
39366783
205223460
146491296
68721226
262801407
30793386
190592919
174567002
263239277
34745953
263021056
58296831
227164490
53834484
7259335
52284767
52231691
257846805
253468588
173705072
58157318
135329423
191478038
225920408
182736910
176728012
109654439
72166008
185941358
261974867
34749180
125535310
73214956
221232960
180730620
146394454
216982915
191354255
104415664
76053223
249173638
53598966
10118596
33420325
20304701
171134262
7653298
22169002
21046694
247685947
50480426
51532340
92004092
22634343
8327772
247792758
55062966
114285794
204083208
194958608
248186005
192863740
193689058
169003341
191892967
26275807
262801134
53918193
106362486
16207079
187606118
263075512
95897473
185504325
102074910
55965942
170118786
247291447
174175892
32746578
54795985
116414048
15249185
102140542
54792536
221802165
48312432
248195385
127692296
155618763
72647914
8073411
37158016
185944369
145551453
11499603
229773178
92552204
40797447
186233260
56901221
55108122
170119849
23465099
34747203
180592291
164092310
200010615
52669228
189062037
177747458
595121
180581226
45419549
137968669
194133216
14073495
54632790
64300169
214050718
176821425
252765920
71958741
246208733
246855497
54432012
113430136
263265436
263082612
207195332
55828178
249374027
137941593
57759158
61569153
262806906
216982832
248191136
155618883
202347646
74547887
69704719
15959717
76738008
253468621
209885963
248005085
207359559
155619196
215040191
179513000
174013049
155772975
176769683
252250228
211315155
7954877
194583385
50242885
198531470
173711613
55063140
80365544
153047729
56269587
42016742
22030563
130024101
72797330
192092675
74292488
216244634
53750828
253468629
247706852
59245031
41062947
7912361
11499477
221516846
194353615
196141156
208403302
19705255
187011854
37137531
251773643
50215030
192781509
192177710
150689280
35511546
203592356
155618565
21183029
54395328
262037788
206537621
72092487
55329022
181926790
53028814
41092452
170921904
180103097
190108342
172997839
188350167
106362134
155619059
155619312
13743283
13852269
253166352
194127611
55404819
72224747
82477547
185941739
160371983
174865819
43749397
106348494
42808015
607219
100382914
118685541
39918919
160788593
246208816
85553182
150559066
38492510
40131048
48586753
155619153
173671118
61567797
93708585
143176462
106362177
39923611
21007947
72796666
72288580
571873
49047566
35591934
188374222
182709820
149707208
170118824
42693133
53900956
190231461
67817526
172121006
177891478
56672205
66645345
11336809
201963391
262801008
252768078
106362795
42432155
173755249
47500240
248792009
194098799
64296340
212994204
87913723
16969559
248195144
80937541
170921852
214048121
163831425
177990400
55506099
22080375
155619036
155619260
72288278
208376726
176663218
82385739
74991847
248194901
53598822
190846477
144874268
15068047
166021680
217776799
35309901
214908493
69559648
141242674
70631971
174069472
179445734
219135105
113364079
21730293
183678294
127008317
50229000
247705771
54902146
41995049
73747706
190592913
173853688
54811853
42022145
242629643
225972189
155619346
176008365
174039488
254148639
247345505
187190718
57435362
69544295
54449413
192153786
253468596
201439850
243093202
246297659
230368439
41074260
438016
24884572
36010461
54924458
246855219
41625796
26528363
22634347
194125605
67097400
72799047
11306101
122812570
56306447
42848216
118796483
137804467
34747631
57759362
165643287
57442904
48557830
263046097
146271682
208403311
13443884
181235034
253235574
157118130
59291843
188354277
202604333
155618749
262856940
170118966
180395549
136082213
35811404
193054223
179056811
72025572
179445968
246851782
135332161
84319323
204044768
241654077
28934337
39370152
24423106
181234982
145532905
252771114
200851440
42842873
135329785
190506087
224769453
14808501
106362750
150646889
34155270
262037908
28727872
249532247
194350486
9943779
42847166
174301398
59537890
199121520
10746865
207854612
116413899
140351523
173705812
204300345
34746251
7459623
10226598
15074002
179724102
176779859
172476228
213942662
250460652
72796113
11224006
52343694
196054713
15739352
244169823
261036311
10983093
49726078
170118481
204804710
145552909
190337025
155619293
8134103
4419831
55191925
141755465
11297483
137805318
247657032
192729680
248800682
199979158
219145354
188352872
41473436
113498344
33008062
61566274
171232868
72799413
107443858
13776220
113429855
14808574
59286922
247055351
95501857
69884314
46447064
185434835
39367106
33501259
157055777
684693
213963880
197629105
155618898
170118673
170118617
196018964
53050311
23485039
201623965
12482450
173854528
197627919
174808417
174085852
216388034
259568269
113117278
246772729
173859067
84883454
105219160
246208760
246208878
51573012
150720905
185748722
155618691
137114469
14764265
215641839
122273434
5065759
215293182
213853222
158867366
41023476
13345278
7952033
80365717
212556727
203511812
53185437
180586293
216869392
119703660
191427797
206204994
95895073
193450844
253235102
14763538
155619283
127591335
105628949
248801945
102075012
113498217
214200490
54927268
247290872
194458009
190512052
221225672
224016942
170119814
41096758
118582509
171145603
22608953
247053780
203950375
212314055
11499577
416608
221516939
197751017
14764305
15777965
173608808
203145843
197830356
68547806
57037734
86757657
68002459
225211388
247657278
221225117
194197664
222671588
42953819
27955301
217123676
84861461
246208757
38120097
72797791
36406957
15084865
195557270
190724801
55507342
476157
172446371
43749317
13346131
36582696
261114897
155618844
155618744
262083637
192863225
197625682
118419957
55361920
33137669
15067550
171097939
7599491
147341449
117073928
216387874
155619195
102075047
153038652
169415431
181249717
58243737
246208731
246208802
34752251
12138025
10316044
77560247
253700919
213855977
4311407
180592164
155619340
176488000
222683307
59540168
88911846
64294117
95106502
58375153
45872895
206248654
106362203
147774088
177285012
203232395
169716099
119702767
119367928
43801188
34461204
143174459
54399907
31698810
145550112
173669305
199903983
153037363
247706027
249273518
84320403
42194842
241654067
155619299
61567684
155618552
216387803
11586844
51731195
190099558
254147011
246852369
32412467
11728988
8090555
204387181
189529304
222677331
61569117
191354264
171236928
196514469
50497180
198582949
246772768
23499511
61568826
147062525
15242362
195704002
191770705
183683397
51994200
180865840
181114646
221224278
173758910
155619249
201106810
181171074
215208607
214512382
246161478
229981073
102075428
180509407
177001348
125732305
39324001
246296365
229773491
254146242
216982945
247926885
85553154
252079926
61569074
102074769
74643934
34750265
112083194
7902295
246208848
246208832
173667257
50931013
115254397
40849188
173859846
25118825
61233632
154852134
176804149
178776946
72798154
72795114
34746926
35129988
61567768
188650066
907638
7914051
59245057
59540127
52114305
202604338
80365468
124859137
8073196
213856024
213713178
12332972
222665483
253700903
247050219
92551969
155619136
36777165
155618662
100384091
41556066
213964070
11499447
61569090
128677162
186233279
59540706
64259727
14764249
60047684
67986938
121082655
205423608
263098146
263080761
137941577
263098274
23135617
69557335
208310608
252770272
55567874
13852261
36328278
10983091
132789862
14764353
188991250
93719877
182090430
111193393
155619126
252566482
61567793
247345423
263274065
181938686
22345224
155618725
68034738
69851610
47500292
102140270
136081680
20598691
69675239
102140446
188487872
68393678
136081398
56758090
23476995
71893896
41095579
11628886
195652360
119327160
199121557
55330286
86774473
197841194
54753658
53918135
137459655
171145644
174114919
157540007
58366611
106362305
117315815
229703566
14763512
173758715
24425587
67695085
53256366
61567764
106362201
40848896
144694191
59307338
53184987
72595718
21192205
102140669
208371191
155619336
215611050
158868292
108153699
23477076
14753647
214818748
85551308
155619342
218736146
225211372
246772759
246772745
246772743
155618628
127692445
50740557
187638042
79680492
188347742
85551382
51046612
59245061
181982134
181171105
181361336
127649071
11502380
198899095
241975214
216982934
112083175
216986215
195482314
27658219
221225226
179702163
223683797
222662849
179718016
179721762
225978812
194473511
195482091
112083171
195822365
176856161
144324317
246294994
49299049
74953099
229773611
15069283
246208842
246208814
55568097
140221856
199978190
196554764
34719839
67260989
20452413
54812483
181982694
172918849
59540069
72798562
230125462
20287408
2299091
16998599
36727950
214082238
155618912
109958825
108280516
155618563
222665488
249007384
212989433
251548038
155619027
208309768
117315780
8073354
11499585
155618977
31123962
155618997
92551886
100384079
155619244
24025444
261944604
48632745
11499613
155618745
68724540
21758146
72925342
206907509
155619255
155618545
36704077
155618650
192153704
155619269
203701795
157195582
263045761
249570453
137456674
249569635
174808412
152533498
105218909
21192328
20132836
174240078
12001484
102140358
14050850
54813584
135328788
191429131
34749030
77560509
102140065
199199394
195817528
106362474
176677873
181808897
51108228
197630689
205813877
42108409
14764323
21758124
49650279
59538047
69544022
42459493
62344261
74179953
33008018
102140216
61566120
16966940
177891510
10697630
189533656
54610063
11599936
41092763
181809106
41241745
174292248
11371291
34749285
174515904
11499561
206649179
69552554
26350974
198914357
34823501
67196234
106362838
12507992
8091121
137375780
106362267
119330477
230202424
59072228
178032469
218736327
218736335
247345453
195971874
34744899
71055797
61567783
58243807
242629504
61568828
50495685
92551949
42842831
43783583
155618930
217123633
217125814
179792616
54663295
179727053
222668591
193450023
201381379
195707812
198900707
36618358
219145344
54899694
54877403
221814902
215207197
229773212
52659983
225953925
225953929
61569123
59537888
59510385
246282392
246208834
188960154
24840833
55000958
45872885
145130766
180585147
46631636
11338231
61569121
92552185
229963377
215641837
222665481
263265652
129138285
214200210
214082639
263085209
263273770
171651703
146274916
215040287
51578723
261945332
253396001
36563702
119330487
42470107
155618570
59538361
186233252
155619041
123929871
155619065
54719696
36331650
155619261
123881703
155618629
36329615
59165286
114895486
130743015
192969965
191093160
180592088
59165551
128555312
253238056
252106720
249760411
253468603
249853191
23898740
20134788
49648884
247441873
85551358
176773160
56270751
174294432
34751400
249883297
7934667
77561078
174291999
23239262
119324759
119330553
23742464
189194268
194007190
88222443
76452525
119698919
112106933
56259634
216285751
118796504
209605794
173533763
54807920
189689934
189941994
61568802
54848706
146272015
86830653
176678998
160814411
39362573
112340925
57043350
167349628
195513988
106362362
191427193
242628020
146271592
112126756
249513869
106362650
36371683
45159819
16999360
59165344
246772731
246772763
246772766
246772772
9872173
34745686
218736140
225211376
225211378
61568786
180866183
193442500
192459382
193434573
51994137
221225601
179706869
179720071
51994051
42033374
155618585
215480964
103776181
194456634
248191579
47500282
246300497
246299023
170768505
73633417
41093162
48574480
50494886
22030283
216387825
155618632
216982918
74952778
178777090
187636960
155619044
35409005
166101728
165346842
229980901
61568788
54757933
102075078
102075498
102075458
246208881
246208839
167061360
155618784
86036940
9185665
161257067
230125685
262801538
26624003
161533094
61569064
20276167
209863521
14130745
205494501
14763510
113459595
263195930
214048132
55507338
253271589
190231494
253253277
171022507
253258476
56271481
193535750
61567715
36703462
54442432
246855595
21126666
35411948
95226205
10122567
155618993
155618622
92551415
56721105
9954325
97714265
201679337
128910554
182107815
173128877
192971663
155618955
205136458
11427171
203145212
205031568
155618823
198415486
48894692
136082257
20132842
201623528
34747423
52668399
28910224
106362164
203853449
34750267
201293682
67247208
112106639
174756884
198900297
51908574
155618661
155618800
69699632
155618863
20132834
169916894
47500119
174312373
205582130
61566300
36019146
158812906
180593479
14197796
95249995
20132850
92551696
73483998
42599168
49858421
192903298
28727442
119617838
155618940
170118591
173859807
31315044
211934525
36615605
155619302
21997507
196141146
253468638
20697928
61569171
57447023
35973708
262782382
155618781
67241329
19735592
189087073
225211384
246772761
246772755
246772752
44888454
202510828
247345508
197625501
225953927
225953921
102075492
91849277
61569096
198858904
35859413
216388086
162969508
4311401
61567746
216384538
134749337
155619279
198336000
35411121
12521905
246301656
174240092
152472776
180865481
192862471
47500268
28680297
55827766
41092223
194125137
192779482
219133568
248800598
190512220
191428881
189959817
222655813
53552498
54757086
229773632
59539940
61566284
192459715
36776238
189673428
46158801
210273831
173859878
173859793
72092231
77560437
113456358
155618992
174301140
262456614
50330747
67254520
127315914
195702934
15259136
196554770
177887030
61567791
213680779
195800665
213964792
229963413
188374826
263084901
263118647
209863525
249680929
249680455
155619039
61569149
59540129
16386543
92552630
155618927
14763490
206641391
74774872
66104799
68996152
57785439
59540131
8432263
155619075
155618741
106362174
180591643
56269799
10397245
14764325
208186078
190555954
155618709
202771633
121614084
225907676
196141137
206781443
116029636
11958646
174215721
177985993
71056910
59245063
23131468
201844621
68570898
201965138
8092138
23038796
190589783
197836312
34749227
225209561
39942985
106362878
7886819
85553180
225209564
174214624
175167238
95071233
20134773
41098757
225209568
213970429
24031954
225209596
152473176
13931688
39336046
11294475
117918082
23241115
52137114
53917854
194124958
14764229
173874299
20134786
155618967
174305540
198894989
53276839
158868290
35909408
19700492
23232133
248799555
193535440
242734893
247843970
73631962
189190235
182736915
25123732
202429191
187156506
56793710
34271371
117802236
210762357
10671296
88779167
184878510
10671298
98692370
217894322
190506524
21082739
112228088
179546082
54762817
72290739
200013516
113041981
184521841
262903850
189538035
252135635
85666949
10671294
249935423
196514605
247656338
13740514
184628869
10671292
200844543
176048356
79837628
102140891
107448150
52233307
146231937
189069729
253284574
32413721
184895620
54761201
15163844
177270060
36328525
23499513
180995689
11336484
168464143
113186366
38385452
185855452
206145345
203144262
54640677
95551493
22443825
72622295
51616509
28928566
92949017
21090144
216285763
47113133
1577293
101989122
11658918
48117153
213886802
178784269
208097093
262839881
262344690
262344687
74401323
122273430
42240731
66090077
39324784
72025568
15198009
217419208
180721191
164340770
137133328
51731200
200875412
38385460
202764509
173999888
896646
36376504
34749945
116566074
262689919
13455308
248522996
53900254
110892246
54390782
8338695
11294990
192092664
111969643
111930398
122148387
73785829
104744335
83604294
262060425
146592414
54755717
262975012
68140886
30163011
200617377
182104391
10002428
253166336
117459624
188428524
155618667
214589494
41098228
155618919
191774268
208615264
20696799
252854167
249157863
157127457
21484742
253235194
155618567
189945837
68139534
195667852
23047861
203065348
65463652
188428566
146490838
155619013
142118637
214083413
113429818
241666690
54744876
102074932
188428153
213562516
34823366
261986244
184878562
152017914
77558891
52285075
194585495
196554780
229760595
191445850
206205148
73356396
182726490
208219036
225989758
194473300
146223808
47500093
11609852
178785813
250365627
170118176
116510656
221516848
102140080
179444830
178461346
54456681
202964136
197720682
213865907
145550296
252302303
199991937
152781898
50943273
177962556
21878119
20846949
250067261
52876083
42687684
226004299
155619187
88197081
110152360
174321523
150492361
11302500
158097746
173748391
257831451
57747093
51063949
176726439
113915355
253620267
41062726
254093538
214614783
103870567
195715378
116505795
140742151
252858300
13346462
14647553
248085944
187614718
177890691
20534007
53835999
173879502
188429077
71682202
7593228
72453868
247293115
223623773
193637776
42230645
10002426
22137500
102140046
189938594
216384515
180715226
74038443
248066847
80875232
33651709
34928499
48585832
249952888
118228821
149253086
253166030
59537892
120553461
193568185
242629514
102075315
213865406
76212713
253166312
198415772
151950514
169768808
215767944
216388053
127692406
20703321
11970033
213680288
208289360
39366879
106362853
8095988
34935408
253166132
32423931
200875677
176674687
35409648
183503691
36310757
197745225
252854122
252566266
259537431
187618502
127692514
145517113
195912557
199903597
35975069
39366839
175532886
40798532
190109335
248090480
242443774
80365428
203511660
24767892
42356241
187617056
187618373
241653960
155618806
121412514
102074798
202529540
155618678
155618852
42194827
82939661
208555452
155618655
113429776
173742746
117813782
212960064
213573997
263117193
252853716
11657984
205148393
155618558
174215103
230081218
196554768
35591909
34751573
208307493
119702771
54670496
39358379
52334106
8088879
246772200
246772196
116487712
137976526
61568846
247930092
247291963
176734430
216982845
146952366
216384524
216384512
198899226
38133237
222679205
137941430
216986290
263265731
184878552
213964386
253019052
155618924
9856785
11371965
190096790
205123155
20134778
197218352
7991223
20132832
47500224
35976745
107985473
204398929
242424155
208097042
145130742
35591924
176733411
34917674
145771897
36396359
21246220
11527491
15358785
155618591
262842583
155619167
121089345
230368425
230368431
217640132
102075185
247290192
187610388
173758127
54805101
14335020
147058981
77230987
54472890
197638864
194473386
206781231
15562098
35404951
222679259
86754068
262824000
155618918
11422345
155618701
36827313
213972604
70613573
35587736
249220911
214931320
155619305
50704367
49522513
252858298
252854118
155618717
54926048
247792785
243047210
102140237
173945621
20134792
20134784
21148697
188322692
20884600
230368301
10733976
40425010
102075403
215767975
246772179
246772198
246772175
246772181
215767942
200617584
247657196
31997471
22882031
17049672
248186905
54711688
230368423
230368429
230368421
184492148
9956581
217123604
127591606
67932281
165644172
102075148
262842622
8432310
262797666
250980981
143199933
119325697
263265729
262337681
178776835
155619242
155619332
197775609
248756691
249655432
248090766
106362284
119368522
58213082
204044753
230368299
23482193
191757596
217123647
216384521
176815815
249023639
253807378
247657497
179687041
46693697
102075161
152534474
167615048
187616501
155619258
252566935
262453912
166558602
35593613
51574836
50214776
35905769
219162157
155618539
248164421
47500264
181992230
119111457
42892071
34749411
155618822
124170689
23485177
204044727
217125815
102075028
100384234
216384536
141718061
102074816
195708611
221231738
182742920
66451131
76129545
135399904
36586759
59245025
155618654
106362679
242101826
199978703
36335111
222679269
222679263
20532556
102075223
10195001
35591938
187746334
68229728
155618695
261986395
123950066
180585702
16225463
197686643
176910444
4311403
230368295
230368297
198898830
173946221
63951833
10571151
34747661
11300716
170768421
198435280
49648977
64302426
59245033
183330071
12663748
161245941
181115243
48552289
35456131
20597682
34749396
64253071
54144149
181921041
176770665
68728333
215767949
215767940
98037655
53974339
187605479
184895551
52723612
186111416
212482271
14838595
52344116
143183384
74244984
170120171
209885961
97069928
188428495
86980018
122831713
217326191
213886804
73110013
206145283
74296464
42889841
20584371
203402013
55809297
42560122
253319053
92551752
160370216
188687170
73201336
66104803
195547260
215224684
22067876
91985361
178475939
134222500
10165826
8470361
50328661
106362624
170118192
208093465
13853092
198335653
174011186
252073860
79837390
40848909
207752880
252073851
252252845
7103863
84566226
248264499
72800572
149779854
174015366
261826789
215524907
120550013
50493191
52395430
137134293
178831639
188428509
35909608
146491213
58367058
198895444
58365105
73791524
242497133
252252870
57040661
204758272
147061069
151798831
221516871
177775354
195288808
185411327
52395406
68562317
146491416
262662485
248522283
51518867
191753951
72800266
181982670
108501281
55061469
206945112
68613126
261825397
125935473
114446998
41556508
88095595
201293666
213675699
158868672
88091360
121154727
230200229
122892337
193916998
173551291
252868519
125348887
113282970
16209231
248192770
217123730
45424357
246161529
113827006
61566290
40977082
198336690
248800807
102140516
252073863
201678486
84846473
261026913
209379301
224279187
51740830
195482744
66609796
190589694
187621447
173663860
45429659
204424697
176103079
51731187
242421050
51081791
170823470
16223177
76129811
108965973
35593309
34928497
262783164
179713201
246772335
246772326
51840039
247681356
190555829
202771770
155618836
148870035
102140152
184801372
48758388
52776817
52670437
52397313
10772078
216384501
35593627
176899038
49858488
8439649
144324404
165644112
77560978
35594213
34748932
72800158
262783189
21758133
215524905
246772332
261813906
201037562
55826682
11300229
119369010
49858431
53222060
34670055
35347057
217123618
216384546
49858392
35593322
252073848
263085058
169375293
261115089
93838209
155618706
8460353
61568808
42610873
88912612
162788575
35614749
20134782
146233624
176666745
186073074
226431192
248800213
52590217
188343399
249679547
216986274
61568798
155619314
198898891
34917670
229983075
262783185
52703552
35905730
263196779
208415761
173983267
246772324
246772328
172482908
253271416
261989581
209411545
20134776
20134770
178531930
155531622
200851411
20559897
162507388
121414019
21126660
165644120
34935436
20622408
41241751
229982905
229982837
53805955
48531283
52523620
249851524
247648866
207753033
207754539
35279658
33007598
53571326
179136056
84287828
56033884
35593603
37736940
14334893
205814151
20134780
47500284
162507533
216387805
61568836
52302913
247931405
255299213
217775967
216388011
72798417
255299041
246772322
246772320
215095146
263118685
261035707
61566298
40848524
169919250
204932055
160788527
53248347
187642211
133247257
192182661
102074807
35302028
21257341
262982415
210429093
252066480
144250329
42240722
262086974
155619168
242707716
131498324
51562509
207968698
159693967
261839768
257831436
120552083
191004737
70624708
84565205
249767870
149942506
252892411
53919013
158622130
195565213
141755701
67251218
142791681
216387809
153506344
145130765
261028445
110360297
116452672
102075059
205991079
114340238
10718734
145553227
171953491
109776198
248930252
213574906
55508657
92551663
135502850
187527193
22222501
261026505
215135702
50884133
135796343
216327167
155618995
36333522
31829078
189533640
243083168
157073373
39366983
113117427
114945359
185750805
253002028
242423879
20132799
106362445
51716043
50885167
195636818
213858234
202964115
247936675
36490003
51584691
217317405
222547295
247818171
67835795
262731022
8347812
178943789
155619003
222547247
201842918
222547187
35909882
205379766
205762603
205759855
171625587
199900846
48758047
7964019
91985567
222547362
7733065
263033506
10772080
67249606
160059500
196411150
120551008
53728698
212034276
155619010
263310823
25643705
127216082
191809759
195136906
209300695
73175948
54411783
54407317
173726263
52422286
228827564
248947088
91622972
215119504
159010404
155618907
72474014
48618925
218757835
143144638
28728608
121220454
252782507
177234525
77294878
53231364
212213330
88002139
148808109
52151753
102140847
184895630
8275000
40848159
143144645
51728888
92002724
202771719
53143133
35913186
52332831
263208436
215725898
248801822
159773173
245767330
215725902
194477057
106362414
52669494
249156713
215725900
198203444
174842835
117294028
216982886
245767356
51715884
122488251
214826986
155619007
175167414
248896460
215481312
20134772
245767360
174842997
245767374
59266789
87380513
217520727
42240727
89041485
91022909
159315721
203135784
134624252
205640755
206145274
217489187
103855276
157209550
26099870
184895694
133785815
173015432
185856752
262527234
174227972
177270395
193223884
202783361
15361719
66852540
214933072
74564400
117293395
255298733
152805342
148808008
10002424
108675737
95550363
189658167
185855814
54893195
106362271
88797361
14266088
77774686
53183920
99039139
253235223
52779779
91833113
262853846
193223823
174878552
173889203
194825891
174214934
184519438
152809328
13419683
22038917
52327175
67249867
115694754
112083517
219132869
216216168
184895713
173744915
206659118
10161989
52341771
164092359
60770703
217359555
174890345
160216998
173885606
114895657
106362510
242726013
69844129
19773373
181472699
77982974
26081349
4316395
106362814
181237806
262663298
561276
70624662
199022377
262663281
155618797
106362608
155619112
117918101
197620516
191740301
176664067
252600643
173039652
32132537
41435006
184788311
77691473
155619231
252156812
250112879
544447
102433826
192721151
89110584
173671116
198473637
48637359
55077325
192721160
27655870
249243260
10671300
14260329
185857005
42240721