556550
103381186
203464653
193366111
148732990
249577389
538480
84574505
193370615
205850315
138490437
193501114
85092744
499002
97879854
205840324
111183220
193419134
138066477
157423754
148864962
106515028
97825913
85084769
85091136
247934777
205722711
137539388
249578882
158494683
161395675
193492898
193347019
137944859
158468276
215224544
137527523
249577877
161363966
97875363
177923738
137854327
111176973
143238886
138215955
104108675
193294534
212356426
137944437
161394829
155751041
84574835
139954234
158405553
97886648
167675350
193334799
148865501
85096038
138209293
498823
111176886
215263957
161395889
215944058
138191757
84663302
55286902
215224100
205737564
496294
138152401
138065010
104109356
110976835
85096818
209399948
137854853
138070422
84709873
496310
99399287
97845223
137526521
193310172
85095903
97888529
138219934
85096313
496238
263440241
249780667
215262039
85092128
217317988
115935597
215945924
138066573
104845944
138149636
249575885
138189586
138380001
84624627
97888711
97822880
138065282
263101507