252884444
252884356
252884395
252884319
252884315
252884330
262043953
252884438
252882970
249575558
74451141
204957465
252884442
201926895
198285065
75655592
252884446
252882972
252882968
252882800
248780858
202961784
252882703
252882837
87379603
121678086
252884399
252884311
252884326
188694855
171050406
252884317
227337632
227317525
204957480
227327234
252080116
67041011
76378784
248780824
23426191
63959844
60391681
59535413
252080042
202961497
62872866
23426827
249244637
169330023
252080315
201422699
252883013
204957493
262852711
252880069
200981630
138463776
202961504
72851630
22653009
197062969
252882638
138910840
76469396
252882930
255476432
121222604
262739517
253259457
202961736
249938331
63670642
188374355
252079578
252079333
249938076
262852713
252884352
68544650
60395442
252078964
252884309
63895283
224164920
200948137
71682185
262043951
60394784
252062324
645792
252079909
68984150
252079607
82386510
67041264
252079994
252078170
60395691
73207082
198285151
252077958
249938041
139253092
202961635
68984147
252080251
214810071
110204419
252078246
252080248
251734195
68982969
251540022
252882864
204957495
204957470
210427218
82386857
76469304
252882658
252882677
252882831
22650423
202961681
248613565
252882679
252882821
252882596
252882893
251742062
248774248
63957004
20441833
252882794
163696099
60395718
52889442
195237564
72769198
161541529
252078805
138396946
138914295
74451456
123490271
202961693
252882839
70202742
201028044
262695552
66228039
70624697
71682149
252062277
251741967
68544839
87419421
68544641
60391663
65588040
67241820
252079403
252882478
252080293
252078262
252078361
22648111
60392006
74329799
23424238
200982153
63960701
20444435
198889500
76152216
262068440
252079157
203499141
200995946
76378782
200937457
22653195
138913774
139255697
249016719
249243135
251540701
248794304
248780854
248794271
249938194
249937712
249937793
249938050
249938104
249937907
249938242
249938071
249938252
249938156
249938052
249938253
249938135
249938191
50329777
202640735
252559090
63958180
201015031
249034913
251439067
252874883
202640587
249016712
249938084
123490320
248723133
60392631
183768994
252882848
200985412
200996313
60392292
66747446
67041240
70202725
66580114
72527103
165206495
163737781
203499017
252882882
252882868
252883088
249940333
185406939
117374894
251742404
252078659
252078218
252080215
252080172
252079522
252079889
252080345
252078913
252078238
252079185
252079215
249035222
217493006
217489857
251530832
249285990
249226970
249238136
249252119
248780834
248794296
248759901
248780860
248794269
251455809
252854590
249938006
249938379
249937821
249938015
249938303
249938097
191140331
210137334
261968795
263058165
70202727
22652024
23436322
65589072
225303569
71682387
202961391
60394488
164275028
67041101
146276783
183570282
202961687
183570230
202961800
202961467
64452260
71682496
77328672
70202786
71682507
119698689
62873946
262766168
252079691
252080321
252080297
251734392
251742210
251734410
60392212
252079335
252079095
252079470
252079959
252080175
252079515
252079839
252080247
252080160
248794318
248794290
251401905
249938201
249938367
251533735
202729566
217638591
202640519
123490312
139236806
252794338
252559404
248794241
249016869
201014050
249937654
249938119
249938361
249938168
249938299
249938074
249937980
249938377
252882803
263066693
22648774
66580034
69322496
66747406
59535276
60392904
70202744
60389063
72851650
68544652
22650576
72769174
70202701
225303554
244690557
65588054
68463067
200985062
197210065
185406940
252882611
119698590
60392214
249285463
262728557
253355248
252079659
261989466
252079389
252078332
252078294
252079194
252080161
252078583
252078834
252079089
252078500
261989290
251741916
251742226
248780872
248794316
248780741
249937956
249938087
249938151
249938105
249938125
249938380
249938284
252854571
217489904
217490154
252794397
251551897
249226848
249227745
249016871
249016779
249285879
139235809
139237228
253047213
249938362
251395862
250214449
69322557
199571375
183570234
203499015
68819782
70202663
68544620
60394749
59535225
60390779
22649982
60392873
225303639
202961627
225303668
76152174
225303659
71682200
202961671
71682122
67607219
71682448
61550355
71683011
74542720
252882841
71682483
60392151
262852734
119698592
62875325
193770306
62874134
262086677
71683034
252079640
251734425
252078595
251742096
262803674
252078098
252882854
249237663
248780832
248794264
248794252
252051718
251533910
248794293
249244256
248241447
248227772
249938213
249938327
249938173
249937924
249937939
249938317
249938228
249937828
249938121
248794248
248794238
252197167
253070819
252876938
253360299
261942706
252882598
71682142
225303578
68544753
22647718
68305014
191683588
202961699
71005752
70202658
60388381
63670176
70202784
23436474
71682946
20467286
68983530
225303373
202961566
164286741
60396081
68984130
203499023
63860145
252078615
252079134
252079576
252079319
252079697
252080323
252079635
252079741
251742323
262525915
251741982
251742137
252078623
262086120
252079105
251742146
262852736
249016865
249938271
249938029
249938214
248794337
248780742
248759936
123490318
252560921
253360275
63852977
164969684
251548276
262042724
249937753
249937634
249937845
249937718
249937978
249938247
249938273
249938345
249938349
249938325
249937921
249938281
253307634
249938291
225303655
22643083
22642681
62872869
68544714
198057971
200989047
252882619
252882650
252882856
140101749
225298555
263066646
77626945
70202790
68544661
76820759
74451261
60392357
198858086
225267460
75655520
66579902
252882604
252079139
252079020
252080238
252079852
251734336
252079929
252079715
252080130
260924700
252079747
252079396
252080263
251734312
251742269
252078334
71682980
71682961