156224977
117035933
111153025
217536286
74371331
247336536
177197183
253629316
215989451
72957806
198457570
217535429
156224969
346639
74792283
74792347
123447235
54622173
252769210
52523771
262803235
181783030
11856442
73515853
74792954
156234333
253322099
92551529
160691560
172968914
192459028
653965
74792521
160691623
25812049
105795293
190608508
52218420
190608377
170384636
29676558
209867667
211978994
25690100
52523692
467439
156234329
254089770
76048640
8154914
196069015
23619302
217722401
182848918
101304273
74792820
192459121
92551426
191808114
123447227
215990189
249089952
75369294
46812047
253691052
190791403
38461692
11856446
54031222
179912833
27564467
253720768
196141881
167615479
252385599
253632050
257766863
53924677
254093359
262085794
255338996
196338091
252556406
568809
169818169
209905980
195841028
252384375
254093034
255605794
192459046
255368845
167614984
179912829
92010804
248684663
248169593
180902642
160691639
62007205
137941689
167615500
203084461
346635
190555068
180008434
241774423
252600955
120150394
198458060
255349550
196021517
9986564
209430298
200726553
203275361
179373646
196021545
253632014
262734403
207971108
253265149
3789023
242101899
92551929
144084532
217173600
68585264
175798855
160691610
487017
92551377
242443714
230003542
251984856
213936307
181783084
260812489
260922734
92551923
247238750
170384635
203084306
252646937
207970950
247408018
148807969
198457909
1456393
109283042
197596336
252385595
252671557
167613879
12079410
252401886
82885182
74860521
205727603
982157
27534650
262581863
167614746
196021407
253700498
247405827
253350014
252605766
32802793
35578672
174293685
191808093
262055488
198198465
193910675
109283038
252389991
255627510
54031219
200725378
217535467
160691537
255368688
58268220
208059327
217535475
230081986
13326930
160395207
252671484
53944540
217535449
203084489
255605791
255605462
250077965
190608382
203128194
254093845
200726778
200727346
217535453
167615454
252642156
254086485
207281382
213937037
247405832
191808636
254080703
254113787
207971132
160691507
252458771
160691531
253218901
261839344
179912831
173360373
191808227
192459218
207970994
262082095
92010105
254113867
262085769
257765906
19877953
217535492
196152930
255317238
25690142
160691596
254077829
253639943
255605495
251207033
207970960
45873952
255349762
181783133
6932231
253057317
92551313
160138320
252354956
253070037
27534610
196338111
262567767
179396922
252041085
262055485
54806378
167615473
253068940
254086504
261834625
201308386
262654078
259483236
209610615
109298262
209610263
262381914
255605424
167615506
181783064
257763388
203084338
261839350
196021385
255338979
255368792
191136345
5436017
181783096
109283059
109283039
255605411
215767132
217535427
262665979
253720828
253666138
225957934
209867752
193050652
158762479
252040782
257763238
261798477
225211693
257767659
207971040
207281426
196021457
252389459
248653294
25691314
253005264
207281076
4106835
252041157
174293669
196202333
198458163
217535483
255605695
255630314
175800173
85445380
222487094
203016454
420314
262086994
179396890
179396924
27534620
255317226
253689801
41774249
115254442
114945070
262570022
200726895
225911947
252867774
252671597
255349554
254086475
254089686
221016453
215414931
217535547
29810880
25813905
196021435
57705032
262570367
203084420
209349690
27564483
255349556
252275303
50435641
209349536
32351539
249090143
171292223
178736630
252671565
255349786
255349801
203084434
262387868
167614239
262068243
201829149
257767902
55093442
163266103
202611243
112451393
13362303
34725961
232948529
427487
253410311
829031
179912837
213999950
160691540
174827323
169818728
259483256
205289153
196021581
190608456
167615331
116938154
225211691
191808015
249679668
111553399
127591498
101931828
170384659
181783047
255368723
252766881
353379
200725299
171292203
255612005
253630028
190608345
167614896
25690138
202854809
252079967
95250682
111502233
248773720
262817300
253238316
261839342
260812491
263120810
189533096
28078853
191808196
191808145
170384639
196021403
178736624
170384631
167614316
181904598
178736640
174294218
128711591
203084372
208408685
829025
203084440
203084350
196021386
208917574
209430571
161368605
208739290
208906619
179912835
255605491
252759275
183082093
254113622
25812113
25811893
257766867
252390455
252867851
252671599
190608398
253632110
253627692
202529307
191808006
257767932
254092814
254113856
254113860
255593676
255368698
255412193
255630277
255612029
253700450
184591250
242070711
208906617
127692146
154062492
59478513
255612247
255631122
167613734
344709
184473159
203084362
181679857
36434485
263396641
192889318
215767101
208507647
255298912
249090138
215746423
253150115
198457890
252630629
160138336
216213275
247265628
767959
101931875
167613842
262842607
262817351
259512992
208653261
260812495
262897380
262526492
109283072
109283070
109283036
5404405
203084438
174827255
191753627
188919822
92551788
203084454
252641221
252633275
252767649
252671585
252868573
252565079
209430386
209867864
209905032
207208213
203084487
169818535
203084368
160691591
174827273
255455636
255605711
255371186
254089842
254085813
254113559
254093257
25812111
19879733
253700570
253700604
202475502
167614994
167614876
167614146
253666290
200726830
198501547
173982776
101931931
257759843
170384651
219161614
196152937
230003534
232950927
129138416
190759736
257763261
114944834
483810
27564968
28078971
207240449
244332341
247238753
249644319
117926962
252079049
167614072
209905734
25691308
262836652
253238413
253238314
260812483
262873645
261839352
195519948
2108763
262569969
158610838
53501160
262653988
214050720
169818760
179396916
174293697
190608602
169818674
109283034
109283044
203084254
213936185
203084477
179396901
170384641
174827327
207281298
196021415
203084485
190608629
203084328
174827313
253005244
252341173
207270279
255349756
253661634
254113798
253666058
253700526
92551528
167615327
254093041
254078335
254089684
253631719
92552165
252671640
254093032
254093241
254080497
254092808
255605422
255338969
255430590
252867922
252764849
252640877
252649351
252759264
92551269
253700404
253660494
192459052
241759018
183243696
247302590
113526337
253699015
215120270
209430556
209900534
25691318
247921794
144543607
196021378
92551498
194958478
26314722
216867801
209867716
174829968
26314735
54782791
120183262
167613967
101931300
202996460
200727102
27565052
92551769
257759767
195552599
230251773
174491337
167615308
26047414
144085005
253350010
232947391
247719574
160138356
202604273
178458262
247265630
249090145
205857771
252679724
203294888
114944822
262813477
101931394
253238320
193747911
193910681
203084483
170384645
191808014
169818652
169818617
196021527
207281228
167615082
203084424
173188785
174293693
214000921
198732662
192459059
859161
109298259
109283057
252759279
252596033
252649381
252648432
255317163
255430537
255350129
255410222
255368759
255349754
254085809
186439922
252569530
255605457
209349573
208917522
208643608
209610785
191217263
200725307
25691360
190608454
254093486
254093455
254093534
254093433
253630010
253629353
253700435
253691034
257779924
167614017
221018960
225266118
250337017
160309624
173863973
203294515
202631289
150896857
194784064
203320902
198864840
203950671
173943170
162029750
215146559
167615606
217766189
27564428
32076914
41503148
181264313
257763325
215746425
143970103
160137617
247891719
195319319
252581287
180567591
101931984
147884992
45415535
213936080
196021411
203084432
203084398
170384633
207280963
829047
203084382
203084479
213936221
207281224
192459224
203084469
186391706
262388313
167615514
196021419
192459004
207281160
203084284
196021429
508055
174827297
208653322
209280367
135503168
208917678
255430541
258552415
255430592
255338291
254093553
254092812
92552121
252632682
255317218
255349519
252595484
254078551
254092824
253720692
127032097
25812154
209904880
209900035
196152939
209349692
77231283
205743865
209867903
232950063
255422400
191808028
191807994
255630287
203200622
202878665
257767928
258805997
27564233
114944415
418606
203232372
201308085
204804385
111540703
111489437
232952394
242656344
252581652
202996447
200848788
253238318
260812501
262897384
262897382
214232378
203084354
191808258
203084499
160691602
174830006
203084448
217332183
262526478
209610717
209905017
208643674
225924656
196021413
203084296
196338105
207281416
207281252
209610637
128711652
255349774
252633366
252574767
252764627
179912827
258752526
160691550
203084481
255605962
257763287
257759592
255368907
255427372
254092787
254079926
255427248
255430586
255605454
254093025
254086211
216983245
177282023
198542612
68062164
190608344
15159685
144549557
25690148
207971024
181753046
101931930
257767926
200727082
159437717
219156330
230251584
253666144
100382870
257767904
203293360
27563057
255605455
200725391
209349474
253350008
215767128
198198474
198215131
195801643
214595369
2903309
2099189
241821152
136232535
140416366
23191032
112108566
253366267
115867554
123915914
262747111
220662863
216220482
162778743
262807155
48579418
243046551
193649425
104049765
262800706
262522671
340212
55093438
248524523
52673169
45873960
118582505
175798754
262908456
40362164
35579040
76048205
255630372
262345378
185449331
196338169
200725333
174293701
252763838
32362592
153261182
262525489
208917318
262800708
129138560
164353467
191808022
167615026
252633393
254085993
186884307
11259000
169818678
253056820
193649247
76065328
1999259
215140210
241022592
253088703
217535512
214203523
14809871
205814969
206360195
235728757
262600513
137941407
127801974
253218910
208322625
175800233
216408590
175798689
149153658
123948511
198732886
508457
140357968
171653453
3738993
49008755
52673173
32362563
860788
262567636
167615282
253062244
56819712
179436986
163672359
179436993
229767483
202529640
175798247
175798277
165912830
207970964
113528801
160691614
21598550
158710696
193897101
200727378
27564448
36529438
119692103
209610660
196021397
18030165
142791574
196338094
179207648
248565366
110686382
158762485
48480449
196338103
196021418
159484596
253058119
44843894
1079192
70524097
524515
214612011
118582620
200725321
209904980
185448348
254093491
252564893
184442620
178458208
203084404
253629706
203320034
167614181
252673658
253666018
253234691
249644203
253631277
208615607
167615556
254080622
101932323
252298621
203084406
209349672
178056229
124745597
203084234
174830040
230001672
258571157
196152942
203084294
201630703
343404
206769799
254093243
203084346
255605409
252385608
255368800
262023308
214595628
243083198
263098199
191353781
199103744
200725355
174830538
177117491
229732090
262983892
201125633
207281285
252574441
262030963
207969087
208907147
206340609
27564470
160691582
23088721
181224458
242075299
252764876
207281194
208653018
207867043
249489565
167614189
255410181
262570246
262887438
147175803
167614321
263114636
167615626
75814129
179436998
200726832
179436995
253382101
127803128
178031619
104074530
248681356
160691548
147220982
240251955
217772425
252393376
191807988
191808205
167614183
209610677
200726624
209349488
167615548
191808190
200727200
200727100
190608347
191807998
200727356
254079911
214637572
252770217
51711224
200727220
167421844
217443197
258567200
209900472
262653956
216867774
255630275
200725323
112944555
196021537
262656891
167614080
196021523
190608462
240889024
184628073
25811887
185410055
253700504
252271228
262734982
252768151
92551861
127032425
217765122
77230809
167614198
203084340
249489592
252078047
247390710
202805225
248986886
249489697
202851928
160308510
200725341
191808064
76290163
167615185
146780837
196338100
262914493
263053673
23286515
194098985
219147098
253700409
118582438
205747849
252564239
247337284
200725403
242488783
252649146
252861903
247799379
216406034
167613959
215727241
244297435
209610265
254080641
209296671
167614037
248104268
133630447
252868542
221256259
174829985
209900508
252868172
260805932
252640984
67624583
252401650
73437403
252868194
3738991
252385597
142245288
173943180
160370162
253218908
212568459
229936779
77222418
58946339
181783098
209349780
167614164
209165777
208917361
185024293
58268245
5404377
191808165
248563818
209901486
252759495
143174429
253070789
167615193
255455632
209867661
198733429
182848895
252629402
190608414
259535992
253671843
255299830
255430521
252764333
160691643
51711222
209610625
209867901
255349548
158762486
253665944
209901274
202783244
257767667
181926702
221226545
208648723
178736654
262570450
196141912
157195143
208643535
208738931
122764627
186393425
120133336
173943192
253382099
253071201
252574283
202727486
179436989
11259006
258571205
160308869
30990023
73120237
252648408
196021439
202611064
118899764
253218897
252275426
200727228
77231297
202794317
160691588
203084497
215997692
197415341
200726763
191808171
167615512
207971102
190136778
207698689
208906568
252767881
196338067
184413196
252767284
191268669
251278773
160691619
259512803
243032964
248413485
201614513
167613951
249679561
262030961
209610680
252867857
252671693
252671792
252647294
252759259
207280924
200727488
156232960
200725335
254093174
161863326
92010717
77231187
203003744
193910685
260805929
252671704
178736618
255605464
191355332
201567876
120183336
3738977
253412325
253183513
178736634
242432576
213936155
251885306
217535484
252768728
254080616
252671718
252274954
181904604
167615630
196338149
207974058
255605431
252640290
190608364
181783094
113117540
167613943
131388251
196022331
25760642
202229662
167613927
262570490
182849305
208907119
209280379
252299387
253700630
1073640
188554063
167613883
200727368
191808119
209610787
53993351
5404407
167613885
253052066
118582449
202631456
262909052
262455293
263098201
349582
167615248
555253
171292206
208907199
262067715
248591349
208068771
156234327
254093267
230081528
262455080
252766435
252577717
251982260
202031219
203320097
217452753
196021405
157704512
253382108
119690918
258752540
200727190
209867978
252649100
207970961
200726976
252671706
209610587
92010927
203318707
241960177
196853783
262569910
173399122
205191884
249934357
249569778
242087886
199106254
209349512
92552261
204985336
194103590
261958716
252290083
201911384
13771547
262878362
200725387
209867899
252764620
252868563
252289966
167614221
255410051
247945510
257759797
152682580
452717
201934504
35579101
158762508
262062133
262526486
242075225
209904931
252759271
208652760
27564347
254113600
165189028
254093562
137152914
118890576
249569817
216388059
262570476
190608473
209349652
252165770
255368679
252645243
252577491
171724157
249644312
201914367
181904609
258628320
242101722
252763800
252759466
167615197
209431225
106362101
202852411
167614151
190320418
27583326
204216303
13362311
96012924
107366386
249489543
262036282
262745671
191808002
208682482
200004476
252276513
252764193
167468326
167614259
252671603
225908328
167613764
262909022
167613897
122521464
185448130
208917544
49443020
249679595
167615544
261839544
252861825
167613971
209610666
209867675
25813915
36564128
253627512
247390638
196188587
263030741
191268237
181783088
167615218
161253313
252887458
92551912
153408249
120183727
181783070
253579098
27564957
209430637
193417746
262386830
252765905
252576606
253070787
179436985
68463992
252678463
203084355
138049773
191808123
262085798
208643699
252643648
253628800
184218178
196152944
212992419
252274017
252920562
57486501
200727246
252767554
252759277
252298701
252759480
208917357
197636722
190863725
230039172
92010567
158762493
252040698
254093663
252759470
252767457
252389303
209608477
201420076
252887541
204337972
208739155
252641076
252562530
56757449
173189297
167613824
255424176
252671714
255299828
239405820
20272936
178736714
258668375
262570375
208906648
252671571
252671621
209902424
118582462
253043594
242075320
184474724
186875287
242070802
261973368
244690957
252829601
207970968
190608432
262734057
174827279
262747899
254093698
262525487
191911063
209609971
209905796
208906549
252765916
252564901
182091489
196022336
74858743
257767939
25811934
252768032
252580698
252767932
252649069
252389193
254113785
255630376
255349758
253627558
160789111
160395446
193417231
203293405
191808175
203293915
189413245
257759928
202783072
225910817
239405944
173189219
201623953
73609405
172927052
22632089
54985561
194103584
162774166
111553266
249569949
249489561
197851475
198447843
241890383
173189178
196021399
207354728
252766929
252765999
209349676
209902426
209905785
167615002
202804854
45415654
160691617
27564107
184333793
12626815
244317937
426734
181783147
129135798
203288338
214831277
212977456
201048223
167614773
201476070
250068056
202730557
202796164
202609821
203293391
202625213
115630229
189682439
251404345
215796575
229703965
225914387
217535539
262570318
213935969
259513836
262570466
207281384
242711516
22778156
255349502
27564539
181783068
27564439
252561038
252671491
252671678
252867936
258567529
200036657
208682518
209901292
261840724
247921755
248417516
235877552
217777666
200720736
203926642
192020807
205561973
203320076
202526470
202782868
203084308
35578799
249644323
249644350
216288851
204065633
174827221
160691578
262567730
262570147
215414837
219157478
260940058
254085721
181783092
212567902
208652904
209905999
252279677
252767710
252289534
252400923
252393431
253218893
252768761
252629400
252596030
254080620
160691552
160691513
167610890
162111931
27577537
230260001
209609978
36705283
118419938
217766444
200726984
209902405
222726498
242075208
249569712
152549765
247815787
262570495
209900504
27563947
258668369
254080325
254086213
92551257
174830028
252389337
252767696
252606925
255338293
252764822
252400697
252768731
252640836
252646911
252635994
254085815
253621905
173189001
36313704
204053189
261840728
262526488
258567212
5840469
249237955
5404387
202805171
207762450
203175492
215543634
173188896
208739283
202804875
204170439
213842186
201391605
167613814
190506139
201799262
201423220
203909505
208608011
243096927
241482724
242101905
113117246
194786363
182849311
191808494
167614810
215637401
262526490
262654034
262656887
207281184
262640391
262084525
190608376
216469485
208917608
209867795
252606599
252578152
252771083
252764933
252867845
252595543
252767000
252271063
209905982
254086487
254080354
27604016
255612281
253631270
247257234
201798615
262454950
261973370
261840713
247653477
214831279
27564495
92551754
177756778
27578544
201930393
167615483
27578548
202631459
202624119
217649804
191808012
257759518
219147102
208652723
27564180
201308344
220923958
242075403
242101804
242075336
242075232
242075323
249489612
249644194
249644247
183051140
130771544
74859752
35616693
222726496
222726502
103348188
201630064
101932090
202996485
196853836
174830030
243088748
229714097
258805917
259512799
262821168
160691645
203016344
262972394
262972634
261813978
261813972
262030965
253402266
263059862
262780238
262062114
207971060
203084475
190608338
262570407
203084386
259512792
203084276
213935955
196338073
252040599
181783137
174827319
203084396
258820448
203084491
262570067
200725373
207971116
167615394
262526479
262526512
246914221
262570242
260941359
160691606
209349575
254085719
92551399
167613963
253666254
255630273
255410149
167615220
167615357
254114214
25812178
21336381
30990013
249348766
253666159
209901267
208917304
208653259
208648894
178957591
252868525
252246776
252868556
252641837
252644294
252766783
252771122
252770361
252640846
252565035
252605792
252635479
252635497
252603306
252639582
252767861
252648399
259536275
261957873
215198560
263075145
252853728
208653271
209902397
208906541
261803073
201805592
208917653
252766863
252578231
252635534
252766934
252762171
252866897
252868515
252565109
258552426
252671728
252389097
252671541
252671782
252671504
252868547
252765552
252671672
252767947
252671708
252763779
252271961
208917326
242075142
208907219
229775540
207336656
188659510
160691604
209349484
262061767
190489572
263049792
263030547
202781919
252211770
201089663
106362125
196338163
30990016
202783168
202525814
201932822
248497617
201630850
138049964
209400865
195505676
208061971
16160245
202717235
140579190
246282944
202609884
178602273
189035248
214933010
202660705
202792640
77231505
94385324
173189516
178937379
200727128
200725293
200727048
194096528
183334662
202704079
203294883
158745336
243083921
195481467
216285782
217535561
162772101
200725324
262056410
202650482
242075273
167614818
208907055
203084302
203110616
101931798
167614976
181783131
249489562
208507649
242443842
111498777
248640563
242101825
215727465
26314737
159015450
160691600
217482913
242101776
247265617
242075285
242075331
242075248
249489674
249569906
249489622
249489652
247265614
247238773
249679557
260107987
202996393
216213355
242101868
181783112
201475485
178777225
205744375
261839550
261839552
262891785
263058825
262972852
262972765
261973365
262036280
201594194
261813976
248083793
258752530
207732705
262525485
262526496
246918625
207281170
252040872
262570346
252040679
252040497
191808026
207281434
253005242
77230827
208739231
262656901
196021437
181783058
160691574
199895788
262085792
209901663
163033743
258820812
259512973
258668361
252765437
252645947
252671676
252867820
252392051
252769248
252580921
252766662
252767532
252769063
252768908
252765571
252768707
252671674
252640200
252766993
252768081
252671534
252579190
252765495
252769182
252768798
252671716
252571574
252564244
252868480
252605045
252770213
252562819
252564727
252640840
252592891
252639249
252389159
252767926
252671605
252640842
252390921
209432147
209867973
208643652
209867781
209900720
209905819
209905026
209867700
209867859
208739239
213676505
213680898
173943202
257759819
258670386
262052936
262463435
262052934
254080822
254080624
254086473
254093282
30990033
253632150
32376522
167615452
167614064
202604330
178787821
262526494
263029310
137756125
92551999
208917307
248643298
119692019
33338214
202782940
217535469
27577556
138049813
181793984
167614857
202656499
205745521
138049800
258669999
242102044
173943188
205696818
136753121
203293375
243082394
252578336
202795901
253095749
202730545
215637399
242075200
215725834
257763257
257763219
244760521
150996207
201391397
204112679
202609248
248085102
222695906
202804932
196853779
201566218
166418124
203208507
255612244
202608584
242423721
178521015
12131482
27583324
257767590
191808126
204986525
202731064
202997735
196021423
230201298
167614888
202610150
205723011
200726853
33053082
32891480
196338089
230003532
200720668
222726500
215476173
222695912
162574586
112083198
249489668
249644184
242075296
249489673
249569773
249569944
242075344
249679660
249644209
242075217
242075194
247878597
247875446
141991027
251886692
198515588
207317631
260107993
216213476
242716998
116904716
202606083
196373857
101931337
203231513
244299717
183526244
249973792
207172174
201892210
158984639
77231515
149067135
167615534
235710940
262821628
262755344
101932322
262973248
262780246
262780248
251521138
225266632
262062129
261944124
261944122
263119181
262526498
222716388
203233047
262640387
167615495
190608494
160691527
171292213
170384667
262570115
200725297
262570077
262570036
253056857
253057415
191808260
207971091
178736691
209905852
209430412
252763815
13648521
209294390
200727472
16830278
27565036
253671298
253630359
241732420
152567011
249198401
253630328
167615411
167615491
27564453
35787046
92551632
252764688
252768125
252243943
252671500
252399699
252676932
252632649
252767830
252868578
252868486
252671616
252635503
254077735
254086565
255630293
252770199
252578789
252632943
252868549
252676957
252576715
252281294
252393425
252671680
252641846
252564810
252671742
252763698
252564754
252867955
252868461
252648299
252671754
252648370
252564252
252564889
252564250
252770315
252398975
252868120
253720836
209430312
184415088
192288058
262363176
258752471
209906025
208643727
208739086
208906997
208739294
209430294
199647384
206205058
160686440
200727354
200725301
263031005
249025256
248635034
262908047
248494035
208643617
171292233
254080499
160402709
202609169
167614094
214831283
208648879
196021433
32580328
200973162
202781882
204769920
35701339
257763371
181972654
27577579
92010866
213598652
24586754
208739132
27578693
203084495
191808183
207563125
201120784
202861428
30990029
191808071
203293705
201592090
206781229
213936119
201477698
26341413
202606215
202805141
204117096
202722153
202661294
248422314
201799281
129528965
242070766
178826995
174829998
199236197
191808042
180987511
178932915
148875330
118375074
201035297
202154443
257767934
92010647
262056404
160691542
35243903
27564335
149945639
262526451
230062287
141991004
242075275
242075245
247265616
242075337
249679580
249489570
202852425
137941620
242101790
252079567
228583089
101931760
153599023
107979215
253700509
202883055
113759281
173188855
202717043
185449543
262550444
263034792
262972926
242773943
167613795
262036276
262030958
262878360
262878370
191808100
254095117
262455274
193743001
249670685
260941357
207281438
262570371
213936341
193910808
178736626
170384655
190608401
169818744
262570464
262525495
248825211
252565140
252641109
252671559
252861978
252766427
252390134
252635634
252390148
252671712
252603315
252640205
252641909
252633378
252639611
252769028
252767578
252768996
252769002
252767637
252671498
252640243
255349780
255612037
28079067
26047465
27577689
254080323
254089703
254089902
252641874
252280012
252632541
252595535
252400685
252770242
252766544
252767849
253700633
259512986
208686230
208738921
208917723
209902784
209902350
208906615
208917622
209349470
173983261
263274494
261839548
207974053
252859778
213936241
167614231
254085811
254086490
254089768
27600844
253713166
198801310
257859332
209867756
208682484
209610766
167613903
253665957
167615232
167615258
257767669
255424081
247390719
262061763
106362106
160098587
208739271
174215301
205542851
160691612
262526482
164433304
1572225
249085224
249941364
260941264
250058938
248400837
253169401
248411712
169817859
202703183
201798679
253095940
178603934
202627916
27563499
202782355
213935965
202796114
249288565
203320294
255630284
202631877
190608352
201934495
202782114
222334161
209400842
217188410
101931336
201796611
191807992
92010572
206128673
201089669
202781758
92551431
207971080
167614168
196154637
181500814
192276464
120183242
202650544
201391388
160309612
203318416
27564037
203294931
202782937
230259800
201629454
203950706
30990027
181981404
246282903
202650477
198930243
178935271
208907145
35676055
181973300
209900065
242101798
249972039
228581878
217286558
189683012
111630904
252165642
209610704
249935023
205857121
242075308
249679560
249569827
249644279
249489665
241654025
249489583
249679554
249644193
242075379
19275173
260107989
196021623
176736499
198414829
206687994
180581966
220965149
202217739
174503161
230002174
196389426
201795838
242075304
262817068
217265334
262891796
262973358
207817307
160691641
261973372
30990025
262780240
262062118
260941361
62040434
207388068
263075152
253232314
249693712
252041101
252040866
200725317
207971096
160691633
190619605
158583368
193910703
194462943
260941355
253057640
252853751
262567704
262052916
257844960
258379587
252699867
180396223
71311726
174222549
242406115
177328289
45415542
158582652
249774399
1644057
203848504
185573836
247445326
262662100
167615312
200726944
181783065
253721345
252767842
32744365
217412810
35591897
254078685
261822950
262656017
15382286
251968768
154533159
253410290
252714116
127222365
146988864
221262632
203909474
215414891
11213621
249693751
200727072
175806381
92551772
249693744
252784713
206784506
203909493
200727248
262570294
193669207
36420070
196021400
172818654
248132723
242075366
252768715
113887901
20655438
262469762
167615260
52602198
142258886
173943193
190608334
262915960
205222949
242765654
221233624
198931849
208231683
1032206
182740950
15687835
15475237
249775251
166340913
189658517
66119784
251239288
203950385
253665962
207761930
254086497
213936173
254089003
167613726
115972918
217462248
190556255
167614138
11107852
177533628
197499275
208917502
179753746
203084452
200727146
134527528
190608591
221226529
222716507
33752075
252632571
174830044
76359126
179439771
16254062
50723757
209349518
253629704
247948061
200726651
206102909
201801875
257767661
217525534
262803233
167615262
242075132
112109798
76359218
115624581
254078130
68221176
196338171
4311405
257765854
200013601
249534512
137623162
261945036
188940697
111955843
208739296
208917268
207281218
196021521
73437397
41099296
200725291
190125802
209349393
252041037
242075335
92551780
254080334
192090763
249679572
242075226
208906587
215414842
1644049
263035714
50496794
190608408
257763189
209298586
206202712
167315639
207971120
196338175
254093397
189475492
53771152
208739208
180596067
202152578
255630494
252199027
190759374
202154615
247238745
187561082
137457589
174293687
242075228
103348157
200727499
254089706
254093391
261967445
160309175
196021535
215727667
241814627
103348149
179921231
178957497
252639584
252399585
254089764
249268433
206859992
28079097
215727665
242075110
138049929
247540078
252770481
250284366
257767752
173189205
201799306
253070802
258805909
180715116
249173643
54754717
54888466
249644221
92551817
252768687
247256647
48758108
167615072
167615620
214195651
173360357
157195110
230368339
217123609
103348153
201391377
201035257
34487486
262815877
248132725
35593593
254086471
253637749
255612277
255338434
254113585
254093155
253621695
209349784
209905990
209901511
209900548
181995808
201114896
55650075
180592298
174509105
230368354
249569728
106083352
213936097
12627046
55034723
230012694
230012682
230012749
230012605
262655965
263253639
262570478
262734355
252324043
243245018
257759574
257759572
254093037
252763755
252867828
252759447
255612295
209902401
253720848
200727018
254093151
254087277
27577692
35593318
253665983
257759712
253629934
23420977
148856110
173188835
204425708
200727020
212257728
34818789
118526678
154493552
32221620
19883518
208682454
230368347
257915341
68005992
13799398
142362631
242075351
249569772
242075364
249679558
249489539
242075135
13932166
202782907
20420214
176816388
262973260
230012684
258605077
143949009
262656907
255349778
254080683
254085725
254087128
254080882
254113751
253661666
253700823
257759905
262570328
34380884
253410301
259513009
257759562
217535532
254086623
248411988
248110426
181995805
140012031
203084493
201580090
152535442
34935398
209605757
254093166
20532439
12126268
23271234
254089231
206205518
177515693
146593446
176710556
242075177
249389203
173761440
103348192
201856071
258668546
248132755
248132752
230012500
230012686
181782949
201431314
22169466
255406894
255430563
255630308
254087513
257759550
255430594
257759576
257759812
208907130
209901147
208682492
208738905
92552135
250980336
263114650
254078662
254092771
258848150
258668080
253691008
181783005
262696683
16998546
249852121
173943190
181972656
177977960
200726982
207971049
77230746
230368351
230368341
142365084
242075345
242075252
242075363
173761385
189475010
192778529
258848694
258848250
258567515
230012718
263274067
253005274
208739198
20446822
258752534
254078691
254078374
254079140
22649430
253661781
253720620
253661660
253700758
167615345
103665067
207281130
254080627
105869969
249258719
249679733
247930972
36413394
149430722
137638739
117315641
200726770
202796172
34917666
200726970
12125087
251394032
14016464
221709216
140096584
167614205
148910587
217779385
171292229
252853811
167613723
191807993
167614029
24163114
178483004
173189089
242075392
163476205
216213344
242075347
242075338
181709614
230368349
230368343
104818623
201111120
250077513
119063716
201622636
258571127
170384649
206137609
109697658
191808386
209349782
208917655
209867778
209900069
207974074
252676924
252671561
252767759
262052914
252040482
175811221
257763249
257767924
253394436
55512147
167614968
167613922
254093164
35591928
253713165
254089559
254085713
92552223
201697125
205136433
181993122
211924853
248197162
166341349
202660600
248895876
242075160
181461191
191807977
189328992
192459238
167610019
20532327
167615363
174293711
167613909
174293695
92010283
247016227
24587710
23390877
259483871
200726868
251278641
200726850
191266664
32976044
109283046
72910463
100125915
253630263
205547189
193910734
34362337
23258216
147762387
12212475
20447498
254085807
259483837
54778717
1644051
92552215
103348151
166391631
209279287
200726657
254093177
248106088
255410220
167613995
35308340
192863106
23420323
255430553
249693753
54814413
145540088
171899220
21596928
160797826
15779817
254080491
247271578
254089762
33158295
9437916
248893278
181710052
103348163
200004794
20698627
23355187
207971018
255593463
227017285
34917829
257763184
32412140
195542683
38369039
213691887
189465898
165700289
148073718
192780878
114895602
255612013
212135507
254085723
247901065
167613722
247265620
103348155
54778348
34362350
35593295
191808040
203511574
35593617
262656895
202525818
252649150
225923660
254085909
254078905
254093344
255605610
38532317
35977301
255410103
253629425
36258762
103348159
20234482
23395821
34917866
34959988
34380540
262817238
249007038
263036203
35905706
257759558
255630330
255611998
252767865
209610076
254113572
254093170
257767920
16217774
32895005
261028870
247238778
262990821
35675432
34917631
252765902
254113771
254086309
254085772
255605466
254086679
203511561
218749997
254088963
106088334
249169268
36154614
217113847
51306855
132302665
190781768
178530302
263098202
242075321
180592005
202239633
252078484
36155583
253631403
255630055
255612253
259483238
209905777
252649213
252765993
182111169
33793363
115254264
254089078
263056273
250199767
247265634
171936927
192778180
167349672
255368767
255605688
255628796
258668395
34935364
36154396
35802040
257765844
253313763
228404004
206648599
34383446
36153702
254089867
252633397
143885382
201389636
202258922
42174141
258752500
258823415
191808079
208653320
213589268
257765911
258673236
252855072
257759552
203511559
254113747
254078668
262766298
35610630
35591907
202242238
201916828
33753818
217765727
253414681
200725294
254086222
200726628
100131498
33736589
86979169
207281402
257759839
221224326
247274027
167613555
242424370
169621313
198698468
253635526
33744191
35905826
262871772
242620567
54757636
103348161
23397650
153038783
252911711
216982897
243083971
159010432
247750882
259513807
205927980
253665804
34156886
255430565
113127504
202258595
54825809
261814024
263366684
33381987
67247041
25184550
263051425
257763305
205684671
33370613
209390702
23419072
33030517
253629968
34362358
21603108
249569961
23418328
23097270
263077642
34380533
177962543
11857397
180897801
33751280
259512764
257766879
214930481
253665918
200726934
222215446
33545367
198458457
54815031
244133663
183540566
195531189
214930397
248091669
143281015
30041068
257763258
36153624
33545087
254089071
253630319
200727000
261808345
148908711
261823575
20583586
258821579
253631584
252763834
263345144
248994455
205684656
201580223
257759566
261037155
190537994
248643933
179694916
34910652
253401616
253627536
136978479
262791176
242628018
198473604
217423169
205917477
205917409
180593687
176788070
35591940
253629438
33851780
201431429
205747798
33545363
181992140
111500447
193910794
55508325
240627128
35593607
35593313
254086209
263022180
101862350
179437002
263047428
35905803
33370624
33545083
32743887
48648273
34380525
27731539
250757221
33381985
34362734
34362343
248637605
253095302
254078810
124391291
22505676
34380892
262734962
33000716
141243619
9803524
140229516
31827928
54891666
208686216
208682480
191808121
191004826
260407137
113151324
209293938
21852512
34669682
208739115
31134031
48647917
197638139
113709906
263022178
209901320
128711506
254089691
31133749