144381737
2785527
74750517
27178524
150910621
91457835
41374
43058997
34357670
1382299
11826728
139816210
262674337
76273488
115767413
144342155
41382
131299936
187839453
473691
116018157
141008002
168352789
11255181
202643534
95014122
174004102
126734659
197503457
185583209
133868414
189364210
53770205
106545402
25147349
160393443
86404316
85262548
142009308
97503137
214739002
98132038
171876772
96575209
44131440
75368250
197620791
202645436
26730055
73669360
247730800
197620793
160270176
146561915
131896612
93511
175692
29967521
198964353
27179712
175688
131143157
33455334
187839229
168610423
168610491
70202916
1382289
144178613
127878986
144341729
187838861
165035647
15391166
171558494
142400173
126734947
25170526
212932718
248653072
69021140
126743263
88228685
109010630
118788312
44132904
148077500
150910708
197506091
137005260
196894326
109010631
109579709
216216646
184476573
168610864
194583612
198963806
137005279
142009387
187836764
141645976
144401541
187839606
103263890
165045830
2793513
104406357
198962974
144464986
166447167
122870306
163825330
122869784
99140082
465373
34357786
146965684
142009330
168734479
161863520
184944246
128325560
185851975
214742317
23415220
119026575
202420841
168610840
249826082
116200531
153592711
155771376
137005261
524027
20523850
149599020
155767724
216216091
202645311
193484635
197180781
55289693
73402050
14022972
87630754
134918185
128325570
187836726
144090426
144171419
6885665
209409791
58477695
144349161
188832218
147995441
155781186
92384814
137737868
122872899
253078480
251841070
184944552
149274158
217186588
217186393
169826778
202644930
137005278
208778603
119026577
252385956
126743060
117796343
146954059
168610477
114655124
117808086
8292307
153515289
164537220
160268901
41370
217528128
106539496
58476459
160210722
116200322
198964557
203586505
72145686
147799064
167033741
116118927
96574679
202645550
197064282
2903977
197181982
114651177
97685718
41133
75368081
126743096
168610484
106539599
181979130
147319682
3679603
41189
41150
197064383
197182663
177211736
1382259
34356934
206459439
143614035
131391494
87043754
80993809
253127484
208271298
26956314
41158
261964299
148859117
92817938
203586654
149995917
126743104
185439238
44123923
91773693
82390446
27602271
198964820
168610390
248066518
215411493
202418905
147999727
155772149
26656062
106540157
215891478
216204837
137737973
194468146
187839131
155769300
151509597
465372
27781521
137737830
184944560
88230494
11524549
155140788
2071207
70202921
11256691
144340562
126734905
199972885
80877189
249036014
184944598
187837452
248804962
165236037
196148830
76797329
222384129
103565195
198961499
130756155
104950892
187837392
252566692
216204888
252566607
200982606
138148842
157832605
177703700
197063056
2071215
195170145
198963754
198963920
198965624
262466767
155785332
155781079
248935885
144464886
167452270
51509920
155784379
146965077
187836743
168610798
172494973
196150291
147995824
248803488
215891472
214667243
188211219
252566689
252065941
252566623
213881887
171557939
11256278
119501543
189364288
114652384
142857763
186333654
257865507
88072736
140130913
155766632
263105096
171889252
169380071
249795858
198967465
44137364
20521957
149195516
252566702
188543971
73402593
205539468
135235657
169747062
116384953
186080708
172841111
44127711
259566696
130432282
222394251
106545232
171557960
217812983
168733071
253127774
126734677
199977077
168610782
155783795
155780986
26730093
263105094
202644068
131843719
31519138
198962918
197063219
263105033
168610382
140614640
184943978
168610433
110948611
95050773
187839427
140615052
80993092
242183256
254256984
254256758
252566632
252566611
144339954
168610419
131497338
187836727
103740548
174145414
249975514
128325895
184944470
97915728
207877664
155782160
263266443
29358780
73516761
202644359
2071211
152281955
155766484
142061875
160835531
215412547
199977079
146964998
164267829
114629406
184944462
138845770
172205450
184943908
126734877
252566707
252566728
248803771
190481414
187838668
253077335
148051664
225957796
88072884
88914959
106545200
26674606
256627535
96578285
2071213
163147766
198965867
103868436
248936394
206455628
82842771
154184730
168610712
187837464
249852056
128325355
187837383
168610636
244756514
189364131
253074456
80993222
186078332
158182582
187836989
247730773
185439226
149194996
254257204
248066630
248648519
197821289
175985903
248647543
50177954
2071209
2071219
70202909
27804342
142400108
187837623
140768852
155782489
155784306
121532179
41165