262728561
473527
105614631
34357622
98185862
105614602
58955914
217181729
88067439
157144936
217181580
217180526
10103252
105614695
34357605
57691006
124560254
45877129
32431485
137829916
39774497
162019297
16165977
239309103
98160441
88246963
87943255
201305903
94878521
81689848
217181467
13442645
171236035
198501493
26253160
55669640
117415953
171063206
58961943
73402102
213489817
249998160
144465108
101420292
116024573
115990346
202642103
252133065
81689870
52275029
35272115
105614743
88073035
217181920
98187829
507444
108224135
88007972
114572003
242448061
53837012
133859722
138850089
191769348
85241474
98185726
217937295
98190670
201677254
116864625
189689243
138825330
101418584
175164641
53836999
116033185
35385473
147413999
465334
104911603
465998
116841559
88055366
2029915
197799936
58955694
146638067
2029293
248590329
147001118
149460147
507442
201632360
116124888
215101675
105614607
139723711
216828110
148809137
189468335
196901712
217181553
122216367
175433568
176084726
465995
144181514
174642428
73402366
23410350
58963734
177321879
98155827
473535
173296563
225219775
140478924
251324267
142876554
72933913
149459846
104797284
247718282
208048173
262675949
138536509
118728104
53626116
134443731
138536396
156653495
149437261
5411179
212920942
192945320
183579318
465314
103597763
230027693
107004784
161390567
21422912
217180599
192013013
169885926
48959728
77895425
83021139
85241347
148008959
148889288
35195360
143964525
58306441
166151650
137829933
253091396
143979892
144360638
116864630
116021690
139220401
152784570
207279682
115795909
20506250
4670693
34357629
215587433
190508025
119374459
12338262
32225532
143866058
136020353
132011672
216157057
213489553
176751025
214775858
140843894
129626127
191343912
160814695
118707280
49535827
263206960
141581091
148076335
247298246
129711404
465993
20518327
10672756
116619409
144354329
36318370
206291384
192928734
212985816
14262207
40723996
138386221
20655020
20648056
23411961
37137517
23411876
122641935
249925160
75325966
177320679
172144560
262817369
99139918
138813276
87959644
133433942
95295978
34357631
103805564
99138871
248886900
209115152
248886049
215597370
141961738
252878460
189189068
83182717
148699466
116877677
23379672
465992
127670604
157551287
138385634
160814709
242724398
170337507
4656411
117836240
63679312
20860696
96291085
163147381
75319148
59411036
23411681
465288
124273048
29359359
26154084
87960494
248590410
465302
212610349
122873968
215259853
186567950
85241428
118262632
141972395
188832268
14261862
165255902
73402055
116783947
473575
145845766
35169290
73402336
105994896
82391467
128326955
155810483
109375731
133434002
128327582
73766851
116018153
88245965
148006599
197514486
21498675
20859705
82390486
507628
68305419
801572
235737297
465323
117056981
87959872
92766759
207854592
97042715
82390484
108957409
99045613
73194042
465304
193746588
116115731
116018986
242487451
96587865
262658067
68985051
16049755
73402797
207045177
143000565
194465166
127881081
247933205
465990
36318355
465347
149795976
83750592
159095330
249021917
171652280
210406576
130028403
118689018
210763367
141961495
178013292
7777192
101870836
80886386
65635711
210415293
113543408
29375492
2029961
191357946
91760137
1691511
15661280
248649074
144402292
141096768
176685659
253279734
2029059
144401398
118939679
21419119
82005409
36318966
209409490
110585236
202425196
248596080
145557591
248648717
160814697
41237201
209908706
141096639
202645948
152528870
261857031
202651210
13986534
215739550
169922971
140145238
201630842
217761265
166102759
235807353
202040312
29360838
35896293
29383717
91432666
127879515
147817108
134282883
72301608
98186224
136029800
2028097
15255467
165999439
164540440
205050281
175433770
73402121
85241223
58956994
25981160
26613641
206290870
91432720
137673759
16058879
23636334
248647455
46558073
123915458
74260055
209406671
206794897
95090623
123924471
14055877
175781539
193645574
165255822
139440821
137149730
202643386
206291429
184489001
196904757
215748377
119026581
33457027
179692807
58015028
171438268
21424063
92867973
110820707
177319983
73402393
191899910
208093906
128325059
122871349
51095963
25072430
169001354
2026039
70637899
121331081
97925631
242487456
91457967
23401613
209410101
202645037
800628
83750692
242492695
164537832
122870715
20647033
73402401
73402097
170024108
83020786
114050268
110823157
134851951
229808461
73402216
133668557
97044351
117077731
111873490
1691517
25005787
96587863
79406310
209409518
202644282
106540073
83750728
446810
170094677
174144530
248648002
465329
197924943
181219442
210763468
19556670
101418919
146417606
177549036
73402041
203809955
35007863
96202076
187837389
195666325
208093918
26225042
110905291
12559512
109582778
169897722
153259308
507627
83047082
83046797
113929945
214738215
261798249
82390164
531405
82938834
171105581
98187108
20419695
52105685
206291169
27615449
123927385
56319879
91774026
210405965
149436304
178013306
73402299
73402395
178013767
173653107
177546267
117048048
198537141
21508794
138844421
139214236
101187035
77871671
247906423
465327
465345
82938832
215421027
73722043
48109604
212240718
198548967
261964167
119961457
452171
117264386
58961951
249145947
83021003
73402142
139149631
110821368
50364378
13958599
167524439
83020721
85251749
116088715
247879338
35386872
109376926
116863919
115972797
261878146
215730582
118708745
118712403
20847233
77692882
23416230
163148115
48211640
25199306
152837928
212920960
91627627
101497510
203911360
20645613
122871504
73402001
209165167
196901720
73866067
190108399
110000756
452190
452195
86573308
91432738
106364556
73402116
144340126
110822392
212610355
209406574
164538586
208297665
127119983
122872284
230040421
158763314
176435934
122869257
222362440
112441701
211301371
155995996
122869733
148076990
144341993
248804992
169451990
73402799
51031374
146380424
199600913
136849900
169886041
147010162
149194894
213681303
144342064
109377431
188210390
199601576
144326567
187836901
140103598
209686616
164541807
145844702
138899183
155278542
154184431
169885900
222356211
187836979
205514004
67571543
106539499
162157951
128327243
201803692
207831845
248173734
197505427
143613935
90439579
140332441
188210806
146417784
251925805
187837570
239196256
253047894
151429720
193383408
193387762
145550073
97489958
247906734
148699761
140103346
87942613
48755956
169897594
252138230
249465953
128711812
76368876
249387206
155467116
73402791
176685565
225958145
170965841
244697960
53770214
187837400
253278175
253278607
249998151
2122181
201631025
101188605
101188818
171438021
146996760
199601275
108890224
252588596
34357742
101172989
247868095
174909386
253284248
217350786
155244006
41293816
87959481
2023297
109967407
72301579
174523902
219131417
111348291
150560872
253358566
263172950
196901732
196901728
80876890
236225805
26604286
173450041
31518576
29375550
82390307
48010686
48458560
48011544
23400942
32225064
48458566
96552634
25981194
247287107
119699362
26221595
262674388
262658003
262674238
209409268
248647986
202642582
465316
87679714
197801120
248647347
248649377
160814711
248647643
153409558
25206214
248647485
169380138
48012145
36318362
202642662
96574527
37795453
14055896
48458558
102133509
58992631
35860023
36780793
248647367
64335514
110750231
91457888
253127358
174144260
247906944
197065029
124276261
59470190
140995013
115344746
217722974
88096725
242629743
23381826
32223315
118729134
141418128
171009841
146493257
215588200
90093691
255758988
12366731
242092446
214618430
146998228
150789274
139229970
90715172
162137383
115224480
169495256
152363589
165778972
184629918
144476274
54878083
80876552
16053290
149711794
82006732
213494439
90092506
117558066
83750632
254083072
254896200
188831459
71742069
252105616
122870474
122869183
215198119
252139126
163029555
208296350
197506524
163929069
152522159
206713973
49613332
214941850
115222628
188832418
144331810
163833020
197512740
148851446
138832073
248803468
164537823
253189699
174257521
79551187
160369424
173013854
89696988
101418619
144474237
148699017
173007949
171438274
98190791
253278985
249039506
249039303
198537139
253280382
253122462
217719119
257842934
252105771
80990912
170880644
260743751
253127851
253128085
98190469
88094902
257842842
101173295
107034714
101194717
41214482
101179543
101194723
101183839
101167161
101173292
242108463
262640543
197925012
226971618
2022383
109968468
95014259
78892867
138383904
247907317
213490818
253426000
225958049
198902512
121331034
144759392
204659215
197576402
74984996
196901715
196901730
230207991
262674442
111109404
35860016
153518844
120472313
35860001
34767630
63680343
248647461
262674333
35860011
26549396
72801990
202643783
202642365
202643135
253113520
169380592
252357251
115344680
48011542
80960560
29374734
82390315
165712529
108957390
50217688
142644761
124041332
248647408
199165202
91457858
114948477
63679314
202644998
141471961
72605937
198964482
198967035
197065001
193483410
254711755
208274003
198546338
193483523
247906580
72301588
47503244
113481703
141014142
953877
168582628
259484695
215184008
152747046
144319424
181219738
242487454
46695664
96585993
133766349
251400674
187837657
214936898
101418837
151483605
171435071
185439240
13138353
165937652
144757872
165678022
196906028
209804261
160219664
58988226
73402513
101420383
101421427
204926198
173012331
155462460
252105783
173303740
249466063
194496940
10979403
164539409
31288969
197514314
140615198
252105629
170497069
134800846
96904274
108883252
106057645
112441663
138148317
208296798
106539345
97042732
106364636
176799416
117062810
117074739
153590663
101419145
193646038
252906038
2028959
217718998
253077963
252102031
137190929
73402391
175782404
73402399
122869251
74860576
144341093
169120433
142857477
199601530
147001163
213521142
216933464
187837916
166451411
170497074
187838563
144324890
203208678
197513012
58671218
170880677
35161776
95065852
253129915
198644348
101177150
128327247
187837574
249465280
101177114
147853964
217351447
41199604
101171249
101188977
180327581
148761162
101172076
217350316
116020928
95769165
262589857
201630572
177295470
109967117
144763946
138384793
227783854
261879437
111821210
134815395
174528845
191343787
134799893
247907116
215730355
196901705
196901714
118693692
262581693
118265481
31516524
58963710
23410938
202645828
10687693
37795449
262658347
124041024
48010882
96574109
50217411
63680341
96546882
96556618
96579424
23400952
23417475
115247175
51121100
48010825
149718426
23418313
119026768
26149321
48602077
163147895
262657328
25700207
122202300
48110475
192951612
192951616
147593233
76153893
262658001
202645216
248648855
248647672
160671840
248648044
248649208
79407423
248649393
169380224
171063428
248648969
248647163
248648975
248646895
61557663
59411175
23417925
96584132
73722995
26224913
57690174
263023182
197068997
79408084
261964246
198961947
208275246
198963986
198486957
196184014
263166384
176582592
176583906
215592956
146997492
124611128
146491626
187603692
109888437
147000120
243005346
101647317
146997400
194464819
197504610
199600842
82005544
129712736
252156810
142858706
205963167
243046086
128325873
106539214
167906522
50217580
230040819
108888441
249578550
187839522
117284480
215184164
163838938
53622006
188210642
73402748
187836859
229766298
200738838
243005335
197504774
162593463
254082790
130461608
251552611
252102375
179138258
253280106
253278749
87960137
77447734
107033109
101187071
141733757
107189072
193645615
187837535
77447468
170399150
171467545
110821687
197515664
133829747
195666339
144474428
166417286
136786999
218750079
199601656
134918282
155256723
163027086
187839283
144341761
96202422
153889302
251079795
253238702
248804278
170295791
144364851
95864383
138907346
144341992
87911741
49586615
214945529
144362442
168723002
214742323
251418141
106107745
106078356
95864041
101183796
106075646
107034581
101179688
101171259
101194306
41214963
241742430
241742492
230039845
247842335
51087877
49536767
2023355
88238995
203898959
255764321
187837055
263023521
121659920
193770360
253095751
118710014
196901708
118722724
118694860
212317177
177202682
173449768
122212695
262658349
262674242
31516530
146638158
203848752
180367669
113576596
31517872
153515282
31518735
31518737
73669201
36317115
75655909
102759809
119699187
23629364
58992614
33455612
123442637
225960054
248648955
98186903
31518827
262658091
248647240
202641948
171590694
96574532
48119693
50216514
202642492
262674948
80961076
202643502
31518821
262815838
64457500
98186143
248647427
248648868
185654364
101916811
88096443
177304916
64337590
64302809
73722227
102104950
51068726
78971739
198893063
198892617
198966473
229803961
193483724
198966856
208278435
71668979
215973180
153580738
188708469
196901724
25661221
79552721
215545070
168532274
146492175
146493732
263301107
247906598
248647513
103691059
206291422
197515109
187836895
213681416
202413389
147000533
201841238
152360659
153593171
118197328
213950111
10056441
106730870
199600963
89047564
132834194
101418603
144340918
197515394
169208719
8148361
187836934
247731256
115224305
247370651
247440591
170400386
209407108
168867738
247907060
261114855
261026045
227036028
177991255
188480715
169075473
160055760
170880687
195666304
213560540
253185228
133829900
87651083
48602142
253077190
202420497
73402633
133832120
164538032
248263530
243045761
198537163
253280655
187838613
259484538
98185998
35804671
143613997
155049977
74984581
207364151
149194688
115223607
187839070
187837391
68820135
138906015
230374189
197505085
201348567
146998591
104753561
187839263
168896171
215184203
106540300
122868930
145846431
51472983
166451675
248957042
53837017
130437813
243084422
137852575
203462189
148007413
133831782
144340433
180340750
101194729
106073724
101174451
128326784
11648366
140995285
187838168
101194731
101167210
101179622
95864203
116139644
247842333
221236021
201631704
2027537
1645031
110167058
155283652
160215131
127353201
253127504
134311590
116318349
225958047
247907232
191357647
205108354
206252916
215730549
196226097
262433792
108942376
263040903
196901702
196901718
196901704
261941290
25207806
248649125
167019004
58992417
29347940
115136863
73722808
63680339
35817784
140995927
115344447
163147893
114948996
176477172
108956328
79407934
257835710
79402210
248647411
248649147
202644612
202642521
116318411
202642293
54624481
262657320
262674583
202642087
117375227
120472169
23641202
160814707
96574115
48458161
25207623
31519224
23401207
96574107
26149687
73866065
31519165
248648731
248647219
248648785
49641801
72605821
57691101
210406690
198966967
257877703
124198523
225315725
193486280
198966901
198965494
251535715
123944386
75554172
68985053
174144780
196901709
196901700
181920263
204330190
213681392
109209265
106968690
121614194
144318931
168653737
170770831
144198455
247894966
122216426
124598037
181219828
140546817
204928417
252138331
209406754
153593661
152564948
213681468
101418774
252156998
207562726
144480053
142836168
73402573
252568441
90088744
147000136
204319507
101766571
103223677
122873602
155464662
123432926
148851577
243044234
97925529
144758164
91433032
82007695
243081883
197505653
213681350
73402577
147001066
1691231
92978851
147000906
132247340
106730769
144340766
58014801
135571859
217797018
144402122
173134193
187837794
207557318
148808705
194461365
203585259
187838907
148699353
199600771
215184557
155465840
165677060
85241549
188831526
197504704
177814147
185406323
177320117
133831024
76051609
155256678
178013447
101421212
153590679
253280650
117138661
176781803
253127593
260744060
214592216
215120137
253072266
253072425
253074566
253630278
188832105
252569086
169925137
89590237
243165609
253046783
247856287
2023339
101172974
31883656
197506897
252138950
252138787
130439413
197513028
178220330
170742862
129601464
184295170
1691233
197514272
87650244
207837223
249309315
174317450
148698739
146999394
208012474
98186303
253198700
98185480
87960901
63679329
203213195
108942317
148007247
253123097
157179069
101177224
101171604
242108461
101171241
106078873
101172051
127191637
247842353
88054026
168522794
150735319
127353364
160213876
127353197
169209438
255763206
187839399
134820114
86573607
198650387
98187502
124274379
262675750
171212282
193889834
157836671
248649383
248647607
97480629
91457905
248647389
248647503
262674926
262674448
26613577
209409869
248647359
202641718
56368600
33457399
33455610
25981218
48458572
96291081
169193966
45877549
169380414
225960056
214584942
88095625
248647373
452331
37795457
19582190
88809882
116902808
125089857
99841462
31517865
165709465
33455573
68820125
35860655
25002761
164327701
72314859
23632797
51348976
124041131
123442457
248649373
248647523
101908470
146637981
151424641
53202493
215421954
29359032
23102855
96585990
197064005
198555043
198965896
193485186
103690777
146515836
176690365
32722509
144198230
122219417
144196932
168645886
91432892
57522225
249464958
140988720