22099041
212256902
222687882
36111532
179064117
36110545
209120464
202645986
247907209
95862995
36156941
143164559
206769404
26054305
209120373
148075679
199113919
20549082
98116054
189632410
195850573
88785242
34761991
195850531
197924942
140651140
36103047
88784708
169352246
15279330
98026314
73813417
95863529
36121428
101886199
73802008
113476345
80877133
178013199
206991056
136315569
96554171
262674733
188710058
113220675
198963688
168734627
242487467
82007227
73802001
98026186
212556447
82003903
25907147
95864200
199113704
113066693
247731002
244982219
36130570
59256948
254712582
48331327
83021101
83020969
52679365
20648138
254712567
214742086
113476516
95864054
113061594
23629761
197506377
247906816
140103311
187838292
90091507
199118297
73402679
253072643
199670717
249883401
248646934
119315034
197337963
15293517
209409966
262674434
198966213
136038972
160176107
140183423
90091165
123897346
140103367
252076137
105917605
199670683
247718267
98114389
187837864
117075428
261964274
197512995
197506529
101177055
242487478
88785160
202645681
163148663
248648827
140996018
254710160
167459303
199118148
197513110
68669049
199670115
48458734
117075189
187838583
187836887
249025216
202645249
26613476
88784984
173449749
123895479
187838220
252077503
252077561
107056391
98107071
262674808
248646781
95303242
163934338
15292012
46766317
56589335
123895070
48458730
199118226
199118506
98110060
249026337
187837571
113476132
253277942
88785451
263104948
202642648
248648008
26602139
252357363
59385011
262674353
254711793
167457617
215598229
82390607
98026311
95864255
199118613
48458732
253278061
98102757
221253850
113965838
248646894
248648895
248647285
50216584
50322951
48282383
125089900
119315146
173449745
198961922
198964571
254712897
160176249
123894642