52329861
147920905
833601
109295448
197620520
160488878
77221262
1661335
86532012
393732
66464344
10124679
109354320
249767804
1661337
84162890
555786
201355030
75432184
11253095
168303304
207773006
92556435
241821155
43476426
54432670
68049579
73229723
76837843
206558271
179214820
207395738
57219180
408086
540465
251417231
201037925
47184472
51285049
252357063
438163
258378703
165765212
91089504
574745
253040810
242076121
77702303
210760798
1661333
251547194
53982007
168562180
91544562
249768612
91089502
249768209
224254545
12104070
1661331
439350
222354058
167686049
32219344
74363198
242503049
54512900
75983616
473502
58669312
190141413
259537398
717551
249768039
72027527
81506527
158494562
189557806
252180776
204473125
215990191
248803200
684727
62742661
53599268
490668
91512848
92503531
244168756
107076147
35862177
54445418
160836739
252041127
181379285
251531686
366485
506108
186318611
174808407
1374377
230016542
32218973
252041627
217286466
32218913
70743633
50247850
138342166
74012432
392238
535717
366951
6838157
252714302
491750
922403
50885175
74363194
507276
178077749
254859426
136675530
5569127
71957069
147568362
171183631
52806375
528195
253633279
3738971
53982112
146273915
404172
207982447
216298595
53981902
434172
209902414
189189326
165760966
254081932
187609373
192950242
409067
708422
445820
206715210
439218
169378485
262551572
262946064
186753033
1953599
205506527
263104300
47184476
103865525
193736758
1822059
2005421
208682486
217387200
242076267
1289723
173093840
47184482
175445704
47184474
10124696
731216
202483813
200922463
22731576
205537651
82499692
72900238
253069520
46772906
249686897
217268929
507310
103878117
263021074
252539988
74458527
219161772
1582317
209296763
127032708
194735263
66686278
69660314
175445824
162399349
465240
10124694
262037915
10399551
252300706
1618679
67966744
75405370
685784
250549025
540557
27977456
192452441
437119
369177
137458383
56414476
180586324
252039349
574736
253229814
69660316
263105086
137432255
55355017
202217471
397682
241666976
263208901
412969
51341095
252357091
388212
197925059
249803366
259483918
215292687
68819766
2777825
156224971
473681
71957061
192950506
540104
102847802
399941
175526726
485458
1590663
31949663
146272707
3495669
247427878
159974175
251926736
419033
252062302
225210817
72957802
198462948
261974907
11253186
174599733
986090
474818
50247852
16607262
208307318
1481917
196154000
214189458
192950701
188919358
35862159
491747
105740372
400547
127032786
507268
214753090
11841394
35862169
252062338
101931525
35862163
35862137
205227772
249921266
179952823
59525591
92010774
215288798
43863863
3802133
72751103
253318975
207317536
11477734
151950462
250078205
250020173
160814550
15730292
551567
55355021
68819776
252078522
81940223
427875
181567259
252357099
143694452
120471487
553929
215288796
84873224
248590468
87632421
259489601
10565347
22552648
55579259
2919487
201381619
46689378
80365267
69999228
170780916
6568537
215560712
178035274
355873
203994739
209298896
253326464
168234710
253040726
169887076
214730829
54880741
189475323
355877
160814636
215561704
51996167
252078629
197646363
556618
490677
252062300
206205030
69999230
84893725
174261447
162841299
252078807
208682463
208643681
53919360
378485
252062294
215560812
207244646
210513596
107076148
202421097
188376632
539358
204414520
209867789
519735
252078381
20875510
75376697
8114203
247302556
137006779
202388319
252680304
20862537
243093747
2928803
10331551
125172057
15448767
178044923
253248370
146270245
409053
209867687
179687730
67242982
478394
58339058
253319019
214730831
7341941
200762303
833603
176752866
20100146
262455960
127033311
93734269
493078
48752545
163831340
156224985
216296809
215480828
214189282
257646223
252039330
217387231
182851121
248619245
253293554
459949
93070769
392775
175445739
197062995
212993210
6568601
158745338
135281476
433817
214186017
252079225
3307793
186497723
3306243
159974173
169331020
207947485
252043381
208062197
160814626
407488
208917676
487278
261801806
637322
175526834
84750972
205915330
253326467
253413122
531995
355876
202712418
249348736
175724216
339938
345965
179944791
67243011
176781077
252080012
35859197
252049520
355874
81576257
574927
207973209
180749782
109392417
404170
261028750
247935570
571766
369231
127032426
134364080
206781455
201859356
421831
624945
355890
58709493
553926
252880578
242779050
171022615
249457345
120471845
249408018
207933157
1371267
978820
137385565
198292848
54880082
214189165
215580017
253398150
574928
242411371
204473048
209867982
209349493
191287512
204005554
476201
58937092
370916
252079026
151950460
199931042
85399730
438319
54878954
197578128
262017967
73887640
176909242
137456722
257646218
214189291
262904422
206715212
248459738
102758011
175445470
263207742
263207810
263206746
252880592
956233
209867951
176522894
263206732
66897815
180749655
68166690
172476080
215723306
1371263
160671628
263413002
192949212
105740320
16998010
259478502
259478499
201308448
54476577
259478504
171231147
1204919
200849276
214189062
250077995
250077900
73209814
242701910
3345419
247955062
132303417
109810860
253040751
263207661
32219200
192949763
247444189
161945340
253160957
177286617
253384794
217329729
209867683
209349654
179952952
208643613
252721817
58956407
262870401
84893717
1496073
208643555
252079183
113000520
205574015
137966131
215725909
247935551
19774385
182851009
263103731
263057548
263207759
263021082
263021080
203208431
214584825
50215080
43862412
158868338
200673069
186348438
262656201
173360423
209867959
455096
212924639
206145353
263303928
179952954
263101032
209900007
129852524
263303950
500702
470102
176522892
10401280
213488413
252079779
252079111
138324036
191356875
84893703
259478497
216462187
168737999
6907019
253326471
253326473
263199073
57826870
128664532
3802135
47339150
209430446
263085142
253229791
263104138
191907682
178831394
263304001
247447651
1191815
6907021
179953835
84893943
178831565
183262756
172475738
137375041
198369506
263201261
124893019
195509876
251583685
252663462
247954010
181183816
165803702
243093729
247729686
179492050
263253496
263104079
263208260
215560790
155200266
250738771
214753129
157118159
214672873
205506529
155200268
208643691
204421317
201381636
92551974
177915379
196598596
470096
27563712
202596858
252079147
252079669
252079269
179063939
177703754
262656136
247845668
250055874
97553288
247935541
115957170
196855584
262636247
262747124
186363399
204847750
257869277
262466815
173230888
192987794
251514761
209867922
209867739
80358864
252062335
189628133
186583924
206205144
2422075
263294042
100382861
181929327
180222420
68580167
192949241
205807377