45902241
198198483
148066625
148068401
156001633
253393909
645083
158972052
184419720
186578989
199216739
141472522
148073484
1709947
185443159
171581104
126022041
262800712
157195845
251547357
193684715
187615491
222655551
44459301
402125
402113
402127
164078024
120161821
195801641
253365032
262016120
685449
107200493
254143441
50215817
2027777
455415
126676464
262455699
212569004
120161809
126676459
22824788
455418
787821
253319065
138030026
1747343
391048
129036057
141052361
138181006
197620504
129036087
193433622
3024665
253135809
203968141
208097038
26137403
883390
155115307
216090624
123170548
191807773
253395965
245768457
204810323
645041
198495030
191541084
883420
10744805
10745111
14614657
193898649
191077712
646640
883426
746416
402126
162025690
196067730
186433465
160814473
66698783
194198678
107200491
242077850
16999560
136019775
491452
24998992
248585436
253535317
455406
114944471
183315357
384647
51583654
767947
194208863
638954
787813
215606922
137966275
182541453
197387982
197679594
3024667
258571219
186369270
252877894
88043178
176849455
140221948
578052
249089841
883452
746426
171586412
883560
141479019
261821042
391045
259310956
258668367
200848794
691111
341538
205574087
248415251
746430
550465
205802229
837405
214584877
439368
154454100
536203
883436
262887599
198426986
491511
253281779
56516583
491374
859059
868249
242629531
197628921
203290028
698600
787803
201308174
262887518
253535321
120161819
10099729
77753852
2141575
128677332
258667207
83857638
177922316
155200599
262386824
746419
257845243
122642358
74743239
138507358
102579612
746428
141474388
1029202
537010
120161823
250077886
177860413
168954349
200720348
184414924
253160399
195573659
198572118
254079028
182112042
242424255
122642199
200720276
171580595
191691796
1029204
252892352
201308461
206473888
253535319
247446374
396908
746429
151757120
250077593
746431
154532964
578050
242192484
242200894
146108137
214186694
242195888
193716771
746423
400301
249601290
128711505
199544540
169365910
198817741
154533153
252866996
114118880
253621389
261803202
155200602
262363160
110360977
5830929
194198643
253045357
164992377
178461118
255480981
129587643
243038354
259513349
91847160
253318969
253412906
116638246
198869343
262757647
253100244
248524538
186256413
1036626
491365
253621382
198360392
10244169
255630298
190086381
253721854
772633
198473632
136796312
187619036
199670702
248286070
114945082
113836341
123198948
205471862
189673003
171581000
259536005
246167296
208273597
12537387
140579233
216724576
206335384
71149249
132302790
105542942
439362
186398739
7922992
76250509
217123646
165192943
491386
194120075
194198639
249042664
252180247
253397400
198224076
252126705
113527783
198824815
206488702
262582110
190109810
50214978
191580529
883490
626560
92912457
248704705
192887155
262746064
262746060
87632117
210432428
195291815
212314853
262363148
196983718
867781
883404
254093588
883468
207207576
184410517
249091699
178241139
77220747
178211185
216204556
339430
192678671
127444257
186192087
198463880
174440885
171100952
143329517
877810
34750904
77220809
262082316
262086445
185656381
5912241
177727792
650573
124887764
183482094
177204873
200720274
113394179
196200136
140579071
262386822
191491033
262456034
262087331
31533722
178211913
247402128
207502983
177727380
195565255
113529109
169377739
253583649
508194
186369337
186369343
174182706
175533284
92905489
186369207
262044969
207341101
207646083
240626632
253326502
50322523
258673244
685890
171137388
127591420
186369373
202284856
202284349
123180132
223777406
203511952
240626996
248837988
201385720
202290723
187637057
198859394
1276565
258571198
50322539
98127964
262860063
143171854
202292265
140221848
186393538
207751139
206851175
220671974
77221156
206995113
257763344
260940054
248774063
154241711
146225076
195711904
194139619
217865458
178240599
54513185
213598862
127032610
249766170
178226430
242498472
128711540
91847110
217373315
253113417
183314766
202416093
116184904
197143578
74742922
262654900
217423460
176735709
84873240
198996020
256510949
261823715
261821097
192704578
259445113
581039
187618443
183362188
885442
198898721
650575
118375065
206852631
114944958
189626285
115958595
178240725
14057990
51713455
355825
251983670
262838782
262455822
262455795
253097346
54640391
254093324
252275928
116947265
195552643
178520658
114945079
813886
103822635
249644206
129036065
178331160
52380852
172422189
248772428
113528592
201830116
258668076
262085476
186142412
183482781
77222099
137966288
253621391
170773317
195201186
217123687
217123570
197634308
248773443
178577153
160814459
249610625
197620506
205113428
243043128
54640744
252671794
72711479
195928314
143145050
437139
182091406
167491738
207659271
217173463
113075044
249569735
77221116
194182457
127692090
109765110
196857037
253319045
650574
106349526
113526462
258752528
258605083
251577293
219161630
257759611
127032954
127212601
195289170
253662422
160799899
84873265
253319041
95157552
92905398
171097334
203155579
252040818
258668363
258805946
97816769
184302270
50216019
249526662
143144962
195928312
177886754
175533516
502486
247322593
251586092
127032617
242101824
253263050
253249109
102562793
176019273
258368925
258370039
258368906
250078350
250070962
135444673
184077164
202529531
127032133
342841
178512253
262990468
263033737
222661763
263255913
198495008
262767593
207937256
262086047
262811999
263085410
253319055
205537681
197465024
197465026
176751614
48982008
50322635
214753152
171585885
262515922
171586365
205506402
258668371
217514797
50322359
77222313
246853768
258848164
196048219
190156386
225924648
198510528
198911391
196342192
92411405
197635043
178057367
207660664
178787746
200780435
120183144
172476699
263372285
263372456
114945470
263394283
205506406
242213812
242075286
253183336
160799901
196926333
217123577
258373750
258368051
253326499
96289722
199970751
205506417
263207613
169365773
141789464
77111625
242411235
263255917
76820778
97810007
171585864
197821123
197465018
262915681
253444130
263104149
262812003
262811992
212314812
214753057
258673242
257766364
258752516
253656596
50322375
146272624
189264195
263023131
261821316
217123674
170772497
183718372
187010445
113125447
176766549
163831391
248416677
117315667
198501418
138049770
198582888
9999723
52685527
160305917
242075134
195194524
182091358
250071053
248774467
248774586
253350298
214189109
253326511
182300160
197624192
197624189
263202794
263103899
263255915
253089405
197465016
108130610
105231709
77182193
76821011
50410117
196579641
196579602
196180732
92905486
129667327
25000315
253720701
127031933
214860440
214864215
179780629
184496920
181694742
73532535
190110609
258552424
262382569
200737799
239543910
263303880
248893272
216207590
160048110
153921922
174441018
198915237
263208702
204068742
52685529
177989891
207762348
183348138
207660662
207660668
191691128
207641895
197634500
170780774
176021418
111650549
202283800
240626885
240626519
249644217
216213457
217123726
217123644
206241884
198413964
22888951
258378849
32219260
250071291
113863971
263255921
263255919
263207481
263255923
253403285
91833084
243024332
92905570
105231674
95158006
249610810
252040437
171586042
171585844
172422187
185006222
198898204
260922743
247302622
214922172
258820783
184318066
191429098
247295909
213967083
193980924
205705149
101931351
105231430
193978988
191690636
198869091
180923669
124892986
129591501
195287299
207660666
263207964
263337109
248416675
159977385
189659134
251586090
192116477
260792003
249569825
249644191
217123638
258369955
258369925
225386558
262817671
11507501
263117204
263202717
263103842
263104081
263206738
178241376
98128678
198381061
105231683
76677325
119698871
72040820
169364148
190233149
196579610
205506415
196579614
258668365
92905480
259513842
214912107
257759823
241655922
202604245
222016590
213691888
101931506
195194192
176804353
163698162
118419963
263202719
178031631
207660660
183684477
222661766
242718012
217184583
249644321
251586097
217123704
191692526
251984788
113526658
196579540
171580712
247935738
171586318
203204622
146272634
76820985
252040962
263207505
263208566
190233147
76677313
91832930
263104250
262812001
263098393
263102289
178711483
244303812
207270500
262983949
262811996
257759825
52685521
252683434
154454415
250071095
174887557
253326505
263033837
154533057
190171877
203591330
200687439
241648954
263033035
262984233
74743572
82386483
252384160
196048358
214916331
206105202
180923667
127810579
120183491
172475754
198894933
248421185
197622885
129575270
196153377
263394392
152705101