207811386
198770633
116174264
153390612
199142722
204315448
134320721
164601479
113050323
149545693
207752895
205743836
201936207
160423262
199168871
197210369
116183717
134748926
201290473
207564591
251421569
207042353
207562641
203905605
205611047
207565503
200780680
207564681
44010272
205931515
204044486
196825459
207760171
207042361
110377480
199169686
137907017
202464750
11423865
15502283
204387236
225206672
57796663
225957063
152647265
44012011
197208124
196825476
149959670
145795371
119255453
207562708
205610625
215128802
197210204
69020353
212256831
249797580
59208075
134015432
155063771
152647264
201296284
22099600
119255567
109949284
113049341
203867868
159008211
121232677
11405514
139030298
205898124
148807229
160270192
73360620
152183757
113049730
249395790
208376238
152647120
59524332
72655764
117043644
205284409
152647596
152647801
158208268
203227597
117048640
59210206
203229039
119392408
145418127
205988070
130332320
207564445
59446393
19347536
57799753
249788001
75032938
199169196
204322706
127672010
251404075
117044993
148809504
199170392
260792274
117077599
117076950
199168646
204662570
242645309
203457469
117077618
203228990
158720007
203883791
249798332
45303286
119255614
203584299
127814496
152648091
252092776
152648261
153530031
209603843
225910563
209603857
207184484
152652666
152647888
203584297
109949386
203227309
155269848
206103234
207187369
252092585
153404422
116384535
252761322
252891057
35453728
147815335
225956977
209610811
206118959
23317743
214103397
261847609
263258068
263186268
242708119
117043839
117026795
249798380
203905726
203887614
203883992
203910178
249798732
148809970
207299139
204948019
127929993
214607846
74922387
209603867
116155789
35455724
35450509
116384389
116155479
201935923
208188410
207564712
207299141
152647171
251885151
50268961
225956991
140713259
261873252
261875853
261848124
203898609
203884069
38389932
119254548
117062933
251734007
169398958
9844723
209603865
69899137
209603859
209603853
205814950
207565267
225957049
127904662
201290411
251735293
251737319
26046912
152652122
250071400
261848601
205602378
263253546
202641457
203889457
214190495
197206136
117063303
198485194
242646053
119254302
262912772
204668527
207299135
74172288
116384970
209603848
152647133
209603854
252092729
207299137
209603851
35452392
250022802
152653987
208100707
209603845
14204330
209603847
152650002
205601880
204004376
204027101
203898416
203889679
113049228
113049675
117043575
117062851
117044706
249788997
225957068
59259116
209603863
251737913
116155944
191420703
202464979
251423558
225957570
170620911
209603860
199177723
169399804
206109130
206112570
261851658
263263787
263186396
263186488
263188679
204008325
249798701
117063395
242734014
117043606
14388508
249798485
242650507
206486559
198555756
74920092
169399406
209267667
154155477
129026798
211313239
69914233
207179308
148698368
116384229
129026460
116383743
225910572
208100711
217411159
214740353
252092606
203911325
203913560
203884470
203884163
203899269
203911102
250078462
261877890
50080714
117063740
208274783
117063263
214243985
263256149