216437673
712741
5440949
538812
433287
52004412
262423947
94090411
250057622
243090202
162342429
157258911
228844003
188492932
176132376
992021
51720404
193916021
10726843
262765946
507689
179398420
228842099
196376912
134583805
251547354
162025665
121602216
94091658
75700741
146274108
70743645
87447652
11502573
249694167
166529609
848118
217729243
357207
750563
104557805
177860500
402523
23895988
613112
71076514
193605366
143694647
54622524
49180670
73491401
120183264
760853
121602570
453656
50330238
82996516
261995110
207565795
197530297
518967
5404371
589280
991983
137569804
152705166
75628688
25186166
195879639
119690848
1355397
531504
217385224
50765172
54917383
253239637
177860516
11856450
11502577
6215021
249679681
39523256
23879176
32002475
11502575
153045601
357050
531395
992029
163031920
137259106
257846838
260795567
137129973
32002419
867638
76105410
32001945
32890674
181699646
87457177
508449
50330252
491519
193916806
139975194
249679532
137567359
193916020
507622
402366
19879895
121602648
121603477
114945471
198774284
507355
87244153
532379
174040564
261798998
249738613
508547
41556296
230330931
531518
154258876
189035759
195704000
229782377
215727048
190546870
433843
138558532
74024706
467299
95866352
249953943
19342906
686525
527875
507635
423191
438214
169376022
215720780
262843275
191148976
50322393
196381931
443800
179978820
455035
494039
215720777
160779609
196381964
196376992
215548563
19783674
195192195
95890278
195192138
11963649
138180896
171821059
137567573
195192220
138183485
19841911
87447664
248760998
249738464
115254476
193511854
52592318
189076836
191136696
217385229
124893058
215730473
93179511
37402522
196376989
32527515
215730479
87457179
212985948
189046703
191430600
196376893
114945431
137570328
44984248
44225224
212992774
176132372
249738470
191576816
419130
171821296
253239639
12400846
150896951
121602466
182993869
252040537
52678745
20447485
50330244
161983634
183364619
138342150
196381073
102108306
138124212
248620094
249738472
241667926
246397548
215122727
196381456
189077332
189035822
178313428
177265572
66067655
204806201
145582044
579823
176824195
160488881
90056903
178032058
225918907
207959037
216437675
209387713
170706974
213678473
195192253
74608741
230081854
247291776
187746423
131144753
196377990
160488880
170298040
195954729
170708207
58946834
177321518
176115533
58365315
176824206
75953559
75630601
78578208
212921039
140360872
247291773
252911565
100947294
230081851
204806200
241758808
56734126
213678475
211958009
205417023
208237620
241758773
100947278
179063963
129381092
57771314
196377995
36495307
255395246
77324123
185821059
58441511
120070072
204806203
22494769
81135106
92075025
76052361
81419769
76014602
196488132
242124191
199040153
19297939
191429788
209388635
203904939
199040147
202232526
186286187
76014604
553138
161494002
53244803
97979245
53434623
196595660
58440817
109876366
7266521
48873341
76052365
255395243
262636249
177274803
39292994
76594709
170823290
94237141
77231042
252912034
262664376
554940
185636894
249590206
243086102
2126449
34230548
196538262
102108311
260924969
73513773
262797607
136594831
75603172
21416786
248848169
258215771
247879110
146274035
24744422
260806619
553018
196377993
571396
199040151
36023705
50070695
160082484
137478268
208118220
7178003
204806207
113084041
39820454
243273646
11023193
53486727
403076
159484593
250057628
87834248
249791384
380701
250057620
250057621
252591816
16601446
148937423
249794706
241129022
230081852
201687558
75482807
63473599
195796729
199903842
207194170
74038272
162025616
1710667
403072
77917791
12502908
194208607
103330698
23191030
253580667
212048490
16386488
16385887
1208799
79555641
198285061
47802316
48629531
53913553
189102499
68188685
253293502
72680637
77776710
71289760
195797307
438704
250057630
252672558
880036
500709
253293485
455271
163739501
19639127
187149935
68188683
14616042
403078
176118765
133067116
248277773
11375800
799109
72225300
37401641
249823155
28941875
72225302
95311759
543343
257758625
415876
31620816
253182030
12130005
72001040
188492936
42177980
44858545
201687557
174578010
188492938
57147346
99335558
183030109
403074
249596544
127033137
196377989
87600810
192978913
57647474
105501441
429044
225911054
75639692
459313
192883233
195854401
72001052
82885817
60863035
173135227
49922644
21463663
114945291
249452579
40972247
159034362
37134927
260806615
530357
188941254
52889852
195192084
4055471
43880165
167034123
181979375
36092655
21537831
198341978
255179352
46723648
170823449
115978192
262664350
178937737
216387813
73744081
261962047
181147242
251506874
68059438
262812844
109864304
189492463
162140331
249033885
261800151
204302046
208886628
173093861
55513064
486643
161497798
212484329
262915707
19884773
556859
85654200
230074366
214889694
20489477
262915678
73553844
243084627
413404
167019843
195516256
126131357
262346631
163021222
181783088
248086309
105513625
63473607
446241
230347005
213997873
193916024
119285026
181457983
230346841
173738192
260806617
261962043
194451533
189462770
106243682
140360870
215543931
189370627
52788078
440825
95996699
195855746
191365576
92010787
215105297
120183269
144772934
59547962
262734517
230363368
247879095
170466492
109982849
688382
17472537
72118666
246164272
170708225
189542968
49058270
212047494
57017912
253060233
107668501
248086299
104806756
262055513
253237721
138327454
250096244
54423067
32582465
68823440
187601118
177703646
6306687
36830962
247924845
5851643
42843270
146274234
104769943
76469398
198523008
213491829
253107888
248524516
212051183
262664384
179979170
82385185
173911223
41773394
47246044
205274162
163283131
58547988
861460
184495990
31206271
262055506
186369171
181263663
248789810
200790217
596845
242207194
253097741
53545652
15288515
120183412
108552745
230346894
540402
814816
94259212
175700818
192560862
29591068
203468810
407033
248086296
179145856
41273446
246160193
216900581
92010704
573755
248210157
249696380
162528739
187156657
242207151
564168
1015858
181910593
195192100
263197206
49001372
5573471
243324602
252040890
76175341
72742668
247719154
230368345
215105241
246162716
205471921
140368208
248727587
261801747
73855003
37134939
214818718
262812842
261962060
248783030
260924960
120183460
105299651
187008152
32411493
255179357
186608344
253284245
148924995
247927005
120183374
213678476
5404379
199869509
77231431
22383738
549089
252040746
209379479
172024602
217125834
173093661
261803522
127032981
360132
252131071
902519
72944059
164323206
139950123
72917729
403596
4253945
184622911
159061862
22367386
248726347
195854590
262664419
184414667
248230919
32432775
192170928
51720412
175845302
77231152
244318378
179786803
214889683
128711715
119309783
165023689
244170014
129138582
195192214
198202880
251998478
255179354
44225226
212323580
199036995
215613681
242433792
253300202
173093659
131138713
162161244
53991276
163562688
119063863
129911079
414170
215136582
137434396
248789798
248789671
215111197
196376864
246209144
23432493
213691961
227759764
252169877
262664413
242660527
259767922
204068765
92010650
414569
214759165
981462
577637
200789863
206361191
222716243
185857096
195192116
195192247
178604761
88862132
129138386
37134840
261800149
221698047
186599791
22382640
106362415
217207442
408640
252062308
2209269
215544694
248741946
213387205
127032384
248544246
177920897
196379358
230017926
99056107
416517
36336549
82996518
205841644
573654
170870226
230312419
137375218
207564152
185858116
259767804
259767802
259767809
247896898
243059567
230314520
124893045
253325729
77231355
262725384
242433761
247883690
262734526
248882125
230346923
253300256
261799560
261943284
260814615
247016962
195192218
247016947
262812846
102108310
105291906
247059654
192948630
252401972
100105809
212992157
212567983
190507026
249679120
249679215
150019330
119063626
247808425
203862420
216461670
242660540
242660513
137569833
171030646
32429628
77231386
216285721
190624521
255179349
205695064
253099591
195696300
181166062
180576840
137259422
203288370
252675587
162773799
108130821
178940838
198902533
195286798
249823732
37216866
189688523
262055519
230017802
142419091
212323510
222601070
166125003
248884198
200768216
170078189
248742269
36701814
253325724
194583945
162507618
196376855
261809516
262725380
176784943
247379611
230347058
230347040
394877
174321363
174321442
174321389
248524544
246772811
109369047
252314774
148924643
256500842
246851266
76252016
192276425
138342424
263354424
242660531
262797765
258379605
66667606
137423669
160370382
57767766
191139244
154099640
138101369
215752241
248741742
41092925
173903471
92551278
36700932
207643833
178711290
138342422
248085039
77231712
190490101
192022711
99056139
215752243
138101367
201807662
247681095
205696131
206605370
205809683
195303302
202529289
194583947
194771466
213705602
200790283
243087592
74856442
196381925
250078316
247883625
262734520
419136
263099216
115710758
260814537
243087594
243087596
263101455
107692086
95226203
31622789
168900817
252099038
195192148
22367443
22968838
183679021
209604863
137564100
243014839
208508375
142419095
1816787
149055302
53991360
945944
215561861
184476526
202961345
177860522
206416464
183481734
109776143
198898186
36701233
177045612
178329969
197627318
158973310
34935370
249823744
141347631
92551524
107454071
230017669
22650284
248783032
252078363
205705277
247858643
226362701
243087588
247059627
247059643
195303300
248789669
259767806
248789667
77231487
16152351
252648367
16999239
200768212
210126000
262725378
262821221
230347069
263058983
261943286
195970369
192949150
199969213
186080465
193976665
263104958
183561007
246855107
137259664
242660544
32433787
194568670
92004217
36702131
44860086
215382726
169377719
116125234
136939558
180720936
215483654
249252619
170466528
263197203
41872917
163582483
198894887
1989645
214932962
205695356
247880304
215739243
193568230
74856477
222716247
243087590
77222213
253325721
248789796
253325731
176778992
181789009
239318444
143144206
261809520
261809514
261809522
248882116
253300254
260814540
262812840
263243942
260924962
186080492
195854610
7063033
252771374
243033559
246001596
92552195
214908515
242078670
189059516
189083590
192167498
261800155
138324606
260806621
247016862
137564263
148054447
37216497
72225308
215727173
182463863
191266311
180900050
106362121
136482435
77231147
22782352
215727018
217764438
36382176
13805871
180903130
197516442
262055502
146273504
106362426
105297422
200521284
115710846
178533777
237565217
248761741
135245044
230312873
230361350
173568050
248783238
194654253
195845967
195845973
194584052
247880162
105303232
243087598
77231047
262870722
241736352
213598828
221222532
113430898
181808952
262725382
250077756
248882106
248882289
104795326
247879882
260814617
261801749
253300225
230346816
261799557
260924967
68072854
189231432
148866396
216216804
207643715
114945536
237566959
132304418
198869058
158745347
159857746
180900041
120183507
248724205
129918826
191268338
183362154
253388790
120183516
138335254
77231272
201807504
77230962
170870015
92010757
193601767
140221902
230017762
205807517
249178401
76014598
40933969
11954630
85623591
105778964
200780102
171549940
475153
96445285
58067160
214815529
199040148
106787411
262934428
109864301
196280113
59344694
196280121
16218137
181809052
248205964
173135231
208623909
185910756
109864297
181982696
217207481
91848331
137572639
213144334
160814556
255395241
255395245
36033662
787785
187152326
37398819
192376848
109876362
196515346
180609894
1681469
212212729
109864303
147341622
22472002
216462868
109876364
315980
177975573
241121387
204005605
44338769
261834642
1275577
206360933
105231657
253089409
246852561
42162095
221255530
191806913
97810348
192290272
146272186
182556964
201538280
176050034
195192257
198777290
541230
47242845
137503119
196280111
55193603
201892442
48463727
172024597
168181886
263209528
251278679
137569872
251279295
761039
262903725
115980739
255395249
192563425
36313730
19697197
192734236
132171688
98758435
249526503
74858366
58067158
36330517
247925835
107798573
113117305
243054794
109864298
215725890
97585022
41241737
107367231
212569000
248619221
205705283
247930810
107890147
103824502
54539210
219324462
69675472
198295312
200981441
109765106
101985321
251466669
197606447
196280119
42842807
35974465
36678672
87457181
254132124
198889468
180609863
137423530
172217860
192950228
192949710
202343657
201631489
28312740
55182607
206838141
170824152
222614828
208403367
207395693
115758511
750781
212049767
214732020
53467573
246168912
246852839
127031882
9965979
174604715
212993131
253293652
187156717
221365568
178831515
28255121
29810886
168900792
194819047
226332798
72919309
56267159
194954045
34745614
207752897
195192259
177703618
205829811
197606521
66667604
70847902
213975366
242710789
173093761
150689278
199049607
28310283
158973681
95259298
248424569
207502957
26078377
38448061
74856551
206334863
243086234
109861931
252167994
189226679
206566767
198996074
137440046
73597545
215548583
212326109
217125623
262050497
215561343
37170239
216285804
205810520
205183118
54883753
205378282
243045754
221236054
203933657
243059681
202604479
44225219
189462901
207342517
202529635
207515289
249681017
137261685
30886013
7393215
199538983
65897179
78974744
176043423
102108251
137941508
393752
235731413
225209683
246208845
262664347
261972132
247921834
177309405
19679512
138183824
215730440
102108272
215725886
188202776
207933221
248206288
254132154
212993119
242663626
149781030
123633438
215104377
252794580
115958603
199045274
242765429
10697626
243060039
243057772
173449364
1617811
248574724
215725896
88809354
181908729
242090901
212961114
119309005
97857283
158868336
394520
200681800
68077518
28294400
87714782
201004612
68072862
183239935
262050478
246851950
243059394
180609899
202961455
243058309
34957214
19771550
95100986
205695111
242663618
174577127
189946771
242218484
182100289
22084895
46466243
74992286
215725888
141835273
262797793
247719273
229762487
262050492
263112404
195192249
195192131
242760327
144280820
36371763
141315319
249044086
181784327
24030263
195536301
35455810
68445838
212326813
68077522
135266784
22472017
195656694
262746927
215730398
108957015
248216009
180865851
253242190
15535544
68077534
136595608
247842867
249042870
181938700
68729827
214930602
242663606
196280091
24835043
169917407
31863924
205695354
55191731
91848039
176050046
242197440
19678401
225209685
1644045
192949049
102722742
181982657
248277096
252637286
150033866
55439583
247927363
79776179
22080345
206248642
199969324
33132624
214582339
95125743
179232845
32002180
368325
195849668
242663632
164323240
215725892
181500410
74856613
257863296
261802007
23396973
229763631
263098059
199969349
68076070
12649322
216285807
215720749
205809920
95073953
225209679
32351551
37417723
174943391
86760426
137440037
148866350
183357167
205696898
137440041
201032822
189618768
189621306
110113415
215727245
261801998
189588486
17049686
263059224
73747654
263195870
262074513
262730815
180585071
32499344
150034680
153498818
249035328
263274672
43880245
23491544
215730384
136482476
200947692
215727630
207751533
225271286
68072893
149038191
180749790
205119155
200521034
212326811
215725894
242078526
250077932
55442094
262745017
262734511
262745731
225209687
172219581
262050476
263103058
253242193
248214873
205576905
195702586
95226209
247548431
246772809
263335275
263345150
262844207
247901530
189413634
200985029
31207490
29676602
189413481
201892444
205828045
209274242
31207306
242663628
36434469
25147907
263345238
148760924
50303829
53128072
181808979
118582616
242760427
149969470
14981160
35973884
50348813
68077528
252135275
107428019
11783254
192949986
251547362
248371821
211303680
444960
12809788
196280125
84244733
66667473
102882551
127814388
68072856
263326022
52853154
171171032
251786616
8145907
196050667
257835575
196280123
84254217
206126822
207494274
162162236
193638886
96597678
204439942
212324156
196579322
51520873
33149998
148873486
97987793
108298973
249347295
195192245
47108021
127807712
20437994
121604692
68943075
102876151
155531932
247390426
41241741
262903723
186369375
67446462
171154318
180749886
22060210
125280059
207024061
51574291
36665198
42562733
49005780
209379477
108957017
68072897
187156452
205692559
66667576
250059305
35974624
68072868
76274236
185857783
55200272
46308823
66897366
150689291
247679539
252941743
206205168
88881648
63924415
55442819
38460293
68077548
119699181
159899566
101418301
68077550
559185
68077542
88874467
54998886
50497053
194784157
242767426
15547716
110970732
68563577
185863349
56014622
68441733
551007
68077496
42336643
247343993
262074106
262830411
68076460
166437169
34751429
263273867
263390037
68072852
68077554
66761793
32216107
30807664
119699125
68072848
35617385
42174137
65463519
176909214
68072866
74417191
106035549
252106443
263027550
263334734
68077544
53434658
67446456
84243040
191477827
67446422
68077516
14334895
68077502
68072876
68077484
253048207
68076458
84898824
68072891
31861259
55407882
185856623
185862424
91847925
39053670
74823641
262839792
68077504
41241755
68077498
254147205
248091952
68074362
76070432
68077488
11360065
56863276
34751831
67446428
68072860
68072846
68077510
68072858
68072889
200852345
63936722
68077538
249890031
59502754
44225228
51994087
22079753
35048095
262797419
249570322
68072887
31707273
68072869
183678083
49216114
200851458
174397250
54851167
226400330
59592410
249570295
249853981
263390420
43877684
196146614
68077552
9806652
68563599
68072842
98068919
67446464
76688366
73586947
5573977
66667666
181809092
4977163
73532534
252354857
4978953
191432779
203929839
7389003
258215755
195822641
37882015
185863552
74774642
54344830
42013567
76730165
176731713
108957019
33478047
194017067
263049720
20857346
179367976
66878241
185860532
190489676
196683907
68077508
129028220
10081862
35970163
26527761
186265573
108965959
23018710
55695391
248590414
194020052
12661414
177084719
36539164
146556618
36761614
51994091
186394907
127212591
262074882
80365459
157078122
198359415
178553394
57344727
35961682
248758042
263273844
34747215
68563594
198356343
74655622
68077520
123863670
54999032
185862700
53010375
119330570
58933428
161650235
66822850
119309160
66897214
242288509
52618095
68072840
191571986
144079758
186199712
1651907
186263990
203136251
252928475
257835597
134845310
58992085
107101936
42427195
39047610
155833262
149844519
66777055
37399328
72679575
262688077
34917672
206652941
194018174
198902556
84898822
200994511
32412011
53991508
155552082
67446432
50496532
137127669
19391924
134958234
86801494
252876065
27733687
142872626
103119610
100018380
173033325
34745793
84897714
109506624
213975163
213564128
77900271
252166063
80981526
200023618
175413270
103813929
160371975
169276926
46057271
191438232
20137255
42545435
176171838
36363309
48043852
11337337
34751956
248411805
175413277
67993183
7069213
149974916
134943602
10702692
73179948
100096613
109521398
115709334
181674685
89604359
153291103
183512463
252942584
24628096
20727159
22499854
214930451
21483272
75516314
8022954
105304388
250077971
22835273
61774872
90576496
98732910
195192226
109593807
73183407
100378795
219149615
134777694
35525423
180749651
196579388
80960128
72520098
83396167
86417831
55525311
263040864
135417671
72798359
90332005
102439266
34744765
174878285
174878295
31063629
122581784
146272616
189945432
174878083
195250030
138279943
101908531
101562872
195254406
75579390
78024030
103865575
100390980
102399869
91051275
91049257