172977546
172976407
207512415
106686545
107617035
131338135
207536466
172000775
192035264
8058502
172977375
205944929
204539920
137526918
157241955
45299192
208495448
192124862
131337764
131337991
173030784
175978223
213558474
144607284
205382542
202060354
131337903
198530693
149412513
212334112
107617099
131338713
253542895
172977524
107617051
107613923
172000774
151817707
208307714
205931808
107615581
199268452
212977113
145539806
192124498
205792999
89291659
43243594
144294875
204900416
150887062
140584680
205942194
9672484
43241928
150979515
71518103
116584316
210425195
131338800
192125094
76219482
137526590
9419720
206331328
172976863
205404814
262605209
209403249
205405466
76218924
205886290
71005445
199265448
144471009
47246497
207251576
76045394
47242250
151611406
158102304
155156782
73236343
207710746
115224134
155314313
157824373
162137467
172976434
205840306
205405688
208103981
7099173
172976380
7366549
44885508
84447897
172548706
107617635
131337552
195765927
69335474
76219945
198390764
204943879
136784403
205405761
84447293
107616208
192034920
213962319
199262617
157110639
44912691
204958056
192034662
192124441
183351672
46254833
45463809
191911555
207660527
201390520
76042402
145768881
41292729
207768372
76045444
75595472
74513205
192070529
150146470
133830190
207521448
153921123
74357292
253664099
138896493
201165026
198383219
213498818
210438805
131338386
107615519
88085834
205405712
46632157
199172040
131338514
148868260
142382955
4281445
107614539
138515518
149526141
150937899
170848909
42961997
132912843
172977096
198111434
180935006
162984458
45689137
45463644
132042705
212568390
207780538
210427362
46757804
214942526
151497316
133832524
140961471
76067601
147188540
73939273
173168103
204881406
212606847
7010693
172977313
173167839
207724959
204877139
214517839
214488098
208681905
205404777
76046131
107615722
107617182
212042384
212986431
214816617
97042497
123578648
116034452
39151734
214667606
212986452
202270925
151036802
207019183
47312326
168051962
207777613
210164852
215198153
107618109
165684286
133671514
208507495
243251338
206304041
207782107
107616986
207565227
207563234
215187939
207502023
131338578
207272736
243252474
210153222
165686203
145930169
152729564
173166835
207780509
109854028
208188124
149914987
151805711
107615907
202449636
243087740
205509315
214617914
141349152
197175719
202403023
173168534
84446624
107616845
241892084
192070649
137527048
74255180
202452289
212047444
253073658
253071702
205405675
133831356
147923465
107617620
136874399
249817504
207775478
73429089
252623047
183352578
133776731
172000715
251013710
248082547
214645655
253244531
253242555
198529542
133711102
4624513
121175153
8134773
183351453
183351098
183352229
74776258
44591243
161253888
150889985
180938147
153467033
205644862
204896366
202060292
206658741
157548504
84447338
145538319
149124648
107617716
204896380
43842119
170296734
207346201
162137469
214738995
142383058
213959019
213713511
213862883
213715221
262481761
262600316
205318880
38200678
76149633
76070810
75409298
76124197
38346082
8972296
252626981
213558035
75579362
210134051
253619756
147206583
8102455
140717879
124887327
131337438
197744326
214617919
197181882
191417279
213558585
174857980
107615751
147327251
198619009
107617017
43844315
172977000
205405697
202270387
141990647
133830442
107617746
200969719
157044243
153081626
184944229
140518395
201571398
212986438
202060484
207512432
144482410
117557190
215196880
205375532
202269476
44295157
203147024
74859593
208188121
107617836
140212470
75611942
142047107
183352085
183351945
175978112
69334239
188147084
206481672
253242678
212986457
141765281
198618339
212052019
183112896
208188252
145537591
192070712
214660902
208108045
198618364
213876273
159668301
207563168
180935464
93958560
211300667
145934455
173303846
134918121
107618001
202407373
211314252
212986467
204896422
150887079
251022222
208306909
107614590
251022013
207335604
74776540
251015678
252037213
183351767
183351041
206546952
8440821
208188063
213857367
144380727
164540238
207494763
225915675
150890022
205404995
197183909
262497347
253292254
252612704
199535012
212959019
202450823
141355375
133776779
183351692
261816338
202061352
92346583
213723213
46041664
116586530
213876317
205114007
204609780
74967914
146260604
191960872
207754036
76142553
44885505
262896206
45802262
263117096
208307466
149403657
252627394
263117066
212604273
141360878
146035396
44841678
8103635
8953693
46106293
140606687
74151886
206547722
206547604
206548202
201121227
252625321
252625153
213692673
89291869
204769842
247403541
201648367
173302840
38357056
252622124
212986441
143865296
198618366
131338076
99443872
198618168
204896352
142578035
145539223
117557356
206306449
8057615
146612460
164782190
74279434
192124502
153080247
192019331
107616227
152024074
247403161
214611687
151805829
188543475
133829791
202269798
207563070
206659682
202395132
253162348
242903279
155156885
143172587
38337538
262487269
213716245
262597996
214816372
214645526
141038266
250954822
159004368
159004519
155314343
241888939
150494612
133776819
107616210
131338730
133830680
107615547
158803490
119439730
170848605
214611490
164539208
215730687
173168027
207778007
133828772
208264655
145206185
133830130
202267851
171435933
215197576
192019182
107616241
205382475
214705065
206629451
14292380
141345139
89291837
116034226
212986429
145535018
159856201
172977517
72007624
205327008
76058455
140448297
45463692
40962356
140628468
141039444
45463690
45463640
263117057
263117089
205943671
208906765
207777740
213541878
43043460
263117092
209378283
138908382
192034913
8102820
45100766
150877330
217570693
180939680
213911781
160907479
148850426
141497822
162137759
212986427
207498652
167922906
204387682
205375561
124887226
195948146
249816621
202060267
107614379
225915658
173653361
172976295
124887400
164537069
117577904
180935206
206376519
212986455
122872172
174857704
153509454
38356051
198618131
192034889
204962040
173168473
253071558
133777025
253292310
206480419
76217920
173168660
140621800
202060466
183352630
183351293
183351671
183351770
183351171
152492430
115223771
133832825
253623773
257831737
252626673
195862988
251022916
183351199
107614884
190242236
144488854
133673625
141596179
149914889
207014742
151611871
207768448
147012614
145539028
202448137
43763428
215999344
243251567
164540354
162984937
192034996
9838420
202270938
107614498
202060380
212986415
137527080
215159531
210524878
133669611
131337695
202059842
192034531
133831996
207768480
212041350
206388279
107617663
168729404
202060288
173168297
173167746
153654963
192071226
195948125
213954020
75730805
213951803
133832837
150881578
74985042
210427676
141038302
46127344
74984531
45997014
46085717
58429122
75409020
45463677
90113348
263117075
263117068
263117056
146948250
73418985
76105552
211300672
173167047
138898667
46357196
191911551
71517797
207565311
162137540
212986421
212257085
143838511
215197554
107616124
124887296
133667492
133831245
210164491
107617101
202060010
207778275
206541664
133511383
247829529
137526714
165930578
167928429
206667861
172977272
88085692
214050138
140412688
202267737
184944341
146614038
141217675
205482235
251324175
107616854
172000758
148698726
141499562
173168085
107615761
84446348
225915699
176618956
141990430
142798177
144333078
206547692
203146843
74776551
155018820
159004356
214645627
160296723
159004579
214645475
252623164
206629004
207768463
158757563
146960250
164721673
170848446
202060494
147011258
142711257
212986445
207774730
171666642
207780776
138909311
249815617
215196790
107616786
210164379
153466732
162137962
107615453
131337709
139192204
212986451
107616990
170848714
208747417
261819173
76045344
252613266
205375543
183351418
199958848
144049888
219462388
202450939
253624918
183352466
183351803
183351695
9838414
144268264
9838399
38348108
54420129
89293408
213943209
213872588
213721750
213710872
76042511
74966603
74539329
204953720
207745116
262601546
262600975
262598804
211300688
145700122
43768004
45463651
74025897
201644627
155495202
158849004
45689752
212609961
192989263
45314888
198618337
202270769
198619083
198619101
172000674
169935611
134298638
107615724
212986437
202395290
144221808
202060308
147778406
172976687
208227102
175998857
146952101
208507514
46648117
180938741
90586259
207537054
107617174
202270955
199240314
145307590
217569595
192124506
217169866
130969051
74255228
146261186
107616967
122870664
208507480
75410494
84446784
207345365
207920334
207563324
122873010
199530514
204896313
208681426
122871827
88085709
217568724
200969737
202267827
141765204
141765655
213519106
201596253
145535232
202448375
206652874
205509488
159035861
138893311
46627864
71005470
133830668
251015516
205837886
84446744
134688251
9672441
38541848
43683637
183351689
133776954
212959021
252612409
253072521
183351328
214645427
155314468
167581082
44426720
115224497
153486011
116639155
165918467
170848668
137527110
8364564
197183934
213562286
150965671
199535404
213911871
214690197
214050343
205382229
46170177
262602467
213959765
213966471
145456750
145224476
204932777
207754254
76122028
44885502
45463668
192127921
152310090
263117083
252629075
10010044
132913989
253662749
137527226
74776247
205404863
8826619
75579360
89176292
44784112
253162698