14035043
44935394
92514179
92514138
45262469
177657538
108941181
205428172
203950166
52150375
81588389
2329357
52198286
20463917
88814927
204325663
213532791
253054602
14498912
14498191
13459697
198291776
108939393
108940558
108941880
96649948
108941337
124592359
118149536
205428217
51930626
3549771
108941591
198933296
51969253
11386337
138932911
207397479
137952084
219140587
198942029
14863121
198515369
203730926
81509883
108942603
54550497
184691636
169338783
132997358
198868633
184689647
14889135
178778330
10697551
54597791
13854141
57696837
14890560
217640396
12678683
208662250
108939702
108942553
173712080
199249237
119192550
193745891
3550785
53234795
213532727
54974744
108936959
213585082
6333063
33839142
164540064
199267645
177664227
250078670
133672129
199049720
108939580
143242512
198935609
2343105
108939927
118146988
198916181
186710027
249851750
194563335
214935180
177660181
10133357
180949414
146449343
198753790
250061772
169337659
108941031
169338000
174632235
169339001
15739263
108941522
95509581
164071645
143114145
199531814
167523425
12342481
10133652
177657578
177664156
44934974
205666302
2679923
187056572
177661627
125541764
177654614
85048797
165758170
88814733
249153547
143242173
10144818
73871086
92810599
92810712
108941163
143241781
200780056
186708712
50589464
148698461
177664724
214490715
195854293
110378122
96670796
169579126
177656936
177654615
41341415
137951953
143113751
67539235
189658452
108942044
19421971
128328193
252075324
108939797
15990991
51593320
194563579
49020410
49209290
133673896
115223761
50303936
177655035
128325409
179993206
177896657
108941331
199251668
213919835
143241686
214603620
104366984
71206176
108940147
225909696
108942167
145457039
92810628
177665092
181756440
113914348
96662157
72226946
108941684
118148417
4211767
113914344
144181551
108941374
169335034
177653918
177655375
186884166
177663858
251266302
178778577
118149509
140568678
128593702
14886951
49059069
125603775
196550824
143012049
43334502
143242294
3478585
50590008
108940905
56111649
184689617
153045658
163910739
195969495
50253317
127120870
143242733
177654155
184334364
169712234
169579569
177654305
186709256
108940030
189494735
108939507
177664957
177660186
108939818
119698466
252912178
169335283
2226197
200717304
119698742
177655829
19808416
12048799
195844720
118149177
139283892
108941685
239180113
105660828
95472776
11307543
135649083
203901222
177653832
179941448
169334633
118148542
177654591
117490281
143242377
48491177
92811064
2735315
6006005
77028510
177660118
115149862
198737902
108942448
169334864
10581691
148698296
177654611
177656562
173765908
195946935
125603394
44866474
2337237
177873421
134313922
199042392
174503288
177660414
127881536
13573123
204066413
177663765
108940903
177654660
75434145
176581640
168213736
250061771
26036453
192474434
177657174
10136059
108939352
259519124
125542054
253228940
51048613
250061186
141961453
51144302
142061792
199040217
85402792
108941824
125604276
217095829
51510133
44372625
55956532
26601497
108939704
189494788
177661995
146381522
242653425
117763771
75427505
186639040
23188901
105124938
144180577
566379
203696937
198672524
177661547
125541411
119406146
46628505
143241687
177212261
19824893
12201552
95739567
246971753
250060334
15720709
10142963
208684758
177661565
177655728
197855556
137851651
253135704
108941987
219163421
108939822
166341831
78556533
186605872
124209070
97925390
187217278
110778886
207017142
169334721
173765932
177657170
78985418
199038538
177663759
177654587
182558212
198936174
177655450
214919254
249084509
249009571
54442871
185168108
248256715
78985837
177657693
117268610
199058521
77111089
229728294
142399950
242393736
143114169
177661819
194370960
169333997
118147607
147802924
169335277
125634584
200720480
177653919
250359864
122870076
142377207
198934472
117775085
138932751
140148268
177661941
147423386
132777827
251542897
6758733
84484832
75946310
143241786
206109235
177660225
169337804
192229409
143241868
143241277
76386741
2336975
177664961
198968052
98332484
27817534
177662172
57899122
53903946
19293485
12380517
118148330
189534824
169728559
169336784
198500868
177654097
40963348
19297892
177656825
177664134
45376503
141765097
177664739
83612354
140278768
124526297
194567450
177661576
49296389
174632380
177656444
208761892
217568456
125541572
138449640
122873712
119897249
92810929
95549069
199141604
174632311
106081068
214785167
14035898
177654074
118149515
248358931
197533798
173712060
177654026
125737609
149195000
21714585
122870955
14442083
143241768
212268992
161509419
128318946
177661711
167578973
174836130
195318065
160324303
177657930
108940375
199532340
154406668
184691727
169338586
203860544
203273607
251266487
205897258
187838950
78985795
97326210
177656778
57064514
169336859
133884378
204926969
249940660
177665128
117773759
108939334
78985749
49186263
117764550
172157536
37714983
242394783
54435963
177656855
142250177
194566263
108942148
13571016
145681710
208023275
20772567
52863085
121330958
44967154
125603954
122873950
118147101
214918274
154858857
143242967
167578309
78985861
5953057
177655504
189035742
78985931
164538035
150935817
177653922
177653967
143243019
142400575
173903794
122871343
198500688
91444726
143241445
122869587
177655403
149436089
194565316
242395531
125541598
153816399
143114048
177655088
19360701
136062211
22015794
143241457
242395386
184950777
142212409
128326531
15619183
170775129
187063248
41412582
49324531
92813052
43762380
143241849
142400000
119406514
128300266
77199610
127878955
118148593
177653950
251543352
167578742
20155072
252958724
242393408
142247986
142212396
177654982
177656260
125541546
177654292
188708393
74910236
136042200
12387289
10567695
143242811
108939271
169338630
172831303
109853736
248764485
194567583
165176868
195317462
78985459
108939708
142061872
108942264
113251959
173578577
169336031
158720839
136940195
124595107
180900499
122872910
143242182
117828460
170469192
125541401
199045242
213886068
252920227
177661624
177655698
167579784
194565141
132082693
248738350
195844972
41574074
43761827
143850300
143114182
100348174
143241966
242393568
173553259
14926512
178778738
115149842
188697009
134408741
189535009
203860364
127880508
143241872
165924424
177655860
51306229
108941960
177654500
108941339
177654102
177657147
177658012
128327759
153047643
164541329
143113871
177660379
143243045
108939896
108942452
182563863
262455113
187423061
122870579
177656697
204924493
125542259
177661893
148018297
177654619
165665650
182309487
139218503
122871900
170775099
181712999
161540529
98291329
177655915
213490957
177654810
177655044
177656412
177658066
177655120
194130753
142061679
117764453
76182956
72297002
20326784
19831113
137825313
246931668
38686516
249937680
199011806
115224734
59235085
247821395
212318614
177654742
213881611
138834230
108940324
194139677
250061431
108940769
177653818
250061740
177654086
251543572
22935246
177656558
252293514
4502657
177654800
122870578
23222335
69343338
44848984
107403147
205209198
200864241
198562228
13571872
138934165
177655534
133667783
139224354
182735365
115245407
177654274
53904628
194563593
169729272
49622385
177662386
20574970
91450407
81389209
135328207
199038954
138933642
75052166
188378692
108942388
196024735
92136348
72039941
92810888
22186375
177665006
50304337
214503911
177654950
192852453
143113936
37398614
131397033
118332237
215104210
169334119
108942430
14307009
78985201
200711342
140822015
181681416
74028854
182296469
117460955
143612347
127881516
125736857
122872125
108939426
118147011
177656553
107791371
221840471
22390340
192214585
177664193
55059405
177655066
182308644
142212054
135942587
169334166
137211913
118147135
33405066
194130914
195970963
122870601
58864003
122870786
143612441
108939316
177655757
177657935
185992225
97044887
133670167
11525822
202643113
133450306
169339368
54998904
167578382
203756869
76481543
197213182
182301393
127880307
174632255
197533219
186552486
122873442
122872132
186623312
198955786
108941857
149195197
50591966
108941194
183726421
12214593
177658055
148698073
122870364
164540080
197534203
180253001
125541782
19638020
169337684
122871639
118148678
169335416
113715484
204057446
200996418
205609951
74932958
117570376
177657160
122873040
183726605
122869548
177660272
22968073
177663701
51302092
122869336
177662237
139283859
195739276
58897656
53994694
169580578
125541600
248259261
196450562
134852315
215206376
177662075
6762923
108940787
122874046
111653581
108351336
55166391
13330091
164538324
124178810
242394881
177656963
21259145
177655424
127120604
75574095
127878720
169336360
36559349
8280708
118147858
125616270
177653802
143242002
167580345
119897941
125648455
181699414
174601200
188711557
190542311
206295241
194566946
149193417
213690449
10581928
53917557
74964476
52770159
186742862
26324555
186136688
167580253
67743808
135644203
177655597
167579254
117764161
19856093
108940462
214490401
94230410
177661543
194567264
164542308
122873736
97925505
119407115
183727012
242395037
177655889
199553256
174235726
189535842
50305582
5993871
72206798
144482713
176584717
177656485
177655844
169456080
187233788
183726444
177859453
72588754
177661537
199052559
171945393
169335632
183518556
199048103
123823628
169455444
35617696
177657818
138933345
177656188
108941254
198128709
117764268
177657375
205800624
177654419
128328017
151707756
109487314
181753671
183042706
185745062
85559677
177655691
169336732
125600917
194565366
129859591
205765982
242393611
125736721
151765042
143241663
180937542
67395812
184122188
251541772
204923253
21063689
74539552
10818408
169334299
127879150
566372
143241271
253444394
178604952
125615850
169507923
78985651
78985828
181713055
142211979
108940454
117764393
177653830
169337881
143241644
177653867
253114092
95175298
108940463
102577514
177656577
113914283
205428229
177657648
183726281
175684384
122869111
17899531
136064023
204923651
229728333
204052109
118146962
177655902
138932890
194567665
188711363
138831521
21333249
122868698
108942687
140635294
81603031
58878710
154720550
49621861
125541595
169335288
138665666
78985992
110779248
164541852
177654246
187209774
135328212
167580356
14040087
178004383
198975734
165640489
148990291
177660109
113965666
108941046
253432286
139214248
177653945
254898983
122873455
164539484
177656051
188696313
177653815
143241948
143864177
249695301
177656242
251552614
138847435
115224976
108939979
253229105
45931975
91604948
196425405
77744983
143242854
242393685
92817912
194462962
19615023
106081077
132997476
252915094
187240701
117763854
177654722
225311565
108939783
96670223
177653975
143241491
254901696
74178145
122872234
20074124
44855502
173999171
139227518
167578244
132859237
196546315
194563481
177655697
122872407
183726305
122870826
73206322
132083330
169728986
143242032
198914977
177655677
129767207
230366658
197533964
189748569
177657600
253072310
91450574
180920490
177656193
197927045
131480448
41574117
147697262
262780583
198956898
181218442
249174320
177653831
169334942
149194227
214580091
78013751
173578635
125607083
102038418
209414993
53982954
134852137
177654721
117778503
206255118
177665147
177625812
247796991
169336805
249394453
253229299
249181467
183732048
182136365
186304519
199526172
20600294
174857619
132852409
177657650
117774256
133831405
197533951
242395472
91450537
169335691
55060468
205217155
194566000
173768486
142399954
16699111
198965140
25202159
117764111
138842130
133085957
177643972
243320085
127879792
167578253
122868760
169337226
127880072
117763871
78014228
167579242
147805406
169336781
253115860
78986015
198119185
252860292
252410635
122869853
124273378
262780646
108940076
201600093
47824630
155600424
108940019
169338965
7203733
148699174
187839103
78015566
122871218
117775181
250061721
242394666
169335286
177654045
143243036
177657144
169336311
133669834
251284143
56863980
194566265
252496871
217512808
247298522
169338547
147802937
136940113
122872152
242394363
143242916
185057546
177657875
213882042
253072789
44984911
169338974
13338990
49625215
78985818
73617992
159648899
188976773
21416636
242393661
177662518
177658238
194566033
180948132
201475533
122868604
67790181
158802945
194564409
179983297
177661573
75338793
124273718
108941518
186240512
177653803
214578859
152375970
124639541
177662177
82074472
144243494
177654043
27538459
194563553
147854338
144402690
59517680
134574748
194566613
194567610
217169491
177654296
12613005
122870987
177655918
4123757
74317169
204928075
143242826
225304406
194563311
54930764
108939290
214601713
57785452
152055322
230366672
177665131
19601565
122869797
143242287
7597092
194567456
144162542
147804553
138932823
125541844
249945881
122869907
142247288
53259852
104001537
177657823
194567402
118258068
205428176
138854603
177656846
177661710
14307030
138846249
139214556
177656018
177656180
148699864
143242013
177654682
43105897
44308968
143241958
152683548
161615572
125876054
197147183
39018209
2775189
183735973
139217864
197533039
229728931
173539336
105501390
194566311
177661665
55956343
229730297
177654435
198501021
248682401
199522919
108939727
51304138
161553168
169337761
197533085
68554811
127119996
177653817
77094669
242394950
177655848
177656226
177663844
122871777
54006245
75573709
164540537
230202889
125541345
51356876
139222435
169454971
199058666
122870484
127120718
125542182
52771592
229728763
177655641
120860471
92817783
193006389
13336538
217424482
258897669
50947804
23394194
122869564
183726974
177654005
187229278
22968223
125541648
143242203
127120301
177662200
122872544
160888176
159855953
194564168
118262409
177656158
205298819
71204707
217521645
153047702
139226074
205522891
169334211
122873219
198020068
147804782
173710824
169334919
68769312
261820400
251542458
177662104
4216289
169335295
194565080
242393458
194567629
178013249
197534208
172951235
145273579
197533522
77117753
122869982
142209738
187837102
169336148
177658201
122873586
177655839
154858470
132040174
177898477
177655606
197798523
177654231
217153682
242394469
177661830
177655604
113964489
242394943
197533509
197532801
177657194
177664819
252994655
251541353
221253504
182301543
133669385
183727121
132858870
199870843
207017686
138853461
218758695
194567195
118261128
14708368
248401804
52477636
194566971
71999737
102016709
199011435
143114208
108941514
108941891
115149824
198074791
78556153
203769703
77937106
183728454
154225145
108942161
165773892
181995404
21767514
249946694
89427394
159593806
242393605
138850080
197531990
142212174
201439975
161555981
169335015
169336118
242395012
128326514
194565202
122872664
197534135
169334452
205691758
169339123
198500490
169338566
177664968
177655195
147804254
56543988
117764164
566371
229730816
76058697
83937057
22968210
177656723
207774959
122872759
194565134
197532191
175684678
194564562
208181492
143242311
201602632
165586126
194563239
128327763
169336592
177661956
10581584
125541402
229728932
183726551
229002160
138839333
167579931
83031324
177661707
194564325
138842678
106081152
38686478
182301304
242394890
204928655
25051063
108941968
140648205
209409111
8693925
203761175
205614395
9440806
181714028
12369601
261996417
108940775
13884521
44855174
169338847
253890844
117096376
248652134
177657952
189459925
148991457
183726994
117774455
152071516
117173551
213882149
169334188
198500548
230366671
128327937
213872919
178013357
14307034
169338085
118262125
190539259
250061922
251541590
174257257
173388425
253132123
69653341
177661702
206710583
161540378
169337999
198500462
122869459
164595178
177655348
242395477
222705146
177655622
207279681
14307044
242395587
169728701
143241864
142209705
203765095
204927111
242395927
14186495
173053466
169338417
249175013
15276561
161284713
24403862
73355525
118260343
34700900
160788549
177661999
242395538
169334316
106081590
12606685
7254893
108941353
38601267
10716733
184064436
205941943
200779855
220677950
2160317
21172285
148300971
108941782
4509687
242393526
249483918
94230395
198927953
186293462
116789241
194564938
139226652
197534115
216213233
242394292
167579139
169338139
566373
194563787
125541356
158224130
149650878
100406303
229728268
251541393
10132735
173342069
194563285
169336996
194564879
172370673
139222812
189494689
143242333
117779298
197532135
161569650
177656248
122873518
183727080
229729447
143114055
177661897
242395247
197532644
73661902
106081302
177655613
198926014
125541901
177654391
143242208
108940074
118261332
139479182
207805937
143242246
177654216
177662224
108941189
201602546
215388509
35716499
169269102
143114058
251541147
197516131
10579451
19879691
22186908
40922686
22012046
16984701
207017345
261995136
108940606
199044332
94230400
205477688
215095433
203821105
53028577
169338696
242395334
106081487
177658138
194564853
188697117
78014626
106906435
138850923
137011275
177662514
197533078
128325986
177654854
169335730
82070988
174375644
190542551
194415602
198500738
250061488
198500961
197532021
177663646
84331901
177660385
143241544
74594479
19764213
134580119
122873064
122868647
198500969
125541922
167578715
195318020
169339269
174601192
146381238
169338487
169336423
145271282
149195670
198500921
118258618
143237423
143242889
208762136
194564226
195317377
169335327
178013507
121108257
197533656
139220387
14595392
177654775
194567821
199216314
121329322
253229097
222683758
108941613
167033795
76898341
183708549
184036485
192640054
183313797
217480511
107005577
217439247
28601164
204378193
19576037
249643536
195318202
144906740
180935310
149193616
153046339
19824285
225304468
163911437
83934524
21482859
133669195
194564290
242393717
149194179
242395494
89192011
125541265
147100167
142212253
117774976
177662188
194564920
242393473
116620457
169335010
113968210
173070928
169334049
242395039
128325694
167579312
169337945
57276762
74594527
242394706
194565062
177654598
46177795
242395461
249174666
177662214
128326154
194565215
74202221
249174390
171666550
251553000
220661847
147805707
194567265
169338241
122868884
174809256
48960392
152058885
229728119
128325189
183726537
42889763
139467534
106081506
177662327
177655143
889588
214488084
205926624
183288401
195848463
68152398
134574187
247907321
253061197
254182232
108939813
177655558
74539558
117774428
133786765
197532506
207042148
148698505
147805400
242393527
200709215
177655708
197533014
177653829
138846505
250061882
242394348
249175187
174835457
174835621
174836623
205583554
205414726
147803577
180976287
188308303
42873329
147804551
177664466
197532994
142212284
197533895
169337985
125632660
183726851
177662008
173136696
160830264
197532974
169335001
106081971
143242827
139230633
229728780
183726314
242393765
169338326
196546838
169334148
183041186
182558556
167432124
194567536
205691771
177653853
197532056
11298333
169335749
242394939
165585689
127879463
183726428
242393962
212607876
174663158
15666069
173007802
242395863
169337875
197534177
153047793
177654645
242395532
183726644
249175614
189946827
217149667
108941532
251544213
249175265
138831713
118146989
197855496
251544124
177654095
205609452
169334715
169338955
107368505
177656221
183727013
242395891
147804598
169336250
63598942
89197148
197533700
145273859
170280623
183726759
197574304
135071825
197533237
197533638
138849092
185990343
177664612
169334666
167579724
73870960
250061095
14438525
138831495
180946797
117774739
250061520
173342092
63531216
188935463
143241349
197532368
169339008
169335467
169334365
177664330
169336874
74038828
169339224
144756068
197534110
169335541
177655480
131304474
183726521
125542081
169338141
251542289
217150029
177653913
125541675
225951988
147803840
251543275
208232284
138833432
147803736
169335659
76401055
198928663
173714364
198928320
121249700
108941943
118148620
194521014
156660152
118147141
143242939
183685501
72509974
76310827
173518697
54360429
197623944
193670603
28313664
204923834
172590596
90738221
22984359
118147038
143241718
119467435
205428143
133673939
67859916
169338161
196199044
143242461
72030434
172377935
153368714
169333983
117091666
167579142
55724593
39366956
50500459
169551362
166033953
141564290
56458661
206618598
627206
14031433
53320603
22015747
106081270
17462600
17926603
164429084
196545927
117382801
196200835
170121602
120763493
169336542
196204066
113616794
21767673
55584297
21776557
140568783
167579134
51595497
118147066
186819246
19575540
143243044
188380939
143242188
148015811
169334393
177897714
172365907
196337965
196201827
52430557
50743438
143242048
67858207
55583190
144465809
132998170
107355197
52431171
91778206
78975842
197775407
243105721
249725193
118148137
197534068
163580292
174128147
197532332
118147929
147805660
169336985
148016430
121000389
242395961
249143402
177664294
183685225
174247492
250105287
513227
146428205
31983707
185949463
119406312
50590173
177897698
117215234
117172756
31987019
15276859
169655446
21034215
8947578
188697063
213881831
14157442
217476297
169841317
122872579
141514593
205428142
117215933
118147036
71985321
169336700
124710355
199053120
262654480
124690580
202772648
222703931
138912924
154184534
139225349
222680455
200693028
205428163
118148102
55582337
201001089
182296314
52985314
177899290
200875518
198868652
108941918
217386986
120051700
99699903
17056622
106081804
17711234
174836640
14307052
143242963
68261422
197214828
204927046
75358712
177657842
169336546
118147211
55074985
1418885
119285806
242077888
201538150
141514449
208571202
118147375
174128215
197533563
177898127
120488985
169336796
110729818
160570255
177898685
128936951
50546936
198868009
169336303
198530832
173392447
13326898
167578387
143242148
247471867
25557421
197533556
122226651
134392150
12395353
213558008
121003824
93527387
73669640
183726945
51501531
82961689
174835937
105661071
169336501
146035175
21083751
122473911
22968193
6498501
106081136
169336271
2333835
24209725
177898729
6498487
171456556
169920454
199566442
60090758
242890934
118148409
169336488
183913453
167578380
120761962
196388029
138933800
24176135
143241683
19763750
122202380
122437829
186694241
52479557
21042677
167578440
247718768
28597917
117091039
122474302
247666003
59239667
169334475
206946146
55583529
52246978
169339222
121166430
122480447
120553857
120999553
121798974
143241832
120760955
147803690
14307042
169336437
214819607
144755342
169335395
24608066
58398963
242393881
169336393
242395132
127671343
174857519
109917518
249174674
167578974
5042767
50467473
203585500
16427992
68083826
198957498
21044088
72628153
167578899
122194951
169338616
169335152
138380339
46126922
54767948
143241275
174836195
222715730
31716728
169335305
197533058
197532683
247666552
213921781
165637461
41693631
15389441
125541555
99699940
12977208
169335028
143241955
45606492
199838113
147804383
17936306
249023217
48877332
144753991
6756309
21535049
135900830
44277519
118255580
133670410
142399951
82959267
178004374
118147058
127120160
202907146
137865053
55520369
51133822
50768628
217763300
122868578
12494505
52253144
58396272
143241409
22968537
122871910
39323776
113232205
112594952
118260155
188847227
35221880
169336124
229728385
183726412
143113746
176223728
10101506
21129702
222656018
108939885
143241567
183726556
177899111
122870273
108940894
143242152
177898740
169334373
73373971
17462542
249577239
52675529
177898707
54619001
169337333
20871095
169338635
197532898
242393627
183719411
146381768
50587408
197533734
167580170
242394858
151547356
143241742
177898109
146929440
138932799
150780768
142403302
174097804
56808542
50500922
181217160
117774960
183726425
197533566
242394451
177656948
197533372
143241312
150780247
119406886
513194
182735394
195317857
24118617
169337980
513223
229809069
169336471
128318875
169334837
117462204
138053834
108940174
176219858
73890284
242393720
72129638
122869604
72628363
138838085
195318574
122436981
177657082
169337215
242393659
200693016
206294295
169337087
197532152
117570569
46109443
121249800
177898149
52698153
242395451
201350519
58396901
121249917
117554851
14875294
17937841
58806081
54925999
191513464
196536977
83394996
143242799
242394518
197533747
169334326
45846788
185658467
242394180
135725247
242396108
14307011
5198805
242395395
23005152
214816353
149225489
169335680
144090442
147804973
143116460
197724407
183510300
12330865
43334632
193970241
197533535
14306981
198063818
16193811
187687978
139223264
131400687
174836336
106081703
36371580
134392179
175875102
116391719
144754999
45877461
20932524
197533159
197532193
143241566
147803386
147886115
169336766
83047203
242395902
242394852
169335869
169336376
209305519
177654459
242395268
170916629
146035387
171458142
20021930
175151362
175873855
19829556
197032898
177654060
138913925
138910831
213877037
169338062
247892263
242395107
177746767
160419417
197533804
169337265
167579859
177662476
117385250
167580135
242394895
167578878
169337834
169337190
170743034
197533577
242395172
188697200
242395672
5370775
197533370
242393474
143241452
133775221
167579243
22968373
197533800
169336325
143241313
143242823
197532967
197533171
183726422
169399170
169333992
242394086
183726452
189947032
15276550
22968348
242394253
197532397
197532524
149092234
121949636
242395122
197534061
242394108
214911352
110728138
197533331
197533962
242393712
197532829
197532802
197533471
169335387
121002589
197533205
163271025
147804545
197533938
147804670
169336084
177657912
197532363
242395521
177898944
169339118
169335120
143242353
147805578
197533268
174858747
213474045
169334827
197533576
5370827
167578578
167579094
169336821
122474770
242394809
242394625
120438187
169334755
169336524
22968190
203423002
242394161
146034975
177665398
242394254
183726354
242395930
134399399
169336767
169338927
143242618
169335247
167579955
167578809
197533562
121223412
171924013
197533565
169339338
169334691
120438059
147804962
119406516
174836731
197532031
7837943
120999485
143242727
250681017
138914744
138914848
242395839
169335460
242393984
106081765
169336909
169337573
197532869
242393684
242393673
14038389
143241959
197533861
121165780
242394871
242394425
169337476
177655658
169337955
169335546
197532402
249174913
169334736
169337423
197534162
177661838
75432070
169338910
168795158
183726501
169335440
177656022
169338827
252497193
173153057
173151664
242394308
144754483
120567777
141567346
160297085
134396335
146035095
252991329
197532589
197533026
242394629
94038969
189475012
115149913
257558201
258859409
143241504
169336144
106081509
183726859
174835727
121693137
169335265
183726633
169334561
242393920
183727093
197533011
134583636
242394883
131370318
252991391
251541425
58398576
242395162
169337674
169336398
177662029
215095522
12622160
258859636
175175323
177642966
174493914
160572980
177478592
174067528
174243155
217480242
161634216
160570748
241776048
214232059
222715966
174446210
173391028
164837631
150184758
176312988
173392252
176909469
174134009
235761888
174510628
108973999
215903034
242394672
259321635
250105526
72202403
242393942
242395625
134390313
191267177
200003872
214107718
242395282
122212943
197532492
197533234
147804811
194016486
252846071
42969075
242393431
172984988
48173166
24382427
222656257
222656528
222656207
263030056
242393982
205478148
182755293
254181713
263070052
139189146
78556377
6022529
10597541
85099101
59204713
54801844
56811236
57051202
182743128
182980940
183692371
184647703
242801520
10827015
148630448
198551720
55847515
26547879
50413037
198490592
242733918
193969935
186591147
253662799
169967803
242394030
195318003
134391327
253229464
161211340
249937432
94230414
263392435
146493651
23391326
37725130
21765801
21716010
257855687
167578787
188697405
242393548
197531954
183726336
199951959
167580145
169337071
22015776
169337956
6498483
5370847
197532249
248261965
242394378
201549480
242395789
197533786
125738050
169335817
150780988
204926574
242394725
167579810
147803355
106081514
169334517
251543807
144755034
117463292
179549658
242395847
251542566
22968197
242395250
197534197
157710069
183726588
197532132
141920704
169337859
12498982
251543793
169335035
250061359
169339083
169336339
189946988
177661674
197532534
143242067
197532813
250061878
197574318
205583010
242394385
146035831
197532049
251543324
171923757
169339233
167578969
121692922
197532984
197532815
242394900
167580100
169337149
242393785
242395833
250677122
147805658
169335794
197532016
197533228
183726451
15666110
242393972
178604944
167579322
5370823
242395722
169337970
74821177
257842691
259567782
230015783
138849239
197532493
242395865
197533199
197533799
119320542
203860150
197533216
242393384
177655514
22968111
242393784
169336500
197532352
195318025
146034432
169656394
183726673
147804649
143241455
214933310
197533882
167578473
197533681
5370799
122151873
197532776
249174385
56863597
169335808
147805460
197532305
197533641
15666222
201004173
185658451
143242190
169334380
169335545
175151415
172546034
150781168
197532229
169334685
197533778
177654608
147804393
122437159
38599369
169335092
169335968
169336502
242394444
169334764
162199855
242394957
188697203
169335890
197532450
10595241
242395915
134311985
251543874
150780851
150780895
12046809
147803790
167579137
197043371
169335067
242393662
197533493
138842474
169338522
169337614
242394876
143889417
169336628
194563318
38565928
169655381
167579027
167579585
169655671
151547379
211300522
121026401
177664184
242394235
183726678
169335778
249174796
169335735
147803927
169337359
197534088
189947008
167578583
117221020
177656547
249937677
169336245
253069339
258766714
166539917
174039018
196337912
173392400
258766726
174502668
174103965
177643561
172948749
173389957
176930806
176147192
173539397
182774047
174610776
174241206
207278929
235774264
215128860
225972252
195880261
177493538
173153413
222716489
134399417
258766682
169337597
249174213
253391044
252860250
242394110
146035317
250061222
242396063
254897822
175161873
119374345
172984892
200963131
145144433
55581793
199263656
144754366
110864027
16870299
222656742
184849793
257683529
200677142
197966682
207611778
197973534
197798809
197798508
263069933
195236344
215704015
263069905
263069859
263069927
263069888
21290481
78556575
67612992
56537738
22387343
205585825
53994776
72030225
263311310
242647223
153580644
242733341
208403002
119698212
263341072
243319743
72645999
249174984
176581813
4502693
176582698
176581115
170656801
171458535
134398406
146034557
23402887
21716333
23392627
24209972
21772267
173726123
249175571
169334907
251542572
242393845
249174607
48553924
177654371
169655353
242395171
169338923
197533520
183726679
183726956
208685389
22968106
183727083
167579778
23005175
43077825
194563278
197533570
170858322
183726701
148715847
183726661
199630254
51281470
242394856
6843041
242395043
169335710
139224461
183726399
23005213
242395148
183726966
5370783
169335306
177662500
188208003
242395506
197533168
143241757
169335077
197574359
242393873
178516823
167580303
171453741
242395096
242395767
177898719
242394482
169338555
172351891
169334112
169339336
242394357
169336091
197532078
169334621
167578420
197532768
242395293
169339043
153466921
251542695
73563919
189947004
167579089
181993971
121000108
118997558
197532934
143908260
143241441
169336882
174663140
188723397
197532613
177658074
167580190
197534190
169335192
197532547
197533984
242395850
5370791
189947002
52603966
183726890
197533107
17462595
167579135
197533218
170848174
143888989
197534178
242394152
197533458
249175782
189341587
251543764
197533209
222656755
251541762
189946999
177657580
197532918
242395841
160821484
176217512
242396049
115149845
189946957
173002354
175162145
149509796
177157998
160570219
177485109
177746637
174231840
167138053
174242964
176902913
217474687
222715540
161257927
174442238
167430412
174614129
163793437
174130063
177649766
160570883
174257450
206640944
160571914
197497394
215543790
207270761
160554729
207694315
176341903
214802393
258859059
252497064
134398890
249174506
252991531
249937551
122872094
183726754
138824095
122161888
167579772
249175186
167578466
122475081
169337946
197533900
195317516
201348507
197532257
17462549
167578776
6934077
183726567
183726524
151545453
242394233
50823163
167578379
197532525
176502331
149091915
169334165
197532488
197532275
170985630
143243020
197532351
146460126
169338378
155278239
167578361
169366163
199727340
197532969
167578623
106081568
147805274
147804337
189946998
169338488
183726694
177657947
138839301
119259143
169337702
197533615
183726641
197534026
121159291
169336120
169334851
197532805
197533731
177656083
169334670
167580015
197532924
143242440
177655967
169335952
167578947
169339355
134390923
258858865
259320664
259321360
258859608
242394926
198523092
58395868
58395679
252994564
253328526
254897676
189946870
169333975
177658155
242394613
177446929
169336877
50507665
197533564
169337720
17462572
169335037
167578958
169338103
169337104
5370771
214918239
139225720
143241564
147804764
169338996
171457254
183726875
177899122
92146293
177655602
247315642
14307032
252877896
202424817
174511272
174511577
21283580
20769834
184848305
206553910
207723669
198081765
198078020
198629195
198539694
198121032
263023940
263069857
263070003
263069901
263069978
215703170
263069923
128251876
37157418
78556249
40551718
11455277
214488100
58815068
214488090
185830248
182830388
183513196
262977934
37156977
242729153
55153819
56830864
56746094
126085738
178000164
34163115
263069953
193053809
134397485
252883033
12623455
243264274
146491873
24205975
23394953
23394372
21716599
263392659
242394344
167578615
242395654
143242734
196193921
197532897
197533177
197533405
197532831
242393780
106081433
242393591
242393391
189946996
197533144
222656002
197533134
169337944
242394584
251543024
197533507
180937107
214918235
229728938
169336391
197534202
177665133
167580373
134580377
120999812
177654139
242393878
169335947
242394231
134395100
183726628
197533787
147805340
150780942
177664244
197532932
167578495
167579160
242394390
251543741
242393606
242395854
197533532
242394667
242393416
197533494
169336160
121165414
169336410
196070658
197574256
169336056
22968381
242393529
183726948
169336807
167579657
140285140
127120637
242394391
242394381
134399369
144755780
169656105
197534201
169339298
206473699
138834592
150781137
189946970
249174818
197533371
197533042
153255312
167578979
169336914
177665059
167578675
170727640
167578434
167021362
144754826
197533774
242394604
46275781
118575598
251542711
173389202
174131033
144754356
134390939
215541599
160553562
208273551
167970622
215521573
173508033
177208721
182772357
174419558
174613044
176933743
173185760
180868043
177204173
177467570
161298111
173392819
222703060
176938812
177590619
182753960
174130417
174445778
150185435
206641100
173391141
144754976
259321642
49628784
242395124
196965338
242395561
115149840
145457080
166222120
242394431
169336462
252496501
169338183
169337927
242395739
251542852
172952954
183726403
177662077
5196791
137211951
43044534
141764545
197533573
169337743
167578789
197533064
242393715
127879790
189947030
242395067
107355223
197533957
121709759
197532935
154413555
249175834
5370767
147803465
169337125
180936212
23005338
133005861
169336406
169336684
197533346
197532824
167579130
177664618
147805041
144462618
197534059
197533203
163271611
167578561
197533823
120765252
121967751
169334302
178940250
251552620
253325058
217547059
201600786
214598391
58396732
242395675
188696991
197532415
169338340
146381546
207994289
120760903
184484846
251541178
169334620
242394402
73166096
167579226
169334770
513226
169336242
167579722
167579055
119285028
169336861
242394397
167579537
169336721
149193488
167579034
121161472
251542983
177662216
169338135
177654455
197532271
169336264
169335974
167579551
214216807
177643090
213882167
222608842
169338730
198029679
113406354
121332255
263024018
184849209
184240831
207729878
198078282
198539991
197380699
201090306
124276322
215703133
263070118
245791139
143001824
58570092
49308806
68260897
92344769
56831517
56746655
56881750
56831513
205611756
55355278
205606559
39322541
34909550
169335032
263316185
58479656
242645947
263347708
202042405
259321657
258859418
263392863
37726468
37727425
23393738
24209382
23393852
21529228
37943449
21762826
23403923
174809215
183726619
242395844
169335685
177661825
242394770
143242726
197534191
169656084
208685100
242393404
119407156
169335353
143241690
179974124
169337627
197533195
186560879
197533806
203423149
183038813
189268198
170743288
201168043
167579504
19760325
197534060
197532403
52290407
197532384
197532006
193077882
23005157
197532303
197534024
57842077
15666108
23897269
169337655
15666155
143242879
197532719
197532758
242394614
169335961
169338933
197532456
197534034
169334763
5370795
177661902
5195797
121161584
242394766
169365969
169337317
57441745
169336446
73497440
199974551
242393566
242395746
167578303
115334546
197534029
242393668
58801987
242393683
90332370
183726923
197533858
147803084
143242825
169336798
242394375
206246469
150781177
177663755
165054061
144754992
242394861
189947012
120442208
106081747
167580255
181211649
242393402
197532765
149091920
169337846
169334190
167579000
169335597
251542302
144754584
167580121
251541829
251542047
71088015
251540992
134395186
251543953
58398377
242394901
198869575
242394837
189947028
242393472
155916875
251542015
251543424
249175416
146428568
169657093
177657329
185658427
167579400
197531957
197532107
197533797
197533249
143241965
169338672
169336477
177661626
169334404
147804980
169334275
167579039
173186786
169336739
149092122
134390483
161899283
169335401
151545410
197532736
197533118
197533083
19582297
167580215
169335914
197532133
169335994
143241563
57221024
147804463
177656070
60807137
167579096
197533824
169334768
169337748
16362457
169335557
249937425
242393937
242394854
249937636
133669223
199042645
106081252
122221734
251543704
128805358
169337072
57508042
177657275
122283479
242395875
197533571
112216742
197533451
169337973
242395921
138106154
169336252
52251599
169338618
171923784
108970118
252496424
252994527
242393629
201244352
210130829
253125203
253053711
95175229
169334288
120036840
143242466
117070603
204924180
253125137
253053691
214497679
261975294
106081495
143242270
21277844
143241873
251448900
169336183
196545537
5199899
17463181
249775378
144757667
143241597
21279568
175866946
106081580
197533497
167374752
143241356
250606838
17462558
143241576
143241357
247889168
135837352
169338895
118149088
167579813
120800893
201845748
143241782
165788334
53621830
169338721
106081284
207759728
207759731
177633224
229729550
72628506
197533264
134920302
195740398
143242777
193858880
169334002
194477567
143242210
58143305
56457887
143039194
161230919
247255266
143241885
16364625
169334733
173176462
143242824
106081512
122871231
21310219
143242786
106081637
198865178
143241353
143241778
169334133
169335540
248357803
167579565
143241366
82961329
16258066
143241278
119407168
169334018
143242924
83483469
252701519
172372209
177655254
143242070
106081343
247255511
120441788
143241774
143241279
160296666
119107512
106081609
55062558
78553350
106081154
169333993
143242081
118148521
106081445
119899554
169336810
106081628
193858646
114251486
197530751
169336368
197530793
167578423
15967330
175833513
174423110
175846967
177340305
242393612
249175534
169338528
106081140
173015272
106081696
55055647
82829300
143241321
21128054
143241276
247256061
167578339
169334331
247255814
169334363
106081116
248845722
253325296
161261179
122871106
242394744
169632077
247256011
182722288
197533340
215186309
121250332
247255403
169335112
513407
189946976
169507020
19578452
133212740
169335892
74894547
169338754
247255694
197532124
141567507
37731505
177655726
197530791
180335783
44923092
118258496
31698591
198872830
194563407
247255543
197530733
181461673
183726484
169335123
169334865
143242098
169338925
229728445
197530737
143241946
56360432
167578365
143242649
143241967
164539563
202643197
143242073
177655827
143242025
23394862
242393411
169336763
143243047
177617190
157203125
174619087
124716389
253328585
242395449
188345052
26544689
242393463
169335571
167579909
167579703
143242927
10754321
119405993
58913118
159908784
176147582
513410
56302950
49304109
178008590
14307048
141563882
137865614
169335600
183726322
169334885
69464696
184080934
169335911
242395712
147804654
194565948
143242291
147804245
199554074
55615240
169336235
188724887
242393418
122209124
44939967
10759713
106081095
167579331
176144950
177481444
252721732
176309020
163478898
252577090
171935599
167579725
195317293
195317367
75433376
141566248
181473093
196202379
52798292
23393955
12244997
91638368
164541078
242395120
194086800
169339332
175845400
175821522
177202500
173538913
247795161
82773658
51067034
71907527
147804675
169335211
249174833
169337313
183727064
106081850
169336521
185658490
242394075
183726930
197533960
147803873
143241407
141564813
197530779
147804557
167579388
167580021
197531959
197530787
147804039
109448218
169338886
197530795
143242682
242395287
197532529
242394515
197532004
143241838
200930665
147804949
197532910
167578862
242394663
106081462
183727135
189946964
197533764
197574262
197532895
167579316
242394281
169336485
147803147
242395064
167578273
189946954
167578593
197530763
197534144
247255458
167580007
185658432
167580019
197531969
197533383
169334091
197532304
197920886
249174825
242394760
115224508
242395860
169334759
169338627
197532732
250676135
142776951
169333964
169339213
167578984
247255131
169334053
183726337
197533872
247255264
169334690
169336468
242394442
167579147
247255831
190543510
173132683
56257702
216101625
254182804
242395410
147804264
40766941
130048392
167580196
252357741
242394591
247256340
251541713
197532356
74167221
247255287
155414513
143241651
167579785
169335059
143242906
197533241
139221203
242395565
197530734
169339364
197533578
242393593
242396004
21313266
176313212
174609389
174240870
175874481
173755878
163265800
177456089
175816697
214232248
219453329
214506685
161268965
155764037
172951934
177204863
161298046
174069376
172950033
164921921
197781131
160548499
163820935
253269141
247255354
247255750
242393495
141564921
216102120
216108480
99322850
183726961
197534195
197530755
253229928
53921496
205804721
206521662
207658900
207646137
149362181
200677160
200793208
200803538
49599926
153409685
168182019
78553614
184245956
13757123
168180888
168321922
195758319
263392815
48424877
16364378
263406200
174835258
167578319
169336800
121959865
169338553
167578276
247255033
247255711
130458663
242393376
143242273
167579417
143241970
167579541
147802983
169336606
242393640
197533127
169338491
242393551
132711898
183726378
189947016
167578278
242395126
169334410
242394918
167578717
130805390
167580101
167579318
167578815
56929647
169338082
167578523
139226503
242394265
167578381
189946974
183727042
197534065
197533552
141567069
169339116
242394349
147804395
197533217
242395498
143241884
55131385
260733838
242394588
180974775
183726992
137126468
242393713
242393681
118280800
147804180
197533830
140615068
141566918
197532354
169334308
147803961
169338354
52768617
197574176
169336851
167580321
169334254
242393656
197532387
242395685
183726662
197530769
242395929
197533109
242395117
197532030
247255440
147804289
197533108
247256044
197533481
242393412
251541284
247256050
174835615
167579143
169336974
143241780
169338769
242395456
169337963
169334900
242394640
167579343
197532888
169334513
167579972
169336191
260733813
260733815
260730813
172907757
174619528
175813775
177496545
163798296
175845285
176895374
174609923
164828240
175811325
173399386
215540982
161268637
215126026
205984085
163167206
207251545
166000466
253324060
253238927
161633863
150184813
174068185
152522112
167191045
164817940
242394033
216110405
216101588
216102283
216101972
53012101
141566685
176978093
175177387
175154449
166080231
251542306
247255729
248522621
200003400
141566422
198641151
200677607
200817758
206845429
207311268
197951921
54157894
172378875
24121833
176704477
215187000
67061628
242393846
184479115
188725116
247256205
247255350
247255159
247255801
169338008
197533043
169336624
169338080
125541262
197532992
247255447
197533027
189947022
59149190
169335697
197532796
169334478
197530761
169338239
167578605
147803026
17462574
167578357
183726569
167579090
51500335
134902092
147805382
143242065
169336946
143241573
147803662
167579115
169337034
249969313
169335393
197533206
169336453
169334501
197533569
197532362
197574279
192210447
167578978
167580000
59077442
169336251
169336078
169335826
163363728
166530427
242393632
176152504
176213193
242395304
141564904
161301558
161260661
176304479
177142569
177339915
174257192
177623475
165041865
163264748
160570281
173173897
174109789
177180332
200677147
176308972
164896300
176037236
176051025
162019558
172997745
174131364
162973486
176897975
173761389
177614665
161636920
160533344
207688407
222695185
249175135
260733869
216102155
214591018
247295819
247255349
247255751
166936909
169334118
251542687
127585461
247268387
169338654
183727127
250604586
167580046
183726970
242394236
169338012
242396003
79322175
119446759
169334887
51096689
169335705
167579593
167579549
177654182
171924098
242394638
100129522
200002876
169638934
169335554
169335206
177656945
169334854
169338319
169338781
169336020
197532079
152096359
169334716
174627556
202462014
199554356
199558170
174295412
121330060
207719838
206553855
197376925
200677706
200677631
97325912
68260799
184246098
211314824
26548248
58569854
16235960
195758885
183726471
147803991
183726487
183726831
147805696
52477913
197534055
197533668
197533287
242393889
56396889
147802945
169335507
169338376
197532660
169334100
242395257
197530753
167580072
197534044
184080963
134506972
167579562
167349524
141566817
169335956
167580062
167579460
15127840
122873823
242394802
242394350
169336431
242394662
193855934
247255922
247255830
242395276
247255337
147804886
197534064
167579025
242395021
167578416
242395940
197530745
197533733
197532061
169337961
24120348
242393574
169335727
143241880
251542993
242394913
166083859
216102124
216108550
216102636
198110869
260739297
167359583
260739334
207688633
174295274
175851211
175800208
172918914
175808541
174496657
214085365
174491134
174489863
176018225
174292399
173388653
174300001
174123030
164823220
172948514
164839536
177169305
172948698
172957235
199558187
249174364
190319248
183727106
242395995
169338641
169334657
197533775
197533784
167579974
167578266
167579328
131176379
197533575
138845992
242394942
197530727
197530767
169336713
197530748
147805146
242393556
169338508
169334893
183726411
147803636
249697738
169334762
167579643
169336785
183726424
169337760
143242819
197532364
167579954
250061925
169335155
169338550
169334397
167578761
169334411
169336328
167579138
143886651
197533336
183726272
169339211
143241432
149213769
247256517
46110647
247255907
167579111
197532461
242395799
167579450
169336102
197532533
247256562
29835973
197532807
242395849
24112777
242396127
197533770
197533650
174918372
169336048
197532026
147803706
141566003
169335302
169338694
112092811
242395118
118258384
247255594
167579364
183726722
169336038
247255685
197533067
169336348
195318121
167579767
139223183
169338160
169339082
197532905
169337704
147804297
125793143
217546974
160759296
262897875
149354458
149334406
149333773
149312426
200677132
200677720
263069971
54932269
247255109
69463983
16258161
128252742
242645838
163783730
263393705
242393723
197532558
242395516
143241669
150922785
167579109
132038661
169337545
169334276
167578485
169339216
169334184
147804117
147803763
169338571
183726392
183726975
143241877
197530771
197534056
125542077
242395252
147803262
197532206
147804404
147805154
197533862
199593314
183726982
167580056
177654585
167579636
197533469
167579690
167579732
242395829
169336634
197855476
160888697
169336716
169338968
197533986
197574258
249175698
136820862
242394956
242395277
121710353
177639575
176128987
181463041
172986506
176130675
176898822
176909273
173752404
166524972
172966997
163824764
163448396
174132026
176937731
160534590
167235704
215543312
217158461
215126438
217474921
215128716
222704683
176118054
253238466
253323968
174417080
161268469
173174337
195879209
174423007
182771093
165712192
174116721
177190852
163424458
176147840
176940952
176924547
161298501
222705159
214512442
173758076
160534506
242394776
181472750
174422004
164923604
162969912
171618254
247255507
242394347
141566315
249174195
251541561
169334342
169333960
143242783
169335700
197533547
167579837
122474866
177656352
167578386
50588532
247255667
242394764
242394337
137850026
167579268
115223960
183727008
142595034
197534022
169336317
197533945
169337466
167579921
119102664
169339226
183726926
169338912
167579057
169337947
45066757
197533204
169336046
183726287
167579179
197532008
169336169
169338969
199558009
183726863
197533321
242395537
197533572
242394190
169338629
177655293
169339235
167580206
242393616
183726284
167579023
193088943
169337784
247255227
167580042
205495457
177656972
216102164
247255184
242394533
225954216
141566716
214936823
167580225
167579864
194565418
167578457
166448382
169336955
169337199
167579726
167578476
167580243
167579930
247255781
174878559
174891616
169336286
32924420
176270916
200677125
204322951
201090462
198632102
197746124
195743397
263070132
172365640
252770749
263069991
58569617
58806129
235883150
74884045
110962408
56690440
141566318
229728642
141567080
253664859
216102315
167580193
37943993
42653953
73644404
204027373
147803351
169339264
169334743
121944017
169336999
147804269
242394328
169336422
169334376
169336493
247255581
247256426
247255832
167580117
169335127
147803482
242395932
167578572
167578860
169337031
169336002
242396060
143242423
167578362
197533425
183726363
197532040
189946990
121249976
102438614
149091901
197530738
169336281
197533302
167578985
167579872
251543433
200003449
187862583
242394286
167578480
169335041
197534047
147804813
147803009
167578491
242394850
242395559
197533022
197531968
242393383
167578468
167578754
50547330
242395581
147803879
169338899
207997098
167579010
242393635
169337943
177656788
143241777
169338832
169334447
242395095
167578806
197533280
147804952
197532266
242393389
197533790
147804021
242393842
175685805
21126078
147804467
147805543
169339010
169337038
169337726
197533583
169335901
147804345
169335309
169334946
24115087
183727133
183726769
141567051
197534019
242393799
121162165
247255677
169337769
167578337
167578301
167579326
169335917
169335957
120248495
197532972
169339329
247255042
122438670
249175121
169334602
143241639
197532003
169335435
169337975
199641326
122202232
251542909
169337657
242394116
250061415
152567345
176939342
177133263
161532715
167431205
174419789
222682021
161633729
222681160
249821853
222676108
161632593
182756974
173385623
195879118
172938881
162976940
174610052
177444321
177197242
167207745
174257105
174300216
163283153
173187051
177626235
166009135
163476194
174257995
176037797
161301484
150176047
177207659
173175559
246856680
173740264
260736049
249937414
247255589
242395825
203585158
251542374
247255548
73724878
55130714
182850585
217743154
143241882
147804265
169337324
251543390
197533229
197533736
197530774
169336884
169334426
167578262
169336978
166221767
242394356
197532700
169337037
119406984
242394514
167579994
143242115
169336350
169634568
106081781
143241413
147804896
242395017
169335955
167579991
167579765
247256571
167578231
189947013
141841299
167578922
197533924
167578897
169339287
242393419
119450994
167578230
169335959
169335364
121794987
216102132
199597188
251544065
167578355
147805111
169337644
147805137
147805567
262461114
174895894
174623541
214231946
249174470
197534103
46104928
251542526
176270995
205220527
198637965
200789068
200816652
197636839
197859092
263069881
44968919
2390171
209409644
176036774
58570109
110965099
56691078
56956976
201514949
15728001
263311357
24209132
172364140
136064416
106081969
197532853
177497607
49494680
143242800
143242910
169337688
108179880
48877293
242395243
206204838
186629892
169337020
106081614
177436673
87382881
186522968
175807094
208629758
161634094
167578324
167579015
197532346
106081069
106081681
187619135
173183469
250061765
143241646
195757488
106081367
217708476
143241272
143241947
143242150
118149004
143242285
183727115
203136204
164829689
252397209
249174670
130730904
169334200
253324099
166084855
169337502
142399911
212927721
244301459
164542124
177721337
80061978
123351374
197530743
197532048
183335938
177496067
167526368
128252015
52729262
42656023
147257204
217385728
98873304
58401510
176118967
154977860
242394302
242394143
143242857
183726774
203585902
177495280
175157566
184242904
197533238
212927737
253271312
174299856
174890382
195700186
242395586
167579559
177662007
173398648
169336938
160435217
183726520
242396148
217514047
161902243
197530747
87389599
183726810
247253407
198060991
570911
82959214
173745222
169337648
167578469
183726368
167578506
197533445
242393737
183727050
169337618
24857100
242393931
169338509
167579078
125542073
242393727
117490149
183726302
127171690
169334614
56575025
167579093
197533561
167578900
180974765
166058803
20591773
251541924
13468425
216102856
242393518
197532760
197530772
166081355
209604465
249174748
169336616
169337311
169901000
183726911
183726822
167594286
174228129
167119966
173557798
163267119
174299657
174464664
253238904
174501093
174257548
181220026
175828464
181472520
166563175
163315160
205481375
201112691
152102071
149351626
197379936
198614103
200794223
149334454
68501420
31640723
263316273
149628523
225173904
183727057
208404724
197532543
141567058
10844057
169335050
20825766
135221228
177661883
209604467
183726800
177662291
167579615
5370891
167579783
167579274
209604448
167578538
242394100
167579067
183726389
570913
185658479
149091983
177126264
177658158
249175063
169334060
169335943
242395558
56399584
252397939
167578389
198500485
183726530
149092135
229728163
242395283
169338756
242395471
177664603
167578478
249175501
252178692
216108557
174260624
173185210
181470594
174258511
164822063
175850588
164837934
207679056
246856327
174447843
217480660
214080757
177486203
253051819
216101594
175193778
174865694
201039107
201037676
205476389
206553404
149361999
148876242
207643844
263038903
263070062
164158163
214789570
263393241
199557981
197532909
249175093
98873051
174835706
197534039
106081206
143241380
167580184
189943210
242393609
167578342
196763045
197533958
167579256
147805059
197530785
147804793
147804906
169336385
209604471
183726370
169336444
242394241
169334052
242395957
92817768
56564655
169337749
207366663
242394221
247256140
167580276
167579937
260925268
163314296
173186835
174256648
164815102
174417251
174296808
176147311
163315368
195877842
173248498
174619871
172919927
177496405
174099582
174100657
174610225
176147914
177163450
167061349
160564716
197533232
249174193
176165833
176156091
214214386
174627716
174865514
190543165
216102532
148848759
149092121
242395681
209604457
14699161
167578760
212927719
169339014
209604453
169336114
51614495
242395264
253246528
56578011
194564808
194564911
169337112
43334593
205477539
205229399
184124122
68503974
68540927
68528220
131907747
191928130
263335642
169334989
183726621
242394520
209604475
143242296
167578228
183726315
149092246
133776087
167578818
197532612
197532852
5370895
167579861
242395200
242394307
216102610
216101613
165660559
141565129
214051407
160534619
176115728
177424957
160821666
176368972
167128472
172949857
156222714
246856370
253238949
176146859
180852408
175846941
164828592
174422834
172938262
161296559
216101961
174256492
139215051
116638803
212927729
167578413
106081642
197534146
143242982
197530741
169334067
23897171
197531953
203585099
209604473
167579588
181213587
167578854
20273414
149091872
147804346
169334364
197532757
251542133
197533757
209604454
214210705
143114198
21049705
200677746
201055300
200926426
200931951
204324638
201057504
198619191
152351743
74494398
110972328
68572872
207504373
119674034
263311328
197532603
147803286
183726613
242394827
242393832
197533396
197530777
196762987
169337984
167579373
209604447
166081950
242396046
167580195
242393951
169336142
169336626
183726809
172124196
197533202
212927718
209604463
209604469
197530783
183727002
197532780
169336309
197534194
195760043
183726828
216102312
216101591
216102643
216108467
169337004
180935180
197533550
73320871
70192079
167579644
197532643
24856881
119407251
147805150
183726895
169338366
242395751
169337068
177653981
197532761
128251828
173394619
164829235
181223515
173401169
174259287
177495938
207672379
253271385
177620631
210524115
253238539
174613980
174490218
172989816
163477104
181115322
167981129
180904117
174892484
174887561
175152109
135839748
252496423
242393390
262977958
199584718
184853456
200817409
197648077
110992824
26548837
189944183
141564892
17967120
183726380
197534063
197533801
183726331
173009322
185658491
110728448
169337824
209604451
169335970
183726464
183726610
169336895
183726804
250061734
70192099
242393967
49649729
183726627
5370887
251542123
122437563
183726283
183726522
214863202
17523130
209604461
167578327
209604458
249175599
174857999
253204006
177652020
176897741
163825136
165998110
177339592
175157930
173381448
181472905
195878173
166025556
173135329
217497189
149508689
117717043
93541925
249174879
143113939
163825520
166014834
106081887
183726789
251543579
15671430
169338477
167579532
169338453
201349977
147804961
174888665
174860568
177642406
70000556
110998053
68456176
68573959
170773837
22056648
195867013
201045921
201112816
201112567
200917861
263069957
263316207
263316239
191985610
177496996
14306813
106660657
102576150
56877027
141644816
197533120
205428130
142996658
95175253
70122589
14307024
215725968
169337082
70628495
175549697
106081502
195879828
262034765
198738987
95175312
123351299
253344558
95175188
109493141
147804210
173185379
214818539
175838927
47500407
492349
95175240
14306370
513365
95175217
169333996
142400016
174430860
119406350
169334121
173251676
175813002
175871428
513228
197381761
169337909
57029778
167578305
147804888
131195414
185658501
249174380
249174353
251542539
249174515
26545115
169334637
167986361
174101932
180852224
174418310
174032185
262724356
142399946
263070112
232595723
169337771
183727143
167579602
167579376
119405649
169335472
183726672
251543630
197533105
147803918
169335610
183726393
169337645
169629981
167580030
251543308
14699295
242459505
174418223
180853063
164818169
173164714
197499232
176910086
176142630
172328245
173164423
253397317
219457571
216102797
176945953
175151398
260728548
263069875
263036264
184245645
184245440
110139202
263335549
147804734
15127480
95175255
169338390
147803720
169335079
242395877
147805308
147804290
183726466
177482755
173153607
180909412
217547263
116639088
167578412
73836505
174858648
147803179
201048469
263070087
195873998
195862608
195874112
263071679
110696334
167579920
185857537
147804444
214636476
242394745
176932904
174236358
197516946
161260876
162971902
253891941
142399959
242021266
167578328
125542183
136783003
175168422
110757697
242733324
119405597
197532318
167580299
183726618
242395197
149092094
122870419
183726996
161301572
175806852
181473753
161298074
167983150
195878001
174236475
177618533
182100349
147803037
242395301
147804134
216102849
207710251
263069891
263069852
128972024
195341978
20272161
183727021
119405710
147804610
183726435
167579150
183726513
183726912
242394777
169338835
174835463
176896923
217547358
147803863
169339239
169339220
169337776
242393594
167579075
201040238
110996303
56302964
57656598
136445026
222679146
177642124
513411
177743595
177341490
57140420
181215981
82961207
216102156
177650100
14307005
242395091
193686115
513413
513237
513254
183726927
145754419
14307050
513247
169334366
177653869
242393722
174039559
183726993
143114201
133212595
183727015
248895863
169337371
19828945
167429473
167980390
222705061
216102838
198932674
198321274
249174557
249174659
58911464
170166173
169339277
177654558
183726891
176473876
139218359
173204889
175860603
200795613
197497065
193268529
177965106
148011380
193685833
174835866
167579169
146261533
198060269
183726528
43044470
169334000
177483814
217481378
177496416
177340399
160533374
251542524
171455152
22968360
177656361
197858812
214488086
183727118
183727028
183727101
249174840
172920792
173661018
174099086
249175920
183315262
147804947
250061738
173135047
55131458
175798259
263070109
149091572
242395228
197533186
134592799
169333971
169339061
22968355
197533899
242393654
169334117
250061718
170165834
249174852
167585098
177462158
195878143
215135726
253324180
195873459
177945280
183726453
167578638
170145359
242395266
197533139
167579345
198929425
174609216
177613909
177481255
177653749
164773612
215120125
247745927
138904784
71177481
44938286
177967407
143114206
177645858
89763401
197532447
242393410
242186575
71093630
209306866
169336831
513071
513070
167578354
207025708
169334076
183726594
250061056
197635209
44938371
195881219
195878082
205070274
197532890
169336820
73686713
177001351
175161948
158165143
156958001
177168942
158164116
158170089
205518095
195873539
263069921
197532263
242395180
167578681
198619250
263405514
250061284
119405691
190170018
177145249
158170173
156957975
155776878
119407241
169335115
242393571
167578814
251543707
173752672
173752766
177635462
173755570
158159070
203423068
169338929
167579721
176897565
177656246
177662082
158165146
242395745
7135263
169337132
169335125
197533752
551362
513366
513367
51614286
552508
169338457
158164998
206839739
206553414
119405763
167579555
158159132
177632058
248848246
149091777
198911402
197532280
169335164
249174516
135037791
248675522
205219776
79768876
26546044
252880007
175162011
177143533
195874030
169338250
147804390
235596513
147804498
251542898
177643101
263070008
117778625
25411697
513415
82952610
182558379
158159171
76797406
183726517
197533041
149517492
197517619
262267570
197535650
207333709
197532514
262460502
149352284
242395098
197530244
262262096
242395081
251544214
219453439
262263464
177341649
513420
194954440
169334746
146261171
14307013
197533029
199962487
176617809
242395771
180395008
213846430
198061514
197532716
131342836
242395650
195878954
177654514
167579701
174025105
222417002
169334728
177662331
149219368
127879999
165051249
198064156
198083850
177653865
143613803
169336407
144173876
198613407
251541485
155685074
247788773
106361860
242733991
180993642
247788426
149535353
147805419
171170298
247789059
147803922
247788481
169338994
173003773
199682277
242820063
83615099
169338044
251552141
263186991
206609432
183068097
198067063
169335317
235877792
242730671
249937725
169337463
229728600
217512119
71196434
205730848
147804839
261863934
261855876
199224462
261884810
254901336
263170244
169337932
205500536
205718021
242733018
211294008
208208437
251540841
177655579
138384754