181461671
71521260
177703707
203850092
7344465
117722315
109250057
123953444
191775364
1659833
197514478
171063281
219406565
36732375
39363982
193770168
219406609
102133546
29398408
176128379
175683392
179064540
145423245
216397212
165853856
144401906
53135909
164464860
192560403
145551630
153448592
132206437
122353510
260451940
260452006
219406222
175683572
191606861
219406556
34843986
171589806
113585950
171063515
119026637
99540909
138897225
38360009
109262749
97486193
215513648
59052647
197900464
121006174
215924367
43894895
125603643
151830854
215902974
248585366
102133414
144319707
215902992
216038852
192303869
214757715
147587588
208915285
171652227
120472303
99841715
117986043
213893228
215795978
128202585
138385431
19633846
49267645
210437128
197891297
191972892
215790539
148868237
116881911
51571737
221268784
216038407
175683320
91663804
31867406
191444380
52412320
175683512
201697050
176128429
122872565
20131797
185000673
117986035
102133364
96550216
144402486
96585251
7707783
149193179
177291093
99841746
19616877
201816673
135072654
19583476
135071714
110786528
164537099
203210581
139147528
149193118
94449781
162521526
116510353
141014251
54719107
96556562
203052381
263114757
175968142
197891935
114644789
59235952
215748572
215891507
242324426
152990864
129712676
202603798
259568509
167489630
176262598
215793167
216039144
215748520
219406581
184765656
117571958
1659831
176128434
121228616
148699729
26596358
193541300
144403166
197416311
129284874
121228681
215935876
72900763
192876602
170446151
149564999
150003534
106749633
193200814
144403385
215802332
73776633
129142272
199639396
55996890
139248235
33515465
216033370
156653964
248754804
216033180
210437327
125603329
197891976
142786930
171942966
127191730
215802519
242890908
148809931
252062605
248370828
26021843
164538014
73361385
172412023
93193227
163832921
170630625
138825680
91147053
1651279
139816234
67467617
215891881
249686444
190320633
253292386
97462803
10979441
140859191
142210875
865039
191412084
148808275
215779386
193203498
120427774
181217727
26740285
19240928
93870984
217727987
192876719
96574352
263316805
216151925
77896686
197891752
32225078
155049402
26020246
175683567
32431397
96574955
122345160
215779860
171457250
215796445
175683238
219406340
178071202
193204686
97925531
215779878
215793726
108957440
145134456
13802996
215936637
196990522
217727990
105614544
125081120
152647555
97511555
11661173
141097573
193196085
56807237
215923295
192876875
103869909
121006163
215748510
202264296
147347680
253635595
192876621
75332388
216038107
133949516
43663242
116668991
111518059
117916617
121228617
96556999
202641618
96556576
38462560
115972648
203585560
74203028
10868533
114456186
138898309
157568136
122871432
253304435
59236466
123949272
139093588
134509033
11030063
20583785
72927854
217728052
97491467
29387706
205018275
121227794
190320623
154429180
165961760
11030028
131187106
28414537
252627699
31971290
172343343
117571946
216037990
216037301
215780887
59234573
195845551
136872002
216037846
176128727
215799970
103803778
49337510
140242266
100288887
413866
50216699
73668266
216037463
59235603
26087731
247906841
170922750
155041472
173150930
245805592
252626805
153011062
206270570
253077788
104924382
73841309
115149974
195027340
31915913
144401825
96557742
191556625
262756671
151201503
153037434
248066567
152653808
153989763
135732586
127354472
26740253
216036701
73777642
59236382
197900003
208680673
215790786
117570784
79985233
215800455
217568579
54139019
248647004
215796180
171063177
59445419
54830719
202558610
148809723
186292513
103822471
215748547
215780108
141132438
215779714
192876760
153593498
215794506
66773457
73361316
124273619
169380813
190320621
97503581
49009071
37808621
31978717
10018213
115880034
183378247
175683456
153545526
157140462
221515775
7826623
5540853
215790314
171063442
209409396
96552662
136839523
36312425
47208876
108533345
104952646
26740262
56697503
194859066
260646191
225934444
151783621
253303342
249031285
100053995
43058458
199629412
176675260
163543998
247406179
215796583
215801980
216102594
242323845
170154475
192151256
148851540
168726189
168729241
121227770
27856480
138560600
11352701
141647760
253304319
753657
96578802
26740243
96575141
24424181
111522582
176582583
190320624
122873577
143864753
215902970
216102826
152915441
170881478
125603476
145220707
212553522
175683406
139565452
215194792
196261877
121976931
171063462
262674468
162535286
138826962
180341218
198515768
22113613
68574391
215780428
225957764
141581047
169847721
98738210
31979088
31971158
26997879
128326994
128515630
153592596
125340452
135071664
148074591
121235289
58809767
59378036
175683586
205747966
98864339
169380670
57034873
34917782
117079400
190320631
99181285
90584437
24924114
216102104
111036394
249039132
24372944
111635646
73167775
148698794
89212483
118329631
185409967
248648961
56706057
82939095
253303691
214889732
96557116
158094143
11030038
119025991
58789713
21032112
73402368
153593668
178013556
97925380
104799915
205318806
140843937
172387443
21412646
125603697
260805573
169380974
119699193
202838791
4509479
14054063
59112121
217728102
170178449
97925576
189867747
141581441
93166907
216101957
135072010
215802105
34461297
148076536
61783392
214868296
86038297
142765271
114188456
189340929
155188544
248648986
156299634
36435174
169380214
212583802
171558309
110875693
118579034
171936785
14708471
26740217
109625916
133930628
121228658
190320625
59393843
25412754
171876183
117065648
165674267
154184708
106540195
79641978
172373445
215182705
208684272
28432920
173616152
122873786
168871502
184944538
164537235
144705582
11230133
143862474
171208662
207565551
122871480
199176930
157481171
155278407
138825158
250730643
212554341
19639233
243043791
164347118
171591232
252792051
247972671
252888475
252787713
66773507
103879010
103849768
62699808
103879136
55829840
170475421
170756132
214868055
253127650
170737157
27182584
248066373
259301676
259310984
56650912
248886065
139214493
144756075
214915621
205122215
191732417
209600519
170311211
148699787
186637595
153594162
26657788
104922552
58810849
55830065
170882745
98176127
120032480
64693364
103823662
59445512
111510054
153509357
262427396
262434087
148951286
138147164
26088026
26089103
26089015
31915886
248066408
26086655
252529562
262489520
262434287
31959200
27065658
97043681
160218880
160215811
206129170
179212096
36435168
36435156
148663138
28924493
133829191
258752274
176128395
202643973
115968731
26596313
121228656
248647667
169380448
169380244
248646918
248646936
260921793
97493212
9850419
52259604
258752349
71890421
52659565
144339708
251384454
162383786
146492140
35459941
24920038
97043775
217728087
247906895
165683198
112253043
115224496
175683610
176477309
201305601
155248654
201305764
184944326
122873567
215798321
215797483
215801483
215798630
171935030
164537772
205483097
144402890
239196183
213672477
189341187
144401787
197513741
214656007
24251941
137941112
126243298
58815089
104950934
62699281
66549098
157568509
248181781
189011085
253237666
155139134
249938091
49337796
173633589
172332003
201648987
96234707
170988117
155249056
252790031
120427736
103878723
103821749
103822125
216204874
170836459
176144498
170136575
250567538
253074285
138014836
181147164
24201940
24202184
259568391
259568493
214868191
24200356
259310533
27181971
248066495
184673992
27186736
248066627
248066444
26596340
134761842
208526461
262803372
263022940
165625658
184999998
253056834
153774524
57842946
4509049
121006194
248646960
202643728
248647127
57034869
262037972
36318855
31516609
248648507
182135094
182135430
112325715
155933232
120243113
260646092
106539325
160221250
263210247
129292916
135410801
125603705
47321885
129723417
202557753
144347485
149756580
98324672
155443527
217728034
217727989
217728008
56517834
114688292
262912906
263054061
141096742
247906981
249582236
252792443
215799546
215800644
126243286
103846684
121227876
117571908
73221832
103906414
66549170
103823042
115816380
136080885
212318019
31970978
176128135
122872201
148698962
170727556
103920846
244133000
94072849
196270814
31975425
197506619
201648979
205691749
147099390
177813867
187838985
74166078
111030898
207657443
257753693
157568714
242891349
71958554
24197416
71958950
156262752
262433961
200850568
26090243
247856010
26839151
31975374
31910975
31915894
262505935
262601717
262640564
262480979
251391758
73402452
253296143
253072019
248546149
253548554
168900456
115223910
216101576
155340313
144401499
127879480
170744376
31977836
249637189
167580762
198500729
169357569
259485897
115781507
141009581
136872101
122871257
172362692
185029949
103878448
103846333
73167741
253244248
169642909
246532709
246532743
141581611
160213224
248261801
262812025
262718887
31910087
119373800
263024151
103539894
91774057
96556462
248648813
202642670
26740174
182135008
240509627
248590339
248646957
169380746
31518669
248648725
48011276
97516994
57034871
262249011
252316977
117662098
121329039
97822238
117002862
263316862
155923824
35459773
217728003
217728139
217728072
217728000
24918733
57152403
217866714
190722746
247718252
176502964
251021755
170814620
248262344
184944057
138898908
177813895
138841388
148077150
170312687
27155652
164542677
170131656
148809613
247448668
148967085
144402125
171579395
24376303
144339416
254082926
110925094
253349961
252622712
252810989
169392594
249088571
171005646
165598654
214013304
259317050
248066358
181979179
181979147
214867846
214868042
214867692
214867756
121235222
205288006
32132806
169362197
139191797
73776644
189341434
215801298
31978783
31971179
31977883
27185436
184674236
252102259
184674094
104954643
66554195
56652555
126230427
108534975
59236025
103849458
103878463
103904381
56323151
62694083
54453819
195713395
31849988
120032396
252037242
164536647
207564527
148967612
171199138
176813099
97974303
262600000
208526863
127353734
176187160
127353235
262570804
262885867
149757444
263076561
263076488
258752329
199683597
157044879
56864291
129712283
14372127
209409320
202644150
165024072
248647738
248648783
260921795
262038018
52259624
15429503
26657803
36435184
262674498
248647090
262038014
96584721
103727808
56693283
129414303
132892573
263345128
137986048
129292179
262211931
4509463
119315080
139430615
24921170
49392772
66567881
58787830
53040463
217728053
217728004
106750517
56304068
247907162
247907251
187836943
169136655
158811504
128325403
149773927
26596322
219145333
188904848
170123167
142338179
144401431
176127161
251588381
172248250
144402027
129712643
171999356
249896818
31992081
254082852
62693370
103883476
117570797
56651070
104952753
58814799
56652435
121227822
118796136
56651137
121227852
251014394
248820007
170754377
135733180
170478406
172840588
170177844
122870545
165679594
168507898
204537621
215193464
252566550
170311734
114731429
248086897
56336497
144610646
253237826
165676404
133875064
253349095
42226317
24202306
248066388
248066453
127353947
262434191
248066529
157568427
184674139
27168470
31959179
27184663
262427125
180868647
247718319
248066525
96584926
193686175
262719982
138385962
154700976
249896763
153083429
263062547
262427631
258752304
258752213
263266482
262674932
169381688
169380651
209408934
262038016
96557767
60404268
248648945
171590684
248647105
163147424
156299857
182135334
57617626
182135236
153579652
119254948
148850506
119656275
11253893
208915173
115816773
129420331
208745512
206698506
174144780
263047022
57208092
24921658
217727995
217529774
263394632
124273943
207564510
190819334
246532842
170740974
192304052
199969167
248263065
249584498
249816372
158102088
173289160
135072036
138827304
27186695
170986411
176477218
5196833
170354208
171828802
183740139
170311311
199738554
142392981
138902858
148698368
153594272
215796967
215891554
122873313
247868952
153592633
135071628
219145139
252126682
138902472
138559451
262432567
252793485
168731166
168726806
103883626
120427676
113100647
247730294
170882721
214868092
215053334
194785968
31979385
26087926
27183500
101400405
249530259
252400996
165938915
168196514
169258441
66568059
27181033
61785215
103878985
55829461
58815029
121227860
103849770
215915746
66772420
206795024
182156403
176529807
173296498
122872945
148700660
5196819
153450163
215984952
249896749
181979192
248066381
169849438
26740283
97925589
190819375
262426959
202642127
169380903
248646898
248646850
248647046
169381578
169380460
52259608
248648757
88790540
248648863
96556612
34771369
194965953
263042824
58491806
248648033
29398474
202641753
116298029
127353304
125800161
151553139
165640331
116176062
198966168
252898621
53135856
262494688
10868537
210147191
181217421
34771524
13153343
66769440
26087886
217727991
56217715
37465324
152652867
247907215
215200219