34612056
208374393
566465
13379282
167854025
177973969
566313
566322
1566653
44114293
39270528
566309
126233130
129666201
13379245
182824955
182735134
566384
566320
13379331
566338
566359
141982019
179794990
12525808
408524
88791802
12298761
2282153
130022036
1566689
541176
13379335
241758945
199569322
179795038
38073019
199524493
566314
566374
199569373
566420
566311
88794053
12298720
13379290
13379348
12298774
13379271
36768866
49248935
15972485
248647595
13379346
566316
172243672
205291398
13379395
408523
170107808
566390
13379247
3608699
13379253
205290021
13379390
53662132
205291533
205290294
248649030
176654130
12298754
248647957
107762943
189664875
149916413
260845091
243098573
12298722
217154899
15972578
202644954