129309627
109964038
562450
107224090
213565442
110447669
191956481
174280278
209399709
192949624
213565411
176522876
23619297
52112370
17974725
252857366
13443851
213565366
198119962
32701108
106583336
198120393
235853876
252906219
252137039
110001779
213565291
164980122
213565373
2054841
108201660
109698927
191956893
192950283
114090403
204880980
72663938
230206733
842680
191958409
261968303
192949634
213565502
199515832
198120959
185006413
106589604
176051502
261968416
603612
181131176
246772860
176522870
262733495
199515755
35957457
19691954
13443843
212213007
4465507
197337651
213565371
55139871
72744598
49960719
115011934
114597429
49665330
20459308
139730407
110181080
35957455
252857257
198463973
213565318
73179457
35957463
164983830
31846545
74684065
16850109
32921510
209399783
242148460
185028061
186530802
242453950
439889
106599960
246772982
58118922
246772942
246772959
5401811
213565296
200617456
193450820
261969003
59207569
199734515
196515741
114598104
59207575
31845761
253182588
176522734
185575911
186106748
77112152
191998412
185992070
191136672
101882512
4790181
246772974
262078213
78491162
181379275
251520380
262078209
247796237
114944662
7087107
250334895
100285591
186106750
185856579
36607467
107409415
247291046
247801142
195471053
17960472
261969622
182124438
191684389
242484711
869750
58729297
242484562
195623916
247291050
217268919
78491117
250020298
194115765
59207561
72314509
2210795
230048530
252253418
36313819
1574817
246772970
72542519
262085501
253563111
181379279
262078195
34751666
74684071
75391945
51030736
147988180
4790183
147988194
262078163
201073926
185448023
247564773
1036416
66512250
58442443
242411256
262078197
111030170
619162
262078165
242144579
155149094
252920343
2099833
165640623
572490
263057581
191958331
36607698
36607378
259514898
191824088
198889506
176056402
191820234
248565515
178226002
106075698
59207573
5401819
199731702
10401992
230138316
186106735
261978301
262527005
164286097
186165955
178219291
112499923
195797761
262915388
201855747
199650374
129309621
123490350
10401994
196579400
176025057
194954484
230043456
164071868
262527143
58450090
213565449
164286496
253180061
58258217
42686973
191683500
2689249
84872871
198099098
40353171
58133505
48982958
191781237
252873099
248430696
248431401
190539546
38536471
146273637
55282980
199969901
215160583
199009382
189374161
225971996
58450100
198889612
249566302
253471954
262783959
25060356
194098831
194207929
252905955
186106734
108930918
191684806
50215538
5401807
191684684
186106729
175651175
246772961
242206046
72542515
197821153
191780411
1736637
3557817
121686340
26226123
49663822
175646528
2077355
242091352
182736978
182736985
651417
207566787
651419
178219339
247809298
651418
217286495
187662431
184101986
194399552
198342224
262077588
186495729
164967407
24969967
253366155
206906680
15642898
253189687
206145349
115015393
196579548
861142
430574
196579552
35964659
114944378
242484096
259310944
181131166
262061626
191778639
196860127
204629832
205694854
19691978
216274698
207596849
206474778
35957453
191816451
25204529
47323978
175646216
164983237
249237872
241817443
191926711
214819334
78553529
191926705
24821220
7087105
398705
103400578
2797685
206145305
199515649
572500
175445699
151950548
243807951
103964137
191316142
80412721
196866023
112815888
262077595
4170991
253293512
82385528
242483130
198499767
252079169
242432277
74610003
114944786
17960480
209399701
545246
147999773
249658075
262077523
217286486
176522866
1747059
80412722
36606284
193536579
185006461
377099
210425330
203506077
59207571
32921098
248564357
249151238
89763891
216907613
16850115
178225999
5862877
155142349
186106736
430573
241907072
181131160
106361752
114589748
184248268
252002528
175445477
253393246
220814549
242018067
7087109
198072596
206145355
26411703
572976
199038418
242487110
165588814
572975
217268893
181131186
185006136
74620375
206375888
72542507
36607374
185347077
242693645
253395397
200038159
253059842
16390987
86418034
57811709
195536663
5401815
200617442
199650400
10325546
34749015
584112
5404247
91833093
246772920
191820524
252684949
754330
253293467
134605025
184045195
147999785
17960474
24821205
178219271
66640947
199969217
198889604
247565135
167494204
197117223
243807977
13385366
101887235
164554298
163713359
206375215
251552586
58141508
191683304
205506478
215176497
186106741
75390985
32921595
252161774
191538201
226215487
199728566
200617446
20087622
129255459
185651520
191357074
253403012
48753485
186879750
72663835
204047030
242123350
114092411
1380395
25039201
792158
84263052
186106738
252079221
242485430
191683358
195919234
160671646
205573945
712202
66104138
704975
114945306
114944516
242091372
194208027
249237231
867260
74307099
137502967
208559488
17960476
2386339
252052393
97920971
199889966
249268650
72542499
248226153
42470065
178226116
197966977
161541392
243807967
191649354
243807973
186106739
258474090
1277209
115694780
182307720
635053
59284202
198335036
194144067
155339573
189696874
191586803
195993389
262530210
247291047
199038426
146223838
26411693
199650406
197687372
458262
252428085
2444197
635044
6775139
253563221
572977
73240264
2650127
250340565
146223854
19691957
3576479
249879203
259535532
2054833
72542511
200976492
1573655
252002377
244168768
186394859
178226120
67909324
247953689
248433206
34749392
194770419
206375842
248428698
184039159
87623194
186106730
458316
5721801
2689251
250338936
108404482
251520775
58257401
199650402
147341605
247239956
242662062
203506067
468632
204640432
185686076
58481329
708067
635216
194770013
242434065
242033864
164551828
185006093
114693256
185006297
252139230
139728537
248780786
176522672
195525178
200617448
247901960
37903429
195904915
72744596
216435291
191136698
262305543
210134545
75392114
242662998
147999775
36586970
125082746
24489920
197558868
165144175
200850388
58340300
242136760
246852440
164849325
58257405
634999
199518188
196865550
1951633
246772792
114056237
103400559
647451
246772796
59207565
24821702
195797760
213698311
889618
2874887
113039782
203965514
195237543
1573671
24185632
248435812
189686347
87632465
2077341
199930857
186106724
7431453
252174686
244690898
25204527
205074189
58442276
242411340
36607706
59070397
76696727
252006033
185006467
262363261
242693673
477782
87358845
181379265
139730394
191926709
182308552
262077484
188554758
219161299
114945747
242693649
195542685
185005814
25060411
25060368
59284198
139728591
178219283
59284204
128334359
247938277
213980219
262305601
208192589
194440278
259536729
27990882
178219281
134605008
58258215
83319713
458327
198072156
57903739
176522783
114595849
185226253
186080509
185005881
165160294
7167823
198889614
115754102
206474529
243807975
178219274
200039764
5503109
36413322
14134323
252080221
2077309
191576246
205811059
252079401
2443175
227357850
146223849
170466643
191585061
197337488
55211446
75391924
114693326
185006075
75392169
651415
58545618
146274694
250020246
185647197
88929181
49640772
89763772
165337636
248931692
146223843
191891602
59207567
2077351
37017486
207817311
922714
632830
197687566
215560742
59131307
247406197
260819320
199896992
151950616
4790187
199927767
23361032
109368931
195623913
252079179
111711942
196860285
194131226
562580
176522847
242411260
56600606
7087103
184045812
10281640
14504275
2234081
254146163
210413513
114602062
16850111
139728585
108200962
75373338
164275613
181908791
196180929
189194097
216661741
575541
20339305
562428
243808025
159416213
109368896
689280
398438
164989544
115754098
114101130
5404241
170466577
242091565
195623937
199709935
67552574
2985313
253129477
170466502
59284200
193855922
252139494
504385
191565814
252139315
75391983
170466575
164220139
72542503
103400644
181680988
86417671
86418028
163703136
75390979
20339312
25204525
58258207
198539044
203084428
230202415
58257137
164211768
103474848
185898348
205506455
194101563
155045630
206361197
241779665
21878195
146271933
377103
14536887
39546721
197693942
252139390
252130245
261840383
146271239
191005875
113046657
253293604
80359092
249610690
185206540
171581102
86417865
25059554
113046227
106361356
845858
178219255
108191469
97603632
7581619
251535464
197695176
191576075
84872976
196900882
194440561
575545
246772978
164275407
252078208
262692961
230202927
191813035
56609520
601528
32219626
25060251
262085536
198413888
251514765
51030800
134605015
845854
58257131
377110
114693166
196537637
194440513
185006101
430638
72050632
193450831
246772940
253402564
242486963
26411677
86418011
72050619
201794800
434752
191683464
191683581
50215021
58163531
197964795
80628956
651416
191584719
202331741
100285527
241968919
100285183
249855384
199583187
189336470
241983648
1742133
67966395
143784450
171585893
184473325
348964
242214537
638175
75373404
69162887
204068690
251573525
217521222
1951623
74943724
251520258
123490280
137503048
68763686
20339292
74943729
191956843
253179948
133941109
263045108
191684732
252077946
172025059
259537204
195567963
252064168
205573938
108197961
184101195
235871391
4465499
223632910
185496342
252033375
122440075
182139350
248567232
109368939
164429247
252884452
242117990
1574819
194209849
97603636
249244602
251514809
253293681
263057715
76499873
199969328
242150813
192679234
634998
192669817
172477125
191893495
25888401
204765539
252431608
207933178
20479520
139728567
96175314
248568256
57905697
242091357
251258459
78948388
250343009
197900245
249799818
191592104
17960484
250339015
173386775
355390
252775633
2664581
1387519
259514682
235855221
146271976
181131177
155145513
205506212
251257518
193450821
236036422
58442610
252129555
213565321
235855294
249237502
249222741
191828937
15642889
78951733
129309615
250340273
251257006
247563046
704955
246852183
76500285
262916031
250340392
73682191
1387517
1387513
252579635
1387515
25144523
263045015
78289826
206292046
205984021
72542521
184465133
163698132
72882558
191926703
183539064
355388
219407732
191913968
247901595
204417006
243001073
249253604
249253341
178831595
147764228
258496266
191926732
198515794
262646192
191630016
196683740
242152136
252032410
250340277
176522845
179805616
206483105
210513756
242091366
239435050
253179276
178226017
252879312
191818704
63531772
161541390
205809974
262836768
261969678
58802092
200780732
191219286
199889964
180749748
146275333
84263055
240898565
58257135
239574035
198335042
251268862
250334842
230138307
114065964
206375796
25204531
240793042
199650166
15638147
75541094
123490381
184592611
250340139
249237841
5869375
195561366
123490270
202723624
191782091
207818554
252065608
25046892
252878896
194134583
194122846
252078405
178226047
74684069
203511540
251268717
250340214
103400538
191356489
250340509
225972001
248539010
80359083
240708266
193736889
205808237
36314215
180749899
251545545
247947757
194131799
191926715
603135
252078566
142003364
247800294
248371896
109347421
213565329
80365378
240755884
192950317
192950299
251748299
251575308
58709648
193536392
196579526
35359306
252239735
49640957
192950370
754329
235854834
262850948
32219308
200976559
253028826
251268707
252829148
239402802
198889567
191926643
142211231
252857050
58859705
191915466
251756293
253125047
192685055
58859703
112588457
147568297
2476615
252683019
110181521
253381058
37903148
192950683
252197506
185006132
201643773
185006293
252699564
248544039
252025296
249257337
221361602
261996669
552838
254139947
252064103
251268519
129309617
25039203
251268685
252714314
242091341
252091456
208227281
205707710
191636677
32217935
178226041
247723443
141917120
206715160
185006083
191926668
206715147
198431336
123490356
248420023
180851042
252131077
185006281
78951518
139030771
109331291
73207170
191915066
58257413
185006251
25204533
197852359
205811864
197748928
80359136
32220343
191683306
189255057
137440816
252832359
85378830
109488281
123490302
202331664
253096796
251575482
191363779
180851229
186608292
251403591
252131110
36666120
635014
248177991
38110425
223513705
114945693
192950442
139730461
67909314
249237341
250338887
253447650
76399927
186165465
250340463
253096481
44184798
196874225
126232601
196864759
181906874
115268154
200976608
262916071
248422122
251268766
251997909
263100055
252777573
67889301
252063287
162025718
263097247
114944330
191926016
106042856
250340531
2386329
73767830
111711917
247885692
263029313
263029606
201678395
251734253
252080109
249258780
194259440
80358856
252083958
249227029
34747595
36710069
262525302
263029200
251268724
242140637
262345114
129309609
192950428
49640847
253380465
25204523
32217105
205749815
36563719
171241638
89703311
199969169
252079757
263076924
207645988
217188242
252083719
179978824
213565310
80365391
247947729
175721449
263029258
202016856
603480
172421986
197406292
202337970
114945334
263097267
262646245
576238
70844541
69162897
170466581
198889600
248215327
253059984
206375764
205967730
250062446
251881967
195623876
191912017
75392131
216907836
213565542
196547477
262056300
185634669
2099861
253126151
191926685
180749912
253165384
242153275
9687397
262077545
215560754
191684705
191926738
36607719
78553448
199711108
140102132
140348214
576210
188410388
194124346
577142
58709411
95071206
355329
36314599
4387505
73245882
204416895
191915990
191650762
197633934
24821720
178226031
199969653
260406015
4387507
58257127
181131155
36710447
214819497
34751921
112334246
191576827
247291052
206475170
170467002
252719173
253165235
216274921
200646451
198820008
191683417
861088
252269485
201384097
163712923
252877846
191778272
164286753
204942388
194440386
194103381
252174618
249149879
59445160
201794864
182129801
253324249
73762055
206483038
242434202
163716556
252230663
168954466
164268846
262646169
155045707
200925540
191631611
253350837
205506385
170467276
243808027
68062169
172905027
199731821
71005785
206294138
55119536
204301161
214766317
252166039
40353175
147570692
250340434
205528525
204044325
201677947
251514755
36257778
260405989
20426665
243807858
262058689
249150655
262914480
200925360
180749742
213978620
185006122
139730428
248365674
575532
85755129
205810000
2797687
3576469
116245910
185005921
181379263
16850099
205695908
195954691
237142981
197687443
48210090
253471990
103400624
185006484
204941929
215176539
242411366
115754096
7798763
35597507
191684603
191817365
217286425
195683633
165224431
205808089
222682753
199650107
178219337
200689429
97735969
217268933
35957461
185397574
253396229
398452
185996584
36315007
185895394
201687325
213714108
249145255
178226036
196488112
249145973
201384137
207933260
197850870
179075999
200925956
5862881
257682811
136220453
557210
237282077
114616320
191817642
157150898
76696848
164253184
35308856
200726880
200925822
169343826
25059564
252174526
205371129
171241608
206474744
206483048
35411828
252669408
44858853
191926689
205707723
202876818
191777812
185773963
176522851
430586
201687623
103823058
35411975
252066862
194130335
114042404
203511808
252080111
193525317
175721406
199650414
110190600
50215353
114944309
206479209
109369034
87635070
205281392
146271929
24185627
200976606
74225711
194131559
97735967
210425324
217286418
101870465
262345938
985182
252177016
2650133
114080477
249243833
191926720
49621760
252079950
180749756
199517942
3576471
253293564
3282117
140102316
102474298
114694269
191926686
250062442
251734383
37907938
194130143
198456228
178226069
3282115
198021633
187662115
66956794
186534158
178219325
81576561
180749894
242142955
75396429
204416950
125396542
236071304
5721781
253211490
26411691
157209475
209170768
191829503
199969180
239489709
207478022
58257139
242693546
253165259
178219338
67909322
178226124
184240436
3557843
91832979
176522918
248598076
204046329
252768709
58257411
78553525
101456307
178226085
235856192
214822271
242411258
206476805
247380324
468636
109487862
217268973
199650398
252079827
235856359
247936550
191782109
5404243
175550167
103474382
194449712
149434265
164075057
192105031
182317794
23433464
191651723
133247264
235877772
146275423
195745419
25060291
242154251
185006156
244301815
398608
237399221
114691699
151587927
195740345
430580
240552036
91832883
63533458
635136
253566147
129309611
3494777
235877533
253293568
100285535
196579616
58163523
200976546
252079542
251256836
50215527
249876372
215129060
185467287
202284292
178226012
22445828
58859699
73245764
114945172
192579579
182748500
114444541
185006208
181361178
197920869
198565594
178219323
58491268
186369582
36400999
244300874
200688262
31514502
562462
113444050
254438160
253317983
25060253
176522638
72882552
24489976
852988
430579
165098757
185005727
207566097
165314790
2874915
164690452
689275
242432119
250062620
180749966
262676162
58272302
190827323
253293596
213980273
103824379
194099187
185005995
206307498
103848215
178219284
114611198
377100
200922447
195845879
240610873
213565299
32220676
19275409
103864028
262078205
25162792
191684700
108201883
139730405
207597235
58442693
75391858
243023555
87634734
575530
199650422
252078847
204701935
97815081
21553182
139728583
146270666
198495107
249090192
178219333
252080115
2077313
205810697
247794272
247723175
63531191
39357791
63537778
203084444
74225719
190502178
146272376
196488114
57911741
253545847
164543202
58258205
251734124
185645754
206335081
187011244
197902395
191829304
185005735
146272086
204416903
176522896
192950793
34746237
194131018
970180
186106746
191552999
200646387
348957
32219566
252922586
36710558
190502242
184414129
200039899
189181944
63078274
252079073
252080357
252077900
16850097
230252674
178226059
191354780
259317114
254081919
202525204
198390875
109347679
55121862
58257407
165144211
178219263
178226044
185005796
253471977
252078958
250340552
58258209
155142117
252156726
252156765
213565307
42469831
191683542
185005701
243808016
124731375
78553612
25046859
244809731
63532369
219460758
25046917
262794633
86418015
181267842
78553445
651525
109505273
262002556
259317611
169281271
25060336
134605022
58258221
200737739
37019005
689274
185006263
194524977
85754944
108207318
178219287
97603634
200617438
32220051
197906860
194004299
252077996
58073670
205809724
115754088
203511798
176791067
206374687
249089596
235871567
204044774
712209
59409576
103404639
44858677
1951619
51518859
86417802
49179821
185654063
430736
26226143
54917484
247567457
262078203
247830399
82954465
58229813
188555106
73763393
198618820
2063855
225937212
53466922
202328962
856180
25039217
82387031
252080329
205810705
206476889
198099156
240472604
72882560
20339302
82955565
252188277
208591559
251748548
163021241
250340300
109504957
262387100
194129938
2004565
35445551
39357817
2244635
645783
180749856
197337568
76527486
147570981
178219272
165144198
87635066
87635062
87633255
184240621
39546784
252078426
577140
207317145
197748991
252026431
205527745
205504507
476662
242411346
147341480
82955356
51518820
57898778
5721757
529926
601822
58076548
86417944
78553631
514614
31515125
191683598
257846481
198538970
217320328
164704217
708074
66698789
206292625
176791013
198427124
254138704
252078324
252079217
86418044
556849
249089629
180852672
204044697
247843319
242486846
213565557
36564848
191921572
253365761
249145653
178226081
244518367
191684837
247951401
86417848
191683546
55283173
197821155
190167848
73230272
107576379
172472204
192950851
73364925
19691960
196515739
192950757
208559490
19691963
146274210
55999893
109988870
76696659
144614986
203049483
169916862
194208815
216908077
192987878
106208743
123490351
262982290
123490292
243807914
106209078
120509501
648116
19691982
900622
262915954
262915878
82413533
248588775
76203813
198518619
253319059
242091359
19773721
165166568
198517389
208192669
197900154
252065013
115320973
205040871
31846237
140638634
196181055
193045243
199008871
262846229
8115153
51518419
262360107
140638650
222627245
207818627
19691968
2234079
106348372
111413048
253205610
107409162
8115145
242644991
181131175
161974512
70540159
59293805
8115146
208192699
19691952
191683328
253319130
55999897
56941773
195531152
55999895
8115151
123490298
198518912
173557581
22821619
126796781
50215708
8115147
146273592
206126483
66512254
66512246
36049206
8115150
191683363
152022533
173053818
147988188
242411273
252078097
245191988
124171020
115289494
108465824
124171027
258567291
123490304
189952562
91011561
54809911
191592331
145978448
172378877
175445747
252079021
76175395
4531709
146270275
77112135
252080043
208097068
78958885
249488605
57905701
176172267
78952180
167970456
203910097
50783104
1006225
175445709
84254121
50396201
996134
253165975
12219913
197464883
70586069
207596950
8115152
214822901
123490326
450531
252079356
82386981
194212336
191683422
34750022
126730850
189160271
198521554
150839233
108261348
213691803
252870536
107970940
107970951
203511723
173539743
243808036
199569555
124171007
450519
207818723
205973646
262796540
192693754
205018849
108327038
197147531
575533
222627172
450518
450530
450526
87931065
23259764
66104126
123490265
262526845
252077963
203949795
33248201
90576249
250062552
165091928
101870244
57905705
165242332
195745930
191825286
57911672
201019229
207597026
178603150
213980235
248501803
178603177
178603239
250334913
66751394
684765
115737399
249152761
253318944
66751283
205808481
253203068
184410068
6469133
184414969
197656201
253201490
76683337
112538327
195745982
193045154
126133719
201817215
251997936
103917081
248602075
249937972
251395172
252920542
115785834
252079071
199222551
250098588
450542
108059404
205613994
211471211
205894419
36563619
205894409
216670642
123490313
76536042
24456785
263058492
200687275
184410079
169915370
165243459
124171033
73201572
243807916
69162895
247762906
50215095
222723746
199593180
58973840
246553582
263027548
249227189
124171009
88206459
253161473
200680576
115761900
213672277
76602258
204000291
161974322
252079540
191683403
262454466
248602819
249150271
184410511
50361726
457202
102471945
115978057
263206776
244152839
262688060
2145203
262075072
263058375
252065691
194206907
74350220
252079678
87913281
209170902
8115149
117786040
199172113
8115148
181699628
147988210
212484537
175445536
996124
55552220
114448187
50361715
115783422
66512248
205659064
97699989
185447813
176522632
146270668
146223708
87644988
202238549
194129669
123490314
92996218
252104484
54809933
576199
22820961
181679955
252079203
251762355
207818756
252827719
43879216
225940267
204405052
75953914
117221145
708064
208129247
160343995
68421180
119365741
206375737
146272173
205274409
123490353
34746959
59131311
114821590
200678939
5869373
169916866
205707572
188427932
78958952
216441686
249222689
251742170
206376126
114079546
179728443
31998476
124171031
206374487
176177723
124170839
204761742
243808010
253210314
137425442
207642319
206331145
230015128
97556566
248502031
36565176
68881823
252079978
113109831
210732863
248602489
259489599
252077980
200976496
222627232
252080062
178787385
56719631
248502135
619212
107970941
262072695
252079209
996130
50214859
651557
204408736
240626551
202020206
214759498
252079879
248609310
123490329
205802215
25204537
103850081
114203076
205606350
100293078
611005
225937783
212314847
117219830
252647140
248588872
78966155
195686814
243807856
213691729
115765659
182748462
167954144
201574856
181379277
205707561
140635285
243086173
197899619
76186499
247940719
197821115
73245690
197821117
253421274
262914842
144614507
214824189
252853800
70473754
205720064
213682358
203853082
76528555
178603179
73500286
216450208
58973842
262700773
248601820
252884405
191354590
115978017
74684073
251268837
204765606
195733034
252079055
262646231
250228861
262606183
16446921
124170843
186080494
199972994
247941847
262974918
252078478
203293714
252078729
107970938
104396974
204044873
249246499
205704695
66512244
53390531
205530599
200737826
189370244
124171021
198096906
100299499
2077361
212992258
184468156
248609200
130169002
252079451
22544245
70635818
108261350
127681029
205417557
184410217
190732082
577143
253175908
450538
68421176
619170
175445519
110190958
118368856
175533764
259484354
252078449
207013151
204941645
505706
252870559
84596108
207493778
250340194
207222785
68421174
202770700
115644978
52850130
638177
242694369
243215788
253310676
252079793
165627261
202052656
164989613
205527701
204627137
204001783
191684782
187188629
258667032
207332177
175445574
996126
107970948
33248679
262456868
172369931
252080066
176672943
165152812
76032182
242435712
76528457
201017163
204042542
91552405
199571369
140613668
204989486
252166531
195917216
78951171
195739796
191814140
252719456
249935714
619189
225961076
191683566
137440837
262915205
252078868
252078578
253173527
195685335
201877248
164964296
33248087
218736433
204063240
207012211
222627476
84872898
110690445
151233614
253262869
142265792
186495649
195213688
91552279
195746106
207566060
242694371
112332754
201073553
252080305
172377902
191357948
94768603
204942094
198784304
78965988
209170988
450534
140613976
254141505
197337522
190702960
183907544
249222846
177027993
178603145
619198
195874053
153836556
207642348
261841028
252078214
204669772
124171023
106195935
201856479
247808625
140587798
230012637
126130825
205811905
76050609
252959135
252714106
635923
249003775
188321539
191820113
252079455
254138799
197821121
619154
201850241
201113134
252064763
205505372
252383909
251459906
205973752
250340211
242618125
242618073
144444013
144448984
144405785
144614608
252064184
252051412
252584101
123490319
169329947
129309619
165340542
165243994
76528711
165242742
251268729
250340456
252258792
251936663
251540188
251268659
250062469
252302358
251550832
252562381
201854736
252411074
250340379
251906419
133573581
262346328
201917512
262473008
206144608
262469649
262515924
262663731
262728611
177723014
206539042
205537437
204043787
205527901
262706590
73201419
77220861
262877328
262687626
263077342
205973526
214515304
243808034
140614340
140105389
63531774
44858339
262405532
72702284
171586322
243086177
67110702
175445525
263275109
263274128
195686878
107970956
205729534
195213586
205611068
178957547
263033611
263027655
263035006
263071334
263081482
263058467
213691755
194033089
117221201
217535653
249090152
255176104
117498903
211937009
252633399
217575068
110027001
68421185
56368483
161979310
189556466
184495723
190551931
202041807
202040335
189633947
51518986
250013546
263303872
253263653
263358162
200678923
197821113
177723281
17456503
177027868
197821119
202011647
252078459
252079272
253310824
260934305
3637409
186393447
173947542
173039679
181456331
207642332
207642340
197852575
72744600
249221288
251899660
252461920
251268752
252401882
252402480
251931697
252044401
252052586
252053010
191650601
251437685
252417199
250340551
252573572
198198392
252291200
251544768
250340416
251883371
242715132
201894495
251759603
251573286
252683688
252075112
250062535
203213480
192680197
252853942
251546515
252131304
252556373
250340563
251517715
217363502
996156
242618274
252131882
252005542
253626823
165244108
165167171
160343988
124170841
125644208
201032612
164989627
94767550
165177229
191266437
158773410
144436584
186906307
89904538
205968023
262663839
262690488
249035264
209333074
201629651
205531681
204932182
205537289
17982852
262818405
262889679
262665678
137694332
129309625
205506061
263256022
263102838
263208246
263075581
263047641
263067120
263048570
58413500
185272030
263030643
196219918
176029503
106349145
72702272
140585588
199969219
68431363
214823100
262796161
247294745
247933330
252399755
191912132
191919907
249035101
214665904
249855152
190702324
58410710
189633909
200738135
197821111
173970818
262453612
263303887
263303924
198495111
77112133
116158359
242504858
181659223
245066523
181677485
178786573
172693632
184410104
177721835
243184752
225961153
252080021
252080351
252078837
262982449
252077974
263416072
199101131
3637413
178770706
4274163
58860054
252079161
205694812
206376135
252131899
251268552
252130047
252131570
252583054
251773469
251540192
251547920
252295107
251395717
201855041
253447668
251575514
252131101
76226516
121263340
262042728
262055753
262055238
144614247
252699881
252966177
257786019
257865944
252066048
262018636
251268778
262476851
205973401
251547789
251402786
165030620
103412711
252420988
252425534
251898537
249251973
240626717
250340400
244740381
203209854
198451687
94767970
123490272
165038718
165243555
144513157
201033793
217367723
252050531
252064123
251268578
250340356
201914458
248774396
205968190
204932450
206147305
204046482
262876825
262887504
262903899
200853112
8954301
263097414
252571371
195283614
263046031
189371564
36710836
20541001
209171079
82230950
22549271
191891495
212992246
247945275
258552314
221225311
68431231
222627496
247817558
146270670
72702274
202853376
217751039
51030813
247940314
252884366
242760881
197900018
110191436
214665733
203511819
246560445
186369381
249457514
250014581
242091338
57964756
200738116
58410305
189556471
263099827
202040285
263372564
248365126
262078237
263417221
205811907
225960904
220670741
162399336
178769995
127219026
3637411
201845640
197878751
196521593
51030913
254138732
252078004
252079038
252079750
252078767
192731656
252080199
252080241
262974960
263452685
207642315
252129446
252091755
250062516
204669864
251452073
252384024
251268624
250339521
204931732
165030382
258567186
252138648
250340172
253227261
242618164
17950838
252065591
186607422
144405886
144407784
262068514
251757017
190506970
258552495
27582859
41556703
251268740
164980927
165165548
165342503
165242294
165040448
96175541
36315651
252560880
250340202
250340429
248646199
252431106
250334759
251402988
201856523
252063539
198199316
251268786
32591756
251268639
204931494
252049476
201113147
205505767
262687668
262736759
178787343
205505739
205536683
206145469
205504409
205504635
205973166
262700659
262700837
262706243
208643689
263196439
263243854
263274898
51030651
217751046
220677530
88227578
207938935
68431234
214766244
63531782
249237785
2476613
217522466
113446757
209170936
213383330
247880186
49666531
186257591
254019144
93211445
263078216
215491421
175445651
200976494
2118833
252831251
201678321
263208280
263208536
263103251
253970681
195740821
217273454
35219838
115246613
202015740
204291478
162019960
247942508
247942251
197857967
263335557
249936683
262453684
250015285
262676835
186124439
248693952
120183553
182112136
242694357
178786614
29254623
210886581
184042445
193714607
195686924
185222120
202903520
197878892
164574572
164581186
195919130
173947354
205807527
206331079
250340422
251517996
252641911
252313089
251928224
251900080
251929219
251575970
252178349
252624524
251763056
251425299
49716260
262018484
186881444
260924208
996154
251395222
250340548
253252861
126082327
34750520
165590205
165295189
123490342
165243090
165588516
165243007
195861508
252584369
252065096
252051977
262414763
250340495
262054727
144525614
76226679
252063902
251268713
244332492
201113133
250340378
251268749
252131225
251268637
251750012
252605301
205537041
262581785
262677111
262690690
178787005
206539103
205973125
204302574
208299970
262844590
262700900
262706929
263097927
263264334
263210026
263239209
72633720
186880585
59070510
252870513
180730863
185380454
165091992
175445517
191478180
261840880
90684963
200851644
192666536
195739257
230016177
186881180
251268790
6189321
205018769
252646909
263049011
263197006
263208586
263100209
140587766
212314849
243086175
66104130
59235436
72702301
67390618
2917737
51030999
252870561
254018843
208224688
247141104
200738450
187184766
263303211
185397413
200738173
2666169
200737695
201295207
208568756
263338196
252000064
186106726
262823951
249221177
262915709
186807468
2077359
197117228
1342349
137417108
74684486
208568665
184410204
202243839
171245262
191297831
195919364
57760309
203809875
253629694
252078425
205694807
252079417
252079943
252079993
252079590
252080140
252080286
261941562
206375855
2066299
201113105
250340478
218736465
130058217
247401597
251268570
252075220
251394694
202012586
165243616
165244234
165243162
210283721
252572181
250340246
252766834
187179333
251931237
242618202
250340438
251268819
253359148
252065565
250340217
261807999
130058522
253096976
241482486
217539616
250062476
164972612
201033618
165092075
206537631
206537535
251576026
252052833
252402420
250340399
251268565
144407290
199218769
144614366
186608186
250340524
250340284
252068444
251268727
262582068
262905320
175445473
262850985
110698219
197366073
262812293
250340233
175445528
106349196
262514683
263274020
263273881
263208141
263193952
263208570
263272933
263052366
263083873
262792386
140103838
88213626
135099888
130385358
213489549
212567764
263030645
219157253
59340017
48983201
58272287
19275421
243807925
205018830
198245755
125888446
76775291
263099805
22544349
195686826
262687278
262694929
252063314
262766146
204636368
205973330
206144217
204043190
204635849
204301376
262454673
263102307
263246395
68421172
199518274
182669283
200738469
189462561
189462683
200737702
51030713
263239803
3637407
262665820
125640311
263303907
263303926
144873895
200976591
262646166
112332750
190737930
120183380
210156187
242694360
252078849
252077945
205807533
197162880
203511687
253160420
262914592
262982432
252077971
252078962
252078448
252078683
263451851
115013012
77744294
59289637
115015444
208178994
115288534
122229435
110927087
249802054
186106751
262072700
114950345
115754282
115017196
207363219
175445663
186106727
100187436
100988566
204042254
31997972
175445762
169916870
194131910
175445782
115288392
249856941
191581911
100266939
249876705
185715411
261840787
217326784
31998675
175445653
74684067
188318898
115748272
250340385
115795792
175445667
115288283
253380193
192948861
185991845
188318727
262817460
114948593
253317249
245079773
115833454
250062545
204941199
202007443
114946889
215122798
195686952
208565080
186080505
167970653
245093831
252079902
204309213
161979206
58442267
73245977
205505694
252078011
261943046
33248706
260924397
263114798
140634876
57965477
175445586
52199281
161966866
189633938
197161597
192948850
227305494
192948798
252079612
140635207
52199119
140634981
207363221
180866150
208430110
162019971
252974558
261941889
192948812
204291518
186369396
205504039
141809674
252385593
252389201
252671961
251902104
252398929
204299538
252974730
262816980
77030586
251929300
250340494
252178927
250340265
251548142
260923209
260845100
205967649
205967817
263287738
263076951
51030660
200738163
257454565
186165475
260930524
261942693
261988585
161979331
193708907
252131962
204052364
200851502
140640611
187183604
205532828
206144546
179058119
262664039
252571377
19391474
262795213
262766389
262821776
252079895
260923066
250340366
252401680
94768970
252399826
205533238
262420545
263118731
219163712
263113018
263352395
262695022
262821041
262815713
58134539
252078319
184288080
133140999
173557817
197888009
51031002
251268577
252389903
251268683
187147154
207753317
201712810
251268817
260924508
204300882
262690310
252973965
133140949
186256497
252386050
187179290
140640646
198198230
206144385
205506551
195188022
177860433
263072529
211255699
200851548
200738318
204288807
262818390
114613167
115091674
100992860
107348220
19391452
200617440
242091348
52198973
198075020
90501192
262660726
202730526
10772072
115978236
161959891
115786270
147988192
83209603
996100
252078969
996104
205039982
19391683
87574409
19391199
214822437
219163815
88212233
33248710
249802784
72702297
33248482
213681777
223994999
996108
165242157
249269507
19391968
249877333
94851816
204050067
165241385
52198587
165030756
165038524
36622928
172767795
20575815
176460789
57965032
114830473
202243901
202011438
251998366
165242242
187179331
230018378
260931271
146362848
165241727
208432435
169916867
201033364
263334344
252080267
191356984
251268716
165241305
261809497
252829441
165118429
252079229
114950147
213556528
114925849
101246941
175445756
95019584
204930792
202025181
95020491
53087109
261841088
187179327
57965723
164818029
35127955
50215507
52112348
72323540
72323538
72323534
72323536
93848340
205973257
72323542
204057577
206537327
78495340
114956689
114805425
996160
59072711
61378690
114951844
175445559
175445792
160504772
115322730
34751681
214753045
5563523
208371295
253175678
175445598
253219945
250017146
252079360
61369619
252079018
73617906
12033794
214753039
107970942
61382862
72041493
175445738
68753380
115093888
61385452
120319226
196530485
197719831
197922801
175445815
115134584