213704979
230039304
217148632
253361064
196851822
14655136
200780120
229714485
162205263
184781427
253274970
201226690
195299500
212213016
201933789
185242031
216001258
248755023
248755021
214497211
217259508
10857702
136919435
212562594
190242072
423135
470066
213704987
185410041
181915295
185357284
249055695
212992699
259542207
262782341
201698690
189391153
261832796
446176
860786
182735416
21130354
1332643
184774171
396925
183546607
214933081
371432
70692014
870609
207251181
218736247
179546674
63078279
2782211
172118399
114046586
251345239
200710332
11339965
253712409
21130352
200710315
200710311
215452791
260847315
70692035
166319868
884426
200710340
260115221
70692018
241963893
217517692
210732847
201348241
21162548
214949377
242487869
13935123
143144301
213967097
857646
180575453
225241488
262023853
200710338
200710322
817992
894763
168493857
200710310
836322
1042922
205944766
235367949
66952510
249054617
185816145
166319841
12118197
77665453
199973843
424505
172476450
261798710
253468637
249133272
185449411
5402423
191923933
180749974
127692599
247885701
262895524
200934062
261832802
194115962
182479778
15733996
178240553
113526018
4467479
210230230
105633795
251446827
556179
127692398
250549030
752165
190883050
378484
8069591
195970367
198214253
185862216
196855347
205926704
190582095
92732212
166319855
214154683
169514223
252648920
253111300
50349596
20876050
8285608
200002515
262344770
176902310
127032891
212993224
262974897
202475475
185490052
216933911
251324739
185466033
168470218
249970992
207251187
197668849
21032148
182547944
350246
247936401
127033424
168662593
214582363
251335936
249054643
48759058
246113880
20826377
196856044
215837968
214505237
251335664
22157569
225251602
261832804
3035263
193008067
248779217
828613
10113479
248682670
967548
251336058
114597562
201843859
251280276
251279776
262051436
230055061
252565084
197625519
14512563
201308540
193106817
191914901
252052780
197575054
894765
254902132
252636715
167595096
1429129
182481294
222695904
189494805
207708472
254901670
192692428
114945240
185868179
253184124
55512030
171004081
76527970
46176723
213870110
192975174
212218168
190582896
117832416
178056537
201385845
196543455
92680822
10227230
208103418
207251160
248799086
196897141
252584728
190575836
1197143
216462242
177930414
210524746
201038943
3737967
38143352
76899364
208100400
174307634
186090744
12042865
195863340
127692475
159847121
218736204
54982957
246850927
151757135
196283053
217624448
127591579
129138462
212218210
193008368
116120082
235368664
194398028
22057984
208100398
253237460
379438
249056843
203065263
166079877
191477707
182708653
182467633
143970237
242075143
242101947
220662874
35318151
262845428
189494599
151757142
225251245
128711588
185865400
199990390
249038469
218736258
7086995
116937566
204302530
196897136
178230451
190584154
178057352
245773043
207251179
217187518
200850956
191320339
127591571
263065148
828609
127591343
213724166
206536660
182458102
251460259
197575060
251980499
129138311
217767994
1040972
49648595
203967167
248977499
77222860
127031569
251446877
77763232
227672326
242102049
190093968
242101837
177154447
205081280
253100661
207251164
54784046
173883484
53935534
116806267
169514646
214189159
199571329
205183112
176891222
194124808
209306287
197668567
171093208
202042294
252658527
54785904
181120105
253106740
248552893
181447671
214930427
114946474
190061072
185868352
115254445
22162313
216285767
181564342
249874441
201431032
211315123
197575056
199006554
127692268
214770868
217771933
195661142
217771951
378452
129138328
242030636
214992618
127033516
169514458
205696299
200848735
206762541
248848798
253168683
213698514
248208935
242504269
202529586
127692179
215139986
166080183
181449624
248549807
49745266
247892426
182300492
207251170
207251166
195184808
166079885
205113107
151757124
199039337
160819242
247446330
189494745
250052679
127591422
207643826
54128717
198958135
54782236
114946564
251980501
205071991
206992958
179952380
216285754
214189220
127033387
245765340
202330080
195185156
115254456
190109689
179954191
197623553
201385755
54788529
416323
253237465
145457022
205080989
191281348
252868490
137941259
216285725
215111593
179445807
251552606
127692443
209863820
179157538
177208768
178770048
6215057
195661147
195839974
53777155
41578653
354469
20848323
177782893
49648668
251980497
194033288
193008155
828611
251365208
247331154
180230056
182547819
251447047
251280022
109862075
166080223
252854098
197626882
132304320
230207711
137941300
251552600
135423809
201426524
72032644
202604342
176779890
215795980
53935506
191767731
242075250
216213560
202604458
205081458
194489317
207251185
250002304
177976051
179689809
249874425
183223754
129138515
195185034
176885080
202059372
253406832
53777142
197629212
127591155
127031579
214873561
251552604
251552595
251552594
242101702
249389209
242075396
132302823
235593275
151757133
179059879
182300625
389580
105366582
10765943
181449622
127692182
127591580
249652825
53826897
109641024
182468682
124893040
207278706
197575052
149775862
120183442
166080073
180230731
215157186
251552602
251552596
204429759
206797959
202529257
214932917
214189233
178771384
216462171
201385672
248542314
230199795
201385799
195840363
22060103
207115950
254902107
212564945
225933799
179159398
201548782
201385890
195184383
263308595
53871206
178951148
202716535
207278783
151757140
230207715
143144255
214505801
53776086
198643854
263053844
250548905
201385951
136795876
214189280
216387947
217125629
189590758
195936908
91847857
180218230
21172852
182458158
205082374
185406966
177186022
351056
201559789
860796
53870838
202714174
197647711
132303574
202771618
176672952
251553158
201385674
200849274
214875362
214876251
127033529
127591399
209863818
248553167
205073649
252853938
151757125
72069918
242504277
252564721
242504271
242504265
206129305
242101806
127591346
202529427
79239520
247337388
201385872
248682760
129138205
149707216
214582366
163831361
207071969
200940120
207278704
116904746
166079820