22610399
116638262
116125839
49181617
89481578
58710586
262305694
192951422
22610636
101744211
67607354
58711384
248502294
25205201
22985269
58711348
23008961
176713884
209603519
58710427
206248718
260803546
198113254
253428414
121229000
109767555
55286647
48983717
29357347
200976865
192173840
23437046
259479540
51586635
110126341
192176677
6824709
261800557
197530491
22985226
523713
192176537
171653823
171653852
192176615
49181919
192174000
116139380
55285248
200976743
193109317
116139566
192173860
195697017
190738226
14040472
29355217
213936742
192173872
58710072
23437381
200976769
117980922
198285364
58711016
117375035
179930081
49641366
249852334
200976871
197530495
179754095
130781022
176534645
19830366
171653850
22984932
171653827
109852158
14100760
14101857
14101146
200976763
58710990
262045040
51991134
200976785
258673191
200976889
50239060
200976777
22986544
58711292
7695682
200976723
262853114
55286801
181451201
258673150
109767215
200976855
191621078
31895818
58710956
251902569
200976721
183364493
74451693
54127840
200976822
58710371
117375120
191809778
116142764
74330010
22864382
49863396
209603512
23437664
261113137
54002753
116584269
191621086
200976828
183570361
54660946
192173936
213936766
191005090
191621088
196579666
51641214
116135576
14948540
262045163
110126379
115694826
176533523
86424380
200752580
116396521
25202818
116141749
198192582
82938697
91089821
66228980
253152042
58710834
117375088
109852192
195283773
191779601
22866528
191779517
70473706
107004499
190737794
66230846
66580450
192419889
489834
26595129
22987658
74036069
74035844
32222440
22985077
51990894
55287637
73492338
31895796
200752529
191779855
192989146
202962030
58711514
37659345
263098563
263209949
117374911
192174018
181567293
263098614
191044482
209403992
116193083
198110808
261800715
198103395
197530335
174625356
110126372
263110065
48984127
77182195
55285582
198285282
200976711
200976895
209603498
212110143
181267970
22955885
74036005
66229176
22985893
22986270
200976775
192989140
198192601
209603514
213936756
191924212
181267961
181268231
263099028
263097849
263209558
263085292
194086890
139514040
195283738
46689814
190737489
142366175
174526342
87045231
230139064
110126329
110126383
183368646
263082028
200978490
191621076
258673189
263102421
263097747
23438716
195472249
194024625
192173762
262656772
60397655
55286691
202961942
202961875
66231630
21090589
55288596
118522794
203945403
54127732
116135513
52678957
26594242
173751768
63875428
66229423
74035791
22986308
22987056
263085344
22954173
66229453
25201851
192173878
263085326
263098535
63962488
191621082
181267983
14948544
261995636
261996172
12206528
179930522
263097745
263098436
253089456
263103108
200978494
258673152
115694905
191779506
192419899
22986863
74036126
22987469
58711022
55285300
190725974
58710233
118522800
74207818
200752531
192419893
193880574
190725633
2057177
253331092
253182545
110126331
198285300
32222552
22989961
23437908
53924708
55288987
181267991
192173948
191621092
43159259
22985908
263101474
198996223
71307689
196579659
196579674
200976781
190725819
195283821
77656082
23438622
49379202
198192590
195283777
198192607
22989798
73385431
22985824
192173768
196579672
197530487
260733956