45902241
198198483
148066625
148068401
253393909
645083
158972052
199216739
184419720
185443159
141472522
50215817
186578989
171581104
126022041
164078024
156001633
262800712
157195845
1709947
193433622
187615491
148073484
222655551
193684715
44459301
402125
402113
402127
251547357
120161821
195801641
253365032
262016120
685449
107200493
254143441
2027777
455415
126676464
262455699
212569004
120161809
22824788
455418
787821
126676459
253319065
138030026
1747343
391048
129036057
141052361
138181006
197620504
129036087
3024665
253135809
203968141
208097038
26137403
883390
155115307
216090624
123170548
191807773
253395965
245768457
204810323
645041
198495030
191541084
883420
10744805
10745111
14614657
191077712
193898649
646640
883426
183684477
746416
402126
162025690
196067730
186433465
160814473
66698783
194198678
107200491
242077850
16999560
136019775
491452
24998992
248585436
253535317
455406
114944471
183315357
384647
767947
194208863
638954
787813
215606922
137966275
182541453
197387982
51583654
197679594
3024667
258571219
186369270
252877894
88043178
176849455
140221948
578052
249089841
883452
746426
171586412
883560
261821042
259310956
258668367
200848794
691111
391045
341538
205574087
746430
550465
205802229
837405
214584877
439368
154454100
536203
883436
262887599
198426986
491511
253281779
56516583
491374
859059
868249
242629531
197628921
203290028
698600
787803
262887518
253535321
120161819
10099729
77753852
2141575
128677332
258667207
83857638
177922316
155200599
262386824
746419
257845243
122642358
74743239
138507358
102579612
746428
141474388
120161823
250077886
177860413
168954349
184414924
200720348
253160399
195573659
254079028
198572118
182112042
242424255
122642199
200720276
171580595
191691796
252892352
7922992
201308461
253535319
247446374
396908
746429
151757120
250077593
746431
154532964
578050
242192484
146108137
214186694
193716771
746423
249601290
201308174
400301
128711505
199544540
169365910
198817741
154533153
252866996
114118880
253621389
261803202
155200602
262363160
110360977
5830929
194198643
253045357
164992377
255480981
129587643
243038354
259513349
1276565
91847160
253318969
253412906
116638246
253100244
248524538
262757647
143329517
186256413
1029202
491365
1036626
253621382
537010
198360392
10244169
255630298
190086381
253721854
772633
198473632
187619036
136796312
199670702
248286070
114945082
1029204
113836341
123198948
205471862
189673003
259536005
171581000
246167296
208273597
12537387
140579233
216724576
206335384
71149249
132302790
105542942
439362
186398739
76250509
217123646
165192943
491386
194120075
194198639
206473888
249042664
252180247
253397400
252126705
198224076
113527783
198824815
206488702
262582110
190109810
50214978
191580529
883490
626560
242200894
248704705
92912457
87632117
262746064
262746060
192887155
210432428
195291815
212314853
262363148
867781
196983718
883404
254093588
883468
207207576
184410517
249091699
178241139
77220747
216204556
339430
178211185
192678671
127444257
186192087
198463880
242195888
198869343
174440885
171100952
877810
34750904
77220809
262082316
262086445
185656381
5912241
177727792
650573
124887764
183482094
177204873
200720274
113394179
196200136
140579071
262386822
191491033
262456034
262087331
31533722
247402128
207502983
195565255
177727380
113529109
169377739
253583649
178461118
186369337
186369343
174182706
508194
120183144
186369207
92905489
262044969
207341101
187010445
240626632
253326502
50322523
258673244
685890
171137388
127591420
186369373
202284349
202284856
123180132
203511952
223777406
240626996
248837988
202290723
201385720
258571198
198859394
187637057
50322539
98127964
262860063
143171854
202292265
207751139
206851175
186393538
140221848
77221156
220671974
206995113
257763344
260940054
178211913
248774063
154241711
146225076
195711904
194139619
217865458
54513185
178240599
213598862
127032610
249766170
178226430
242498472
128711540
253113417
91847110
217373315
183314766
202416093
116184904
197143578
74742922
217423460
198996020
84873240
262654900
256510949
261823715
176735709
261821097
192704578
259445113
581039
114944958
206852631
650575
118375065
885442
183362188
198898721
187618443
175533284
189626285
115958595
178240725
14057990
51713455
262455822
262455795
262838782
253097346
251983670
355825
54640391
254093324
252275928
114945079
813886
195552643
116947265
178520658
207646083
103822635
249644206
129036065
178331160
52380852
172422189
248772428
113528592
201830116
258668076
262085476
186142412
253621391
137966288
183482781
77222099
170773317
195201186
217123687
217123570
197634308
248773443
178577153
197620506
243043128
249610625
252671794
160814459
205113428
54640744
143145050
195928314
437139
72711479
207659271
167491738
249569735
113075044
217173463
77221116
194182457
253319045
650574
106349526
258752528
127692090
109765110
113526462
258605083
219161630
127032954
251577293
257759611
196857037
127212601
195289170
253662422
160799899
84873265
253319041
95157552
92905398
171097334
203155579
252040818
258805946
97816769
184302270
50216019
249526662
502486
175533516
195928312
143144962
258668363
242101824
102562793
176019273
251586092
247322593
127032617
253263050
253249109
258368925
258370039
258368906
250078350
135444673
250070962
184077164
127032133
202529531
342841
178512253
263033737
262990468
222661763
258668371
217514797
214753152
171585885
171586365
205537681
197465026
253319055
50322635
197465024
176751614
48982008
205506402
198495008
262515922
207937256
196048219
263255913
262811999
263085410
262767593
262086047
50322359
77222313
258848164
246853768
225924648
190156386
263372285
205506406
114945470
263394283
198510528
207660664
92411405
198911391
178057367
172476699
178787746
197635043
200780435
263372456
196342192
242213812
196926333
253183336
258373750
258368051
160799901
217123577
242075286
253326499
262915681
263104149
263207613
263255917
262811992
253444130
262812003
205506417
212314812
214753057
171585864
97810007
96289722
199970751
76820778
141789464
242411235
169365773
197821123
197465018
50322375
258673242
257766364
258752516
146272624
253656596
189264195
263023131
261821316
176766549
248416677
117315667
183718372
138049770
198582888
113125447
163831391
198501418
170772497
77111625
217123674
9999723
52685527
160305917
242075134
195194524
182091358
250071053
248774467
248774586
253350298
214189109
253326511
182300160
197624192
197624189
263202794
263103899
263255915
197465016
108130610
105231709
77182193
76821011
50410117
196579641
196579602
196180732
92905486
129667327
25000315
253720701
127031933
214860440
214864215
179780629
184496920
181694742
73532535
190110609
258552424
262382569
200737799
239543910
263303880
248893272
263208702
207660662
207762348
207641895
197634500
153921922
160048110
207660668
216207590
177989891
191691128
52685529
204068742
183348138
198915237
174441018
261978700
170780774
141479019
253089405
176021418
111650549
206241884
198413964
202283800
240626885
240626519
249644217
216213457
217123726
217123644
22888951
258378849
32219260
250071291
113863971
252040437
249610810
243024332
92905570
105231674
214922172
258820783
247302622
95158006
171586042
172422187
171585844
185006222
263255921
263255919
263255923
253403285
91833084
263207481
198898204
260922743
213967083
247295909
191429098
184318066
248416675
263337109
263207964
191690636
195287299
124892986
193980924
207660666
198869091
101931351
129591501
105231430
180923669
193978988
205705149
182091406
159977385
249569825
249644191
217123638
260792003
251586090
189659134
192116477
258369955
258369925
225386558
262817671
11507501
263117204
263202717
92905480
190233149
196579610
105231683
76677325
98128678
119698871
259513842
257759823
72040820
178241376
263206738
263103842
263104081
205506415
196579614
258668365
169364148
214912107
241655922
202604245
263202719
178031631
222016590
118419963
176804353
163698162
101931506
198381061
195194192
213691888
207660660
222661766
242718012
217184583
249644321
251586097
217123704
191692526
251984788
113526658
196579540
171580712
247935738
171586318
203204622
146272634
76820985
252040962
263207505
263208566
190233147
76677313
91832930
263104250
262812001
263098393
263102289
178711483
244303812
207270500
262983949
262811996
257759825
52685521
252683434
154454415
250071095
174887557
253326505
263033837
154533057
190171877
203591330
200687439
241648954
263033035
262984233
74743572
82386483
152705101
196048358
248421185
127810579
197622885
180923667
214916331
196153377
198894933
252384160
177886754
172475754
120183491
129575270
206105202
252078889
263394392
191491984