209387196
13119480
197964615
170267234
197964727
191695236
197964649
183052224
2163385
197964731
2390159
191695226
489779
191695206
191695278
191695286
191695208
197964677
191695222
191695244
191695254
191695242
191695292
191695218
191695229
183052286
183052113
197964691
489760
3853685
197964647
3853603
183052292
191695258
2202965
2162033
197964663
574246
174004091
574299
183052210
191695284
183052163
38422465
491078
183052227
2209245
197964685
2208821
2162041
197964625
197964631
197964717
183052267
197964689
40922714
317059
183052261
2207637
191695220
183052181
197964614
183052290
183052123
197964721
183052284
197964679
491130
197964665
191695202
197964671
191695211
2202849
191695232
2183545
197964675
183052185
197964637
197964659
2184397
183052288
197964661
183052211
183052165
197964686
26170008
183052155
183052116
197964633
3853587
197964642
197964693
191695266
197964641
183052188
197964699
197964627
3853611
197964653
183052236
191695290
183052179
587817
183052322
191695261
513597
191695245
197964729
183052134
197964639
197964739
197964669
191695248
183052147
183052217
197964719
183052150
191695204
183052299
3768811
183052141
183052195
183052325
3853597
155630357
2208337
183052143
183052242
183052131
183052307
183052199
197964622
197964737
183052133
3853607
156174690
155624700
109860529
183052182
183052197
197964703
183052124
183052266
183052240
183052256
183052296
183052191
197964605
197964650
197964618
183052280
197964681
2208883
197964657
183052269
197964709
183052208
183052278
183052192
183052270
183052159
197964612
183052149
183052115
197964735
183052317
183052258
183052276
197964701
197964713
183052139
197964683
191695272
197964711
183052167
191695256
183052204
183052303
183052157
191695252
183052205
183052264
183052173
183052201
183052171
183052175
197964645
191695294
183052221
191695228
183052274
197964707
183052218
191695238
183052294
183052168
197964733
197964741
191695234
191695224
183052145
197964715
183052122
191695260
183052226
183052214
197964697
197964695
183052282
183052315
183052120
197964705
2183547
197964620
197964673
3853631
183052320
197964723
183052119
183052187
183052160
197964172
197964725
191695216
183052301
183052238
183052232
197964635
183052137
183052305
183052230
183052121
183052234