198198474
195801643
156224977
117035933
111153025
74371331
217536286
247336536
177197183
253629316
215989451
72957806
198457570
217535429
346639
74792283
74792347
54031222
123447235
54622173
252769210
52523771
262803235
181783030
11856442
73515853
74792954
253322099
92551529
160691560
172968914
192459028
653965
74792521
160691623
25812049
105795293
190608508
52218420
190608377
170384636
29676558
209867667
211978994
25690100
52523692
467439
156234329
254089770
76048640
8154914
156224969
196069015
23619302
217722401
182848918
101304273
74792820
192459121
92551426
191808114
123447227
215990189
249089952
75369294
46812047
253691052
190791403
38461692
11856446
179912833
27564467
253720768
196141881
167615479
252385599
253632050
257766863
156234333
53924677
254093359
262085794
255338996
196338091
252556406
568809
169818169
209905980
195841028
252384375
254093034
255605794
192459046
255368845
167614984
179912829
92010804
248684663
248169593
180902642
160691639
62007205
137941689
167615500
203084461
346635
190555068
180008434
241774423
252600955
120150394
198458060
255349550
196021517
9986564
209430298
200726553
203275361
179373646
196021545
253632014
262734403
207971108
253265149
3789023
92551929
144084532
1456393
217173600
68585264
175798855
160691610
487017
92551377
242443714
230003542
251984856
213936307
181783084
260812489
260922734
92551923
247238750
203084306
170384635
252646937
207970950
247408018
148807969
198457909
109283042
197596336
252385595
252671557
167613879
252401886
82885182
74860521
27534650
262581863
12079410
167614746
253700498
196021407
247405827
253350014
252605766
32802793
35578672
174293685
191808093
262055488
198198465
193910675
109283038
252389991
255627510
54031219
200725378
217535467
160691537
255368688
58268220
217535475
208059327
242101899
230081986
13326930
160395207
252671484
53944540
217535449
203084489
255605791
255605462
250077965
190608382
203128194
254093845
200726778
200727346
217535453
167615454
254086485
252642156
207281382
213937037
254080703
191808636
247405832
254113787
207971132
160691507
252458771
160691531
253218901
261839344
179912831
173360373
191808227
192459218
207970994
262082095
253150115
92010105
254113867
262085769
19877953
257765906
196152930
25690142
255317238
217535492
160691596
254077829
253639943
255605495
251207033
207970960
45873952
255349762
181783133
6932231
253057317
92551313
160138320
253070037
27534610
252354956
205727603
196338111
982157
262567767
179396922
252041085
262055485
54806378
167615473
253068940
254086504
261834625
201308386
262654078
259483236
209610615
109298262
209610263
262381914
255605424
167615506
181783064
101931931
257763388
203084338
261839350
196021385
255368792
255338979
191136345
181783096
162029750
109283059
109283039
255605411
192459224
215767132
217535427
262665979
253666138
253720828
209867752
225957934
203293360
193050652
158762479
252040782
261798477
257763238
225211693
257767659
207971040
207281426
196021457
252389459
248653294
25691314
207281076
253005264
4106835
252041157
174293669
196202333
198458163
217535483
255605695
255630314
175800173
85445380
222487094
203016454
420314
262086994
179396890
179396924
27534620
255317226
253689801
114945070
41774249
115254442
262570022
200726895
225911947
252867774
252671597
255349554
254086475
254089686
221016453
25813905
29810880
215414931
196021435
217535547
203084420
255349556
27564483
252275303
209349536
57705032
262570367
209349690
50435641
32351539
249090143
171292223
178736630
203084434
262387868
262068243
255349801
252671565
167614239
255349786
201829149
13362303
202611243
112451393
257767902
163266103
55093442
5436017
34725961
232948529
427487
253410311
829031
179912837
213999950
160691540
174827323
169818728
259483256
205289153
116938154
167615331
196021581
190608456
191808015
225211691
249679668
111553399
181783047
252766881
170384659
253630028
353379
255368723
171292203
255612005
127591498
101931828
190608345
167614896
25690138
200725299
202854809
95250682
111502233
248773720
262817300
253238316
261839342
260812491
263120810
189533096
28078853
191808196
191808145
170384639
196021403
178736624
170384631
167614316
181904598
178736640
174294218
128711591
203084372
208408685
829025
203084440
203084350
196021386
208917574
209430571
161368605
208739290
208906619
179912835
255605491
252759275
183082093
254113622
25812113
25811893
257766867
252390455
252867851
252671599
190608398
253632110
253627692
202529307
191808006
257767932
254092814
254113856
254113860
255593676
255368698
255412193
255630277
255612029
253700450
184591250
242070711
208906617
127692146
263396641
192889318
167613734
154062492
59478513
344709
203084362
181679857
255631122
255612247
184473159
252079967
36434485
215767101
208507647
255298912
249090138
215746423
198457890
252630629
160138336
216213275
247265628
767959
101931875
167613842
262842607
262817351
259512992
208653261
260812495
262897380
262526492
109283072
109283070
109283036
5404405
203084438
174827255
191753627
188919822
92551788
203084454
252641221
252633275
252767649
252671585
252868573
252565079
209430386
209867864
209905032
207208213
203084487
169818535
203084368
160691591
174827273
255455636
255605711
255371186
254089842
254085813
254113559
254093257
25812111
19879733
253700570
253700604
202475502
167614994
167614876
167614146
253666290
114944834
483810
27564968
28078971
196152937
129138416
198501547
230003534
173982776
257759843
190759736
257763261
200726830
232950927
170384651
219161614
207240449
244332341
247238753
249644319
117926962
167614072
262836652
209905734
25691308
253238413
253238314
260812483
262873645
261839352
195519948
214050720
262653988
215120270
253699015
252341173
255338969
255430590
252759264
255349756
255605422
253631719
247302590
25691318
252867922
252764849
252640877
252649351
252671640
254093041
254078335
254093032
254113798
92551269
253700526
254093241
254080497
254092808
254089684
192459052
92552165
253660494
253700404
253666058
253661634
209900534
209430556
207270279
203084485
109283034
203084328
196021415
109283044
53501160
262569969
2108763
174293697
169818674
169818760
179396901
190608629
170384641
179396916
203084477
174827313
174827327
158610838
253005244
113526337
207281298
203084254
213936185
92551528
167615327
144543607
241759018
183243696
247921794
144085005
202996460
101931300
167615308
26047414
26314722
174829968
196021378
54782791
200727102
194958478
120183262
195552599
209867716
167613967
92551498
174491337
216867801
92551769
257759767
27565052
26314735
230251773
253350010
252079049
252079076
190608602
247719574
205857771
247265630
249090145
160138356
202604273
178458262
232947391
203294888
114944822
252679724
262813477
101931394
253238320
193747911
200725307
191808014
169818652
173188785
196021527
109298259
169818617
174293693
190608454
170384645
25691360
207281228
203084424
167615082
203084483
198732662
109283057
859161
192459059
193910681
257779924
221018960
255368759
254085809
253630010
253700435
255605457
186439922
255349754
255410222
255350129
214000921
191217263
209610785
208643608
208917522
209349573
252648432
255317163
252569530
252596033
252759279
252649381
254093486
254093455
254093534
254093433
253691034
253629353
167614017
255430537
225266118
217766189
32076914
250337017
27564428
215146559
150896857
257763325
203294515
198864840
202631289
203320902
181264313
167615606
203950671
160309624
41503148
173863973
173943170
194784064
263114639
215746425
143970103
160137617
247891719
195319319
252581287
180567591
101931984
147884992
45415535
213936080
196021411
203084432
203084398
170384633
207280963
829047
203084382
203084479
213936221
207281224
203084469
186391706
262388313
167615514
196021419
192459004
207281160
203084284
196021429
508055
174827297
208653322
209280367
135503168
208917678
255430541
258552415
255430592
255338291
254093553
254092812
92552121
252632682
255317218
255349519
252595484
254078551
254092824
253720692
127032097
25812154
209904880
209900035
196152939
209349692
258805997
27564233
114944415
418606
203232372
191808028
232950063
191807994
202878665
257767928
255630287
209867903
203200622
255422400
205743865
77231283
201308085
204804385
232952394
111540703
252581652
242656344
111489437
203084481
191808258
160691602
203084499
203084354
203084296
196338105
207281416
262526478
209610717
196021413
207281252
203084448
217332183
214232378
160691550
209905017
208643674
209610637
252574767
252764627
252633366
225924656
174830006
179912827
255349774
255605962
257759592
258752526
128711652
254092787
254093025
254086211
255368907
255427248
255427372
255430586
255605454
216983245
254079926
202996447
200848788
260812501
253238318
262897384
262897382
177282023
68062164
198542612
190608344
15159685
144549557
209349474
25690148
207971024
200727082
159437717
219156330
230251584
200725391
100382870
101931930
181753046
257767904
255605455
257767926
253666144
27563057
257763287
253350008
215767128
198215131
214595369
2903309
2099189
241821152
136232535
140416366
112108566
253366267
115867554
123915914
262747111
216220482
162778743
23191032
262807155
48579418
243046551
193649425
220662863
104049765
262522671
340212
55093438
248524523
52673169
45873960
118582505
175798754
262908456
40362164
35579040
76048205
255630372
262345378
185449331
196338169
174293701
252763838
32362592
153261182
208917318
262525489
51711224
262800708
164353467
191808022
167615026
252633393
254085993
186884307
11259000
169818678
253056820
193649247
215140210
76065328
1999259
241022592
253088703
217535512
214203523
14809871
205814969
206360195
235728757
262600513
137941407
127801974
253218910
208322625
262800706
175800233
216408590
175798689
149153658
123948511
198732886
508457
3738993
140357968
171653453
49008755
52673173
32362563
860788
262567636
18030165
167615282
253062244
179436986
56819712
163672359
179436993
229767483
202529640
175798247
175798277
165912830
207970964
113528801
160691614
21598550
158710696
193897101
200727378
27564448
36529438
119692103
209610660
196021397
142791574
196338094
179207648
248565366
110686382
158762485
196338103
196021418
159484596
253058119
48480449
44843894
1079192
70524097
524515
214612011
118582620
200725321
209904980
185448348
254093491
252564893
184442620
178458208
203084404
200725333
203320034
167614181
253629706
252673658
253666018
253234691
249644203
253631277
208615607
254080622
101932323
252298621
203084406
129138560
209349672
124745597
174830040
203084234
230001672
258571157
252078047
196152942
203084294
201630703
343404
206769799
167615556
254093243
203084346
255605409
252385608
255368800
262023308
214595628
243083198
178056229
263098199
191353781
199103744
200725355
174830538
229732090
262983892
207281285
252574441
262030963
207969087
208907147
206340609
27564470
160691582
23088721
181224458
242075299
252764876
207281194
207867043
249489565
167614189
255410181
262570246
201929496
262887438
147175803
167614321
179436995
263114636
167615626
177117491
75814129
179436998
200726832
253382101
127803128
178031619
248681356
160691548
240251955
217772425
252393376
191807988
191808205
167614183
209610677
200726624
209349488
191808190
167615548
200727100
200727200
190608347
191807998
200727356
254079911
214637572
252770217
200727220
147220982
167421844
217443197
258567200
209900472
262653956
216867774
201125633
255630275
181783088
200725323
112944555
196021537
262656891
167614080
196021523
190608462
240889024
184628073
25811887
185410055
253700504
252271228
262734982
252768151
92551861
77230809
127032425
217765122
249489592
247390710
202851928
249489697
160308510
200725341
191808064
76290163
263053673
262914493
230259800
196338100
167615185
23286515
146780837
208653018
194098985
219147098
253700409
118582438
205747849
252564239
247337284
30990023
242488783
252649146
252861903
247799379
216406034
167613959
215727241
209610265
254080641
262454950
209296671
167614037
248104268
133630447
252868542
221256259
174829985
209900508
225266632
252868172
260805932
167613795
252640984
67624583
252401650
73437403
252868194
3738991
252385597
142245288
173943180
160370162
253218908
212568459
77222418
229936779
58946339
181783098
209349780
167614164
209165777
208917361
185024293
58268245
5404377
191808165
248563818
209901486
252759495
143174429
253070789
167615193
255455632
209867661
198733429
182848895
252629402
190608414
259535992
200725403
253671843
255299830
255430521
252764333
160691643
51711222
209610625
209867901
255349548
253665944
209901274
202783244
257767667
181926702
221226545
208648723
178736654
262570450
196141912
157195143
208643535
208738931
122764627
120133336
173943192
186393425
253382099
253071201
252574283
202727486
258571205
179436989
11259006
160308869
73120237
252648408
118899764
202611064
196021439
253218897
252275426
77231297
202794317
200727228
203084497
160691588
215997692
197415341
207971102
191808171
167615512
158762486
190136778
207698689
252767881
208906568
196338067
184413196
252767284
251278773
191268669
160691619
259512803
248413485
243032964
167613951
249679561
262030961
209610680
252867857
252671693
252671792
252647294
252759259
207280924
200727488
77231187
254093174
92010717
156232960
161863326
200725335
203084340
167614198
203003744
193910685
260805929
252671704
178736618
202805225
191355332
255605464
120183336
3738977
253412325
253183513
252274954
252768728
252671718
254080616
217535484
213936155
178736634
251885306
242432576
181904604
167615630
196338149
207974058
252640290
255605431
131388251
196022331
181783094
113117540
190608364
167613943
25760642
182849305
209280379
202229662
167613927
262570490
208907119
252299387
253700630
167613883
1073640
188554063
191808119
53993351
209610787
200727368
5404407
167613885
253052066
118582449
201614513
262909052
263098201
349582
167615248
555253
171292206
208907199
262067715
248591349
208068771
156234327
254093267
230081528
252766435
252577717
251982260
202031219
262455293
217452753
196021405
157704512
253382108
119690918
258752540
200727190
209867978
252649100
207970961
202631456
200726976
252671706
209610587
203318707
92010927
241960177
196853783
244297435
262569910
173399122
249934357
205191884
249569778
242087886
209349512
199106254
92552261
194103590
201911384
252290083
261958716
13771547
262878362
200725387
209867899
252764620
252868563
252289966
167614221
255410051
247945510
158762508
257759797
35579101
452717
152682580
262062133
262526486
242075225
209904931
252759271
208652760
27564347
254113600
165189028
118890576
137152914
254093562
249569817
216388059
255368679
252645243
252577491
190608473
262570476
252165770
209349652
171724157
249644312
201914367
252763800
252759466
258628320
181904609
167615197
242101722
96012924
167614151
27583326
106362101
222334161
204216303
190320418
202852411
13362311
209431225
262455274
249489543
107366386
262036282
191808002
252671603
167468326
262745671
208682482
252764193
252276513
225908328
167614259
208917544
167613764
262909022
49443020
167614170
185448130
200004476
167615544
249679595
209610666
209867675
252861825
167613971
253627512
25813915
36564128
247390638
196188587
263030741
92551912
191268237
153408249
181783070
120183727
252887458
161253313
261839544
27564957
253579098
209430637
193417746
262455080
262386830
252765905
252576606
253070787
179436985
68463992
252678463
203084355
138049773
191808123
208643699
262085798
252643648
253628800
184218178
196152944
212992419
252274017
252920562
57486501
200727246
252767554
252759277
252298701
252759480
208917357
197636722
190863725
92010567
203320097
158762493
230039172
252767457
252759470
252389303
254093663
252040698
209608477
201420076
252887541
204337972
252562530
252641076
208739155
56757449
173189297
255424176
167613824
252671714
255299828
239405820
204985336
262570375
178736714
20272936
208906648
258668375
252671571
252671621
209902424
118582462
253043594
242075320
184474724
186875287
242070802
261973368
244690957
252829601
207970968
190608432
262734057
174827279
262747899
254093698
262525487
191911063
209609971
209905796
252765916
252564901
196022336
74858743
257767939
25811934
252768032
252580698
252767932
252649069
252389193
254113785
255630376
255349758
253627558
160789111
172927052
22632089
203293915
173189219
191808175
193417231
201623953
189413245
73609405
202783072
201934504
239405944
257759928
203293405
160395446
182091489
208906549
54985561
194103584
162774166
111553266
249569949
249489561
197851475
198447843
241890383
173189178
196021399
207354728
252766929
252765999
209349676
209902426
209905785
167615002
202804854
45415654
160691617
27564107
184333793
12626815
244317937
167614773
201048223
181783147
201476070
203293391
202625213
115630229
212977456
202796164
202609821
426734
214831277
202730557
250068056
129135798
203288338
189682439
251404345
215796575
225914387
229703965
252561038
27564539
255349502
242711516
252671678
252867936
252671491
27564439
209901292
258567529
213935969
259513836
217535539
262570318
262570466
207281384
200036657
22778156
181783068
261840724
248417516
247921755
203320076
205561973
202526470
203084308
200720736
202782868
235877552
35578799
217777666
192020807
203926642
208682518
249644323
249644350
216288851
204065633
262570147
215414837
160691578
174827221
262567730
252768761
252629400
252279677
254085721
252400923
252393431
253218893
252596030
252767710
252289534
208652904
212567902
209905999
219157478
254080620
181783092
260940058
160691552
160691513
167610890
200726984
209902405
209609978
230260001
118419938
217766444
27577537
162111931
36705283
222726498
242075208
249569712
152549765
262570495
252389337
252767696
255338293
27563947
258668369
253621905
247815787
209900504
252764822
252400697
252606925
252768731
252640836
252646911
252635994
254080325
254086213
254085815
173189001
204053189
174830028
261840728
262526488
5404387
249237955
5840469
258567212
122521464
204170439
201799262
203175492
207762450
201423220
202805171
167613814
215543634
202804875
167613897
173188896
190506139
208739283
36313704
92551257
203909505
213842186
208608011
241482724
242101905
113117246
201798615
261973370
182849311
191808494
262084525
262640391
190608376
262654034
262656887
262526490
208917608
207281184
194786363
252764933
252867845
252606599
252578152
252771083
252271063
167614810
216469485
209905982
253631270
252595543
252767000
255612281
247257234
261840713
247653477
219147102
208652723
214831279
27578548
191808012
92551754
202631459
177756778
167615483
202624119
257759518
217649804
27564495
27578544
201930393
215637401
209867795
27564180
201308344
220923958
242075403
242101804
242075336
242075232
242075323
249489612
249644194
249644247
183051140
130771544
74859752
35616693
222726496
222726502
103348188
201630064
101932090
202996485
196853836
174830030
243088748
229714097
258805917
259512799
262821168
160691645
203016344
262972394
262972634
261813978
261813972
262030965
253402266
263059862
262780238
262062114
207971060
203084475
190608338
262570407
203084386
259512792
203084276
213935955
196338073
252040599
181783137
174827319
203084396
258820448
203084491
262570067
200725373
207971116
167615394
262526479
262526512
246914221
262570242
260941359
160691606
209349575
254085719
92551399
167613963
253666254
255630273
255410149
167615220
167615357
254114214
25812178
21336381
30990013
249348766
253666159
209901267
208917304
208653259
208648894
178957591
252868525
252246776
252868556
252641837
252644294
252766783
252771122
252770361
252640846
252565035
252605792
252635479
252635497
252603306
252639582
252767861
252648399
259536275
261957873
215198560
263075145
252853728
208653271
209902397
208906541
261803073
201805592
208917653
252766863
252578231
252635534
252766934
252762171
252866897
252868515
252565109
258552426
252671728
252389097
252671541
252671782
252671504
252868547
252765552
252671672
252767947
252671708
252763779
252271961
242075142
229775540
207336656
188659510
160691604
209349484
262061767
263049792
263030547
262056410
203110616
195481467
77231505
202704079
140579190
183334662
189035248
202781919
242075273
178602273
200727048
209400865
106362125
181783131
202525814
94385324
248497617
173189516
201932822
208907055
225910817
243083921
249489562
167614976
201630850
208061971
201089663
162772101
203294883
16160245
202792640
214933010
202717235
195505676
202660705
200727128
194096528
202783168
202609884
200725324
158745336
196338163
30990016
202650482
246282944
252211770
216285782
217535561
138049964
167614818
178937379
200725293
190489572
252393076
101931798
208917326
208907219
215727465
208507649
242101776
247265617
242075285
242075331
242075248
249489674
249569906
249489622
249489652
247265614
247238773
249679557
260107987
248640563
111498777
160691600
217482913
242443842
242101825
26314737
159015450
216213355
242101868
202996393
181783112
201475485
178777225
205744375
261839550
261839552
262891785
262972852
262972765
263058825
262036280
261973365
261813976
248083793
208739231
262525485
262526496
262656901
246918625
207732705
252040679
191808026
258752530
262570346
207281170
207281434
252040872
181783058
160691574
262085792
77230827
262463435
253005242
209867859
199895788
196021437
252040497
258670386
258820812
258668361
254093282
252765437
252671676
252867820
252392051
252769063
252768908
252765571
252768707
252671674
252640200
252766993
252768081
252671534
252671716
252571574
252564244
252671605
252640842
253632150
252645947
252769248
252580921
252766662
252767532
252768798
252579190
252868480
252605045
252770213
252562819
252564727
252640840
252592891
252639249
252389159
252767926
252390921
257759819
173943202
252765495
252769182
167614064
209901663
163033743
209900720
209905819
209432147
208739239
213676505
213680898
209905026
209867973
208643652
209867781
209867700
202604330
254080822
254080624
254086473
30990033
167615452
32376522
262526494
178787821
208917307
92551999
137756125
263029310
248643298
200726853
215637399
262052936
262052934
257767590
166418124
138049800
242102044
204986525
202731064
222695906
242075200
201391397
257763219
27577556
248085102
32891480
178521015
205723011
243082394
202656499
255612244
202997735
181793984
205745521
173943188
202610150
202804932
136753121
205696818
244760521
201566218
167614857
196853779
215725834
167614888
202782940
201567876
119692019
257763257
203293375
202730545
12131482
138049813
242423721
204112679
202795901
27583324
253095749
230201298
33053082
33338214
202608584
203208507
196021423
252578336
202609248
258669999
191808126
150996207
217535469
259512973
248986886
196338089
201594194
230003532
200720668
222726500
215476173
222695912
162574586
112083198
249489668
249644184
242075296
249489673
249569773
249569944
242075344
249679660
249644209
242075217
242075194
247878597
247875446
141991027
251886692
198515588
207317631
260107993
216213476
242716998
202606083
196373857
101931337
203231513
244299717
183526244
249973792
207172174
201892210
158984639
77231515
149067135
167615534
235710940
262821628
262755344
101932322
262973248
262780246
262780248
251521138
262062129
261944124
261944122
263119181
262526498
222716388
203233047
262640387
167615495
190608494
160691527
171292213
170384667
262570115
200725297
262570077
262570036
253056857
253057415
191808260
207971091
178736691
209905852
209430412
252763815
209294390
200727472
16830278
27565036
253671298
253630359
241732420
152567011
249198401
253630328
167615411
167615491
27564453
35787046
92551632
252764688
252768125
252243943
252671500
252399699
252676932
252632649
252767830
252868578
252868486
252671616
252635503
254077735
254086565
255630293
252770199
252578789
252632943
252868549
252676957
252576715
252281294
252393425
252671680
252641846
252564810
252671742
252763698
252564754
252867955
252868461
252648299
252671754
252648370
252564252
252564889
252564250
252770315
252398975
252868120
253720836
209430312
184415088
192288058
262363176
258752471
209906025
208643727
208739086
208906997
208739294
209430294
199647384
206205058
160686440
200725301
263031005
249025256
248635034
262908047
248494035
208739132
262056404
160691542
27564335
149945639
262526451
207563125
213598652
191808071
203084495
27577579
35701339
129528965
242070766
35243903
191808183
254080499
201035297
208648879
202861428
178932915
118375074
196021433
204117096
208643617
206781229
26341413
202609169
32580328
248422314
203293705
167614094
171292233
92010866
202154443
201477698
202606215
214831283
160402709
202722153
181972654
180987511
213936119
174829998
24586754
257763371
202805141
148875330
201120784
30990029
257767934
204769920
202781882
201799281
202661294
199236197
191808042
201592090
178826995
27578693
13648521
200727354
200973162
92010647
116904716
200726763
230062287
141991004
242075275
242075245
247265616
242075337
249679580
249489570
242101790
202852425
107979215
101931760
137941620
228583089
153599023
253700509
113759281
173188855
202883055
202717043
185449543
262550444
263034792
262972926
262036276
262030958
242773943
262878360
254095117
262878370
193743001
167614231
249670685
260941357
252859778
213936241
248825211
169818744
190608401
263274494
213936341
170384655
178736626
193910808
207281438
262525495
262570371
207974053
262570464
209610766
254080323
254089703
254089902
253665957
28079067
27600844
255349780
255612037
173983261
209902784
209902350
209349470
208906615
198801310
208682484
208686230
208917622
208738921
208917723
252639611
252769028
252767578
252768996
252769002
252767637
252671498
252640243
26047465
252641909
252400685
252766544
252767849
252565140
252641874
252280012
252632541
252641109
252671559
252861978
252766427
252390134
252635634
252390148
252671712
252603315
252640205
252633378
252595535
252770242
254085811
254086490
254089768
253713166
167615258
27577689
167615232
167613903
259512986
257859332
209867756
253700633
160098587
257767669
247390719
208739271
262061763
255424081
205542851
174215301
208907145
178935271
35676055
262526482
164433304
1572225
160691612
248400837
249941364
250058938
253169401
249085224
260941264
248411712
209900065
181973300
207971080
202782355
201934495
202782114
30990027
190608352
203294931
202796114
217188410
198930243
202782937
181981404
213935965
206128673
27564037
201391388
202650477
203950706
169817859
249288565
192276464
120183242
202627916
101931336
191807992
202631877
201798679
92551431
201089669
209400842
246282903
196154637
202703183
27563499
160309612
201629454
253095940
181500814
252079567
201796611
203318416
255630284
178603934
202650544
167614168
203320294
106362106
92010572
202781758
191808100
263439899
261839548
249972039
228581878
217286558
189683012
111630904
252165642
209610704
249935023
205857121
242075308
249679560
249569827
249644279
249489665
241654025
249489583
249679554
249644193
242075379
19275173
260107989
196021623
176736499
198414829
206687994
180581966
220965149
202217739
174503161
230002174
196389426
201795838
242075304
262817068
217265334
262891796
262973358
207817307
160691641
261973372
30990025
262780240
262062118
260941361
62040434
207388068
263075152
253232314
249693712
252041101
252040866
200725317
207971096
160691633
190619605
158583368
193910703
194462943
260941355
253057640
252853751
262567704
174830012
215637403
191808280
207281176
247445326
257844960
252699867
258379587
180396223
71311726
174222549
242406115
177328289
45415542
158582652
249774399
203848504
146988864
185573836
262662100
167615312
200726944
181783065
253721345
252767842
32744365
217412810
35591897
254078685
1644057
261822950
262656017
15382286
251968768
154533159
253410290
252714116
127222365
221262632
203909474
215414891
11213621
249693751
200727072
175806381
92551772
249693744
252784713
206784506
203909493
200727248
262570294
193669207
36420070
196021400
248132723
242075366
252768715
113887901
20655438
262469762
167615260
52602198
142258886
190608334
262915960
205222949
242765654
221233624
198931849
167615620
208231683
1032206
182740950
15687835
249775251
166340913
189658517
66119784
15475237
173943193
251239288
203950385
253665962
254086497
207761930
213936173
254089003
167613726
217462248
203084302
200032358
190556255
11107852
177533628
197499275
208917502
179753746
203084452
200727146
167614138
134527528
190608591
221226529
222716507
33752075
252632571
174830044
76359126
179439771
16254062
50723757
209349518
253629704
247948061
200726651
206102909
201801875
257767661
217525534
262803233
167615262
115972918
112109798
242075132
76359218
115624581
254078130
68221176
196338171
4311405
257765854
200013601
249534512
137623162
261945036
188940697
111955843
208739296
208917268
207281218
196021521
73437397
41099296
200725291
190125802
209349393
252041037
242075335
92551780
254080334
192090763
249679572
242075226
208906587
215414842
1644049
263035714
50496794
190608408
209298586
257763189
206202712
167315639
207971120
196338175
254093397
189475492
53771152
208739208
180596067
202152578
255630494
252199027
190759374
202154615
247238745
174293687
187561082
137457589
242075228
103348157
254089706
254093391
261967445
160309175
196021535
241814627
215727667
200727499
103348149
179921231
178957497
252639584
252399585
254089764
249268433
206859992
28079097
215727665
242075110
138049929
247540078
252770481
250284366
173189205
257767752
201799306
253070802
258805909
180715116
249173643
54754717
54888466
249644221
92551817
252768687
247256647
48758108
167615072
214195651
173360357
230368339
217123609
103348153
201391377
201035257
34487486
262815877
248132725
35593593
254086471
253637749
255612277
255338434
254113585
254093155
253621695
209349784
209905990
209901511
209900548
181995808
201114896
55650075
180592298
174509105
106083352
230368354
213936097
249569728
12627046
55034723
230012694
230012682
230012749
230012605
263253639
262570478
252324043
262655965
252763755
252867828
252759447
209902401
257759574
243245018
257759572
262734355
27577692
255612295
254087277
254093151
254093037
35593318
253720848
200727018
253629934
257759712
253665983
23420977
19883518
154493552
118526678
208682454
34818789
148856110
173188835
212257728
204425708
252764076
32221620
200727020
230368347
257915341
68005992
13799398
142362631
242075351
249569772
242075364
249679558
249489539
242075135
13932166
202782907
20420214
176816388
262973260
230012684
258605077
143949009
262656907
255349778
254080683
254085725
254087128
254080882
254113751
253661666
253700823
257759905
262570328
34380884
253410301
259513009
257759562
217535532
254086623
248411988
248110426
181995805
140012031
146593446
12126268
209605757
254093166
23271234
201580090
34935398
152535442
20532439
254089231
177515693
206205518
203084493
176710556
242075177
249389203
173761440
103348192
201856071
258668546
248132755
248132752
230012500
230012686
181782949
201431314
22169466
255406894
255430563
255630308
254087513
257759550
255430594
257759576
257759812
208907130
209901147
208682492
208738905
92552135
250980336
263114650
254078662
254092771
258848150
258668080
253691008
181783005
262696683
16998546
249852121
181972656
173943190
200726982
177977960
77230746
230368351
230368341
142365084
242075345
242075252
242075363
173761385
189475010
192778529
258848694
258848250
258567515
230012718
263274067
253005274
208739198
20446822
258752534
254078691
254078374
254079140
253661781
253720620
253661660
253700758
167615345
103665067
207281130
254080627
105869969
249258719
249679733
247930972
242075392
22649430
149430722
167613723
178483004
24163114
167614205
167614029
191807993
148910587
173189089
221709216
12125087
200726770
200726970
140096584
117315641
251394032
34917666
14016464
137638739
202796172
171292229
252853811
262052916
217779385
163476205
216213344
242075347
242075338
181709614
230368349
230368343
104818623
201111120
250077513
119063716
201622636
258571127
170384649
206137609
109697658
191808386
209349782
208917655
209867778
209900069
207974074
252676924
252671561
252767759
252040482
175811221
257767924
253394436
55512147
167614968
167613922
254093164
35591928
253713165
254089559
254085713
92552223
201697125
205136433
181993122
211924853
248197162
166341349
174293711
191807977
157195110
248895876
174293695
167615363
20532327
181461191
192459238
167610019
167613909
242075160
202660600
189328992
262052914
257763249
92010283
259483871
247016227
24587710
23390877
200726868
251278641
200726850
191266664
109283046
72910463
100125915
253630263
205547189
193910734
34362337
23258216
147762387
12212475
254085807
259483837
192863106
54778717
1644051
92552215
103348151
166391631
209279287
23420323
200726657
254093177
248106088
255410220
167613995
35308340
255430553
249693753
54814413
145540088
171899220
21596928
160797826
15779817
254080491
247271578
254089762
33158295
9437916
248893278
181710052
103348163
20698627
23355187
207971018
255593463
227017285
34917829
257763184
32976044
32412140
38369039
213691887
189465898
165700289
148073718
192780878
114895602
212135507
254085723
255612013
247901065
167613722
54778348
247265620
103348155
34362350
35593295
191808040
262656895
203511574
254085909
254078905
35977301
255410103
254093344
38532317
252649150
255605610
35593617
202525818
225923660
253629425
36258762
20447498
200004794
103348159
20234482
23395821
34380540
34959988
34917866
262817238
263036203
249007038
35905706
252767865
209610076
257759558
255630330
255611998
254093170
254113572
257767920
16217774
32895005
207971022
261028870
247238778
262990821
35675432
34917631
252765902
254113771
254086309
254085772
255605466
254086679
203511561
218749997
254088963
106088334
249169268
36154614
217113847
51306855
263098202
195542683
178530302
190781768
132302665
242075321
180592005
202239633
36155583
253631403
255630055
255612253
259483238
209905777
252649213
252765993
182111169
263056273
254089078
33793363
115254264
252078484
250199767
247265634
171936927
192778180
167349672
255368767
255605688
255628796
258668395
34935364
36154396
35802040
257765844
253313763
228404004
36153702
254089867
206648599
34383446
143885382
252633397
213589268
191808079
252855072
258673236
208653320
257759552
203511559
254078668
254113747
202258922
201389636
42174141
258752500
258823415
262766298
35610630
202242238
201916828
35591907
257765911
217765727
253414681
33753818
200725294
254086222
200726628
100131498
33736589
86979169
257759839
221224326
247274027
167613555
242424370
169621313
198698468
253635526
33744191
35905826
262871772
242620567
54757636
103348161
23397650
153038783
252911711
216982897
243083971
159010432
253665804
205927980
247750882
259513807
34156886
255430565
113127504
202258595
54825809
261814024
263366684
25184550
67247041
33381987
263051425
257763305
205684671
33370613
209390702
23419072
33030517
253629968
21603108
34362358
249569961
23418328
23097270
263077642
11857397
177962543
34380533
180897801
33751280
259512764
257766879
214930481
253665918
200726934
222215446
33545367
198458457
54815031
244133663
183540566
195531189
214930397
248091669
143281015
30041068
257763258
36153624
33545087
254089071
253630319
261808345
148908711
200727000
261823575
179231915
20583586
252763834
253631584
258821579
263345144
248994455
205684656
201580223
257759566
261037155
190537994
248643933
179694916
34910652
253401616
253627536
136978479
262791176
242628018
198473604
205917477
205917409
217423169
180593687
176788070
35591940
253629438
33851780
201431429
205747798
181992140
33545363
193910794
111500447
55508325
240627128
35593607
35593313
254086209
263022180
101862350
179437002
263047428
35905803
33370624
32743887
33545083
48648273
34380525
27731539
33381985
250757221
34362734
34362343
248637605
254078810
253095302
22505676
124391291
33000716
34380892
262734962
141243619
9803524
140229516
31827928
54891666
208686216
208682480
191808121
191004826
260407137
113151324
209293938
200725336
21852512
34669682
208739115
31134031
48647917
197638139
113709906
263022178
209901320
128711506
254089691
31133749