52329861
147920905
833601
160488878
109295448
197620520
77221262
84162890
86532012
393732
66464344
10124679
109354320
249767804
1661337
1661335
555786
201355030
439350
168303304
207773006
92556435
241821155
43476426
54432670
68049579
73229723
76837843
206558271
179214820
207395738
408086
540465
251417231
201037925
47184472
51285049
252357063
438163
258378703
91089504
165765212
574745
253040810
242076121
77702303
210760798
1661333
251547194
53982007
168562180
91544562
11253095
249768612
91089502
249768209
224254545
32219344
75432184
12104070
1661331
222354058
167686049
74363198
242503049
54512900
75983616
473502
58669312
259537398
249768039
72027527
81506527
158494562
189557806
252180776
204473125
215990191
248803200
684727
62742661
53599268
490668
91512848
92503531
244168756
181379285
107076147
35862177
54445418
252041127
251531686
366485
506108
186318611
174808407
1374377
230016542
32218973
252041627
74012432
32218913
70743633
50247850
138342166
392238
535717
366951
6838157
252714302
217286466
491750
922403
50885175
74363194
507276
57219180
178077749
254859426
136675530
5569127
71957069
147568362
171183631
52806375
528195
253633279
3738971
53982112
146273915
404172
207982447
160836739
53981902
216298595
434172
209902414
189189326
165760966
254081932
187609373
192950242
409067
708422
445820
206715210
439218
169378485
262551572
262946064
1953599
205506527
263104300
47184476
103865525
193736758
1822059
2005421
208682486
217387200
242076267
1289723
173093840
186753033
47184482
175445704
47184474
10124696
731216
202483813
200922463
22731576
205537651
82499692
72900238
253069520
46772906
249686897
217268929
507310
103878117
263021074
252539988
74458527
194735263
219161772
1582317
209296763
127032708
66686278
69660314
175445824
162399349
69999230
465240
10124694
262037915
10399551
252300706
1618679
67966744
75405370
685784
250549025
540557
27977456
192452441
437119
369177
137458383
50247852
252039349
574736
253229814
180586324
46689378
263105086
137432255
55355017
202217471
397682
241666976
263208901
412969
51341095
252357091
388212
197925059
249803366
259483918
215292687
68819766
156224971
473681
192950506
71957061
540104
102847802
399941
175526726
485458
1590663
31949663
146272707
3495669
247427878
159974175
6568537
251926736
419033
252062302
225210817
72957802
198462948
101931525
261974907
11253186
717551
986090
174599733
474818
16607262
208307318
1481917
196154000
214189458
188919358
192950701
35862159
105740372
491747
400547
127032786
11841394
507268
214753090
35862169
252062338
35862163
35862137
205227772
59525591
179952823
92010774
249921266
215288798
43863863
3802133
72751103
11477734
207317536
253318975
151950462
250078205
250020173
160814550
15730292
551567
55355021
68819776
81940223
252357099
181567259
427875
143694452
120471487
553929
215288796
84873224
248590468
87632421
259489601
10565347
53919360
22552648
55579259
56414476
2919487
201381619
80365267
69999228
170780916
190141413
178035274
215560712
355873
209298896
203994739
179687730
253326464
168234710
253040726
169887076
214730829
54880741
189475323
355877
160814636
215561704
51996167
197646363
556618
490677
252062300
179944791
206205030
84893725
174261447
162841299
208643681
208682463
378485
252062294
215560812
207244646
210513596
107076148
539358
188376632
202421097
204414520
209867789
519735
20875510
75376697
8114203
137006779
247302556
202388319
156224985
252680304
20862537
243093747
2928803
10331551
69660316
125172057
15448767
178044923
253248370
409053
478394
146270245
67242982
209867687
58339058
253319019
214730831
7341941
200762303
833603
176752866
20100146
262455960
93734269
127033311
493078
48752545
163831340
216296809
215480828
214189282
257646223
252039330
392775
217387231
182851121
248619245
459949
93070769
253293554
175445739
197062995
212993210
6568601
158745338
433817
135281476
214186017
3307793
186497723
3306243
159974173
407488
208062197
252043381
207947485
169331020
160814626
487278
208917676
261801806
175526834
637322
84750972
205915330
253326467
253413122
531995
355876
202712418
249348736
175724216
339938
67243011
176781077
345965
35859197
252049520
355874
81576257
574927
207973209
180749782
109392417
404170
261028750
134364080
127032426
247935570
571766
369231
201859356
206781455
421831
624945
355890
553926
252880578
249457345
171022615
242779050
58709493
249408018
120471845
207933157
1371267
198292848
978820
137385565
54880082
242411371
204473048
574928
191287512
476201
209867982
209349493
204005554
58937092
214189165
215580017
253398150
370916
199931042
151950460
85399730
252079225
252078629
262017967
438319
54878954
197578128
73887640
176909242
137456722
257646218
214189291
263207742
263206746
263207810
956233
252880592
248459738
206715212
102758011
175445470
262904422
209867951
176522894
192949212
263206732
105740320
68166690
180749655
172476080
160671628
215723306
1371263
66897815
16998010
252079183
201308448
1204919
200849276
171231147
54476577
259478504
259478502
259478499
214189062
242701910
250077995
250077900
73209814
3345419
247955062
109810860
132303417
263207661
113000520
247444189
253160957
253384794
161945340
32219200
253040751
192949763
177286617
179952952
217329729
209867683
209349654
208643613
252721817
1496073
208643555
137966131
84893717
58956407
205574015
252080012
252079779
215725909
252079111
247935551
19774385
182851009
263103731
263057548
263207759
263021082
263021080
203208431
214584825
50215080
43862412
158868338
200673069
186348438
262656201
173360423
209867959
455096
212924639
206145353
263303928
179952954
263101032
209900007
129852524
213488413
176522892
10401280
263303950
138324036
500702
470102
191356875
84893703
84893943
259478497
216462187
252078522
168737999
252078381
6907019
253326471
124893019
253326473
263201261
263199073
57826870
128664532
3802135
47339150
209430446
263085142
253229791
263104138
191907682
178831394
263304001
247447651
1191815
6907021
137375041
198369506
178831565
172475738
183262756
179953835
252079269
252079669
181183816
247954010
252078807
252079147
251583685
195509876
252663462
243093729
165803702
247729686
179492050
262656136
205506529
250738771
155200266
201381636
208643691
204421317
214753129
263208260
263104079
263253496
157118159
155200268
215560790
214672873
92551974
177915379
177703754
179063939
202596858
196598596
27563712
470096
196855584
252079026
115957170
97553288
247935541
250055874
247845668
262636247
251514761
173230888
189628133
209867739
209867922
192987794
252062335
186583924
80358864
192949241
262747124
186363399
204847750
257869277
262466815
206205144
2422075
263294042
100382861
180222420
181929327
68580167
205807377