52709770
57913615
203095270
11662825
248176411
41647760
57913617
177746985
138269684
65008052
28449505
840760
217511909
7266513
177747011
165021308
51845894
160488656
16164225
69322442
125640319
406755
55284383
34746374
9688932
200617436
17615877
249273104
115867734
165627372
219150436
223966400
124859146
37751508
691496
170095239
31970469
175147113
79539097
172437125
564208
654988
22650063
198285167
55282151
202558232
405788
32424026
247867625
252640104
212610589
53599509
11659822
55084703
172959411
165851518
48894320
249173565
190502210
26099959
158775140
217511730
184334858
527204
212610540
34825500
564215
55283041
249235252
202961487
204430142
8149216
198103105
217513565
454141
31970491
115968704
549332
916970
26412693
375537
217511676
212610523
375529
17615875
42470148
20997366
210439095
257903065
1074864
109369090
175445811
172368834
76393260
515504
54370909
55279127
195237371
35178443
36582768
23297955
172975933
187184249
173093643
48894310
564205
163021297
210118453
249178566
390828
183560296
46500140
38110578
890036
556830
564237
196155771
253179917
31658874
172981037
779069
405792
103864684
83749514
196220012
26411705
48492401
252640161
603139
446692
243037833
10366616
48894308
253721648
32583279
50956824
175445446
199648804
418695
562598
177274859
32583287
199916502
43341754
67966529
1459005
148749461
348219
610624
217512034
198285175
755834
252040645
253216169
165849814
603141
192987722
163739578
247862423
212610527
148734342
26667446
199969469
146271716
515962
478971
204291511
438644
656475
42842809
203210557
187183995
28449279
29164805
82936677
63670363
2801997
2666167
208634827
197878817
217514570
469631
173660362
29284642
252675801
248697756
249577307
252078205
28449378
41556225
263088670
55282543
165627320
163021277
103474773
87632209
31658853
39357924
165626674
198285182
146273900
146224494
31970489
87632216
22631294
29353020
165021304
263104243
38191267
87902756
139247194
124394323
31970451
31658868
199964435
44812554
252674927
253152260
114945512
252079859
250549094
217124699
55064196
252078649
33110300
263098620
249001113
31970485
37793436
9688960
23832640
103864735
23832672
33089119
146271726
146226427
196219887
243037524
263103798
146270341
263208514
217514812
204428383
217524828
169887156
229808773
229809396
249682561
124391376
31658864
42201523
115325184
199648792
158775134
253265238
20975114
263328881
204428753
36570192
252079423
252079414
187184159
249179948
225386718
217124681
216213338
252078076
42842834
124859156
177274849
39532035
263085014
263081083
263108482
263118666
249000788
227408551
200976551
163021275
163021269
252604662
217510592
36569432
31658887
114693421
1074850
31970477
31970481
196180786
165626676
146274181
165627334
192987778
165627243
55063786
217510478
229806617
31970461
72843321
27830438
252674772
165627381
31658866
184415405
263109064
170490624
114945769
138269677
187184121
252078650
251984698
175147111
187183775
39371369
263098151
249221215
192950657
163739580
165627264
163021259
165626727
66579975
53599477
39335534
31658852
205802197
31658860
31970467
37151893
77051235
44983193
105663920
215538285
263208578
25962011
229809325
207564273
184438232
201110580
253152786
195562726
41554627
216387829
186880524
129309613
199179174
252077936
249177565
68301371
263078170
263101808
263086434
248994416
210134555
33089368
229806818
249604133
227427172
111498459
71928838
229809676
27830448
263108181
22643224
263100935
247865560
197337596
197337580
146272290
165627368
9688958
55284040
8442164
31970511
31658870
58136089
31970479
41556228
199975292
200616800
210138276
202461675
252676651
253151609
144639592
187184512
36940939
223963028
223960843
252079795
55084408
165626732
74451325
165627338
165626709
247876671
193976651
195510684
169379437
94597234
48894312
50361494
187616632
148747136
31970475
197150400
148764749
229808442
93953323
200720033
27830450
24156860
137863857
263208534