19792256
214496616
130996082
68570324
970212
68360474
168662171
130997085
53720987
182463030
201308479
50322434
262338107
161383826
50322534
212992669
476128
198296789
263063925
212992695
151950684
143513113
91273550
62744832
42877486
91272084
53259627
188229187
212992703
58709387
15265240
77702294
212992671
262017409
476144
212992687
568147
58397041
107485681
109694578
107469099
200617452
201821532
687505
75996795
10581200
263063904
195801212
113526890
476158
476159
252024870
42877482
169887152
71683020
75996779
476141
43016499
201821623
476172
585065
158745345
476148
476135
143861679
54609651
178323555
75996789
568144
14610849
143858315
51950248
70692010
682055
682060
400013
108501283
248722626
476170
57211761
75996781
75996791
209613582
83038164
109697441
74235040
98187423
40357429
107485553
258509045
476133
216462214
146226303
612911
261151758
24197502
76526351
427545
208121662
476161
476156
197464952
568145
568140
22725442
40357617
191089657
217524128
111711883
107485579
201936514
75996783
217577366
58709487
634807
208634753
107485660
71683057
634839
201892715
262512076
612904
260807691
82041442
48035339
200705629
185024360
202961485
147730286
197063013
165626705
50322195
74943721
79471982
262302134
98733293
532246
172422123
143970202
211309370
107464900
43262273
194005243
181915305
185851588
72290701
476151
50322216
261962053
107485620
75996797
205292358
57815450
457654
15264907
3670527
58802086
200705636
158868104
195801944
168573392
181915292
17937805
107466975
190551578
476150
181915288
143012028
75996799
143018632
476162
206182216
217186216
143664378
476168
75996793
168573394
204816303
215152335
169309191
527382
75996808
98187419
204053386
107466848
246770367
200853743
178831644
261946441
107469729
160814483
83749723
204053358
39909009
204317916
125084314
204053368
476154
107467361
77702292
188229215
760040
655679
248722628
453383
184766293
32470045
252865787
198572109
44251098
204056727
835964
202796281
107469050
105231100
147564637
57220063
31515683
213966133
209165800
51844779
514184
130440837
204317922
476167
163021255
206182204
22724672
112815961
172938238
153521886
77965474
184758852
251773235
182851077
57815456
249962222
3670499
168576288
192949224
200954329
3670575
129135077
215136644
192949324
204053363
145093488
71907872
20428311
54051354
19662182
195814424
184095594
186751829
204053360
205194416
107484266
168573387
50440313
22647715
253235279
113526747
107468132
34565957
59356674
249392722
157195753
22652667
204053392
41549136
3670465
195662908
248722625
199969948
114987935
125084239
197415499
114969906
592146
99883128
197415524
188991750
114963604
197415533
162100222
252675931
217577414
116810424
146226316
168576286
648672
124764815
102601176
107471157
546618
217500612
32477763
105078425
612778
116835648
114987055
251267429
217387235
16999552
205941713
176753012
74569924
24467217
351158
23427202
198889606
612874
24880836
206182065
109124687
99883228
613109
182320821
205293980
74235042
185005907
182320826
184095596
181915307
99884107
184095592
168900845
192950697
248591361
72032650
248591328
206182109
105739362
612390
648218
248591373
643904
195821399
214740869
53299436
694849
612899
35283871
248773807
207317574
217387214
146226404
171651712
72032648
201308080
43340959
180749184
185654105
252892306
137741293
217387218
212607487
742049
197415535
207658332
137741291
209165802
59048146
261985992
499140
204622537
198572122
51286880
185005771
205195112
73147321
108130540
107467454
204622921
127901536
2438633
51915378
392601
2363015
2438623
205506419
204622543
160814598
53259731
73865847
176752869
22643635
261151754
248595207
20420437
176753036
197725678
17937795
252865779
186434360
257835521
176752841
146275465
213936291
213967169
257835533
214740374
180399906
204317929
612827
144379730
57355745
248591330
148866398
192950137
532250
243086193
20420443
82936801
58708436
590782
257835519
176522694
346154
75307236
180399890
183111523
176522602
176752870
246772819
208118232
257835515
257835513
20420435
82936575
125084000
648217
560774
82936808
53867332
197415709
446265
247547323
214741486
113528224
180400057
81896976
108130768
252537623
212213986
156824925
114962084
185654035
109862024
351846
647516
200728175
183111409
44983207
202879284
202879292
17048319
201941684
185024339
114955756
59356682
262731121
186434328
182463038
81790997
568151
84991799
53299578
246891284
252678816
55350695
6173153
262792238
68082439
136539759
248774411
195662922
247244617
190827342
350845
17048327
116566878
17048315
471358
17048321
17048317
99883240
114992515
107466003
214657075
113526645
23147675
46931520
262871208
444698
54685035
17937813
91947573
44903052
3035863
92994592
356993
500029
114960798
252295398
262903793
129278322
15604116
65000232
190544762
125083981
593922
249089724
92995001
262302143
107483575
107465198
174321446
198572099
146271879
150735406
693383
92994618
217641318
148054408
102602459
246857359
215161554
134516166
113527124
44903046
75996785
217185820
123499316
262871210
136076436
199646872
253665870
207490221
146271486
222723640
216217307
134677175
105935702
3494913
251900508
694510
202026659
30628714
208634739
123447243
199969132
193136071
262871216
243731374
192949920
200010591
19920097
170970863
135552469
123498427
68082447
110204804
470655
479756
182463044
263063927
192949477
72290697
109113295
212559275
208099662
74021329
69322393
21170979
59356678
19782708
31514497
91876799
77965479
174321514
170748254
105282085
243733369
92995002
78974747
84991806
16562167
114845987
126257337
44983199
175142902
573282
243631405
250020084
243732969
17048324
186751375
261986356
455483
195564785
446185
242291847
263063900
113527868
263114829
263117322
67624667
44640189
104503994
19885956
208099652
186495624
116391623
585135
208099647
1941521
201930492
185005899
75353238
185005917
32915039
207596248
201934756
151007207
54609657
195662929
107484129
576085
446264
76014356
217577361
198127398
181915286
182463033
124040236
4097789
186495817
84873269
247799405
34648999
204000749
725593
185006130
125430538
116811816
252068843
208099645
198957166
197747517
213555872
110883362
262731981
176752895
102600962
7775756
125412097
117064604
455392
59356676
361511
261968965
151007282
257846545
160849732
55284543
207566348
202961655
415936
415149
205506365
46332551
137430778
229738819
113768820
59356672
181915287
196219855
137572801
34643331
185006030
217186289
35283865
500024
262405418
198889589
210513600
152705097
178957611
150731808
643929
72702376
213684699
205705265
43340957
557308
215358921
252725024
59048132
550453
648670
146271410
208099461
256500814
137375790
77965477
247938424
172422179
194183465
136009181
497029
204473085
253207814
252892066
208099664
170748813
113526852
20445562
109124695
204000421
511318
75996803
197633148
50440309
593927
192948668
186743331
205523148
102601676
532226
400019
400017
217641337
252039433
193136238
192987972
182320823
57815454
478346
205695390
58709541
248595201
137129727
256500733
262512101
69660324
197415440
185024333
210163837
212314861
208634764
174321448
176885076
123781534
208099649
207395742
182851000
174321525
604677
95866401
208099654
604669
82936806
57910168
418891
151036705
150735534
80414673
435597
137279417
59131393
214889710
172024521
145222814
252077418
257835525
576086
230039478
488211
696303
208099476
579979
199969153
571635
31952096
451801
540049
215119089
217696702
208099666
25186328
262512074
192693821
197748051
31515961
123443733
77627214
450166
540470
248774172
3035773
197748072
180399997
185088507
696271
30628506
548131
451798
54685030
248477992
151020826
138226272
208438288
196579623
242752298
197464962
146226287
205537697
604686
437275
208634776
185654002
197748194
184096094
446739
210513604
450196
581002
207256519
581013
201121415
477946
198579018
262302140
262302138
138323427
200851519
195821443
252002507
262694817
335262
262792390
3494929
262389460
248773546
20700674
147730347
250078245
68082445
137404517
181915296
253111619
205708352
248773599
174896136
247938098
184096102
247982912
69322701
170490706
176752891
186743004
99884149
262075063
180998997
75284521
262731012
206331042
59356684
197415411
75284534
262512107
205113384
197633144
210513602
253248311
206248646
124893154
204417037
414303
205694842
439929
249768147
42966070
44640200
191994375
197748218
197747421
74405073
158706498
263041160
199969299
253248305
428877
197747490
194807446
217186325
207639403
81791006
136483085
562674
253111621
250077808
262815875
192950404
58931409
188487556
132783119
214655772
262302172
173406876
100298321
143917482
263063961
141111112
154002019
176522849
428005
527396
215040295
198192466
186369359
179206633
16562114
243730616
253111631
197863227
145448936
42966066
415245
49549954
170856366
197415722
445872
176522678
180986199
252850854
56003676
172024556
262086110
36996220
197866707
247342419
185006295
213886896
152458029
247887687
261151768
254184915
151036833
214732530
137375784
43016501
261151766
137440525
261151762
1346355
201686833
134320713
204473082
107409487
170870013
257835517
261944986
799127
83813036
104558523
210163780
225940855
152458030
205506439
568645
75284532
247341662
146113515
40357427
249390915
182463024
136781758
26593712
185925166
201088287
20460919
55422239
448882
125429343
114843838
205294057
170741850
123777618
395822
205506441
204377217
194183467
214732527
51996169
207658162
249042783
248774379
171586300
249885354
136076555
204001002
113284376
201687130
214732310
72702386
176752879
204473058
156824927
57910158
162844235
229732491
263344898
185654033
52182452
146274191
477878
188545698
153492533
230039379
68082449
393787
250078394
402861
176752974
217387220
249921264
596333
656825
477927
29175032
75284525
51030644
198192464
603633
186741430
58087964
95866323
248774409
123779410
428003
418880
261151748
470195
400963
124893022
149932485
592082
599652
16562112
207646305
68082443
248774254
215978028
159276564
451804
656820
212678846
51030792
256500797
538247
538238
198192494
213936067
42113472
192949902
211309368
195573619
196360894
447630
197747370
355139
54144370
205294011
112825939
564245
593925
77627199
151036699
204000496
2438621
185024350
66398436
159828803
478499
114945754
197725683
207646141
123435165
242101946
114855278
215978022
418881
151950648
157824624
163021128
163021124
77627148
262515699
146274098
172024560
151950504
443994
90116499
42966075
477937
29175022
113526642
146272656
540621
532219
214234005
107484002
146274112
106996452
843722
262792220
576083
141052143
602296
53299978
216213521
77627167
249938913
201687088
183283259
242101896
201687291
386622
197415434
192949261
30628565
197337696
656823
76013990
256500784
258215777
213936164
129278556
192948688
166084654
20487601
540604
96652392
197063011
214741628
609969
245772793
212285427
205294051
203983052
201051583
576082
205891966
194583733
249030593
167468295
160814455
137456668
589427
2438637
207626754
136482353
185024341
212992280
207646240
20490899
215913809
253111628
243091464
200628927
127500752
2438627
180399898
197415743
197415746
428870
243097588
214741634
20445587
172926753
404466
193736818
208118190
260402437
523844
656844
20426378
55284044
428872
547374
205233473
532229
1664553
66398405
207658166
532254
147898295
217170067
477911
55283257
261151764
210513598
252040894
516841
204473108
603677
201567925
20844550
84872575
248128932
197415414
127493402
215705275
197747843
58408314
428004
476041
54003388
166084179
196058080
243086203
247938895
217387244
214753072
192987873
407512
212927513
471960
212213997
540386
205294009
212992282
146271455
181379273
185668553
137454684
197063015
27873878
137440181
243696473
215913955
215914808
215914806
247983042
215119006
185405732
253111637
253114030
113528866
591273
252136122
127032067
73567722
77221447
263033217
184491582
215978024
262890696
248788985
250020082
253318965
146271227
200010697
146270515
192949239
3715793
54699194
21091660
19783137
80359162
90117236
254132189
55283658
77627223
38145396
538248
75307232
55283872
32475654
215414947
175526904
193195986
198192472
146272327
197063009
199106274
253129550
249021291
178954878
188919754
198898747
252578815
51657199
263253928
263208604
263091510
263253537
263206806
263253503
176522690
215104365
197415416
22651982
203204595
206145299
202961621
205802217
203945273
202961431
263105067
20437182
20488773
199106282
53831733
172024621
193133272
197415727
147730160
181808918
187538022
204000942
151014653
151036750
252760208
263241668
252849486
207652116
125430459
75996787
212992290
105739715
1315609
262875351
263091512
58458526
571683
77220845
205707692
205116902
192950669
194208432
242101799
22648156
207640393
212324178
205807433
212324078
143970137
185851740
195941353
249489632
184779705
152559262
253114020
253114036
253114034
205263341
76527900
200851647
248827305
184507159
112057159
185433497
217125768
253111622
185435145
136007859
152205078
100298237
199006777
215914810
262525685
159848557
262699418
248773555
116811582
215915042
215915040
199037036
262055735
77220942
182300269
215978026
263089153
251997624
82936579
20482933
656838
59048134
90116504
248817362
248813344
54699192
656858
262815928
134320850
263179524
263207830
191823818
54711756
157824636
146273974
141644083
127493800
259310781
259310779
253111666
167462122
113526422
263105130
20488899
172025057
54711758
197465014
192950221
214584805
249921262
192950048
200010716
185654107
197464954
197062959
177703615
185991766
194568592
177274888
208118166
160814491
177703641
185006081
262890752
252862402
202961395
205802209
205802207
199106250
189250814
247939545
178957623
192950663
215952803
113527105
187576505
243086195
200010708
169887127
200866939
197415724
200858005
22652334
109113297
199684943
252760171
205297809
77222571
89593986
192899740
207597237
130012225
178050875
241672375
241672583
132302658
77221585
137485652
194183461
206561023
205707676
208508391
207563355
205707674
182463042
201386062
217696720
243630106
249771629
243696258
185438201
191680829
262525743
215204115
253114024
242278816
30628519
242101743
187011196
248773759
248774575
215785524
215915160
22643380
204878361
262074623
215915152
182300654
262890891
603724
253210253
92996201
206145303
54699190
146270253
30628635
166084144
22646904
157824628
197863286
214740247
192949928
206145327
202961441
212960246
206145309
263118790
263118572
263063898
263208266
263179491
188229193
263104990
32475528
73510565
199106287
248817306
205537709
192951088
160814451
176522586
249921272
195573541
196579620
197119654
253248313
175526857
196579546
192949267
197866734
192950060
199969242
197063005
129278433
244304777
204421255
101089456
145455182
261151756
259310763
208778545
163021251
200976529
192949884
215040199
146272364
167019826
208778566
172024574
58709630
113430955
69322416
256500854
55284356
127476783
186743207
187011405
127493735
188961038
200728179
42594224
58081245
186748626
178955018
248003003
192004718
208118172
200010704
217500558
176522682
69322493
20438614
98127975
5937421
43341575
187011517
151024685
260686043
198898822
103379538
262871206
184095585
28728789
4248917
213997843
212992286
137133569
127692185
185654119
252760232
262699456
2438625
247936450
205293982
151024677
124893185
108493408
194583040
262875361
216001030
207596483
137341594
263396052
263354904
214731980
119240571
243732041
249452492
247982911
249489564
205303685
185434861
185438377
253662401
243696074
76527914
253114028
230039468
262530469
198956848
248774280
178759660
242101816
116811874
126595374
193132966
199040771
262530508
201308058
263179487
263254175
263100983
263102647
263063933
263253567
263179495
209606114
208099656
262792218
187011362
262694196
1941523
200010738
20487303
180399896
20332474
22653260
82936598
53875095
197062952
249921279
181267833
217500636
74542754
90116506
172024576
205537707
198561974
248817161
205537679
204473079
80960219
170860368
159887324
253620269
194568554
215414925
23426803
43810571
24165297
75405406
57910162
945689
77627008
51030968
248932329
247239930
176522843
175526902
198562062
192586763
200010726
207811602
176522686
208118174
188995435
42966072
205294064
30764831
244169396
178957587
210163890
199554296
205294053
263100942
186627198
55735584
201050584
151036187
151036777
147730402
35283867
241672469
197062973
171584565
188996259
221276413
113528844
214656527
137430693
207566278
198494996
216006597
212324098
50074707
206361175
137375801
207658164
201686891
184096108
205708324
205707669
441934
137504529
137255620
205708330
174293637
187011119
184513052
186497828
185405739
253114022
247061565
100298171
185435444
184507679
217524141
252849051
201687699
99199395
159974405
113528510
141606267
248773630
215785522
145835859
248774138
242101828
247015919
255410235
251549931
601409
262731087
178957078
185006089
113528264
193894073
254402523
260807728
244168299
195663765
260685528
200857401
210164116
262526000
2438629
203787961
20844983
166084148
263207803
263105053
263254442
263100925
202961726
248817905
120161810
205802188
205802221
202961776
202961770
180399892
202961633
205506427
184521896
196180740
206145291
20479250
193737032
177703671
170466515
192949912
146272690
197062956
171586282
177274878
259310765
259310771
51030798
80359165
158497976
113526924
259310777
185006482
146271988
192949878
199106248
176080914
207317570
75313423
53867340
31952088
76656764
53875093
185654109
42966068
98082864
252760218
201687567
22647901
192949259
252179523
115254349
138183857
207652110
207597210
150022071
195801481
221284070
170850534
213385799
142325560
213448329
212992292
203763599
262875321
137465442
137457629
127032217
137432887
34645652
230039437
199041141
201687507
187622516
208430693
188549773
150996352
136007293
172422262
54711754
127032141
259310785
259310773
247342421
197415491
200728168
177703608
199106252
156824934
36996369
208099660
247342417
262816958
219460678
34956344
53867336
87632193
52806379
59048142
215414846
188994940
186751402
263206850
242504818
262871178
263119524
202961417
178957382
222600469
107483705
58081247
214740351
202961509
20446667
192948922
123490496
50322373
166084142
176522688
97703660
200010720
200010625
160814512
146272341
195573623
170466488
249921268
172024566
166084146
248468812
127477943
187578800
53805877
240175019
204421223
263119119
113550895
214740280
250078118
248774002
199006702
215785527
1674175
243091331
250073885
77220868
262890917
77928417
184096093
262890600
263100904
263179479
205294046
151036824
151036715
151036788
252762509
208066091
185438290
200976623
129985906
249535105
194343175
108493412
186740892
194583660
137459368
263354911
262875212
217500604
137432512
137444709
27589910
247858749
10920495
260810314
614878
194205624
192339427
59043893
127266241
75947774
249114641
262662804
190630026
137555851
177974216
195962334
262477311
19345181
143185992
7458015
174321381
50361591
50322507
249415236
249413974
249407252
57037220
262792329
262803810
146275421
195962332
210765544
113823786
76780745
472499
247446331
54051356
68570326
203092431
178325335
580112
174321385
262392247
261803551
580142
196897041
57841160
262792232
20460366
472497
190539378
59202401
262783955
262822013
397920
192048649
262783957
138183901
411489
74855019
263049485
50322633
253227229
125508978
78489151
146226055
77038772
147570616
249664596
247938889
55283694
69621542
185006454
246964413
345562
37452783
215705387
248793601
204416861
182851011
546654
125508891
78289214
235728746
125510686
91530572
257558194
197344443
125510945
197633166
577075
47501441
184095576
191655864
124639343
186199806
134670278
130852022
125347289
57152862
188947157
125508435
125509826
91545351
55282433
105740400
147341453
170770460
260795068
201852171
200854277
47101422
50322207
51030987
207741374
244883620
204941421
85737286
253206568
195821298
164323147
105796638
190539451
246084888
24984585
209762232
204044646
261986331
171825189
169375366
113540580
125509119
198724010
244300330
262067774
74812316
262512091
130863401
190539740
182850999
58441507
193736720
214079792
260795072
260795074
262581994
260795070
38454539
117978922
174896135
262605343
195801631
457771
253379704
53249480
55483556
193397092
210143385
178483631
216017618
188229229
251516201
597597
381825
202961547
200673137
146225063
198562089
170770725
170345809
193736716
167034126
260941677
1615927
189250820
214598374
215051815
153521880
169135645
472495
206474556
248774523
394510
172905869
251930468
260941679
180609835
203086818
207642619
56732825
172450634
248004811
262515490
172448157
146226000
127263363
176943550
201308415
161252507
217577418
171464037
193196018
159785861
253235234
251980557
262725408
243089112
217500546
206377162
184770630
207565858
215733091
137968242
3715857
160671656
188260582
207811600
419718
55735582
203945197
210732351
153521888
174321444
843728
262662810
472483
174321468
203945189
190539380
50047624
136483081
263105041
174321466
53770837
121337192
74363196
248773594
261985945
125508630
262526931
253358097
204053396
244307576
252136903
143969851
261815205
113529052
201308530
148866387
248636779
262824146
201821698
197337500
127692150
38088629
192861733
262860828
178831549
202879282
121365936
170769031
130863490
572491
257843519
247244811
200705624
1941519
152705109
174321464
196530675
247784107
262907130
116597154
247957919
6313625
171468252
113001674
258509122
472494
136025194
130863200
214504029
197776651
109374658
193616742
196219995
180036629
195662375
253227155
252826679
1628037
247386373
446250
262064217
84565305
200844832
398524
205417647
225289319
208778479
125590641
156824937
626953
171581059
79117395
146274315
53770009
153521881
73521487
242504625
79117391
205802231
262656224
253097972
78488932
193555734
237166037
253555979
206248629
187871741
251931549
176549897
105085754
205696144
105740358
262512089
56814899
166408720
191681958
195969709
242101733
173515462
196219877
196550963
263207583
163567520
193605823
217125649
215780009
137425514
146270357
147352960
261037874
23134803
143292541
76281217
206488721
247887683
184231849
8077983
101639010
168899462
249484576
199969334
53467506
225266726
107409976
201479725
262701726
472491
250340607
221277484
32737030
105795665
105603215
151745270
104461583
56365404
262570514
253575657
68332475
258839106
182983857
200844829
95065896
262567641
242875234
247933383
197894116
386604
138183431
172658159
129771010
386600
203945385
262512103
572945
56525484
345560
201155820
212926618
167472429
73437505
687893
182463048
254132209
188991857
197889393
113151095
242101941
148038749
32737032
172450433
262515362
178329625
60808684
200855708
262512097
416962
207971150
262067743
213969833
197775529
206375950
253391262
77221989
11415495
206295510
262725416
197775378
195969713
10669195
205810041
44983195
262067955
17948437
229780359
53770326
24164742
442269
198414280
146273812
247442541
247442537
196180728
195801427
251980549
215242373
252640237
176252628
137384784
172450587
262792311
262677397
200853196
242101767
191923838
209412579
187871389
208097079
124854144
261947325
205807529
258215791
134313240
181122305
192950024
250340602
214949145
194205615
42177970
215705149
409083
242085582
248675448
254132140
121980161
248822280
215915012
137968277
254132215
208100654
263091538
194405619
204302022
186194803
39330774
197775593
186187982
205523099
263247088
251980547
105794986
46644576
206362994
215768824
216983209
193703463
173187646
145093492
215104265
192950105
173449187
152705148
247887681
260668140
213589248
130863302
262983951
137429522
242101910
202529439
138183329
212326170
250020234
197776687
215896373
196579380
242102007
253205963
125287142
174305343
196180802
147796606
147763789
199942415
215341736
253166293
236161120
185435847
101644608
215897224
262512078
122384807
160635065
409089
181523711
174444177
137499992
207563696
228762878
49185952
197633151
262067844
251537143
24924850
210755877
242874023
85737714
262512085
253089393
260941695
203763481
166081957
106206475
193616031
196340040
207566416
634518
192951107
212566740
217535359
38143362
208121660
251931244
152705138
338048
180609940
174448986
216020053
203387342
164323153
109692751
215592707
207749406
179764660
465517
212441216
191689316
194670626
205563558
196157720
171674117
137425517
159866712
113526555
78488882
82936363
250078641
193713071
253367882
222627278
247446445
207360471
247944868
197775635
197775844
197775901
201383829
260941671
141774996
78489143
516166
55282144
199528494
194583857
213998059
205695288
76527904
249489587
242874897
215768392
193707004
199006642
251444555
215897226
215897222
204301669
205802205
258509035
78489179
211966410
3219635
247442532
222627282
634769
197775709
634768
79129189
129138528
247935597
173672037
138183400
252850964
141480139
184284149
1537219
85739101
118375057
188374888
85737621
184476317
201308273
215779905
85737387
195288512
85738026
78488822
78488858
171549952
137561097
171549930
182851005
200673230
211309366
211951655
214503825
72890484
592845
205991195
215264265
128711636
249271479
138675700
258215800
205280383
138342185
137440318
450685
242874466
191806877
215914772
185405729
212607475
634771
247938404
198562103
203799321
151524170
196449255
201385670
251927159
172475852
205010296
196897047
196094156
28057036
186369167
200728173
49930985
196200828
145093486
207817322
53259728
431652
42177978
74451297
192950879
247658152
85737496
440559
50215911
381105
93413705
54917324
207555319
77150775
171090363
212567018
212566410
78488820
242101918
201614031
184512483
248826265
114601692
135458280
252633305
159814839
127692623
215768585
243807843
127591266
209318462
174449938
243807841
53047223
198955753
225905921
78489057
179233039
212907000
195288371
85737314
85737302
214189175
252849606
50295027
262890903
181122321
222723632
171651773
248502045
42177976
171651762
147570878
217577364
185654101
215288810
146271814
215288806
262766850
198899143
249348705
182851003
263208236
78489188
121575511
213966569
204388662
59535427
215259002
197777095
202738228
263117045
183677388
202626488
54737178
142325563
116904709
159871806
78489197
138333964
250340609
176941728
107351061
221822855
108002773
178037759
108002264
159872083
78488850
263096149
78488802
22643145
78488807
63670780
229720872
153409010
248844956
257843531
400799
50215929
209319656
261986102
139583294
22652092
226400443
199034908
215768203
201308186
113529139
212927321
201089519
195288377
212927417
199006762
147764261
153521897
249777787
229777836
20441008
177682644
50214911
204381159
55283728
248818675
217500532
248502049
209603470
186640685
263097428
263101470
113529054
171580816
178329201
247346492
247930120
215257790
215257776
197777139
257758777
224604019
127033198
194809244
263101514
127591506
201679832
263354676
263354680
263354672
263354658
263354683
263354670
263354666
205807435
212993474
214815444
109862113
206376019
162527554
85716020
78488803
137375169
251980555
190544737
78488971
193417741
181927334
165021179
172476041
263400533
205539803
246168347
206362996
252632630
235890287
214582362
209399944
200851710
164259177
246947231
106150858
253114032
214189188
167491902
249032786
78488834
253114026
252837784
201308342
185863471
252635315
215914770
139179847
198955733
159814827
260922662
78488824
248773402
78488828
202529696
263034633
130863574
195811265
263101558
133159321
254132116
113526228
166408461
78989202
211309407
248799791
47464217
215136604
196219973
222627280
188033185
171580880
143836932
203204612
262767173
203204602
222723634
130863164
263115307
74793315
175526750
263303960
215780007
129766511
190515883
207244482
251275438
401492
138334516
205705263
78488880
263354664
263354678
247263500
78489157
137485537
184476234
149997490
263096170
263084940
205280866
204052100
200013653
78489080
190093983
113252609
196514294
192726634
124886868
247263496
191690182
242101855
202052186
215288808
263385084
215136650
213998083
206331348
206376400
202604266
252843839
78488816
78488836
78488939
206231902
217627449
200851469
242443757
181183243
176737122
257864904
242102004
215768510
214189418
252586278
169342264
253114018
252832382
209314980
174312321
262526870
215768831
247981266
198956766
176753018
209399955
200849261
742676
126730324
263034424
182300267
263034484
263034184
222627348
203204614
247793899
125357107
222627284
222627346
199969332
196579480
248818359
194568654
213720044
186369590
211951981
186495734
199106299
204622224
205506537
247934463
263097222
263091536
263103807
263103911
263102645
161252841
214823312
204281786
263114306
251275572
249114747
182557633
263354686
263354652
263354656
145177558
137440348
253160600
200848338
78488818
193625327
128539849
78488814
187191228
179371684
179371642
251980551
192951113
207282942
78488810
108001749
190537874
191542669
193625322
78489066
96724410
263096151
263096147
162399340
78488977
78488806
77222905
172476215
242443821
85739097
207503001
206331352
246168379
205705255
167492213
202604462
252600183
172304479
243807839
252607146
252846032
184496893
252819297
252840577
135552443
143748121
143750682
242872379
74813462
248773703
252605799
212570296
197623203
85715715
252635168
135458314
171549964
181122307
263243808
263209480
263102425
263102362
263104988
176779788
262871214
262871198
222627305
198562121
253248297
249019835
42177931
139179813
241959760
222627367
216724568
192950036
185005769
208188714
248502043
262725423
215263900
263048703
262676946
137485648
263354660
263354688
263354691
263354668
252800386
114849094
206669090
179058137
85715972
247263502
179494536
77221969
205537701
137503478
206481123
50215774
168058138
78488930
78488846
78488902
205263648
77222310
78488852
204117249
263096172
114141104
190335975
205574070
263370034
205574111
205574109
151950607
196157583
193522010
246168420
137440350
212926951
248585501
242502721
217125645
249969255
207292420
242101885
242101880
260814939
160305664
164255936
242443841
252133790
176550507
146555394
78488844
212567523
215914774
78489153
129138319
248956960
209319992
209320308
167492252
145765128
33100525
128711676
78489035
252135730
216018638
214582327
173657839
193714714
183281167
184513152
194583605
201089512
190109916
199041014
192950022
192949059
200673062
203204604
198561930
141607005
263102651
263101544
263101431
263104206
213968776
263091534
263101438
164323145
199106246
20487658
63669571
63669574
75353228
253089377
197775717
74451305
197777105
196093757
127032402
204645064
127031970
262890889
400095
201055587
263354662
263354674
194182556
204302010
263096168
205280805
251980553
195288381
78489056
124658283
196964734
20449015
248774447
206331350
74277389
177639602
193413151
7637388
92995012
137385697
198127392
111107317
113526156
172319353
125400249
174216894
586864
199969223
242078333
126726715
211309372
72968644
76755718
174525540
143849680
78488963
132709617
177638062
209129521
197894087
216933720
94188883
215579260
521211
78488991
124163445
251933207
125760181
137375848
192909254
194467985
181915297
58708720
186495611
129451276
16997931
199739391
20478494
247885699
191045574
248773420
194370657
258798404
259482645
33421560
249998992
55056287
77221993
202019484
68579483
35360593
7775763
78489064
216098760
76057947
183513187
147731257
253899542
194583689
262677435
172319210
192950131
115573715
143813825
201308304
153302839
207024149
187011101
263208112
55195995
251544543
201013661
247446371
254132207
68332479
248774330
88205727
204941473
184287151
204237697
94186955
42583760
200855835
253444068
194406017
176909195
78488856
203739089
260827467
177092964
153409003
143858318
262663454
198510466
116813268
198285104
262019137
248773769
2438647
201918430
217765722
193126777
242767827
16997578
175155742
185449829
205523217
249388113
262990724
161298005
261028371
177860429
51990268
85715374
229749518
221293501
200976629
180730028
75789773
146065909
78488840
167631993
260819560
147341588
137384923
208686877
194346339
114895483
185006357
215705362
184240844
193137986
253444064
192900038
135454293
183513480
193459879
172320630
174841935
207642893
137424184
468378
201293740
184476476
183513597
194585319
176254072
201524056
78989218
212961294
78488969
176254046
78489015
84648182
138342183
85739141
199006781
249112147
208100697
257835553
78489010
59356679
179232062
78489005
78488894
210143509
78993771
184081902
198902846
478376
137424194
158459812
185175742
250077324
252849458
183513295
197923127
242106525
85715439
249092412
263091514
213998974
229732614
188301238
75697499
74536143
78489007
101351477
78489092
78489003
194208312
251417348
205574147
206331202
230039521
242443816
262019216
78488959
78488841
8300154
252768402
247341661
196219987
183728598
202604324
127032603
85737129
85715466
262871201
200917538
191689259
78489019
78488926
78489161
187010954
78489096
78489093
193736856
78489125
263097368
207933247
153409232
132709830
116519877
71669569
85715425
78489039
78489171
85739125
140820806
99056560
198898267
242502599
136425205
99170280
78488965
191915142
193568963
248774131
248773715
202767783
85715564
262021277
263272800
35459775
263272813
207673497
200917531
78489068
78489043
78489024
159397451
248696413
252804013
91731709
179562732
262526537
183512476
78488937
78489029
78489020
58213078
193045250
85715307
206331307
263342940
212323387
78489177
194583042
193524098
78489104
205695285
85715243
74548901
115573179
78488973
193126168
167301583
78489033
78489041
260814994
252812080
242106523
252645257
209378573
194584031
15429860
209378601
252062265
158868102
189472433
94259339
248468042
262019198
78489009
78488903
184282781
96652824
105798544
68332473
244173802
130440935
88798065
197581604
177971505
132709454
116595104
249827143
193413343
199738333
35720920
687486
181170531
186069991
186199656
188309814
49066793
107026339
192909260
184082098
35237764
151995542
117927724
109765069
200844856
213997361
178331640
195668702
33543721
262295418
147731446
73590613
251515256
197581511
172319456
145498237
143752212
197581648
197907513
73630165
203477226
76753608
11508159
213705122
192909258
113633028
188229201
203434535
202902008
207503119
205768049
188229197
77112486
197670275
147346908
135454223
202052617
251534712
252768370
203790119
147751658
213705499
247446306
186369201
143751849
135454576
149211174
185006259
185808920
197581478
206851772
205280372
262019077
188229203
78489086
190542275
85931449
78489088
33421653
198559512
213787695
194183440
207941866
78489108
249267812
249678279
262018977
78489026
178549698
206235458
78489090
109124693
210165537
213788421
250020218
87044634
197628984
263401283
85715692
206236320
197581615
197581681
203250543
213787683
248459740
193006486
213787742
167039965
146272622
200629545
174292695
201423214
156695200
61891163
262526343
213787719
213787824
111509852
125582299
50215107
179771830
263274636
243006523
192909268
101634575
138611890
202957401
208122339
189250828
127752159
169377556
194183529
154219229
88793370
261037182
126596583
58710025
251516142
130832122
260941691
155254144
217884065
262022860
169377662
51518445
209349947
191371011
162592784
171549986
196019142
252069081
255293607
174896117
147988182
192909266
137430714
208778378
85738984
242833447
252069187
176892967
260795076
262022908
85715984
244636245
251998991
85716290
262870699
184235385
85716065
262022978
217764852
213684061
252106438
203231263
262019084
210527693
263208914
213557188
242106527
250078170
252000106
212992701
132709225
135291072
90896802
138138635
180609837
85350807
215534703
193413554
253111635
207217750
207400581
251929878
157043209
215534813
110984770
193856839
207401428
202334293
168621565
206664618
212578819
137430710
58708559
205414555
208271094
184288635
145134964
215265772
212927309
88793003
205506411
174141058
129198094
184513207
132709058
214823259
241804362
262022942
200976627
148008759
115003125
185006024
193413742
192510125
248803181
187011198
174141139
215694030
184095579
247780251
252635636
252666620
202957417
105829657
186104958
262646196
241796203
257859347
173746887
225209952
216288894
151033415
174293917
197725720
178951237
196522245
108258966
208915677
248805399
248773670
214822375
171821043
104732041
202403552
222684966
208104029
208193159
130868428
108257615
209302280
208193372
208917436
110964746
207932296
178502501
222684599
35303523
252000079
202957471
206874029
130868595
190695324
251985146
251985194
251985130
251985170
110781184
5844759
111000598
174292357
208129224
109698258
257866563
249035869
247448906
90485824
202434509
249921193
173877466
165593863
116830939
178331571
208129078
203202100
212927993
197777658
263354653
230043120
145297903
178331608
183540310
191059828