22634335
75454156
77982968
108501262
165089915
71948009
86517377
251548201
215544672
208307732
77858321
214160516
249967523
65443438
101801426
40981444
208286079
63448510
249771954
145288041
74458468
214160728
70743641
168234718
169607070
3526069
84591598
12670674
165989512
140360868
62724333
74362502
74942186
77481097
32802803
13362597
50074709
227478575
261802084
134583092
77476782
77111627
200764916
30807706
189326450
1352339
209170583
77111614
87910615
86859569
251936531
192376833
53501187
195792244
87600278
67060016
1542485
116033273
159034348
118100023
208406300
225197426
248656092
213973664
77323486
160488884
162144047
72040798
166651908
75454257
174836927
67624585
109982863
29175020
1738469
159034750
476145
249092612
200004421
181505118
63867822
81225012
75791553
210132023
253056477
4071583
215147279
262062108
1738461
58440814
179438622
260065549
29810870
36830129
68720324
37216742
42785837
76599930
39855290
252811960
115958645
262062101
59303511
980480
246854070
216331910
171950030
32351535
66453744
175553052
201037564
263022165
214160724
59553866
85396161
249387282
210166059
137428499
196409860
71937154
1082452
118695004
142002101
51420028
182083654
31207454
36830220
183531718
138435188
118582549
191805644
174020749
103824676
20452649
120183370
200004434
216870325
14039855
37420413
185694653
72025566
4086371
20613844
115520458
175553095
190505848
115520041
200985454
101423777
203783315
214836147
215746432
214836083
215727270
260065540
77111612
217102694
209170569
127692284
180584501
180499656
767940
11848906
162144199
252063908
172175797
22482251
16832649
176664191
32802805
190490460
200004372
76527872
213997885
214819624
247667460
192859176
205695314
84859798
77231598
148068282
262656203
215388701
250097256
7164819
101839206
38338311
215739241
260065547
185439104
215943465
215080321
252387409
257853440
189035414
204957517
201016936
216285791
168712011
215122148
71714994
212992404
109982853
208686238
250099338
180583328
253097505
200764917
77230941
175977451
58932961
184318240
77982970
149521025
209170571
213672033
716168
48548779
178593435
137430219
180583525
186433591
214836071
140221932
191374427
182084151
249660573
215746123
198501078
40981327
201798665
171022554
214660945
76527795
184497378
148924820
215746436
198482740
147884851
253252404
208289699
175552980
252727558
260065551
253252406
261962157
1392959
213894731
183231246
180582911
249660579
247812048
104240584
99056159
174292372
242888795
250072466
248755097
248755099
263209504
1943879
215545218
11848891
217384391
217384404
213954104
149975092
37134893
36700928
77231069
878675
37468734
37398931
178932921
20441076
253252379
252079983
200013567
33008010
215146547
30156384
30886292
249660581
249660575
40862903
40862892
77231116
138049807
262734507
184767530
253239548
202226285
213669662
179143713
249243264
79371543
251423421
247806808
162477742
225216907
38290708
214930377
32785847
215943456
40981379
180583020
194021936
215720784
242075397
215690691
242888700
127591386
263085252
248353739
249043152
263023709
259563756
259563749
171507997
215748942
120183263
148051308
19841865
1187649
215748944
79367274
41182165
215123145
216870323
36701187
178602276
214831380
214831378
77231098
216870319
32351706
171651052
249389204
262664304
213672271
213382777
182083699
263335050
136483075
215727143
31207366
124893141
229714278
215544041
68834851
77577166
215727071
178572226
191268065
56210150
186395001
38108542
247812046
185707149
255179241
215389642
262734512
242888777
262972307
217384389
215545114
215727260
33545081
259563758
263083997
215746125
215746009
149520984
214831533
178720504
91097520
215746012
247803651
213598826
215620112
205145923
205695358
249822171
41111759
249660577
253148072
253148074
104244002
242888671
20452357
253239550
215556563
145840775
215730382
215545087
212560952
213681527
77222306
41329217
248524540
259563763
184217908
137504556
249242874
253252377
191268737
191140601
54999714
35249928
215746007
99056633
76068427
29676611
215544070