261028263
251577060
259542139
263069358
259542132
255338985
253366602
248362147
254085705
252044267
242424349
254085701
225909083
261969104
261969106
252044263
254085707
262800035
249044173
262662802
262783948
252648898
225909085
247444608
261969107
262302131
252044264
257861637
249025974
257863016
255338981
252978424
248176723
247444605
261028254
253227575
262477164
255338983
249025717
215984893
207780301
263069354
200780130
248176720
249381077
186434700
254085702
190605360
253227579
252044261
202450677
248176718
194960721
253361395
184036405
162516353
171825201
113526314
192124399
209176768
262477209
262302128
225909081
252648900
257861636
253227573
206308047
249381075
253366606
249025732
251256153
257861634
212465495
242483016
188930498
252978428
252868468
188930494
253227581
225254999
252024678
262875365
253213319
188930500
252978422
253642369
211936520
218752563
242086787
243034098
13116553
215984899
246052640
242086779
247390429
261968999
247980216
242086775
263069356
263069373
261028257
197634260
217419210
262800031
188940825
217535049
248789008
201892204
249018450
252024675
252868475
177205937
169375317
186495642
252024677
245770067
262477161
249026036
245770064
49641070
262800029
212580837
175724125
247444616
252978425
222723698
253631220
253227577
249025997
23147673
247444609
253631215
251255479
262875345
49311355
262477171
245770075
242424347
249089711
51314912
198571360
263052906
261969112
242086765
261968968
253631213
225909089
48583250
59282419
252865776
208289508
263112579
262875320
197990867
251256159
262757645
247442494
217419212
242992942
217419218
252868466
235728763
195801686
242835309
205819593
225909079
191571494
55138389
252868469
50350077
243094547
230039446
262875315
262875311
262903775
225267784
202153817
251256154
252471895
237583929
252564168
214613060
197990869
187190676
252012342
203757840
249018453
253107551
195969664
235728750
59260775
230138654
249866921
243094544
259568207
253631218
200705613
249025941
14696223
215983664
252024673
245770073
249018455
185435285
249664182
242085696
13105188
13105192
170870019
201003776
249018449
80661840
252012336
243094556
158634043
198419657
58168943
242424582
207852953
247902053
248650682
217696329
383335
174215339
230039444
208789857
74381364
262037800
261028258
146272094
146274174
210137543
242085606
192774675
196515658
217696333
248650698
197602047
197637447
14453316
207643969
217184804
164434669
242086753
156821149
249157124
219133973
210147383
57590002
37865684
192124395
208124546
242992936
203954152
33543697
13116555
195696328
383415
193897732
206308050
211936511
262714980
200694866
225254997
214080797
196424303
189572564
214076434
196389744
197602124
207475552
262338125
99992416
242835320
196389755
197214001
248585397
170870037
197781972
252224683
249144050
195801653
253391277
383375
214598380
202961494
46009013
197637805
10731218
10920449
235728765
253293608
201048325
215983674
262037774
193917209
197353397
383364
262075025
383465
261027773
50322352
262757656
194960244
197602052
193897749
197637824
13637661
197637816
197637831
248703316
192880226
249610707
72970679
207643974
197352631
262903751
249089697
195662936
54383647
253366603
253107557
180999276
48963465
197634252
251256151
383339
10594298
248128889
174215345
191955437
196424292
196389767
199970376
58695890
252565428
262037859
202015697
246082975
202851053
259542131
248363337
201431422
20455597
189573158
196424293
196389757
14770633
200619300
169375341
215991185
197601978
242835285
249610705
14770635
197990871
195662915
201048330
253507267
252012344
10731224
193446628
80694996
103076061
10863104
33543701
198644085
212607479
383487
248176729
197781975
194085874
205756946
383414
247335269
103077727
261028879
262075018
253293532
189572565
194183453
11821879
177274821
262362956
167019806
181808929
197214008
251255481
170870039
180999278
251255482
249610875
197531588
69248395
216408011
200673078
253419848
249866928
91774356
214077226
250229802
13637667
203959386
196515661
171876692
216408024
14770631
198638302
383389
197344455
14273556
215991184
11821897
200619499
262744761
257835531
262363032
10863202
201437949
180400002
193898661
249610831
172422127
206308055
192949730
53837341
56610164
260939987
207317554
186880504
194568642
259568242
248585415
383365
14453318
254132193
203757836
211936510
13637684
75655516
178032047
198414410
198644539
13191613
171876694
247902071
383478
383391
204053390
243023702
214077250
253293576
165346442
13191611
11821875
13637675
210513619
210513723
383357
208508357
32221656
15257993
215983702
34752049
13637681
53837335
72743808
247787279
169375814
253129501
263069360
214077231
68267112
253107556
71092794
252664500
191655871
174215349
235728751
72527113
383387
12106713
161929579
253293602
247444628
186091870
262086003
196851308
258900232
174321359
253113442
17948433
197587849
217750980
257835527
171876687
253183365
189558192
130997089
213701591
196424294
193736662
192772542
249025724
80694998
174215360
251983666
254132219
383459
249348810
251255487
189572571
175526870
189940927
197558906
196845902
253413288
197990865
252126721
262662795
192772491
196424314
103079560
212427424
262903628
253391303
189326227
201088137
106605689
242085689
262037814
253575762
383368
255322079
14273538
14273550
196389743
195662927
103074091
208450453
383453
383521
196424291
245770071
169099363
191923795
196424300
49848830
15257991
174182658
252044269
20448313
214493504
242085594
169163945
196389763
10920461
186495613
249089695
197973292
253391285
189492459
192949780
201309420
248585383
201307859
197387997
197214005
192772356
105231516
197900673
208560332
916565
194960236
194960252
180851254
196389741
252138667
192115858
252664508
204473009
199241859
209176879
212427422
72527126
208289505
169262935
87546488
155531817
249381076
201307852
383506
208124522
216000238
2610739
13407567
202851051
181267650
13191599
169163947
196845904
41616429
11821883
383361
222443347
207639454
262304698
58708921
198415075
383382
174606515
206576737
262304692
206308054
23433529
262037789
194568672
253182747
383489
52678809
20487412
247438720
214493464
208643412
197531551
20446217
383635
196389760
20486181
204053394
212427428
242085599
192772571
196845924
189940950
210513750
189940932
103075812
235658386
56733091
20487477
193897734
11821901
13958450
37793509
196424310
192949812
189940918
254132136
13191607
199969322
186495682
195885688
102759790
72970911
192950295
13407563
348760
203763655
50350075
192880208
198390883
252648902
201003771
195190272
201307851
252062332
13637664
10920459
383371
13637663
247442499
247442507
196389735
180400024
76469332
209176883
10731220
193045185
168231601
103074127
383384
225210798
176906730
383374
249664607
262304813
254184807
242085699
196488098
383390
71091131
252175137
250229572
228768590
254132221
249610751
181808963
177274815
177274813
253391319
196016785
193897731
189573156
173515958
196849405
11821885
12048983
52678749
90117180
173515970
34748465
196849395
196845916
146972778
190701640
210137547
193898646
168231603
247276770
20466744
189940922
14453303
200694869
247444614
169887117
34744914
261970737
177274866
189940914
76209467
197212989
196016781
13191601
195696302
196389742
195696310
196845913
84872803
193434488
259568226
196389745
196389738
247239991
11821887
249089689
13191603
247567080
102552509
262060330
196389753
252040657
168231607
197531461
13105175
251255493
202450668
59271060
201892202
72970903
22169382
196424317
201505227
254132106
20459235
194085876
209176875
22729509
173093765
207398354
207475556
92229352
52112538
180999274
247444626
258167172
249664189
165030714
198016656
262792204
201048329
17948445
197178858
39909032
222723713
208608158
11821893
253391264
71967442
35720699
185006160
181267646
13637671
262792216
243023700
196389737
174606934
14770637
192115857
215898365
52381095
180749952
19876884
157118134
111537680
262037802
383386
229714082
259568211
204805806
262852743
189558189
252389924
202961479
72666336
146276696
248650723
66619721
260921475
248111550
250074902
248004644
198638300
193898655
170870031
214493478
185006114
189573161
189657596
194568644
262451713
226395644
190584234
189573141
250229338
199969341
216205480
197531436
13637669
11821863
192772597
199969135
222435225
190584236
249012397
164434667
193045278
383466
197531465
174606924
193045233
189573148
164335612
52380895
383490
185006036
174606926
173515950
23006191
34744902
196389775
253366264
246342420
251255486
198390879
205745286
197531483
103074057
102758618
196424306
207494286
102552472
262074819
185006134
253113450
167148836
22729869
14273564
165934922
201476027
41615763
169375303
197531607
196389791
261941885
254132091
254132164
13637679
193976646
14994438
186267243
242085710
205148090
210137731
247390625
10920457
252175162
262304444
51990306
260940703
175526874
247239960
173515954
10920447
383587
196923452
11821889
197344439
196424308
213701594
249576989
197652260
383519
253031724
207558641
242835324
192772489
253366269
202878485
48983130
248651663
262059408
192772399
249347338
90116466
186165947
196360957
179584533
253089415
125795966
52112378
247444612
165700194
263041115
263041151
262757661
11821859
89179374
19871646
193898650
249144045
172422153
262674016
196923457
166084115
249018908
173093755
202450684
185445037
262903837
173093749
262037904
195662940
10731212
191655868
11715729
103079679
165700190
102758018
177274839
262079729
249018442
365724
11715727
185024279
203763651
197637821
205986067
83483692
11821877
262523384
179584515
96780636
91089496
383385
262741301
262892555
262903846
263041157
383408
19876688
247902055
184414733
155200572
212426874
10722462
185006067
149779790
13407565
176906727
189573171
193898664
248789024
196424312
237604437
189572562
197531579
257835529
217696331
12048981
193898671
189940947
170492992
261967264
230039448
246083331
190584239
22647459
66579931
194183527
187010976
193898662
189940936
190584233
199240640
54739908
260919858
193897745
262523024
185005997
189940920
195662909
207620893
185006097
248619205
43094196
193917237
140218016
196424316
160672212
252714172
202961357
199969126
253713192
192772369
262523244
187011493
174558186
193196024
176906744
196845893
258903516
249610761
207841122
26593720
56610163
262903374
67823402
181997997
173948864
29354061
198495065
89179368
59271074
201309418
253276809
212427420
196515664
169375440
202961499
192880219
92314358
262689537
176536761
59271064
184414743
242085691
185851711
59271070
184859022
22729707
185654041
199106284
55074313
59271072
202961339
249861342
176080869
173911219
201088113
255250099
110594181
59271066
261967377
248703300
187011103
187157833
242086783
10863126
250020220
200619302
253107900
565720
205506318
59282417
200727016
262569955
262899583
216199341
252994469
206248656
59271058
204941495
261967257
82384826
186267248
204804933
195168919
190608659
193196002
178831460
192772595
202961561
253620278
206715174
251255499
198638308
192772528
196360898
197531429
262899603
262700510
202417421
195885690
76526890
210137729
202961553
200673141
204765412
192772495
204783606
254132168
253016069
253293558
181699674
165030717
174933099
259289399
196488045
262569861
262569971
253293552
200010232
193618974
176550213
197531533
146271263
202961772
198772541
247276766
171625591
253113448
203959383
77621607
263052450
186880508
214598372
114271472
184096092
193446630
188687019
37794041
197781968
189350062
213587201
200630838
205336477
189572574
260933766
194960245
194960238
91832928
58709782
259568222
167148805
14453322
14994448
251255497
383584
198414405
383463
252386092
76469322
201309406
111155169
177274827
212427430
184414745
202961673
196851314
206218146
167148834
192772585
189326211
217184801
184414741
24999423
212465503
255430460
58709820
215981922
201048333
242835317
230138430
157540009
14113504
167149911
247239974
262674036
248585385
252648903
51119919
188687023
204473123
164335608
11821865
14273554
192772532
192950008
170870086
195662935
196424302
196424290
192774657
203763648
194183483
170870084
198390929
14770662
192772487
14453324
195573641
253293470
253414614
14770627
251255485
192772524
22729562
12048977
166775813
201437947
213936844
205000918
211936525
191636265
165030720
196422805
133599625
196948209
250743037
194086771
209176887
251275597
189940915
169376011
139567591
193897747
91833013
197353399
201088139
91832981
196424320
23147681
554216
58708856
15257979
254184811
57502155
262674097
23426492
56758251
14314418
197531447
41615620
247239995
14770621
1891407
167600187
29349773
260139943
192949828
181808934
190589677
22648818
32220577
184414726
248278981
67370867
214598382
58708258
505134
208289511
196849389
190584243
41084471
163297419
11713422
193898657
185445030
14273540
58709878
200619493
193898642
217561691
180399952
248650722
260921489
210513747
217441268
11821909
184415422
196849396
206576745
163739384
248502057
205148084
208560319
383400
15257977
49378666
383491
50350073
215983669
196849403
190584241
157824634
14994442
184414722
163297416
253182836
184414719
39909019
197781977
212992366
255431963
189572568
191923828
10920451
252126696
189572592
193434490
206308045
53467442
58709381
158085628
184414723
193736742
182548599
13191593
197531601
43986343
189940925
190695335
178831525
383549
192950374
170492997
170870747
15604123
192950603
198414407
165098800
199970705
12488130
196849406
209176760
192772383
192124401
12488116
51348719
197212985
207494297
197531541
20455743
75508794
37793961
50350065
20454468
44858246
12048979
260921495
201307861
201309408
11821867
58709822
247239923
383613
11821873
13637673
14770641
17961245
247493987
916567
173515449
180999721
200630836
252401596
42594381
58708947
15258005
170870739
180999719
181267927
252401594
247567077
15257982
15258003
207643603
11821871
193640180
245770069
13407571
203954156
186265453
175967753
208124524
244297213
253129481
262714978
253661376
210147371
249781957
50214788
188487640
161930894
22729425
91832984
196422809
197558907
199045168
91832994
193897733
263110311
197900669
180399886
196851310
205336473
247239912
66579956
196360902
193567343
171580623
14994424
38385442
262459819
554215
195190275
19876986
210795993
42707038
124863866
197900670
174606923
13407573
14770629
180400035
251255495
253307555
179546670
192909291
200619495
190701636
195801646
197353391
249983900
60179260
252386100
192772591
58533773
262304228
172422039
82385601
254117398
262338109
383388
193917225
247787351
189572576
22730013
252386096
10920463
255173065
58709015
13407575
14273566
253089373
197531537
205181876
200694865
383594
206545882
160671944
11715882
190467230
190630610
55282631
261970450
262757650
198728077
58708444
169376026
371125
383477
173093849
164323185
262459810
196923455
248789104
173515962
262758241
178099855
207639480
13105184
177274807
20455131
12624534
193917227
87044592
247681173
253391309
51040335
73239433
197531553
188128048
383469
207624064
66579950
378992
190464440
185006128
196389782
262362966
160619966
173515955
383511
11821869
45053463
247979057
196849394
58708470
196849393
180851241
167149886
58708454
196849400
78015575
37793932
186267244
209176764
190708154
54383488
178231977
203757838
383619
58708432
205891971
161310101
383470
201307855
252064769
186165414
180999270
192774779
11228099
253113415
262304887
23147677
383616
262364822
186495594
186495609
12488109
193640178
197637836
19875403
14314420
197633145
249025742
196978217
176536751
262304427
207317526
197637819
207558635
20459474
53258555
68819789
15257988
38385444
49564286
413778
205757077
161593938
449746
197531524
249535072
170870749
146274015
179951976
10920455
252664484
12488122
207596773
11713408
15257990
181809067
191923860
552201
203945381
173350618
204941499
253568048
253563154
206145343
253184634
12488111
201431424
20457091
252664482
147952010
12048985
253040767
217577438
194183523
251590759
253565558
125089656
250740655
198192523
248703283
247239776
169377656
187190680
204416857
181808941
11228105
383501
383563
20487453
170870761
31514500
177564102
217315464
169377669
13191605
12488118
214492894
37794445
203945265
196579594
196197978
206537659
192774663
212427425
34744767
10733996
180999265
51990189
57499833
66579938
11821881
202424878
57043643
202961489
192909296
10731210
82384719
184415418
31515141
259310986
192772569
197417320
192891379
192772448
197531508
192860394
197419233
20459505
210513635
196219853
253293494
250020250
169377582
197558905
11821905
199043445
159865191
10722448
198229208
252211775
208603679
56730475
252383931
15257998
170706973
249026044
50490365
556829
11715731
180749708
10920445
58695876
199106332
11821903
203422507
198419652
253113454
186495653
44604986
160671630
187509010
262792293
176080867
191571462
176906750
252062239
180749776
201431426
199043447
205696714
252041042
11715884
188635620
208634768
14994440
10866580
176080833
198016675
58708474
252664453
190708160
10734000
10722460
15257986
76528243
188383604
201309410
10722827
10866596
10722837
197781971
161939526
202851055
11228101
181131188
66698585
254132217
163021120
252584514
252851200
215051829
252755679
255299832
167019517
246073878
189572570
571323
229833517
246940298
186495764
203865309
85257264
80959882
214076457
191808706
259310833
203959392
204363203
12488099
214089715
52379924
196515668
191923803
176906736
249025730
253307557
200705632
74689085
52678771
13958454
188635638
10769787
202878483
241806274
198077125
52112559
383435
145289328
202961649
175687494
173093800
262477175
7139153
197531605
84566388
203865313
96290013
175687495
252040671
188128042
248585389
84566386
247442501
199039798
197971824
14273546
172422013
200010651
256500795
195202611
190584245
203865307
197656800
192909289
176906758
203957925
207566838
197178854
15258001
197973355
193897739
68267110
39909014
49549962
197652256
169379474
249739767
13191595
378991
12484062
190827311
260921484
160672030
146270561
242075695
369373
198077180
202273109
52259398
188930496
197531494
136759426
137440607
197634255
262303861
197652254
202961521
11713428
72666330
176906748
197531539
191923778
247930768
191923782
174292130
98280524
196849409
198638317
247902051
243023711
253382103
49549952
37793494
12488107
197558899
12488114
254184904
244300888
195573556
253361429
206519030
251443731
196389768
56733093
169379476
197601741
247239932
196389779
11228103
230138671
253113444
197973091
66619718
196845910
100128803
176906746
198590877
51990593
263402406
178831450
205336475
13637659
188635632
207566805
182320815
216205478
50322369
165098790
207841136
173949218
207841128
383500
194958491
173949222
114431942
260939336
32220604
13637677
198390887
167148832
187157840
253402326
186091875
185658131
197344454
209176765
249799484
26469919
205684548
198192525
197531473
180399995
185654031
59506190
197531510
192419671
197652278
146271377
204049213
198111430
169887160
252851188
169375301
253391270
183111422
198415068
248325781
203202223
212580839
163739103
201088111
207658287
205891973
191655866
192772386
193981038
72290469
254184808
50239379
198192437
10731222
249825617
197850011
186495692
207643929
182603760
169377727
71091123
253517745
217419127
114435461
185658123
257780699
212484649
32217944
198096068
222682164
182548597
146275521
177496622
191349266
208742076
177496962
191349335
192124405
193917232
207566765
58708531
114435488
261942016
185654010
77105692
170766925
50074715
226421695
169375399
195472228
52502501
247982833
248230660
179584505
190608551
168231597
196360949
246070623
169378376
203149977
95174973
151519627
259542486
255612107
252648896
214077221
16306339
253366608
262726279
252764179
248362129
252138278
207841138
204078067
248541391
262800022
185071145
160548374
262714982
217184807
221045249
261969001
247444604
242424584
189263815
249381073
249693514
225909087
252851183
262907365
217184797
37437253
219140654
217440634
205299815
205299813
262662790
197214004
212465498
253213155
212567554
198434875
97824280
201892200
174321450
262037768
242424353
249693510
253213165
252138663
249693512
176909231
193450565
248176736
176909248
51690480
262800709
252851197
202851047
184096110
103416133
204805812
196932307
249921189
248135227
262903768
11478941
197634256
262452286
51518632
253107549
205694539
217419220
242791351
135720141
206619326
159865190
249150613
165030725
248555999
216408015
187593361
196394987
37404345
196932349
248363333
215560760
520910
59302651
207596812
147359935
247390580
193450572
253293696
225926154
214502546
203757834
140229740
253588480
164323178
233406834
85763120
148885656
252868551
194110075
263022182
262590477
252759543
105376026
173084694
220672855
252062658
247276772
200853725
215983686
189250830
192419625
188635649
112550533
196180927
178323427
220677543
191636270
192393131
148063537
262976041
196237330
198459377
188129346
215088955
191629946
251537609
251395346
176550209
197708849
212602575
56305844
247276803
260801388
205986080
171549942
195801644
191571328
252062251
194107850
1517183
156129769
188536931
254132191
192637115
246773014
51251341
73237231
262302135
194960237
212426873
141002450
202038340
853251
253867384
182551495
253218902
197531453
252062784
174182685
219460790
200840627
190721822
262338129
182462072
253044592
197531528
252601421
13728284
166437237
10076516
253307545
248704218
251588517
212264958
217524238
205291089
195190269
245182896
188995124
196021703
257843804
158622128
242411352
262460019
203583552
206145442
188229175
260933603
146271722
199271375
196283309
191636256
207256466
145548558
194788538
181131167
248502114
197901341
210399630
190708149
1689849
188993737
146274383
194109676
2291099
217500600
169710765
184475053
963473
174933107
214242751
252636544
248929132
200804473
190827115
146274393
261832172
199522636
125010576
220782401
46626769
177736035
253168971
199241861
261028947
244173608
190590250
217522482
248497808
197868785
189365852
200696971
199898494
261832217
248492677
148898098
203422545
207596554
171580625
253113446
200696699
248490706
253657546
212992382
184652103
207317548
215122289
197687526
171580666
182460327
195685358
207317522
692652
194406670
210361602
148602506
148886310
262018978
190589671
212269119
169372276
146225827
249012374
148898126
171580824
148605905
201296550
261813542
212992030
432926
1199401
10685711
200616695
263072936
209379562
262785648
160671650
179546076
252762178
253040722
208778364
249610749
192331201
202961539
262778853
199119200
192794907
263091507
210513576
54353820
252869578
248176883
194789471
213998729
259310913
51690746
255317051
63540234
263243590
263210155
262386826
205537677
247778136
249489083
207841141
215206789
262454374
193274251
249871345
262637424
262892359
167509909
115078651
206331061
190322586
189558188
248767006
262905813
64645534
169331382
168213442
262590474
200934947
160671654
197867500
262972528
105634696
249306368
247902062
97507712
197387977
152458035
252200926
203910491
208778509
192175205
155008210
188408494
189657591
222723694
205984083
253168965
194205608
249576840
198583263
253711515
262899525
113175040
214823866
261967389
173093857
153407517
253613715
192794905
191955401
249881888
253168930
254896805
179109194
204417041
64648637
249237796
188994543
197852524
252040527
203204626
263022806
160671648
202032750
229701710
207937181
181267677
214502536
248930165
197657395
217525565
187190670
230324012
160671728
174180024
219501479
262454574
249306364
252859714
198390900
253405735
194479857
248215333
203204630
252761018
197558902
168213429
207494021
52502672
214189622
31023368
208119594
176536759
217500550
252565890
173093804
214933626
196376983
168213413
201391325
172475890
178323019
252400218
106150701
221518393
253720884
262454468
252868851
4472503
262903737
50097767
208120188
188783895
207971020
10685695
214242886
17046153
193446634
72908469
249875799
252566064
193264014
171581132
251936893
249208229
263021059
193268560
247442513
166084098
52257366
253103747
195653057
171585955
188992644
252675589
261832181
196488128
195638098
198020242
74890568
191632831
200726390
217535541
253364302
181998082
195970354
216215462
253188048
208115684
214775126
205855498
213919709
252040918
210400041
217500524
208103100
153407525
180749758
156821181
195867233
195754867
248258999
248826608
185023602
225211186
188995391
212992368
243046598
145549175
212263687
215094294
263098212
241785888
200619354
197178829
199897788
197852536
216199219
202466688
214619144
172475727
42111876
198087686
198821979
242076018
263209602
195927512
199142386
213708811
200719430
249969431
193858717
163831464
195291938
106996494
252983692
8017950
148544049
249920546
198031332
261969680
193234692
184985787
188993181
185654082
252040499
198193625
1735943
249871331
10685723
196360967
252566052
252762167
247902024
242487057
204432521
261832155
207773631
167149880
161541478
184074912
193924780
199521747
207639313
192774831
252671784
194085865
146274116
202855736
184094122
127032115
252565003
198772519
248894228
186066604
188995389
192774824
175526758
248085577
126529746
172286345
213886924
146388497
169714648
197178832
252163028
208062156
199969282
247902020
198020167
150372989
244301170
188487632
200752394
207358475
192862531
252868925
174131022
208197534
198084840
262084691
255353481
201037627
182320828
201610113
207558643
252565920
252039116
252854305
148883079
176080853
213954017
206481533
243045874
159259331
203909487
214660939
253503722
2107471
225910825
252566261
199119121
160793011
156147664
194127514
249136373
212992374
196233653
73237961
207493350
142791751
180609882
192772361
197574603
214768370
262454380
213864782
193893309
132355738
247884805
252635768
193584158
200726924
195201222
247778460
185821012
207281208
262074998
220662865
7377377
192794914
247786015
191992260
208736758
175526807
185813023
177736149
227134323
194085916
252799816
215414853
198996041
195671018
171939388
252868799
215481717
181267662
253285240
253052633
213876264
257911852
247787885
51356492
252585628
260797954
111938964
257844113
252636660
207652156
247982993
216125643
252868889
252635820
134410770
214933078
247884285
207971084
207971114
442829
80960212
160667674
197687389
193616335
205926961
262818715
184698117
193910759
202612304
214933464
214915861
214195820
225919381
247887788
186066622
195969952
195549421
198339803
188514513
249961470
215051769
244299293
262859993
192774681
253213467
262982451
199523527
263085211
262570026
214197753
243010530
192459171
201679196
217629815
252868884
186862142
242483035
171777212
251897674
252565981
205684904
186495738
217535395
252584629
214611121
166343890
249782511
13726649
198268767
197333293
212256388
252040663
198271491
182462952
192154444
249006826
208062327
245770203
260410497
197530287
257844520
172476344
172475875
215135691
158222358
200914201
208408658
49922640
192908778
55515998
248355809
192772550
136684470
213587519
248586400
183030387
242483033
194819142
225935647
196291080
190235131
203275237
202780323
144611595
262570454
195970114
202963535
153945861
206643751
203084078
185965976
217535377
248586202
259310904
253284155
185743840
257844362
217419292
262385778
205685152
198224053
195670898
247786011
247776754
196202012
200727134
212267088
186692658
189462427
196573060
176487817
208103294
181561644
263085109
259310932
253059840
214768500
252671772
262085083
193625451
195756603
249150426
206542943
195670741
199999858
68221086
192637534
262688305
257844699
197337512
229772570
247239784
192774639
224913233
195652607
14618061
202510041
171198636
200725431
252040561
200726968
198240664
203862604
216122009
198585531
205800839
244703151
191955362
194947263
261814075
255263673
197575078
42110088
247918883
253297500
187011501
148891344
200725993
193667763
185167121
50955727
215342424
252869414
4631973
225211190
195756285
52257410
208106664
248215678
252566355
251738143
204765475
248832542
196283396
192772444
4169829
209385530
171580640
252606562
200725558
214009528
195660402
194490496
202963427
27941566
248565828
215441099
160305778
207281032
261967365
215414913
196021799
213936478
182848883
262654345
204044648
198270913
215051903
252606885
191973889
210435557
217720171
214910025
197750448
198416647
197178848
243103712
249058966
208736321
191808466
194584002
200719412
191808733
197634700
188687542
198447840
221703543
115748070
192554055
194490494
249348540
217522262
183502854
245770377
189170970
195967992
252565819
200727196
182326423
200925515
253671279
207281085
191808339
248896454
200727266
262876987
198085501
262569953
215139989
216299361
200727330
207335120
217641406
197530293
249967545
185851709
192459212
193922590
191472599
214910007
487214
247787087
252602431
162512749
198243969
253666151
195470055
214768901
201296263
197352596
212054280
205414722
242483909
180581986
257844539
244306680
262815708
198077116
203937490
198084569
178031736
249244872
205289560
215119903
6331551
207343496
184416884
255464039
74890487
215085060
114885596
249306351
247783298
262387894
203867384
252040448
208100791
215051841
252040824
252671790
200727272
193714612
196153055
185024349
194490321
247922010
203950095
137827096
161615551
74890536
247414618
185175767
173086008
180925109
213922043
213861639
172475995
194490327
172476146
247442509
262842758
76360256
248565123
250017455
262983740
187214145
214619243
197923200
262741446
207281060
242483024
203145421
203950157
262567771
197530295
198996076
248259108
262590326
247789231
257844250
263179481
262640409
239162842
198087709
213714507
206652810
214864169
200720465
197622805
198866082
205289914
212958654
189542952
172476923
235569962
177145288
206643682
205685146
216198910
172475919
200912925
200727841
225936330
198650311
262384583
192557800
204317679
249038671
202780627
164286638
213864992
246073880
600544
259310855
251275809
196283633
252107651
172476102
263294522
262569831
215414897
262569837
198392855
214089713
177860795
200727252
261813974
253071512
196202028
197923280
207244606
196057252
213581058
177145833
200727090
203144585
208736682
203909531
200627523
252221635
252636525
252602424
215122537
263174663
195470049
194481633
214595198
216299353
263085194
252106780
138396009
197605782
198825024
177272489
198817767
191413317
177976079
198898683
244306218
184080541
184330218
255259254
241617136
244300071
74890594
178308014
248590579
197621939
206643525
195287148
262892047
262792868
249347587
262980635
249765855
249766351
89480906
247883859
263085083
263078548
217535445
192772518
169377534
200725543
146226181
215051896
194789593
193637696
113529160
191808685
166210002
180581964
148904670
148898218
261814034
261947477
263085315
207971140
213595530
211978966
262350326
208104581
261947405
195303304
214261480
190519739
172475737
198824643
197575084
201614385
200767161
249093264
251394107
156164481
202876886
185405700
193234600
91544617
225191336
179088770
262785297
177145314
213673882
246076213
217522269
263098219
263253784
263085111
205800192
198271167
194788252
198271185
247883802
247789390
247785223
135423186
198192756
198271447
200627502
248590412
177860803
262878412
249246890
249570662
215700389
252764747
215590954
207971078
50302209
200720482
209612549
214595225
209757737
198859185
243103733
225971298
222429115
184093924
155100230
199569361
215051779
252869477
263253735
197605244
194490319
180720722
197618823
205685150
205685148
214770417
252565965
263084684
249662730
249469461
127692381
138396008
263112943
197625343
263200019
214009425
252131057
259566814
249021881
253277101
93238671
253543325
225909077
197624141
248590190
262076484
109077248
189192663
192331214
198590049
195190250
96925379
247442493
95249965
200925108
207281180
263085060
247930796
262640383
190608474
247786041
216450409
203868217
262655942
222657634
247787342
247786033
247883617
194789630
100188336
200726394
181783135
198893863
200727166
194787763
206652820
198271055
206652815
153815291
252671767
253720729
192459038
198817647
241617018
108850323
1954181
176764989
172476243
195304040
180720744
262907420
214756791
197575080
197575082
249781930
195663621
214075029
225211210
194491169
191565937
213911542
213714621
207281010
252043432
195976792
20425914
252595515
215511642
215414863
262380253
263253797
247806424
216227890
216226940
249245540
263085160
252869436
160580535
215051837
217164549
177267505
191500700
194407307
191500683
177054920
262892064
205614557
13300151
214932906
262587462
253113351
250019969
195470057
244300422
216299359
215139991
175567290
251980288
261949590
188784888
197530289
263067855
197605769
196021827
198859467
205930502
263239296
207652130
74409152
262692448
262778180
249784678
263049479
262806669
217184809
174215347
261968970
50477553
51320541
50263061
249664181
51322400
168231621
50724989
49884647
52777505
135719368
135719231
262590473
135719130
136019497
252920604
172406818
135725352
31821329
262692883
210280565
200751883
177633736
217894935
191655862
177633386
203865322
252662941
194960246
252651415
262844365
252138658
177633056
1229611
248355603
169490207
254093316
137828249
51690187
195190278
146389340
135716105
252869896
200761316
253577975
52780315
174180115
37429724
201308422
192734063
188408567
218728400
262076491
253107895
210276084
224233355
249779888
179795535
197868796
217425148
194116454
253406238
179795872
247564807
261952066
262664014
87054334
208377711
37427041
179717193
168274158
252854862
51037975
189124545
195787187
173968954
148063840
250056821
196387883
177633667
253563150
252859742
135725142
192860400
205216200
176522764
125528643
262526420
207317613
198245729
114594545
76103126
137828350
203084198
214846810
254896823
263040860
262689535
250017636
207281037
215911108
208739546
192555976
253107554
189131161
151950346
215396786
253253632
248903813
204044396
196021525
191140786
199234859
250075765
222283944
54895200
56046606
228989238
200928146
207971148
252854307
252040993
196353620
205685127
172405823
205831470
183334697
102120798
200925962
251515186
262691777
199592762
195482505
252891622
170280844
216900122
174439131
197675703
171256585
200621506
243090223
198112820
243192555
262862498
176713787
248523326
125009503
252868494
250054995
139950126
197923104
196202199
198112658
252868876
214261419
250186860
196201597
249384847
195288628
201304630
36569260
250082534
204765673
215161872
247778816
249679609
108857517
252041002
253119128
36569234
252564732
214165729
251456884
249765540
261113750
107366409
263098290
253059467
52124332
202834969
252043780
210968147
249389216
261821336
76103320
193714897
249766221
220656712
213868521
182463020
249881409
73113450
199898306
204766264
262085612
74689798
186199544
190155767
108716721
262836220
252563069
263023550
193124680
179079305
195885731
192861566
193707228
195288639
217840646
195218371
252401620
252563980
196148510
251980225
206145429
254438158
197925063
193618631
260827852
262892091
218728460
177860598
34744862
188375866
203582874
197623368
193618580
198112619
188783848
248590188
208174341
263243756
190142309
102431507
196157711
260435002
174215331
217708828
177631959
174215334
220677516
242076188
219133952
141126114
184084532
184089387
133876239
253660404
217761207
217761213
237640192
50516615
248994274
253313228
181895471
186204420
237518834
196488086
252650816
262459816
190843585
237604408
109019783
196360906
237568902
217317397
202344292
248703474
222512520
179369102
221259283
252062587
248703328
157252347
252597247
257551599
193263173
252564010
205509991
253706544
201802149
222680994
174302301
252040637
208603684
215084879
186194548
63554385
82908087
54894671
199898076
207971016
192196309
252635950
262047031
252869881
250083091
261971471
194787553
228137446
217762731
253262348
249693678
194787453
217764099
217761219
247981626
263054433
253706369
252636311
253405712
82912436
261970461
261973982
248703540
217761205
176760994
197902195
252062733
196292366
206953094
206845629
82912296
83525484
221032173
198186558
217761201
196052361
200726747
194787570
202783012
134768719
252162474
253268521
208118403
137486687
253263932
253264144
196052336
252062505
202783528
253268344
247979644
202782944
213691649
194787438
194769255
51030957
225220591
76102913
253252743
253268651
253267992
253268770
252062735
262798897
197624055
202783224
207841129
186085696
180214433
32412544
259575109
260646359
194110062
195103884
188408329
261035633
23619345
253720830
230007865
74890460
118771192
197745219
170024239
248703413
208217024
201423192
161615543
253700895
248895608
51030954
253152740
229809314
253364242
198341373
222616963
253228832
252636323
246889295
184081527
191281320
229773196
208192243
260435007
199236512
198584731
247796574
20611171
204701923
36488001
200727336
157211733
179781452
252044510
118713018
203949050
190826579
154151986
247459601
53467456
263120794
188358262
239275142
252062760
263286352
208320916
242694934
203154800
205222975
213556812
190321260
215983696
215413091
196409696
257905232
210284453
205897538
154227605
249940462
217776638
248703579
197410087
106535417
204309820
229773724
195283533
222655903
253577525
202727490
160814536
248849418
262890069
262054227
197554943
203477715
248701905
197554845
203863560
176752963
262066508
187285333
133871371
118717058
262971744
195652585
208115574
13920941
252102669
253382087
203878099
253239806
168213546
262766624
207733018
253588465
247982137
258928735
217749516
210946111
222682188
247764205
259032932
186614767
189353771
253556140
253686671
217766719
254904273
197556136
263301269
260442981
252024671
253561921
217419701
141115337
149535450
252159470
249853994
201292047
210298419
252664516
252159573
176753066
252529545
253482732
263244431
206713769
252295494
252759257
200875752
252416369
133888446
263246615
261996486
247982894
252985099
261967314
154231049
263319841
262983887
261800395
242450509
140860699
205506082
225924646
249091205
196292410
247806371
248701923
49204089
202384744
263369666
253313893
210968104
253544326
215207081
253689812
257844853
185165801
205240369
203897743
253700513
263054042
198119862
252643762
262431439
217772677
216737432
217477578
262526807
253310538
173550941
210155745
201292096
262801556
263059912
262902133
253474001
263118792
262699512
253312542
141531685
14994446
248911974
149534869
249824084
248803132
205256205
203711224
253311022
217267370
262452314
222703757
247981473
133879120
113495883
179979332
257780707
253540635
183731684
263297387
192807457
196237326
181170434
221244201
163716429
205543538
210276223
221229452
198459088
205851673
217411484
262306041
213598672
262837170
207345054
133883591
225972048
204130853
161023008
253134226
262019514
253393356
249058922