435248
435090
435239
2016235
435231
2530069
436515
217499777
107759833
1599551
518446
253350333
2530085
198638390
191779200
11498671
442306
192087820
193045361
10680073
2364991
11498669
516879
4336127
2365019
74750066
486642
435246
75549234
2466509
253322093
195472345
2466513
430269
198495172
262366005
198495243
87045134
37794657
70782889
416479
262745049
242076463
260817933
260827295
177279390
261157419
260818926
198495212
198638388
1599515
102758425
247902515
195283775
924024
607555
1390055
260818631
2530077
78911430
2061857
55287946
376791
253350335
435249
253350319
518140
262381714
688903
247902533
262852378
263100641
41592420
14970177
198495206
59336575
54127650
985706
14969178
14970171
2466439
36316074
923794
2365017
198495180
198495236
4639279
249220291
195472269
34755191
35764360
193045359
77656017
198495218
101870657
195472247
101870774
435075
2365005
14970181
14970193
2466553
59336577
14948558
198495305
247902458
488258
31622425
2466507
25537988
242076364
574185
242076483
8357942
14970154
31622382
1385385
2466425
2466421
31622395
31622384
195472275
198638353
198495139
14970164
4271025
242076368
1822097
198996383
37501665
2466437
59336567
35777559
2466551
242076362
2466429
15183526
577268
35794213
209408415
2466511
192951370
242076366
74750058
4205835
2365003
35794243
2365031
74744187
1382065
2466423
198495188
19884384
198495307
547178
19823170
489999
74750060
2465145
116567108
74744188
192090542
14960127
210527686
14520627
35869420
198495289
2465253
77182200
2163377
520461
242076481
577050
214760543
198495295
200978481
19808815
198495133
59336565
2613067
198495263
48984243
35856109
74750074
35869498
198495226
35764390
2466415
198495311
2364999
74750046
14969192
35778324
198495121
31622423
35764192
31622400
2530095
198638396
102758240
8357954
35794197
198638347
242076446
262381959
263098915
31622463
41589261
2466471
263098907
923786
249875075
2043955
198638386
55288973
125507191
89481093
242076453
101871263
194183588
14520623
2466445
2365027
35764208
198638371
86424332
8357958
35856193
242076450
242076384
101870647
108748237
74750068
242076467
2613061
31934513
87045036
55422900
198638392
35794249
2365001
577265
209388755
247902401
198495315
198996340
74744197
540533
101262453
242076444
521290
262382354
35764232
59336548
2462167
516054
19810332
198495176
531737
198996135
23438783
35794089
708813
90117482
107759837
35869374
193109396
101870663
55286871
2469343
42273305
35778273
35778378
193101606
82388346
366907
204439505
191684927
719194
35856262
59336546
1599513
249578515
48755805
198638375
198495147
198495170
198495245
147575574
200976773
21056675
19808776
31622439
15183510
242076479
73584953
198638398
2613059
2613881
14520621
35779533
21090564
35778336
198495281
198495309
41589017
248733046
191779191
198638394
198495259
71683162
82387940
117375076
263209784
53806105
215609633
2057391
4205897
16076004
35896809
50078313
263450696
263450742
198495210
263450773
107761888
50071983
263209580
198495299
102758486
102758253
248789365
102758305
242076407
248585979
193762938
2613869
115936211
2465221
198495273
198638400
198495279
198495184
21090584
21090570
21060627
263450748
263450706
263450788
923806
31933315
35777637
242076370
50088739
198495313
191780153
2613861
116194845
58710268
149520561
195472298
101870944
14941741
190791000
195472283
247902301
3782655
198495291
102758427
102758357
74451754
198495271
263450726
2613063
19823174
198638411
174182970
247902667
191780139
125508458
263179558
262745493
102758453
242076372
198285199
263209566
2530071
263115124
263210081
263208517
2465149
35764392
8357950
198495178
198638343
198495269
198638357
198996207
21059972
16076009
248585347
263115201
191780435
198495123
193101742
198495228
248589027
247902541
198495198
198495131
102758264
198495125
198495200
191779666
8357952
35764344
263388462
102758433
198495117
198495285
198495196
198638406
198495247
263450790
247902305
198495257
262377346
198495317
248583005
263077323
37497622
2365021
191779163
195283705
263118520
249089792
76152491
2565253
125507163
171592362
191779196
198495234
2613867
2613863
207256144
2465327
2502899
198495186
198638355
198495174
242076434
247902287
263450684