262876115
77221912
170870824
49961395
22988626
2499549
106997681
202961809
22985971
217722860
262010299
2371009
58711538
198285466
2208737
56003893
260795215
84873755
209389478
2377573
26595208
587818
262766408
2202751
22986733
87045195
262765960
262759120
262762199
160604137
254089583
260918955
87045118
2202947
1384829
260803750
13751136
22987181
216199172
262759239
217721884
262853192
263179655
220682239
2361113
2377603
107001798
106997716
2184129
173903531
2184135
32222212
2184147
2184293
489781
261996336
217721804
7194339
197388143
217721674
58710758
197652386
2175627
324919
217722925
105664717
102133168
217721678
86424482
192908960
58710994
192951327
15666166
192951221
217721986
197530331
82388657
173943304
210514030
88043441
2184795
2208589
198094904
31648343
260805185
261157192
105664908
258673185
160604149
217721970
86418156
25201729
2502929
198102759
49378743
217721738
106350081
55287250
50238994
192951205
107001742
36316226
2184155
173973726
262803586
3819007
2208775
106997352
10685449
262893778
2057175
217722906
262851245
262799284
253420639
2502903
254089170
262782559
2208667
262876717
2377741
174085306
262877177
2676877
259489619
49378879
22986258
132191839
192951364
160604184
574277
106997608
25201990
107001824
121228935
106997501
24490050
132191810
105665000
260805031
217721792
45164138
55286873
2208995
199941626
192951295
44605275
254022666
106996568
106997747
2182065
191779522
48983574
217721912
49379213
131245621
2096853
217721966
210514032
105664924
521624
489544
49378863
171653829
106997470
74036003
261995918
197652436
109860531
26170023
110446039
12136935
139975756
217722055
82387057
55289536
58711000
31882013
106352173
45164143
489780
2208741
262781099
262046178
1382637
260806223
45164389
132191836
49379254
49378919
217722606
192989085
125506921
32222236
106997316
74036129
262782439
74536583
197530485
2361119
262305612
176535306
2377481
261994922
82388627
139975778
160654466
217722608
197652352
49378946
587061
105664815
196058178
130781329
2361129
31648302
2361209
259489490
254089815
217722012
107001792
107001659
192989144
197388036
191780767
3770069
261026621
2389637
217721760
132191861
217721910
217721743
210514099
31895743
195994011
196220918
2208997
35446971
179685869
13751150
574247
259507724
259510807
81939340
160604121
160604161
115964905
132191824
131245619
160402385
48755890
217721836
26595125
139975759
217361592
160654380
217722002
115933162
197530448
198285284
210514137
263085391
105664721
107001833
263097826
263099060
263098978
263098557
263097467
263097463
263098891
263097130
263098551
196058193
263098944
263097881
2184419
198285380
197530444
262704811
262767353
262782076
262766046
263085296
197530309
31516377
58710822
122273737
52112633
3818649
26594294
122273727
107004542
55287645
192988566
55285319
210514082
35856209
55285636
2097069
50361759
125506900
106350120
262758395
262758378
183368706
261076079
2377605
263098897
262068366
170332250
262851179
261994961
261798529
2377735
258673187
259507766
26594271
132191804
26595119
131245617
131245641
132191846
160402339
160402383
26595186
109852146
160402319
217722089
217722657
217723410
217721812
31253534
45164157
160654420
217723416
48755902
216288907
125506897
107001732
31881931
52678838
102758262
196181073
23437562
55286675
122273739
55288572
107001862
50216101
263105122
263098533
263097635
263097648
197530329
197530313
196220926
263098517
263098586
263098991
263098976
263208700
262781623
2203029
2377343
2371001
262853231
262790542
261115096
261798881
262790337
263097508
73584885
2181787
14948542
257868930
258894644
2361125
160402345
132191816
26594275
160604165
26595127
131245628
160402413
160604194
160654441
217721930
160654414
132191851
26595188
26595143
160402391
131245645
58710227
49378853
217721750
217361578
217723373
217722917
132191854
263099014
263098431
202961992
197388066
197388062
197897309
263098496
263098950
263097540
263099077
263100180
210514078
263098946
263098987
263099052
263098502
192951497
170870822
192951321
194024565
106996565
87044892
193109325
193128706
193101752
142363236
22986711
105664954
49378881
192989117
26594269
107001860
55285375
49378883
55288602
55284922
125508448
55287917
262748216
262748178
262747781
14948158
262704534
262790197
2502941
262822021
202962012
258897403
70805284
3818627
257868692
260801510
260803563
132195296
2097105
115966932
160402317
132191871
132195294
132191849
160402377
26143276
217723426
217722063
26595122
160654400
99408435
160654456
2184295
262767185
197530446
192951362
25201674
122273731
262853251
263085434
262782274
106352218
55289607
58710740
55288114
58711024
49378963
48754983
22987501
122521951
48984132
35446187
107001904
44605153
87045328
2096813
105665002
49378772
197388064
263097531
263100147
263097656
263098472
263098606
263099054
263098919
263103164
263099046
263098448
263098954
263098421
263207473
263207820
198285623
192951317
191780788
196058168
195994044
174085850
262790083
2361433
262790153
253326074
31881949
225265926
213589356
260803661
260795189
132191863
160402428
160402422
132191859
160654458
58710215
132191831
31253548
217361494
217721814
26595163
160654429
160604131
160402343
132191873
105664877
262701395
2184255
2184651
197652444
105664725
263097136
263097672
197530438
263098931
263097894
263097140
263097797
263098895
263097654
263097534
262767230
262783180
262782800
262766081
153897796
191779401
31881976
48754950
105664956
49379062
87045053
55289378
122273733
31882004
58711074
171653728
70805337
31881971
55285715
49378927
34757340
122273666
105664833
73385238
49379310
122273741
105664882
262894908
261110070
229763643
261995046
261994796
2361425
261996295
262305648
2184603
197897359
197388095
2361155
3768793
2181799
35856199
260736051
254085333
132191822
160402371
132191865
160402357
26594300
160654353
217721892
217721794
217722571
139975772
160402369
132191875
262767412
191780333
202961881
191780539
262781304
262766852
262767034
197530489
197388135
192951503
263097852
263098962
263097450
263097448
263098999
263209682
263085398
192173766
192951358
263097517
197530467
210514074
107004463
22986024
22987465
77702512
192951501
197388060
198562372
122273672
106997553
106351831
55286426
55288971
76152461
122521941
49378877
125507197
44605271
53806136
136541874
2207653
263097791
2377709
262823871
262851169
262301980
262790104
262851266
2371019
74743852
262851210
31648349
261994994
2377729
2361431
2361081
86424382
260801399
253323950
260805552