32428916
2249679
2249687
2249471
2249441
2249463
262306026
32428906
2249275
32428910
2249677
2249381
32428942
2249697
2249461
2249459
2249485
2252249
2249427
2249465
2249413
2249691
2249389
2249429
2249399
32428956
2249377
2249375
2249473
2249371
161541552
2249685
2251391
2249681
480303
2249671
2249663
2249391
43159184
2249433
2249361
2249457
2249393
2249431
2249479
2249477
2249475
2249483
32428926
2249385
2249383
32428904
32428990
2249657
32428928
2249439
2249415
2249407
32428954
2249467
2249351
2249421
32428960
191779496
2252245
32428944
2249445
2249397
2249497
32428918
2249395