32222523
101262423
197620669
197530402
55286704
191814119
22985813
74451672
23438505
114945033
216288982
58711038
193102043
22985912
197530418
197620626
198285489
73492187
106350059
261840827
55286659
23437401
55289107
22986095
84873462
101262355
101871038
25204975
191809972
261840753
22986143
68544876
55287289
263097762
263098939
263097469
263179566
58711234
191779026
22987448
55422896
263179606
192951450
261840872
55289162
105664855
52112591
192951509
22867849
192989196
73492215
197620645
25203279
48754848
263023097
23436844
55288968
23438960
263097542
263098935
197620653
197530361
196220847
263097783
66206555
36316222
74678257
58710966
120364911
115966397
198731749
196220906
263097652
22985836
22866940
22986298
23438803
122521735
197620649