106365090
96687581
199039045
3283713
198285071
72851577
215699676
75813207
165150437
94906643
49716241
207852933
190757829
197920649
114275086
212213035
40933977
11735262
4423761
172175811
180226001
8362423
174855409
777517
48963107
253275226
32217316
254037824
485896
248591413
1651891
67716349
58413506
41258325
216090603
180225969
91273553
39322176
84872572
124767700
1339619
403156
190827318
207336563
190096449
48481710
220824750
88929189
84872706
141757455
217286500
84565498
44313140
10576702
25733769
204872822
7887140
9730291
253471962
438733
72123317
20743148
261839651
261983518
77627254
24188577
212484249
201161517
118208802
152568730
137502383
9729340
181914445
41549140
183720563
1651903
195283643
331477
10230823
324913
48481704
8123119
72851574
221517170
197652232
217286423
217286433
217286487
140361639
1651893
260933326
76053681
204419581
93374926
59470972
202780476
180399927
15245890
253393403
20731616
77627250
138504577
951196
1826675
44433390
49742351
7887138
77756874
10303814
185198332
208778541
208406265
52331717
138504795
340952
10303809
80358850
213886882
72851561
174012890
63670215
7230367
208783597
158775136
7887142
207933269
72851559
596344
177757924
549906
55841941
58973819
177860468
15696473
196202813
59132139
56719633
7703755
229802161
32638313
81237380
22648247
171581094
777506
149520287
247878776
183719409
203001020
257855996
196161707
190845835
7171977
405015
423551
436920
10104430
208778529
198523077
22631280
196488195
196200893
252389455
29348865
60393181
252389433
72557131
4503887
201567861
196148508
80900187
207933139
1826677
453810
446040
80412715
9688936
7927473
355848
405012
199106318
19388500
42459002
54041011
871612
9985027
10103635
9798606
1535497
249778329
782269
204873594
212213041
198262364
247294038
217898111
72558006
488396
87045685
198523252
8082265
197417880
174012989
9800024
22652455
76105962
206374759
24939016
10545067
564919
204872047
60392004
170998866
215136364
201567907
186606680
206483142
36710746
47799408
146225855
436921
324892
207189466
782262
471811
629275
48719903
531833
77627245
205684410
197499851
216204609
777511
10735342
217286490
1516105
217286535
173402459
196005761
71289215
114732782
140579176
215936195
11264712
1619617
10014302
248601842
7226283
453794
7200491
171906570
37793574
410317
9982718
45613736
201166686
876162
177782268
339308
41062682
192020511
68119457
40933973
207278030
534765
249771927
48752639
77627257
345779
136482761
609182
190843524
149520283
60391888
7922974
37880229
208778535
188375240
260686022
252389446
40781138
2777821
248634865
196203030
249771925
173206660
103474437
169594172
207289201
252389444
405021
198285192
262653469
153518813
217574364
26412691
225195096
208778503
192288289
196161518
83344595
199973062
82923210
204419585
1651921
103798535
180320299
108946290
10570557
248583364
782239
146270243
247883799
102770881
72180978
137503464
225195190
206483270
249798826
9859796
173401092
403665
225195188
56878212
225195088
204421213
201427176
4953183
777304
7958609
59452262
212324229
406355
6840767
247401594
206251527
52800355
418959
94903602
208913642
1038492
192169244
165150363
418954
191362454
67240858
9799007
93058216
201569006
140143674
249778306
166545503
143780165
9729980
23436051
169606471
207563655
531884
13979495
225175192
247399788
248590449
253169114
246772995
77627094
108946186
7887160
777283
37793848
207699263
137501914
52797505
242627811
169376048
216283169
215725876
2621703
7924784
108877709
202853986
249083680
198285196
90116517
199978265
77627096
553273
184073204
77774784
7148075
197951735
3750483
114843616
1038490
261808005
137129360
10103838
217103285
1314617
261946941
475779
43341751
248591357
403510
1574813
104539918
14304332
248591367
351737
22649480
261946948
48981814
20483798
252396462
777277
10424575
7985167
253284237
10024036
180852235
77702310
629277
390537
31515749
180399929
191978088
249662712
247722025
171585969
239182357
248643344
569293
173561992
200004696
20731600
9800964
213937035
72515451
177860458
177921171
219410208
75991350
36851408
419050
196202328
205602056
205007809
1826673
487348
891752
7229553
424196
1651887
174010420
176080829
215560744
527657
107452308
171905475
248133656
355865
177886232
236005424
72557808
403632
26598910
173566022
249576495
137502643
149520281
9808242
9859644
471991
9986616
59417430
202258760
22532177
102766399
202224817
159380785
188375831
80412718
355834
262884312
249570694
13172436
472011
22535808
782272
205698831
205810043
204873175
111726386
252079491
214651505
32748093
407485
7957782
170270155
472010
198231123
173788044
249309677
108943054
57707231
47799406
530303
192288763
36709080
10012600
26293598
249085266
93270141
541158
197925884
261839348
782224
215725874
355843
136482378
249576574
184071811
193643300
262984226
262990666
246282714
8998349
206488559
173205427
214933045
252882017
225386724
411555
546706
260932575
248799410
203200645
108877704
195990578
263085122
25200134
9977542
201113964
181461430
39358082
192582926
249307525
262826523
262086443
207908725
201592023
262983715
243083136
176784962
249309632
247290025
213937043
41868795
262037911
207360199
108877799
7958295
248133791
193976644
184628551
167530446
35411148
247289987
230323517
214753088
9734948
89000430
10028616
202996395
144589549
206251516
225266634
7184573
183530792
206334965
1826671
174011140
179686425
201401524
248704565
143206897
119334767
225175181
205506513
31941305
261114516
470238
7955649
9688934
262045851
173904421
36425573
77747297
63035205
207360924
209176018
217641607
104797543
146271354
47799418
3630863
108946336
205819623
169377335
612172
200976631
22534569
201161677
173206795
165627370
257855866
20731598
248700571
254093097
77627192
201355068
41015672
75441285
50330250
225386423
472054
33030548
14295984
418911
208194491
196203180
184410427
203000435
107430399
108942736
190553941
248168819
248799631
192287962
205696260
87631883
206637025
153518803
75441245
40799652
472058
24165473
167019535
185654070
207360917
207362552
108943133
248704573
207565899
214515033
137486319
472005
107455285
204880797
1826653
167462179
146272286
84872488
106991197
540149
879884
55284157
355866
212564438
75814342
432314
207565691
261946944
99436287
248876937
72507786
149520448
2621701
206481100
193703525
83344466
184095904
106348342
72508021
67073101
260932568
205506519
1826679
436251
242070358
177860472
188991697
248799946
249330707
215146549
207565895
75441126
215971376
252396458
167019588
22534815
214943070
203428483
249570763
54865801
214930568
84872563
253393604
206637525
204879395
253322933
262016626
252674769
111731535
108939266
242151870
7130387
217286502
263209015
263102319
262890895
263023030
177921179
197155189
87631874
22532687
25980161
120471743
41875913
9859253
207360913
207360782
207057378
204419623
207196244
263310888
203770558
149124571
262983902
249766505
249149633
249570019
248697749
248348588
214197509
109776165
248799408
182845304
225195764
247960751
225195760
252389442
205807361
137432363
205698816
252173580
10104250
247862400
108946297
108946272
205037600
196201767
23436666
141513810
184082463
36710553
33030586
22532019
72702395
22533110
48754289
70415991
262037873
25190928
246208401
263063963
197119837
197153754
207360630
207360919
81225008
89000438
1535499
108946168
201182403
261946952
37793949
251520530
249141675
209606038
206359402
206477760
214189320
137439970
205694786
206376871
205602375
249025811
247935553
253367925
184097307
218754647
177615368
225211183
194583140
252389423
252389450
204117128
263273297
177921222
146224949
32711815
193976676
192586712
249220235
217778910
143784251
198725089
253160915
143779374
262687252
207200769
207360756
177339255
214944359
207356448
248798889
261946937
249135830
249307779
192358856
205508542
72851536
225195762
247935547
1651919
1651917
47799416
213706972
252103896
253461450
206354978
255299215
247935548
214933088
203016587
108914309
44183713
573953
208094168
35309186
196193643
225211179
195322867
217286482
44182712
108939004
208408644
248360161
450034
32013028
72702326
1392969
22535316
247446304
207194056
212065196
20491489
207360795
207360774
192586730
25189780
253110371
217772433
22536093
263099830
260928432
242070709
176734474
263063921
214236489
261946934
263336548
262984005
248800895
229698280
137503476
230202408
248356617
182975996
192674328
217286514
263354900
225175177
252632652
251441881
261943088
108946215
194525860
247956224
225913532
251395475
214582241
217286533
183520179
215145720
242152255
225211188
217286510
77757293
221238197
221238223
252389434
248891718
198102745
160814554
207195209
207270283
207360817
22535810
71682364
146275283
205506468
248590488
248590416
73668317
77627101
55282277
22532376
37945993
163739605
205034685
87631870
184082065
192288067
201390161
136482598
251998033
184076153
246283273
205286953
249309752
248928284
248162312
229698429
149781063
214732016
90527671
173205875
216213501
257787270
247935545
206637416
185435424
253145987
108946250
215147269
194199102
127692326
108993943
242504926
197604925
263104546
41875671
48754314
74451463
48753701
216299564
127032737
213937027
213937028
197154088
77323608
253110451
173399652
207360664
207360907
207034817
7128185
1393001
194193123
203842594
261946939
217286512
188489942
253168573
249112145
249576845
248800739
220677463
263333533
137423647
215725872
263304027
205539837
471807
205809469
206481104