2137883
2131639
217222989
1422971
240814768
331823
331824
2137885
215293763
8009877
513838
3124623
513833
3337855
330856
334608
330655
192988475
6542241
192988746
330658
43981798
217886687
6513271
323553
1422955
217977237
4647425
52850171
176036083
6678913
3124695
1422935
6678883
334568
334615
1654609
4646617
193737126
3338053
23437449
2649639
215293720
240889528
3338085
91650776
50361744
6513035
332738
323590
192989216
3642343
173866697
1820417
330860
330733
6678921
65589523
198129429
6542031
6679081
22985069
74451756
6678977
3124667
4646627
330880
22966647
332772
22984884
192988736
4647091
192988716
3642371
192988764
22985016
323624
330667
192989255
3642369
6542063
3642351
4647149
323625
115967954
192988635
77702372
70772054
513814
3642339
330862
3642365
3642347
3642341
175966182
334526
513812
513829
3642359
334585
4646873
513824
330867
330872
22985153
192989148
513831
3642375
3658523
174527330
334551
6679283
330831
3124649
3338153
4647235
3337843
208056408
115695123
55809861
192988522
167147433
3124633
330707
215293747
240967779
334616
215293710
6678973
330688
215293657
330793
330687
116567144
115968449
175964459
330818
3124625
208056406
215293647
6541987
330875
2131643
334586
3338123
3124641
330810
330834
330821
330693
3338061
323602
215293761
173874421
176100520
330839
323619
3124657
330763
192988562
173955975
330795
330755
6824697
6678969
3338007
241266109
330871
173946664
513821
215293631
330670
6824717
330850
6544073
215293615
23437070
4647017
25205264
22965142
6542051
330864
173846529
174091385
3124703
116567161
115968382
88809543
192988784
193102122
116567377
82388106
115968087
332725
6542533
330657
332901
176548497
174528889
6679307
173956140
3338075
330671
330653
6625431
330695
23437670
23437118
323644
191779180
192988813
334560
175808539
6553649
334592
6625451
215293732
3642199
513818
513837
330649
330775
6625459
115968393
22985104
115968296
176123101
6542205
174530967
175967715
334597
174118024
174531850
6542137
174532333
4646863
215293695
3337957
330873
215293738
512911
247240029
323605
215293673
215293714
50361770
176142347
175973040
173844256
6625383
6679101
176291663
332897
6541871
175974455
330881
330665
332779
3337917
3337949
70765552
323611
116158790
550691
323608
192989095
215293661
174104168
240932048
173945974
510818
334529
6553641
215293613
1655049
330874
322878
330659
323695
14026066
215293743
70770845
115968234
6679303
513994
330651
330865
330650
334582
4647587
14026062
215293708
192988738
191779841
192989294
25204362
22554274
111109315
192989099
192988558
221517190
192988859
192989107
208056327
109765354
92094552
74036073
74539046
92074052
74537060
91664429
92441131
176107129
173903778
6678953
1654605
6542165
6542111
174101179
176037287
6553651
174501078
215293623
3658529
6625455
3338069
3338137
6542125
3658519
3642381
330656
6553727
330854
3337863
115968042
76152791
22954305
6625395
35859699
91648079
263209663
247240031
215293740
192989233
192988726
192988708
215293712
167981122
215293756
6542075
174491782
6678965
6542043
176107522
6679279
173878723
176126980
173944497
6542071
176029904
6541895
174491994
334550
174531824
6542039
6679311
173867406
6679235
263388447
334521
3338029
334588
330738
3338045
3642379
3338115
3642205
3645941
3658521
3642335
6679299
3337911
3642195
3337851
92095303
92028307
92092626
263209604
22966749
115967843
66230361
55680974
76251146
103475187
74539128
200844879
215293685
192988657
194024673
193101764
191779081
192989053
240991682
175965023
3337987
174491095
175966075
6625427
6625399
6625411
6542557
176021721
176104038
334564
6544045
173969328
6541991
174123047
173943776
174531156
6542011
3337893
6678941
334573
3337879
3337853
6542173
3658533
3337847
6541931
215293605
330652
330870
330868
6625435
6679335
3337995
330882
215293736
215293677
215293669
215293609
215293689
192988823
192988704
50361761
6542023
215293607
191779236
215293625
36711007
91649566
92023983
175809168
6541999
174532385
6542055
3337973
6542035
3124683
176108029
176100930
173853675
334578
3338129
168181346
6542067
6544077
176109017
263388449
3337859
3338015
3658537
330863
330879
6625403
3337935
3338037
3338097
3337849
6544057
3642201
3642355
3337925
6678937
263209550
91660932
91020550
263103147
92093000
98080699
95564172
192989225
115695119
6542549
22985313
50361794
115694925
215293617
116567502
215293716
208056448
192988665
193111665
174105249
167652506
173869491
6553713
175983598
6542553
6544069
174502755
6542087
6679243
176021565
6544065
3338145
175957023
174532070
176036772
6541983
334538
176113556
334566
6625407
332741
116567112
1654559
6542153
3337845
6625423
6679291
3658535
3645943
3337979
6678985
330861
192989142
192989119
192988712
208056395
191779380
193107570
191779520
215293659
92021477
263098933
91640971
10834467
76152679
192989152
215293621
191779554
116567189
23437899
69323381
54513335
76153065
174464535
6542015
173943827
176107158
174491359
6678949
176142511
3338105
6678961
175807120
6544049
334613
6625443
6679223
175953608
174531099
330654
175957065
174528851
6679259
6678957
174450785
176103158
215293600
3642373
334569
3338021
1654613
330869
330664
3337861
3338163
6625447
3642377
3642383
6544053
21060922
1654983
3337865
3337943