161008717
100321478
69644748
4313653
140416373
173093879
69219919
95218447
71090268
78289021
72334212
251769246
54624820
55957270
196315284
32219910
248595205
33594585
1725011
166614357
50339668
220684094
34281582
173732586
50339399
198707308
116406724
190601856
225911232
171212876
186192089
206474734
492715
115099157
248591343
152522279
209890421
252176909
218760996
137149339
92996206
209890418
225911222
261151719
73316982
92502307
167019723
251769244
57521538
115099265
45306778
493278
251763105
193386206
248716956
108852541
115103700
196019293
252435155
196176532
213476734
209890417
225919972
516825
208115246
183530612
186239095
213497002
217122743
93210689
189365673
212257631
516886
77900450
116245747
252099012
253498953
203401550
161008713
249238101
1940577
247271324
217124985
193007713
54045620
205696116
225911237
251253051
198203463
248555143
492735
207400590
118808877
241804370
45613715
213488481
44104460
261825411
154997617
79006320
4275915
115100440
195656469
529806
252871070
112056102
492694
247776500
146271730
184873955
207742577
261852406
212283496
249719150
196187049
155759213
248591407
252137385
625294
249517906
261841275
77051263
541685
196022370
115099539
7690678
160664938
190601857
247786081
85643020
160693888
192582054
70743635
435562
262295785
52690974
155049261
244132344
196901045
253412206
206128483
435332
196944532
12057563
253632216
262799023
253306721
4430985
204069620
111029956
35802516
1404321
3026051
207961505
220666925
115098689
1008713
196350372
436944
439380
252307914
229809550
505681
179063937
3750439
601778
249693739
253581962
491798
538300
102813698
200995385
32366456
32314549
252357087
492703
242620551
254896825
253267114
205851409
112056354
473776
342826
516907
574300
10605443
446334
66712452
1028645
73229719
72101156
196174884
52887211
195477822
2183497
98355177
8485328
52665709
439390
19250088
160594662
3026085
137129369
94803523
436927
196315283
244170425
52789019
253619021
576589
225386530
205885026
225386516
253304645
196351046
127591404
196350551
94230516
205879106
196020113
52789560
108914306
254078215
213492428
4429839
574278
252125568
208091070
36028188
438799
196174370
43950738
2388517
446420
55281980
249202769
5009047
186319416
69337902
126743459
77879823
253067641
57505844
4053575
248018134
72098736
193411074
492730
200617428
201562325
196351051
505095
217132139
179722513
12647237
203812596
84872866
252636872
52592314
107798665
2107323
248937103
435538
206681743
116033195
4014013
198928478
126007929
253567467
56512141
534365
1423797
37944154
218760952
258857798
196350412
196176223
215118751
190489474
196280037
247817385
208317014
253281777
602243
436662
207044896
253281121
3750485
217333885
88043427
7924870
173744182
48210095
491462
97546178
415672
42116010
193386211
84859596
12735183
467879
574017
110204575
516972
102764004
202226385
595927
3026075
51100899
10563853
3026073
55143453
87044580
178607667
767918
160707317
253241177
252957391
570216
403597
253134858
92502447
261901771
225386658
242718220
3026063
196187243
208115368
5009037
446607
538554
491792
53226803
136403528
214498685
516839
202608438
260930565
3750441
206681565
248652963
208222105
55462098
54653532
109854313
160582068
87631837
4792909
90933536
155759226
145092076
908594
569597
199846902
539116
180592922
436626
32249015
32256123
132302712
320934
1660839
436885
253325904
1071518
3750495
253630373
6216043
196901066
253242077
249569540
200995392
254146928
720777
74747805
535583
262463185
1667461
178112131
22631282
198699222
262456679
45321626
241823545
251447090
251547946
247395831
160584344
107409991
109650615
24947646
262730257
225919285
115136907
493641
252163030
447504
50322391
207335634
196901055
242618742
217163671
196351068
250386756
257654213
190601862
208886585
261830136
217103777
253290867
7922568
435789
49747011
491415
263120945
262454186
196187308
205879048
242716983
171574050
247933242
262745190
177703719
32347433
250078078
544000
213893790
173752905
248697140
244132308
244132171
174557434
4031951
160584326
32247226
252671529
104557897
207162617
115254329
204420729
692228
52886494
7458255
248894679
4395587
262570381
184073489
173755221
32346488
1392997
196186726
4429629
262037894
2345547
248894635
184073581
358789
438687
183527678
263091486
625369
200617434
51200028
68538237
262073928
146275353
171184629
115099777
14475269
258820475
248017681
200649907
405203
492710
3026067
90223420
249348570
113836008
35443503
205539815
152522282
260803637
246168097
216285513
120183356
435373
1660835
23085197
249010174
184080181
132303179
207341189
492598
115882201
369338
92454878
215746364
215745952
3750433
218761958
263090414
214889716
204267140
253281119
247337994
4430965
215119081
245765293
200005410
213488474
538161
193643416
214186162
32250687
247349646
262086255
247666294
247413002
138395281
203402035
232963477
146274048
123948658
229998145
241745764
116244765
214889685
52888227
4166683
200649555
204301359
209603437
241811511
248894510
115098358
247759679
152710085
859272
198239927
248655664
3026059
196175596
129192395
208092365
248637882
52331723
193896498
4386319
447481
2777817
207961348
213842256
160784205
253785426
193896061
120314159
206131643
376819
248877906
248792249
165988992
637647
104557895
91419681
4395621
214167095
4056413
176549318
253785417
205808315
208060986
249091687
7887177
207336356
209871142
209870820
342799
52331721
84873192
254138128
248636860
261931051
261956789
262758620
198651105
859262
200995382
244169128
499784
257670536
1725005
247778237
355811
210959798
8144205
115101274
127031516
171212878
247347049
214889718
220666051
253241189
204347361
19346647
446528
209869464
52331733
7823170
198584907
32564327
120183267
141354708
116030985
75968637
160584320
253785424
4085593
81237697
252566938
433834
218738554
204356881
492678
446749
205704840
261967375
249854372
477065
163831345
576363
470995
1619619
251585956
10735308
255628798
248695063
120183729
137413965
592978
455436
146224377
206860023
451738
492722
21864122
32366486
32374720
405201
23619284
242319471
212963694
253785422
839300
2621915
32347232
248774629
505707
262671665
214155216
538508
263090291
252080380
492747
214911038
192363897
252124579
125760030
249091701
378248
435688
196901027
225386322
253700832
261813282
247817349
3750437
219147673
101073608
2005423
230339559
3750443
208115239
261812900
262692303
206859995
32366474
215766356
343500
213738279
244304018
37943524
241666799
253241191
446318
253797203
41265448
205508438
435466
2621921
247335678
252605490
253787840
188783758
90899216
215118846
252383897
638921
253787844
141367840
249014042
177287531
244132397
541714
254138339
254138395
254093545
129138308
202529473
29559665
225936337
247346623
253161619
252039426
204069160
127692595
248740074
252125620
189688663
253241181
205614351
250078478
263104631
253713066
263076419
196901030
205299240
263092613
5404365
243054804
183702841
195771424
53225259
601532
197852625
447490
196901070
48595520
253237381
198239844
115254334
31972585
2388509
48595518
223694779
1651911
247776048
405206
120183911
3026055
176760838
251585954
181926833
249205482
248476047
197852943
262665774
126959476
94688238
215940323
218761932
242264828
53200366
516874
3026047
253796931
249693664
684083
1016184
204421319
115254260
96752671
476977
404225
193450533
202768340
257845353
214106435
2388515
445743
610845
110944231
224095309
215730375
215730377
215616702
215752220
208134443
248680929
17615881
253414463
246208315
246208321
253150607
129740121
424053
194516081
198698751
1392947
183551851
138395235
181656170
229809546
147949863
1617807
2345549
121201084
229980540
230339665
32380072
218761561
511368
445213
507612
261967367
241739840
246208326
253580658
252906217
767914
249727019
252131083
545044
146274037
703770
3750493
213710163
10735310
48595516
396712
120471835
596752
602636
220663856
77221650
250100842
72514851
737040
262086775
213488470
207336624
249023833
215556639
178458036
214931272
229980656
650025
2777813
404945
1617803
247061170
253325902
253242069
251585958
248523245
219130387
538128
197852720
191954422
261808814
143173442
213698555
249011864
171183767
177991555
213523555
210417486
229997862
501033
637222
550717
445537
445538
446331
446319
421997
858220
573493
602666
127591091
205074185
215483319
253242060
82384947
214836173
251392962
344237
493335
261813268
1617805
198360232
10735312
32346893
229979178
116249985
160743837
252396457
58440819
2777815
84872580
215544701
207565721
245765136
229980768
250077866
219461240
248590480
651385
242504868
20451657
261899599
260792047
405198
102783684
249204237
115254526
445859
229998352
564630
345102
593227
215940328
36061933
3026045
245765364
244132436
244304466
253242010
247397113
254025577
438331
252480217
261813241
102764114
260795241
261813203
253787883
253380214
262292883
165250869
174112077
36564954
247395487
253241901
253787842
253325898
263195968
111108017
215194854
1934563
69177755
192950555
253414461
253414459
253232061
247590998
263292882
253665864
254094064
197628821
198721813
198699327
263081814
263092867
137741277
260930301
167981116
252759262
217115141
127591620
198589358
215745946
232962051
196389589
222665594
117315805
215746865
198902079
229809544
253720650
32586911
198894849
120183354
261808884
222665588
199969315
1523005
573492
116209698
1725003
207643048
244132181
246208338
215752222
244304585
258552401
215122424
253242006
253242020
229746966
828995
249085239
194767310
248132764
247397037
247395796
255048545
262671696
262665688
250077692
167983294
262822017
262978013
247395420
154248457
253242231
246168177
253242254
248590470
253414457
247591017
252040955
253059887
7823261
159814507
252767847
215194940
247059800
249014069
204419924
212213333
262516148
248928202
249012188
422003
1443165
215556846
261957964
120183177
229997772
122488255
1028647
215727291
3026061
215730339
153466422
253631395
257772114
258508997
261808854
260803624
261812852
254022258
253787881
248132791
216462294
119335235
249348609
205080543
262745755
262745258
250078246
120183470
262977975
253241911
253787838
253242256
217179313
263102226
220665726
91847976
247758329
1511231
252176370
247059793
253566855
252645913
247438565
242630140
247817467
115102223
81510822
248727372
136482330
248928385
177267198
116245140
198738778
215746861
197603916
137432141
194102566
229998301
120183214
259512031
207048540
120480844
155759235
196021771
214836168
222665648
216213167
205539817
1746381
244304167
261812477
120183564
248132793
247813509
215483504
252078745
252680417
247412243
184475292
251497924
255298895
424050
230502741
251530840
251394008
247395876
242078387
242078391
217636751
247395491
32530741
249014074
253242000
263120769
253796814
253797201
253242073
250077379
246168126
116032178
253232069
252043610
257656127
186880505
247302578
263075039
262655101
248711869
17615883
214889691
248757904
243054920
247059765
492746
207256166
197852772
246208342
204069302
246850922
263209935
249600371
198721297
124231788
214930465
215616504
215737593
181253247
192931586
222665596
117315852
254085397
116234248
229809542
215727157
196021841
198591070
232961373
215737209
181809100
592890
551122
6112263
217532543
248684301
252456091
247813507
247813504
174491339
203950518
215730337
247395834
253689480
215147288
260795247
230339628
247396855
253787898
242078385
154284160
247059789
262665472
174112684
253241913
253787900
253241929
500189
253325900
248723228
253232071
263057526
263075676
438787
50490691
43751782
72514425
246168083
246168108
246168053
252567075
253409739
262725687
207184533
247806925
192167306
198724859
249726133
248704831
184248433
222665608
132302757
988943
198650096
194120959
343497
198897973
120183493
229998226
116209902
215548524
215737211
2345539
263199831
868263
262782310
85029024
4105315
206561016
10606006
252877662
183540276
214828442
214828438
215746360
255299216
253307241
249348562
254022906
253048155
247061165
247061147
242078383
17615871
262665696
17614751
214836177
246168145
263206682
243086161
263091552
1287249
197628635
253232063
247591019
7822509
245767732
198721285
261812959
261808740
178604772
263092564
186691264
102847551
94230861
4626431
262749804
48018371
174112069
253241903
250077834
263062858
215561712
192171060
90529205
253043690
248697621
263355578
215388956
88881362
177264430
196021795
124892983
197707544
215727227
214828435
222665592
229980023
11819291
229980238
2473629
198707321
198868825
132302882
229998004
2345543
4056411
2057057
253242229
215940326
215544720
252388206
4019129
54748899
243097256
105663942
205574133
192950685
73316977
129937246
139979524
67491398
106863962
111580006
143185996
213892346
244169087
173515982
229725276
126008193
253193676
137241842
125930806
60392121
241821098
27971953
91650843
254139276
109740141
49904674
209306291
207710050
176824199
160488837
178483638
73316970
189478971
57503149
191781256
253626995
252389448
149974908
59511811
163021291
193212451
202780362
208418981
37793616
143157641
174444187
143157819
184223798
92096347
214773794
242696649
251756016
185499832
196315292
177060075
243090206
90656074
241821089
37793536
262757967
179063936
57647476
178032061
37793571
197704314
53292785
213488472
53834486
216239568
197897252
252567128
173515959
189366377
203812361
118232326
216225658
60392164
262783932
56692529
204308821
242656496
243090196
45970461
176784540
125739799
251772742
214512469
132790390
215123455
106362216
262862475
60808686
192692429
208118203
263052540
198087461
262794672
241667352
108684603
173742720
230203635
120432131
54380460
253579575
190489592
139975192
176307881
225911229
213496988
213496997
215201262
212993216
248716943
216166172
198499784
248716959
179059376
146273657
404737
225911226
207395730
20084593
158720019
249765147
128635783
116158350
213492163
198934249
252803278
66398385
188695903
252784383
168239763
249043624
252755667
202413202
203402259
173971256
253720846
249220806
204051990
20644468
179058899
5975101
23134440
197695172
198651161
196280051
195634996
68439635
247823269
248021683
115897976
36609294
516750
109627952
262522868
104300412
193583944
155287931
52891359
213492403
215040213
107707570
254085673
255760702
33108577
242484150
180016869
198573179
251769247
516764
262689383
251547356
206677713
11470360
204880977
205829000
186110165
213492412
252063150
188533766
253227549
107428141
481559
190601864
66619979
207710202
199709625
263041087
262797372
11819293
252861475
178606083
516767
204436528
107798671
241559512
241666539
176753022
83789484
253632214
262799768
205961637
263057532
204639312
152705111
184062025
217577311
36630161
7690627
160584346
74486743
38038923
252402416
5404391
262732980
638583
262936762
193450568
262672861
140138680
253307914
179686122
178329663
248704656
14475267
196350503
15248885
247342715
262295345
115254548
117202643
251772944
228361268
196535051
492941
249112076
262862958
208124017
261114695
179685836
199747298
254078642
194199556
170352757
155759236
177974840
205423656
108676245
113783543
176787478
87045651
215141287
160744156
160445784
602661
246851021
247292621
191353862
13761540
214496638
20555381
180104035
178085376
188043171
54422743
217482654
173971068
118685514
220825723
76730157
782294
110850693
453827
195477807
1656023
253665764
212993166
491812
218750772
247853912
212993228
252576572
172936094
118219774
192949097
214841375
20645753
255759967
4085501
193433944
438667
246853589
203902560
147802908
216159995
225269642
31848218
11470394
248398748
184466177
262590453
254132170
68188673
252584151
174182689
186369482
50476677
252664543
36613115
20644937
225386760
194199545
11747529
243096106
141059339
249238097
192582305
728515
1016196
152710035
205810083
242696252
216467077
115254396
177998545
181485341
208123988
56878215
258805994
35446004
262815747
80896006
249975831
72282013
155049263
7693369
108684609
113932895
90242621
170466626
19702166
242759358
146272249
225386617
247955848
109776228
262522653
56753902
1510769
207359941
197897256
212993254
225937120
202610972
90227279
720913
463044
194199554
243090197
207933172
77151519
217773062
241997191
381533
63585344
492356
128569625
192623431
128711559
247548429
189642774
253365869
215746143
196830263
54760888
492351
249205768
21808429
116246335
262783937
249717641
229809682
262457316
192890130
197952143
4503885
208415402
170500854
120800240
21512897
149844589
213476418
104074999
143100205
195563248
31856603
248758240
196554762
73316975
215786777
20645181
206873278
4317037
203071441
192950342
57769370
261026079
13939816
253264764
253064768
118124353
253548408
251547911
248753026
120444761
243033780
241860538
198435056
160797957
243035070
248636308
124015613
20644458
244318152
241736508
21812726
253630757
225386239
72515600
184464582
2057061
248937223
181789827
207171441
247030151
242076096
203402281
177973958
261967382
178740681
247750495
34747008
118107848
80365389
196536959
121163300
192287345
12063321
249092530
116188482
205299471
52607517
127692111
108684616
241994705
249387813
216172258
196342396
249383054
248696848
206681512
538147
205808067
208123996
253133991
203070264
259512976
182983719
253318997
194128927
216137032
249644232
34745483
204435879
204195726
132304182
199747166
249220617
137416310
205704821
199975439
212557674
187623700
75696170
91372600
432399
345976
193607547
120183671
195445924
435389
193668002
550167
102846667
192679229
184475805
247059551
252861500
49349807
252004921
92551721
263064003
161310216
260820276
138395251
253146610
248398437
225385725
225195526
249882029
7336747
102879831
205289370
10411433
68535368
223719941
248644715
189557726
188050440
223757403
262745441
257759328
212993264
72516228
213965792
251585890
255298824
262915321
247936391
113914616
33108574
253638824
262990933
252861523
262783953
263022153
36601583
2004703
118219715
137741283
199911352
253619047
25125922
262778212
77858317
253630357
436659
253621486
262637062
253621484
253384271
188695917
193411529
250098082
578509
137502272
116188707
123982772
262295348
201569368
252960901
6485695
194199552
201693075
125097312
248939034
116192020
162537237
208303101
249978718
91444410
602642
262024411
161541338
181922547
184787592
97844915
263064007
262455456
225385661
137502354
205881516
1535521
3750447
464215
248638211
124045045
217183365
172066206
120340416
249693127
104908284
74488131
202230830
124233855
242658449
597150
36858777
59522935
248594781
247759891
262779560
404843
203983941
248178623
248211169
263040613
225385659
262886025
1667459
247809075
249092329
73320642
216137554
745336
63585346
248741935
207782525
225385717
206129302
260801614
176728714
253293690
246282638
206323494
109862080
225269922
262746150
261151785
262792317
49904676
261841253
5975087
186265467
198523473
181673980
215727262
228674863
206376062
247927800
206681732
8081149
206103163
1313979
206131556
578500
207341351
197106185
262800081
638362
153364489
176784639
108876558
194109633
207793007
247930802
3672767
182708961
255299250
255298751
205051691
212474347
205807496
117315844
205691817
10670178
262570002
253630833
160584332
196029467
206480658
246168345
253346262
193670893
207336392
229809518
255299088
173718628
115254542
213842278
99513999
217499413
215379362
192685701
180985608
207336429
198128032
80878135
214941998
558927
208124023
202328218
116191904
178092503
54387652
208124027
191413309
404864
173911180
262783971
263064005
252664449
183506784
60854821
207335711
247686017
201550406
213492408
206103157
253264837
174823963
255299450
262886037
248652886
247926986
35426718
259512741
249273189
115098817
252399720
260810606
172111104
252299402
127591446
69838512
253541559
192714425
225386415
262652397
116246231
195472152
212993117
255299214
225195531
253161594
263242349
258918614
209412385
55090583
205696301
194954035
249570222
201036652
198869753
202626455
248592431
263246619
261967393
229809654
212440958
20243069
263200476
252854085
253632226
263101273
209421669
243054171
205220303
249269647
253392985
165627239
202217007
124893227
250275204
191767841
212213277
249668316
214200250
181562766
345398
212993230
247342415
77221025
189191482
195477857
2100759
262654866
72281613
596742
133895871
116406684
252939366
262470087
25980515
252853888
252406549
201549553
199747473
195301275
204050073
1667145
439237
205808181
154283956
246161840
199969490
128313285
203842427
249373318
262779223
263045771
597159
155288274
253281123
215545171
177777768
249946233
180993623
186189901
253205939
262570292
521441
184878512
197964292
262570220
262570103
206331174
196046928
262017469
205807498
194770539
205696896
253237836
257844091
183227623
215788393
249208069
247820172
212993176
30764226
202961607
171924819
252939265
216199564
199902268
491800
197897200
210275429
177860419
220712089
253311055
257583230
74748466
225386531
262570342
60854813
192950364
253268310
262730998
248595199
391749
177974205
250082642
189642772
213475070
208485812
177266307
229744486
248348171
70419308
147570963
225385723
206133301
6776029
187017239
206473598
196338123
252941622
214501443
180400059
257843539
128817623
160584338
102764012
767905
174307988
242722238
215727116
246397823
115254234
36399658
230001212
182851018
195303217
171210701
181655998
215733115
207794463
261957951
516913
251438900
207794754
204302365
253358663
1724999
249821532
15163736
215733111
252296483
249823638
208123998
247302615
195303942
182149650
52696003
207563737
160814419
198820890
200949449
170766349
215897964
249664214
162399322
48136165
216983038
249694469
138811734
52690978
214961129
249019268
249644231
260795244
247342464
146274090
191081506
170781774
189591140
249670000
179980846
254077697
252941092
179718754
212424989
160814433
31852023
214862273
253236662
195312014
160814632
262301755
181907390
197215369
116249618
177266598
205704787
1466203
251502911
192949706
262464183
229781424
116191987
115254508
215897970
215221629
194478462
219174305
257855877
241776359
250078039
262086708
215288709
10411435
132304490
181924116
225386483
262073660
253235068
52607489
205508240
176759691
253160621
253656633
248179364
213738281
241785090
215788395
55462094
242482981
257759237
247540072
257646244
195552676
214200405
179685848
210760861
154365597
5404389
252284911
258848706
160754913
1934569
173904417
214009973
248877605
207730325
193450575
222703530
214911069
200001484
215136467
184333901
258667039
246168375
252595845
146274450
187285354
225195528
79115902
120524075
250078000
48759938
246168363
38588841
249950119
249024837
198591819
249091678
180002564
259310988
253285762
207288204
220666547
248876668
108877402
193895860
253621899
141663053
215140198
217509813
220672946
241667242
225385655
194226753
179167391
225386258
261812337
468576
230248387
227185892
198240230
19523388
105740337
76827176
192091221
148063847
117315836
11593230
138181202
110965058
207641709
162025622
253236595
252576552
246208113
215616939
191978805
230011982
193607449
199993392
152751095
32307773
217729245
202283255
181673989
118343326
248760987
195547238
124893013
77222802
246282666
115254518
160584310
230066562
248132071
196901061
139451933
254113693
254085776
207018801
215786773
179805618
194128929
215773077
196901062
117202637
215767513
190532073
262725454
171581031
115254426
181745975
574428
48018374
214933082
188695904
230003665
262670843
225212267
203842370
212993258
205828424
68445823
253633321
194083976
195696314
261812412
190489570
177860474
124893151
249201711
96151923
164813730
48980901
252591806
247797153
252124001
205708265
195444615
249589976
249775059
213488422
253213481
253630258
31330205
252664541
189474539
213488419
163021265
436845
207794549
179575553
200848776
225386381
254149150
202283595
247291436
257856132
35722189
583237
248877731
249091716
215720723
110961443
248329570
254077717
195305020
146274698
154245330
173185776
199569311
214236477
117315746
31920976
10508112
111230338
225386574
196533990
250073794
208124014
253412117
249946114
204425399
197920647
207672656
181990976
26044380
251440491
218833640
180985482
195307189
215136555
260814136
193006239
192360656
248878321
215123886
522573
225385767
249693730
200976633
67055094
225935302
249777322
214910005
249853323
214933007
172476287
214496610
198531847
538139
117926958
137502253
216285775
259310775
262570290
262570228
207335522
254086464
201594373
253635540
250334777
182541247
222676727
230339359
180499611
206084161
230003528
252558466
246161829
247885255
251585888
253344522
253237632
248329603
248656342
248210633
252567026
252567530
190235121
252040627
219155857
259514965
195305607
252098914
178329644
257855822
180987124
254077863
253631305
214799092
247945927
248696826
249348489
137425544
215221665
198780921
77221092
257767912
182481296
214582349
241671722
116246144
124893007
177273315
180976788
215580066
138198965
229809678
198699381
215478667
215746022
196825505
252635481
1988067
191077607
215119061
249694455
215766576
210882377
206129064
261812308
215123116
229809646
127032494
253629422
2473633
262670413
262640359
198723991
259513886
212556394
258605073
244318014
249684703
253631635
183550520
195283681
189502000
34751403
31841336
249380414
258497079
212993268
249743574
249743723
248721922
216285748
151950495
181453700
177267323
174575895
192811163
215745948
215786828
179445865
205809209
253274790
206483173
127591476
230003416
246161527
253346264
124893056
248502546
207011094
229809640
229809644
208123965
178330003
253197361
253197365
177860470
247023878
246168398
175445448
253543060
179978624
257588932
252567427
257855770
204354730
249011039
248931822
249171959
192168832
261813214
204420805
242432958
178489193
212213093
205029722
177282191
216469464
137503468
207011115
435592
253274778
225385665
249823628
249644270
253346266
201385632
219162227
252853844
220671806
247028553
252765558
204424131
212476335
207789667
209432056
253626679
251924929
195722162
257856424
205303559
249852118
262075423
248818685
113526193
199889928
171586304
204299941
198592810
195696318
244316284
194585934
194585684
257765101
203200913
247323747
491794
637749
253100453
205695155
161541358
204267139
247885258
229809516
252563963
230000958
213488428
574303
225936502
255299243
253265444
160796432
252558234
262570151
258666969
217510157
252399852
181924687
200687082
777245
203402232
203402190
214237988
248693962
247946119
249570860
1535517
188383596
177264161
181789836
206126015
120762390
208616382
193607496
203208902
222687762
222677055
205707582
206331153
690605
48595522
246161476
247947987
208123978
253113500
381536
2100763
171658296
194332262
194335298
254086054
52331727
123236377
179575856
213488468
248880212
249092599
181908140
193612614
244169109
228678139
75313094
198739012
241671615
132302676
257610515
252854247
230001084
189590447
215737589
204300923
74953475
248759769
181774567
181925985
181561638
201430938
242631964
244132241
57521529
249238535
255298860
167334510
255299270
255299014
248131232
257865992
253299605
253237834
249085134
229809658
230158765
249669975
251425016
253229884
198894976
253229870
242078479
248131882
248132073
249823633
248502550
253326611
253326636
253632114
253446020
215766545
253366301
253313903
185863040
215720859
246099969
246209063
251763941
247947974
230223124
206133014
262667302
150965751
123956424
184629959
250078266
242428279
262775007
250071077
250072082
253324812
253324799
230248206
253766747
215767566
251438915
192360915
263104862
263099703
263063982
263085148
263291989
230014621
219461506
252675328
252578482
10303688
179981738
253366784
249776862
247930818
181452217
253165256
252853859
252854311
249388669
246208139
245768139
258646156
212557743
259513866
252671569
201652965
251027338
257855829
208061091
249774876
74362890
198906761
253543098
246161535
180001942
250890187
248877368
212993240
249743323
195544362
230201005
209421719
117315730
143144626
185264166
199671901
215389463
137375817
193608899
198739413
198214307
257868728
253399834
216285963
191683270
198898837
79367290
263383916
196154297
198898849
242694344
116406690
215746020
154365649
193610899
189466761
196021701
193613823
215746018
196338155
77222750
193611321
29215667
196338151
194772998
137440050
181774564
195573528
91419682
263352630
181783050
206480662
252173558
249173775
230158987
215773054
255298832
262073989
255299239
253613861
255299247
252768252
255299288
255298798
253299594
253147069
201385721
255298792
246209054
246209050
195326374
247415571
247415573
77222333
248502544
248132076
249743227
249743045
253326605
253326600
253384836
253629575
253630696
253631710
253662330
127591622
247323935
248502557
185882714
253611123
252763091
252767527
253237843
248502582
58491419
247947994
251980571
251764757
230062289
246189970
246191467
246188238
262670423
262662481
262637132
262295616
199641503
149781267
242424003
253237638
230248425
230248244
229809642
263062571
247948091
263292784
249695085
252664518
263241825
263202105
48753427
263074661
263100531
263104097
263117224
263078251
263034230
253264808
247775821
220656685
215949610
252853936
252853792
247817517
247321726
252681706
215723176
208124002
207904374
84872764
252289953
258571120
253291062
212567718
247999238
241736959
254080866
253535962
87991410
191353831
217568407
182541222
192169482
91374071
136593335
191452162
248204640
257845193
137375243
197415301
205540481
248424734
212993262
249743767
249743707
253253197
247965712
193613754
215730360
204429185
191076375
174312383
208608581
202722781
201125748
215388894
193605271
177994950
249220600
168160059
209425166
249278274
242078544
249278135
197620431
193608820
241671694
219163710
172422243
177117437
249277848
120183543
152750648
242078537
191542746
198911609
198214714
215737591
132304500
150996686
5498489
215388697
137440054
198914375
209413545
215123438
120183230
120183494
219168386
193512423
215750671
177991497
143144622
249114615
205122541
210418256
126257357
187946662
182487515
263291704
253258093
214933075
215545164
263195980
247345190
142419058
253281833
253281844
253281842
205704789
246097959
215748650
215141938
215748648
247321663
247321611
246209059
246209077
246209085
200995387
215766574
249534173
253867370
242077917
253413383
255299205
255299165
255299277
253611125
248131237
255299119
253229874
253229876
230203448
246161483
230158722
262513091
246226725
246226212
229809495
253147071
215720863
255299194
185884755
253380889
253273918
200995390
253237814
160584342
160584312
246316652
201385613
253618966
253497844
253273925
229809674
260811707
262434068
56878836
262404872
94173462
262405219
248446185
253665496
203841948
262423819
213701365
215141293
260408023
111945017
262453834
262407772
262405534
262423888
213619207
193204764
143147405
262679565
150682463
55876061
136045856
262405509
262423955
261813270
11452589
248555119
262411854
262405511
524224
96751352
213469041
96301753
262506265
251540170
262448714
241747785
253058430
262990656
207936663
262407370
253057681
51523770
45299963
203146371
110649726
5469317
244318459
217533347
213492441
252456570
214658622
254206764
254180896
47508027
212324429
180380514
170094972
57509454
31854868
147759248
52327447
204069543
225288990
194199558
210766011
259537489
213876229
31499648
252563976
262419739
261151781
262405660
252700639
262707461
262411048
253393782
242504914
252786366
102769505
213684396
262457270
198582933
252765968
253182851
197354149
253722198
538409
252231157
204051988
133426480
248591411
213997353
247299979
74201302
214067710
193212469
262414260
248789034
242493378
253412829
225924608
242432647
140140086
262458156
253585808
257848019
262424685
573987
262655129
243096455
31840424
72516650
248100846
213841360
154019294
205111579
262423728
184035546
777244
262673235
57486122
253313497
262692989
210417759
262453301
207775568
216465855
216467106
182714901
214941494
253241992
212994365
139815974
262405311
214630487
139260790
187567321
7664746
216333136
255462749
107491660
136808358
253313493
221233091
225385751
245765308
257769863
257847990
205611408
142557619
113117340
9493758
215123449
193530140
191915979
56363994
248543183
259568232
51703770
262086230
103120850
213532618
248895324
262395205
57889364
40933983
247780341
174291588
195443878
225175161
8144201
146394403
58669305
10766265
161426372
197899375
67059201
195561504
213738283
243046715
189648346
206955200
188505156
643733
32444993
159773049
115085294
76774933
104558881
179731941
252962355
253313443
128969196
215478700
252819419
248420078
230238361
262344763
194595424
171897856
194473158
91097896
262860137
262791648
262729288
262704803
262459556
107364149
252941240
257831435
192861644
160175486
247419098
34754172
7919907
243043331
139463810
255299337
207358447
194965210
253721726
247296773
87846163
162534628
259507776
206103159
191148973
5348105
4430201
262464280
247336733
95497508
225267089
262974719
262516947
252341225
253392279
248759229
261027973
179736863
247667849
263022035
92136456
262637021
198900210
257708760
204288337
148729686
11988035
199916661
163739527
56754283
261002638
257847451
15777061
75587490
198021643
193417596
183038478
109776140
205684157
436986
214831232
236335368
159810988
214889708
72283507
720994
215077410
203401882
194773142
125900536
257863288
263057542
479374
160584328
113914644
248818428
32443069
252940925
252429286
217149652
207640582
187952639
248083722
253284265
145274964
208123986
259542502
247997120
247910261
249779685
252974720
253091009
214655863
208123984
197597890
262038202
249092610
180985345
225385747
247298518
215730762
242717743
196199348
553844
57436393
192810628
212424986
55504374
225385673
185595367
203402224
193746942
248685743
259479592
127692418
115096583
160691088
32034826
252763730
148782797
176226838
184883858
217103739
207642230
191423420
257863314
51059919
168984762
205220485
230013545
96113940
207563733
90523501
253313581
260671802
5183141
252584129
257846892
253556136
253220104
179058133
253563298
441352
182111017
195435048
249658517
259512444
242499713
57598510
262455986
195716213
185882121
2544201
195436192
247878732
236377841
201561925
208124025
15281565
242793588
198303134
183889337
217153000
54833883
247878763
254132231
208124010
246208121
205744565
222661270
118419959
260222653
208123961
262693022
254148821
200729350
189174026
217540035
9495530
34738570
9493159
260673350
258668558
51048485
115097467
193747125
208123963
100289508
242717998
187950047
160635033
173727720
161863403
185882687
262045027
216285815
101470917
184886412
262469750
208137039
202770471
217417574
261808141
230087169
192949876
181506890
217621767
259295590
207825083
216469563
6491371
253444787
111043412
185653987
215478592
214823907
214823913
187651161
182844459
248799424
230334197
253165621
247718724
194465153
205695874
262909468
177266924
214930597
198253947
253268519
214614182
263082086
208124031
214823911
32378742
258369928
252635485
248181821
176774404
257831104
253393722
252928768
195435998
191513166
66104791
184880971
225385679
52585346
200035239
213920479
195444149
51702799
253410309
247949376
253565343
57433769
55509730
146398954
178525679
249779025
253313501
10792258
253629771
214909171
54827002
225175172
241748293
193895746
252875777
252584236
490847
225385677
185882766
242432514
102763577
253313455
242500600
205220537
214909629
218754625
253393685
245765762
225215417
91373953
218760930
253325858
220681112
60854818
216282167
110346571
73588693
248731984
248172357
201099506
219164488
252583585
225385671
242760911
246167872
255299317
240626631
188513636
249092459
51699891
57890224
195837371
51044871
230339222
246161545
202475552
258209520
247949106
249598758
205967454
177747966
235365058
189461517
213887338
129138602
253313426
184880750
201561983
252681712
249789513
262043923
205289497
184886668
205748435
180380414
252583663
111233430
58209213
246161575
225971234
219134727
219134610
189413600
261807671
28679955
253137766
253599505
182603201
235366012
193747566
56269535
242195984
253384329
229968632
252583618
637056
222392752
225195102
215189710
183726004
252671644
187558020
174101238
140580879
108676179
200969863
192859199
182462114
255299224
255299335
10315827
261028127
183223752
214823336
197462579
253325872
246161570
247878744
263032607
225386677
263101264
51699699
248897975
253391321
185175612
263208641
247999803
262570200
252853767
160907872
46654124
246167894
249251771
194827800
215580025
91663986
182459033
34465259
177991866
8826664
201074010
246167860
262293515
215773079
215773884
205809406
263334729
251526563
249237994
140139769
195303774
248184554
177758382
253618723
253444585
185882596
182460325
257847424
255299276
261806426
70689453
194103700
197499597
205500638
217191838
246167866
178292904
117315796
51701959
253253410
252853765
61333245
262665937
115092877
252769222
247302602
194207965
249658347
263309889
263292199
217767115
177749392
248695002
215727648
34750052
57349990
222661194
53205628
198495048
177290758
222661261
222661175
194102771
194205605
174799924
246161871
215773286
215773882
255298777
254023780
245954177
249021905
255299431
195301288
253444795
250070943
204766249
252550256
252872357
244332027
246167843
174849004
263196651
247878413
246161435
263057534
143144267
253631464
258571260
170871853
253165233
184633081
242107217
247929977
248715723
248173686
248758039
207332038
177770803
205691943
199739418
213738286
198591625
205563317
215727657
173758347
235366262
198591212
235364760
191565821
235365878
187587457
213973603
198341870
202064500
235365408
199740038
201073933
195637039
180720693
263199869
158868313
263374537
215773209
215773150
48928982
205809853
195837412
194103527
252550242
253713190
253414753
253661308
253660400
257834963
38956481
255299163
253325870
253325850
252767996
250076913
246161442
248205225
213973020
247302577
213738290
253253319
199997873
204163362
204050195
66104785
38937377
34463570
253621802
21179307
201600171
262376392
263207595
214496155
192711906
202610758
127123565
181992147
187563952
215727650
195301127
66104789
219152268
215727646
174575951
195656070
177990259
253313446
195300998
258509463
174600610
230000565
230000777
249680216
247936529
248870676
263352254
229968834
197499670
207938977
201385717
253366160
255299225
260795248
253420084
185884492
191141799
251406028
257869334
255299155
253325868
252872375
252872532
208783842
262934560
215766393
253629222
263241977
252853908
253629994
262665935
215475453
249658436
253600832
253698764
253701539
203705212
159810982
263352248
253367544
235365816
235365501
186689892
213738288
207395734
155620181
252854313
235364638
191135933
177752046
34745973
215562041
156286077
175437046
190513157
215475335
198902465
172327979
174836764
262076636
247922027
247927815
249258416
253363859
214823330
8814971
141243412
160584316
66104779
229999867
263080210
215773888
215773886
222661224
255299311
262016328
257864910
260798185
186693230
253446026
253394338
252550258
201386066
253600910
253660338
255299309
262637105
262695337
262665496
257864526
262704847
247878724
215766432
246161354
195855192
247347262
212474084
185405496
253493094
125893113
215189563
178302044
183550372
188375154
252928776
196009752
242073486
215950107
66104780
194205814
253136010
180581384
217720280
214842129
252204832
212993742
258955005
263352252
249598969
248880240
189468955
177515706
187569871
197830095
216205063
174224253
235365398
173755247
198733752
158999822
214823364
177273119
34747006
160940870
263392861
230000717
229999782
195696873
246161883
246161886
137501137
251769250
142002263
249019417
202781003
145279201
210762361
205563269
248351138
262653426
181234970
147566812
55325825
248619213
187636660
249151920
97818943
199113417
8051278
492610
203402214
176170503
253413236
262453913
225938305
206560708
24602605
142443113
170352283
8145636
48595526
126959461
248756639
42838907
219135233
208623963
197148668
55509278
19901648
227849107
262675109
195288797
262469760
247971042
253235048
55876057
195623465
67056045
213479459
63538256
415432
203401721
149520285
179686470
214658895
217102259
106474755
113575309
56200092
190792533
262523172
68437872
115092264
176170189
174247585
56732948
75589275
453816
880304
255298988
161409524
601520
68668508
63935067
782275
193111760
146481384
205868089
176784415
257835551
198746477
248542320
206128786
3495615
455141
249050776
72851565
199145163
430344
253350543
197605505
207427384
139490953
225385749
141298651
260801384
212994449
253176730
93838226
406397
263109857
262693008
242711536
253206091
248547169
547855
253206366
214212945
251540801
253483075
249078657
252565805
262795981
247415776
252714284
160594650
205884588
262673301
208123976
57324803
394932
146082871
246850846
262783589
43815625
214656443
249010261
248895558
257865746
33108602
262013994
66104781
248823390
248592461
198590682
249569671
262766063
91567201
253169116
215730764
249145207
114937825
198122050
6916967
168668432
57325945
253392293
40933979
531912
218062553
207358669
7330317
188695913
194464580
593341
250994705
249064850
174839231
252868793
207358526
206659677
247865496
220823396
160594637
249019255
253113498
225175163
262692911
199914879
176728564
215379211
38958485
168984725
216172546
222723426
55580981
212425002
194465270
257747427
194467708
170846514
196054930
215950317
257925179
185910712
262692993
217521832
177270503
249697761
160814528
242428290
531888
174013019
205684464
245765898
385330
245765862
56196022
257749647
263027911
229998632
246850924
203000807
255076688
205696812
148793899
152532343
180853818
229697951
63548610
201835803
115096105
249052297
258215832
247935732
170600766
262791116
410603
248536667
248805596
449990
113232541
217116183
255299003
197748294
177515637
204300352
191374273
225386364
249675099
125918389
424170
219134065
253590634
98183865
152531212
212993232
248181421
12367178
102766676
183540579
152530817
248371279
248181985
162997421
262392752
195510706
217621986
176172372
213738293
216282374
225386209
184886759
248590507
259512108
249776858
249658349
219133915
209306289
194312709
216388101
529173
7330325
202782088
207178859
215379200
249092137
171020975
248546399
193746380
531900
243053785
204297834
197830056
229998940
252063917
56733249
450000
174013045
241980918
531558
186278415
31084134
246162583
252764205
125914062
215379208
247308898
59528375
249022048
107904871
253252999
248000659
529361
247910633
252004591
407503
253662069
215379202
248346031
182457697
117315687
193535398
15666516
246162607
247722531
225266669
531916
190532163
166480544
257682879
430341
249645616
248880283
177752320
248799545
249019424
249017061
255299176
255299199
262300526
257834351
107707586
105651045
246162590
202518039
262795905
253252997
253590517
253137249
110918386
251027428
263098241
209415160
253570093
249273073
172815666
213973831
192129521
253470231
255298826
255299125
255299185
253384983
253394138
218761995
249114669
254078337
225212277
225212272
263293056
263202547
143960583
192152290
246397599
252004566
207899893
194207543
252763682
113914804
180986708
249906909
248929119
248199418
66104797
180977909
174308036
255299260
249144941
262084554
255299251
249135584
182461438
255299200
253618993
253618844
184093560
262795917
254078343
254078341
213738298
242325864
253284543
229695906
183551260
180987027
253165927
453690
177976407
8097076
191427585
108326692
177976026
177980046
32455806
186271133
249135742
191474239
255298897
249021841
249022494
248531084
257758724
260798142
253662463
246162650
247879387
230003725
166625892
253252992
225212279
253241894
253272999
257682865
190707479
219135482
180582418
181992242
186272460
101363504
174293765
137399042
260798145
249017032
249030217
248797977
246162578
253253001
254078339
225212274
225212281
252585744
248688133
262795996
252854194
242428272
253150661
154001682
197829560
215136434
174292807
248928980
176802806
262456485
161298390
216793898
229998771
224199736
194464985
249018929
255299236
253590363
214095077
214096278
241907386
247324721
8020953
247446347
253240086
180904529
212992454
38719914
179519147
258509448
173093743
263273662
181502841
95470626
100289392
187957971
212212326
240585191
147759051
111849841
251756030
145279381
198127139
248264116
207197062
205884473
176891124
251253807
68135478
253239866
108937169
28577300
225205423
249004252
115082467
249973589
230202677
130386917
242717147
225385729
58442804
249157066
187828866
116565377
54672650
108933638
252603302
188492548
206134183
213960968
173515987
98041571
125896371
214775000
98039404
184878628
55508711
66838291
214658788
249855911
248994377
177860482
91855012
145540353
216327148
189035367
78290556
263020142
202781419
252861642
262453748
125741214
107365274
262676130
217720006
230239881
248731706
249946784
205802289
253205947
216792099
179140418
253630782
186279125
249153374
535565
57763797
249846791
108876064
248697295
252764285
176761128
186256550
253350533
207427388
252640254
177270241
213698488
253350529
125897271
108130503
255299306
261821272
217389526
200004357
105501437
203696483
72885024
146393177
186270836
204932143
464473
242718119
29582257
192275895
242297556
252714220
98039409
190491201
39056921
176731246
255299164
146396652
435544
253040755
182975952
195184269
160591600
141336962
171874429
254085642
58828016
203711070
176788807
1955527
186273859
249021337
242430318
247331135
216982885
194114896
218736709
253182723
248091154
248199020
11872960
253382126
146399047
253238424
218750271
181171023
21180258
216175029
252854196
52720937
161207591
180853396
180986875
203702990
213973945
172328501
253712396
23619288
117926959
190588519
249085162
201565258
196283345
253418065
247659862
184073478
225210503
186270056
254024662
263062469
215136438
249659187
186369460
263372578
186087098
262068570
166649079
192844861
253498856
245770271
249569799
186232564
225210509
225210505
11327323
178951973
252765932
215727652
214009903
206560710
174604694
216274715
116249814
93838259
104802112
214656103
189529512
225210495
186273129
253618956
253660540
221223066
173100206
263202111
252585601
263098188
263083726
252671682
242430097
205695226
181779268
253394231
186278777
254074237
255299346
194005222
253661382
255299180
249144056
225210511
53467470
202604508
247879410
461022
212564310
254077625
180973065
216282709
187562180
174849174
255299047
217125707
249019775
253712400
253382157
249802813
255298760
255299160
225210513
225210499
225210507
163935874
254146963
160594520
263107196
217334541
249377266
252854217
177999110
263372558
249694884
254087569
188375089
255299173
215727655
225210492
225210497
213997351
208650870
263372738
263372549
186278670
262392704
214197718
174291604
174291593
185032219
252948373
257758766
4317253
196283404
253410292
117926914
192155893
249766747
227864058
176784427
145541730
248929446
253414455
751307
76357787
252947974
208193977
142250307
217324109
253150656
594025
252002407
145549202
253206067
239115590
252002497
249763667
210428806
218754863
253307537
247779679
75663655
262991468
194420612
249696957
249143136
213886806
145540463
255299285
447607
161904015
213562808
258567610
249822600
251999989
213738296
150534349
210964818
225267339
210432372
248755384
253166147
253169638
213673273
183501136
570238
252000009
248539725
257844530
212214313
212238265
160753943
249021542
207563394
212939433
160707220
208196955
200994625
548050
255298940
243059369
262782529
218750241
254024922
254124099
229750040
174291995
242295499
183540854
249763791
217612138
253394408
216467015
209898156
248799437
222638931
248161356
178037773
248799751
212044613
253236693
247823354
253384149
187927722
255299292
257865852
255299231
263105000
192950044
51030870
198740621
177266217
263385082
253420361
218750301
262782521
262782518
262782511
200985414
214931270
248896449
176944590
66104805
255299321
176728484
253183188
252009347
248857313
249017810
172662359
195814157
257834830
262295236
185498509
242136586
31953239
262294702
253720090
255299146
252009360
263021747
253400665
255299015
217568431
221682125
59523631
262301191
262405490
262904430
262469756
189557807
204416855
184318257
262515708
257759795
137115757
262450406
198123515
133940790
204317461
206244382
221224230
222218575
262606230
262427031
96990416
262517040
198779912
262414611
262414348
34749441
167019717
262673799
251284065
63078269
249762422
249765136
262426995
180722430
218750327
262414709
247730168
262427050
262301949
262046648
250488725
146396768
185024102
248745881
262675103
249764255
189557786
219312521
180576330
249761394
219134873
176784658
248929309
257763309
375843
248727495
249259058
262664164
188042211
208094109
219135094
203401861
180863311
192859507
218754696
248797360
230215163
255299396
248755570
255299035
253721399
262346324
253314338
262086671
228605078
255298954
253420166
216828121
249764479
262664161
249043141
249766135
262346347
249765824
199704708
262664088
219134852
253721789
183718374
263098318
262346376
249765284
248092503
174293732
252080371
253376113
253420191
253618932
262346132
248085264
253619163
262817554
20644460
262463214
262426997
253363195
184830427
174216765
106349166
262042786
248876868
207807539
190108283
241866058
262833377
263039948
242778322
260409191
252004215
221022375
214492754
249764316
206204679
193916606
252680298
257866038
188720838
252004217
249765015
248799525
154577302
143793638
254025455
124893112
248180103
248341959
247925956
255299350
248797721
255299089
257866248
248732017
255299256
205744371
60854815
253382084
253631227
132003968
30742870
249773425
189557802
261962723
248088051
110696108
252752477
196286272
25281040
251998791
77756603
248077302
205967469
174291595
1051178
262693104
46332482
262425810
262450613
262056984
216388077
247337661
247337680
199901743
247811023
248746312
133940864
253183307
247337603
174619861
174839248
251998864
248733112
248802833
249982744
248896737
179576224
5009055
263354773
216828130
160169445
205696305
263354853
263354835
253376300
176522908
15241771
160707601
253721605
263195974
183891684
212993226
261956784
12660398
200672151
253380973
187712262
249857725
176733544
262037757
71176909
251289042
213680254
199977833
258567188
107425308
251267879
203711319
205802501
176779017
251999310
22641696
229695505
115254236
253401327
255299152
253631353
181485463
255299262
220663053
251999312
253394683
262084666
253721434
253401543
248087867
262072341
32795058
218752871
207754534
252631726
255299331
249700025
253401800
249849525
146274106
218752559
249967890
184073194
262056957
262392149
263201830
253401759
253621798
248091064
225386439
252877033
178288720
241792551
252877178
257759801
204043712
252007042
242425023
255299237
252008040
216387988
255612267
253420055
4316737
200764922
50303900
102769105
16997967
262731532
140222278
197606442
165205429
120471863
225386410
16997809
242717362
252131836
244289881
105691179
202770451
169587870
248837880
203935805
136981257
260804893
178330009
207740559
176785095
262974368
252807092
250978814
251394742
253101930
257398119
252857457
262779576
253101927
262871416
253411503
253101906
262779582
262779580
262779578
262934499
103757670
107530492
258131539
117411504
216387918
56756518
216388072
57790046
183538887
203936486
249783618
59594009
182707716
67052827
158693861
253656247
253311433
258184495
205802357
100018202
95886624
100289541
173865842
218749977
253635147
253635572
255299097
262899653
262433910
262432363
262433883
262431587
184332993
184217963
179064444
202620917
176784372
184769061
179575530
262023245
262023247
262044222
262023249