248432028
169109749
7565813
438613
7565745
144097947
81689679
197143587
144097460
144097942
107058263
144098156
92712216
197143019
107058289
31362965
81689469
205610045
167359763
202643059
184419815
202643930
187955000
43336048
31359868
108900828
93165017
198966198
112280411
69928958
25456633
112058549
20364702
187955108
81689901
58228523
81689816
42750287
209409897
216216140
185344326
112082625
81689540
112074935
144886814
209409117
202643377
216216154
52219735
216216142
112280512
76827815
216216158
112069425
81689780
76827819
263318388
216216120
76827821
216216121
216216162
216216132
56070213
76827817