247858753
117238177
73165394
50072452
195801692
217489195
210277362
1080002
76776251
145288029
247885705
9948025
204051994
229748505
192125793
194960720
252011888
197464942
87959748
92859060
200852592
248755011
210277490
252132017
260810312
163577605
52329758
207933170
828621
58444919
163577974
104074993
192125798
199895811
109135940
249535155
195801690
184783182
163578415
251395977
247858737
198127380
40418434
50353488
251395980
262451815
202233374
74983567
212213979
196579422
149089470
216215466
192948865
150601687
251395974
250339708
195801674
208193242
163577780
491714
195136964
249144048
76217406
59043891
47242742
149714940
163578282
13901884
7611515
148937782
242992930
247858738
207754113
13967738
52696535
10294668
212582411
633125
207754103
199739994
81499980
56432614
179196410
100347899
183229921
217489183
213673417
37875476
20750197
58939513
207754117
160082482
1576505
197143593
252755659
251756019
251395978
7228501
875253
192949443
245787229
200976610
75513726
192948932
84872873
7774514
207754099
58081250
260826355
213702766
24984589
214617628
93871195
259542285
251395987
85560019
251999308
251999546
41118192
91343714
210278154
131497037
468737
472401
538860
106078320
196058088
207754428
251533434
247841140
98239315
170466608
11370490
207754435
192950939
392300
187746401
107707548
14199577
68668521
71980314
38422124
183111452
229720279
138602098
251587351
212565335
3549401
249268611
105231318
38422122
38422126
245774547
46253703
481515
167183926
63078271
92488046
38422115
210417965
213911370
251773340
160672906
202217430
121073408
252973718
98127992
64988212
46789749
421623
184240626
55680293
75630587
4363785
2851733
196488075
68688365
196830267
75765250
196902139
204875018
13967742
11502533
190705673
178483642
36710470
11502535
138226278
205695278
205614775
52288600
145832832
72742662
184918816
253498964
12768384
146271560
84565683
432199
478358
199143442
51693312
413676
103379152
13902909
478364
10111722
19853266
4363787
43109585
197124225
207754089
10230908
34434280
170298048
192948832
20547313
207754455
10278308
970449
214922299
82702639
176903049
252062279
110944237
125346315
4653407
58081243
75580999
202013961
99678920
523870
261966231
849556
192951076
523847
261885822
125644219
68296613
14332764
149752977
84565671
419476
256500743
250230460
515884
138449797
65076831
173479560
201346244
45609319
447384
193206162
4977809
86286796
69764537
202529585
202343158
218763126
179161309
191144669
193206159
48481753
147812979
200002544
73521483
85560042
252185809
187827436
261966236
193206161
7774991
225324569
201695652
65472222
11258648
249420339
14670288
160814566
24490040
215136612
129138463
129138352
196902141
147894246
9794510
719935
38422114
21435670
12008147
197897230
476573
207976788
19662180
491741
258567469
204987759
73851408
25118468
199578646
199516025
371232
171466513
243086155
252004252
202788437
170621468
224010659
125049253
442199
176633312
5734413
73164113
250229496
248697172
1955049
259568209
176645507
249962278
77109806
7294915
198520199
2435743
2435523
4977807
109765187
25118280
137941617
750385
719982
176905716
202529627
113526735
174215351
55530421
128711670
36710313
262663938
7680526
20467597
217125833
201872060
201354730
169606806
229701824
54002640
3548855
199515610
76052363
436534
71553547
194568628
483800
165705113
214655630
478351
84872767
22385904
146096196
71980312
146226579
138572032
159814614
185067392
76181982
178483718
442198
189671494
22080836
50764229
3548813
212218128
68832566
250339712
250339659
193760932
257867253
263082631
263071784
113528633
251275189
253293584
199670977
149765358
180749718
200002244
253297719
199970538
181895716
151950550
199670036
199577334
1892779
196399272
45609317
46995653
262037877
207754424
185067446
197354673
157118128
197388013
474789
216983084
48329801
76013351
249257307
23619300
463762
350079
4977813
26491654
207754423
225910749
1464651
53833222
195561360
134419469
487903
208016601
26491665
199515749
247405766
193209820
146274509
58268251
207730029
396794
52112526
81224323
152009969
46648663
7021473
201579989
39175571
36627451
146271917
249286348
202604442
250086180
129138492
176170207
201308203
56801007
196579639
253276899
212753639
262453026
84566224
90414350
178831635
245774539
253362682
158622132
179159608
204806041
199668950
202764322
536992
248569921
200851335
217186748
252755683
20932916
438531
230110406
200002504
51923649
20421670
230009320
197897220
252755704
242818376
201112717
153597522
249881528
77698617
7832540
160814437
199123465
184243228
170466612
178218983
7832538
20931846
206639442
245774489
362495
249151880
214517753
205979943
247953392
440665
202961523
196830252
261966187
114895494
434341
523851
34750935
262695543
927132
262861357
17961776
184918803
214148548
179146229
116397450
247719177
200002880
452147
195465565
352182
6971155
263104126
71672496
153409022
206956107
143598409
12294957
252064666
190155991
198473602
892789
250440228
355931
447943
253298094
2782213
38422120
242725891
53925285
247566120
245774511
53248234
225242357
245774494
247253692
10281167
193140871
403145
200520699
208438057
262783939
193737042
245774542
198431338
249202895
214658395
253362686
253384720
186369390
47158820
467822
160445528
199611464
246167586
248524994
160445526
204941488
171777613
193209847
202053013
180365635
247953685
201568359
38322058
202413140
193209832
107351005
184831127
193209849
76655306
249286045
200002063
900990
252869807
195814674
253355311
50883904
215123457
402175
204267207
192125792
262037792
34749519
247960942
212581099
191899118
32429495
262463679
252714246
6512149
196537884
245776334
179546467
1831091
84270562
198385918
25728631
54917352
192032369
242005074
170169879
193209817
170466606
193209810
151950688
73201327
55598189
248703285
38422109
215136596
199143652
261995921
230374323
151223518
159364610
69644462
87985514
200001986
927148
127032650
251588046
54879183
212213991
260795066
249825530
625084
148578027
201615005
59239923
193209840
207754086
11287527
185395254
87726600
199668882
129138318
189463708
248707432
73593780
57814001
381873
76820746
181783104
27612075
215560816
1892777
162025599
252062283
55530425
187746427
177682585
202529693
138617979
177207530
150602809
111979751
247920641
138466061
177319642
2126097
247335492
217577652
2982931
249535139
45609313
154312417
207754449
171586353
197674404
195664035
261966127
177895723
208062253
201110778
10577432
181911909
262086724
207754105
175149108
209273409
87392038
11150734
241650336
179143823
199143398
107354079
339653
178831299
212476310
178032538
252062285
534902
32409050
38422118
38422107
447880
192729490
432820
53872068
158622136
230038196
138932236
253311031
392607
177267287
247281657
146272296
242789044
261945681
425614
211951585
252755661
263104220
242618833
109280482
198772545
114896048
197212195
251773338
207754111
14199516
4977851
260795062
476581
37794472
714090
486671
45970465
136463802
190464082
194959291
46772941
157250984
249961856
214840929
180399873
170179071
199578812
207754446
202999640
184990413
252714274
36710057
260819790
478726
212956235
192032778
243223412
230021667
177286237
137936094
750382
316461
185124260
249576767
57813999
116396527
249268868
217125771
202529628
249970656
206639899
242504920
214932878
217125800
144380551
109765247
25200428
251384744
217125672
214932977
242727284
195465594
91395173
167685112
169375449
9794512
199143540
177999082
176170060
208436403
247953383
127031844
183487384
52381066
2001249
263104622
129138363
188783903
183681755
127032351
199020626
201099608
242079373
37967293
212474248
90520810
191659412
98127888
262386262
24155328
23870392
185434865
187617312
177155735
214614585
242101950
186080488
214933060
209863763
263104103
263085436
180749611
184120785
215378085
198203385
230041942
197621913
247804248
247730036
53770331
341339
38422105
262695535
242363672
176169981
177897696
3078047
251588075
253151871
95677148
257866796
184284337
247656586
201391321
400626
34566486
127031604
83432623
415246
23712501
168114483
190506376
134429002
249885668
200628398
196523785
123090579
181895578
53935554
14715187
253113502
134430929
204621988
405919
402178
248774589
210760796
6139621
244169802
260795064
204621807
210524098
190553915
253161611
242810819
204621784
249149713
201308338
23424467
230020212
54786953
245765729
171039219
197354598
251395983
162399372
211951582
259507717
180749632
230021101
230098369
248754846
231821989
249576826
61570809
136753123
218754707
155210867
204436867
113235220
247948949
138557032
217125683
468563
179980778
4977815
61569295
249259425
11376871
10281169
250367590
250100668
249042387
201089878
76536993
182559148
433679
434191
77914174
201243050
212551796
242487388
204083476
201390159
1670761
204621825
179537695
192950436
111176676
134436675
38422112
205849004
176779867
213650630
197669316
75765025
125289227
149776448
107351992
178211323
214595287
242718532
201089925
216226045
129138604
107352747
200785669
249217778
116904742
249576520
247281511
90329072
241947748
202529576
127855111
227292489
243542407
217125612
444633
53935560
434188
197687544
214921386
212560827
196219881
447946
204988189
229810561
19662188
177207952
252795321
140620711
198203319
434189
200672338
114895488
77914177
181904726
114945019
53935558
174534978
199143775
230201854
247566116
177340162
193146613
247878987
107353775
230110163
215378056
215727633
197635315
434148
178604704
53925277
214189157
927156
371159
53925283
397397
139107141
927146
127033527
252768400
127032523
20102096
137786506
413882
202016057
467823
203213573
229810565
143144314
115801777
202021225
168181444
229810567
186080499
359137
203840679
127692346
243246116
217125791
214932967
195839042
138931992
249877548
212212679
200844858
180749683
192949974
146226513
261963942
261964935
36710543
202510841
355930
248976594
184475633
215727554
107363564
197590605
204621793
253069043
128711482
262453032
153597668
243245856
243246112
489235
243246057
243587779
249576557
452604
77914184
249092942
249029607
242101834
199753485
195661200
79320616
253384716
253213284
253213296
214932933
215388998
252585908
243246119
97924719
189601583
41023095
444630
243807605
216388035
1464639
262801378
216387962
199669153
53770225
252393314
163739554
159881577
263294896
249452503
201055578
215950232
263294687
206544455
183718222
159785685
171652170
197675590
53770459
140617132
197212979
212942553
177056790
176893804
250098345
215343402
183339054
206687561
53769786
176812858
179445770
252795313
250367348
197164926
159786538
242504953
242504957
102853122
160814499
153597166
243246088
197674042
229699827
243667230
214933068
243587194
243667800
245770313
213860034
209863885
53749140
77914180
183214061
77221276
253384713
249033130
193913375
192861539
193915682
242101710
176812447
186165469
206771220
191629857
205614483
249202907
202475510
221016886
32221078
179445800
263084844
106349534
850791
197216477
208187090
263084885
229810623
110892927
146226584
207438546
202714922
252065134
252065086
263294709
245774464
248826935
109862039
215378090
191757063
178037864
191217041
183683264
77914157
195651739
197164921
195465581
201113533
251276216
201243076
201089915
145130761
214933012
263390961
46645032
242504959
249217763
341703
204880975
247281701
247281494
214932943
245770541
249033430
158755912
195715825
201099233
253384718
243246065
209863890
216213285
176777448
202604438
182559226
1955087
205617674
466689
77221655
4687437
249513799
249238005
263084858
251772737
51518769
137941679
199846998
213653710
111108057
111108039
247945183
242717143
263294817
245774453
180218730
209403276
201547895
183683434
203498052
252795306
242718530
178057233
215727556
207752564
214582341
127032977
211951584
193145399
197162072
215342981
184410322
190337312
129138369
127031821
242504647
242504655
242504649
263369976
262453028
249107249
243246081
243667011
243567088
253213256
247948879
77221479
249033316
199515358
195303243
201385964
137519177
127851589
94700117
195661224
179530865
205614873
242502829
242502839
262551575
262550942
248293118
184305042
200844843
261968301
245774515
206995460
247294373
186369367
201089839
3078041
158622138
184283678
177092932
146271360
193142959
171580995
177284989
216213520
197602465
77914154
201089849
216285741
176428048
204880961
242504662
74177745
263348027
204880959
201385846
33543713
244132787
242727855
243666284
247828122
178218914
195300720
214932892
247281655
245770259
53925303
253321453
201308294
253213286
164574574
136013084
242443942
243567512
245770537
245770533
245770527
77914194
244132814
243587521
249877505
160922167
230039276
200776258
186256495
201613814
406961
221016756
263241973
158604169
145145512
249574148
217125696
261966061
261967013
22131982
206946005
263294754
180221858
263207789
200844834
850793
106996471
137929944
209403278
203499008
190505722
202345999
200650995
197165049
204621966
250367354
120183398
181473051
197547772
176910093
177990235
186165455
197162224
10281165
181978984
197162150
201110819
137519138
197531393
201089888
204880953
263073624
160445530
243545305
243544353
243246114
214582296
217125656
199669038
247829120
214933039
245770239
249574739
209863774
230013688
216333104
244132796
177714121
206605096
206651179
103374939
77914190
178212469
106996053
53935588
137498871
202604404
177280437
113527448
159905099
197675668
261967599
77914171
210530991
206995175
247446328
189558316
163578090
137936207
8195576
177267136
197165053
242718534
197823259
197602483
207333350
147822631
174228117
189475086
197162076
177280148
214933026
242504936
242504651
242504947
201033233
207990688