32192510
75581004
79672193
53243293
211924953
208197857
76826978
196932341
72926799
115852542
190118921
221701771
74496276
212992693
340953
214594853
83789564
194501016
34514138
1582143
175445714
82495094
35829804
75615955
205810357
160759001
118582466
107707552
169329604
247936375
35494024
161937290
192117611
45620649
185449847
77736070
222413449
592474
172476503
169330574
41320170
201243342
143144146
113117269
172476461
214594776
116397340
251456063
71979858
192721537
83789702
197635948
217125628
214730876
73269135
177751257
127031548
241785418
166096684
92551477
48753298
146273523
253293491
214915893
189509031
35848486
65005280
151588029
202529444
53258365
75700731
101932991
199043441
248401214
114945305
178957527
58208210
177145380
470981
160997561
340951
76601026
215750092
184766763
75700733
215750090
194198685
164323244
253363193
194501093
113525972
32405095
101933538
184781201
177626323
253043596
213598658
88998803
214153081
202529560
247346467
54928815
132302631
128711564
247446357
209863977
437376
211303068
252239691
184488228
53405446
101933001
340954
1036170
1036182
129138590
72926797
195288692
210732821
101933216
194570222
575450
186683915
340948
72668416
192724739
32646132
653992
252078543
33401891
235878497
214617983
192988074
236639172
58209258
172475831
181926154
201243360
143362754
201386045
197598363
508890
252602501
214620596
195288696
202604448
206480703
206762957
212992187
215089538
214757459
182558915
179123529
59594011
54737069
250017533
225210919
196203150
209863975
247346507
177266360
2118783
82936409
132304646
249937790
242482984
197637604
15089515
260922635
224790067
215948142
263278111
114945718
214620744
250019276
77222035
213676586
217521186
33402264
181914388
263207560
252636536
206991030
101933054
77231439
192724525
203288390
213599748
254080921
210732795
243103893
236650607
246208124
213675105
201914590
214619486
195288672
129138513
132304620
252636692
128711548
183677907
208742318
136483310
216462276
249569838
202179475
243096146
235878494
132302829
253237736
247291065
262796376
178548349
178567431
184217216
214930443