106185389
166327477
162834879
208505786
208499898
186880673
208506053
183058543
189945468
76541999
208506112
167686691
193044531
179757414
196339394
201580006
248590016
152762382
195111515
195649312
104612981
103404689
168114449
250552353
104612979
161311604
190857216
91325057
2465671
9688940
183497053
2004571
2004569
186880665
71659545
186880675
166327481
85549938
248591269
101771803
208506107
148040875
186880666
161344359
248184204
195649281
101771795
193044489
212489578
181770157
186112397
181170551
188057282
178226077
190857210
171177035
14699357
145207768
242501283
161309462
71052595
253425859
53716257
101771782
189945462
119244213
166327478
164486555
189940691
185351749
8288311
104612970
175167553
41372079
195649298
107347524
185055215
182541457
963523
67446710
180233732
72002398
188407172
186880669
67447302
253614364
248185480
74496711
249278350
483345
190857208
253614394
55150228
71090827
2040669
185055213
247277762
77712384
164855570
1403933
2040671
249204844
92904307
14699359
252080335
110953809
84263779
215296750
160837029
120461240
149267482
149269087
76658954
101771837
76544376
91540570
149268147
123962645
108067398
166643058
189940677
196341102
1600119
38189090
7676171
67235684
189945465
241754519
257925181
195111944
101771790
14949047
248585294
184833278
72640668
213701678
216721478
96512975
53269096
197628488
71052597
143219797
140441577
71052599
141816142
253577674
10251515
73826834
39311317
165144209
195649310
168114553
76558388
56581093
257915704
193044573
145630312
197628064
14949702
189940682
145248321
195112127
101771896
72000011
164077308
188714539
160818826
257916786
963487
963521
184419904
195649280
139271913
257925388
186112403
150528959
252912088
36319842
110878706
197628310
2040689
193978841
139270931
90936964
190857218
179371288
145555677
178219345
151438502
185944998
87491595
1549747
253614341
110461345
103404683
178219305
253620607
183038070
14753653
1891205
59433288
103404663
195649305
253614549
205417879
198243953
10775721
14949053
186880663
252098524
8090343
80937543
14699375
253613794
206340599
187936765
8180223
109391227
13330013
67447101
253614422
250204240
117033413
212324104
252078111
8090345
103404687
257537668
51953292
8090347
151817772
14949043
8180219
1891215
5369661
214840809
249269266
24281853
207565713
164314130
79877222
257915848
89701691
76775236
197628597
101771825
164077213
249277465
36337102
214731930
151437306
249203278
56582633
253444110
257916759
217422400
56028295
65490449
8180229
104612985
213488962
253787247
48945045
145555710
195210649
169716758
253620639
49733267
193044547
91540540
139306730
184832857
101771829
213488921
252098632
85259098
65474199
213701883
89763765
145207651
249202995
57763340
2040705
145555753
160640788
72002400
101771823
250467436
208506106
247938445
193773446
1600117
195522367
164535192
253198125
91540476
68555225
144926875
48944992
57816185
144923775
92144756
217778310
253045189
171177147
219457759
14743589
75437222
209923739
74613689
253618751
76176334
194525006
67805391
262074549
1600115
249776848
65468850
49058572
251535632
258928787
183570251
65484939
195649318
215111425
102130257
1600127
212489572
258928691
35126131
176720621
178219315
48813299
252078751
217778062
253613735
68546207
68431222
152769050
149269453
171210806
67806518
174878596
178219569
39286743
56226984
78487117
257925234
165679244
181980789
160640846
35276750
145555580
76175397
32220963
11709656
36413374
160635031
258926619
197636440
213489446
151431913
187843353
176832732
262845622
151425628
252079981
201113693
50478477
248538612
262694743
14738933
2234083
184098085
244132186
116971658
72002394
252079283
56027350
65482426
253614110
53269094
42729826
185659078
197638358
144526468
252026952
1600113
165144204
581115
76266487
252079616
66117321
24281587
14709260
72002390
10197381
103404671
215047356
35266252
67072833
216368443
143171440
144924763
24281786
214893663
158461062
252701289
217778241
247936692
195210545
252711733
76116924
145207669
254138811
165038789
151347158
32218664
262056560
35241072
1252529
145555690
2040639
57017063
32217391
135322836
252386358
49568053
2040703
72224482
145457001
110478142
50309109
258369195
107896647
253349968
212489597
247937088
205606366
215047366
178219293
14699365
110468890
172437039
250203181
36776221
38189092
14949041
10251517
8180217
13856189
8442135
9688946
53301565
48944905
143164596
244307803
164484848
10600326
174865636
178219296
103404623
1056740
8180227
195520965
2465673
102268649
555797
181170733
247939590
72207120
253722623
35785291
197654590
14709262
38188973
48945108
67446837
10721837
72572999
242616223
67446904
5569101
110473372
48945204
3557887
186112405
103400597
139507207
74613679
144924337
10282223
94718168
244303581
68619481
1746979
32591557
24280778
176550319
257925175
209899433
110970857
169818828
247394616
49058236
260925147
75765060
217441596
183570204
49524612
2040665
74615501
253613925
77712392
2040715
9688944
193978836
2465675
211312656
144932852
74496874
248732002
110471284
49248463
181990978
247942385
103404643
48945071
2040653
158783257
247941708
215911852
12436088
253176740
252078482
257916726
87904749
1891207
68594588
188714537
258905041
263071394
216157568
213488958
139305793
133934130
12436086
68545178
188057277
186880670
3557839
105661258
252079977
221018212
57040114
107709260
263044367
14949051
252098597
57842929
103404657
189945467
247401345
257925247
181991159
212580107
72631200
189945464
68646391
41273519
252078179
194789538
2040737
185055210
180233287
253620803
197004368
103524566
50315143
252098923
195649294
188471366
151439961
1600123
242075017
67574084
68604472
46749901
253614024
257915763
253614097
10600320
9798458
249567431
213488748
103404673
1010176
195649296
254187225
190231725
53401083
695485
49524346
55045333
253613691
9688950
50308067
183570368
9688948
50779405
164789905
68619222
68612468
8090339
8090341
261813043
72203557
76176636
12436087
193978840
143174408
248877070
14699393
69644742
38189072
176140971
160265947
108946454
249414885
252080158
190857206
67621640
257925144
253614042
253446414
262075406
244306938
76659268
164534699
181991139
8442138
10867304
8442144
175142705
215969616
251267457
202011005
53405878
29170528
48944964
68644333
251540038
74408441
176550317
979763
252079501
217778289
253620752
195649291
24281464
14750836
215488822
198090923
103400566
143321767
68881667
103404661
212580483
146223076
57842935
595661
2465677
68555290
8180209
8180213
103665047
1703333
252080367
252079805
74496587
67674611
50399677
253613974
76659094
1502597
185658414
68892586
52904051
2040735
57596737
77712386
77717436
8442119
198091217
247940176
591667
62660421
1403931
189174012
259513141
68618151
41750954
1574815
58076538
50310313
35308425
247940229
8442121
214893479
252098693
192036193
94283995
199916190
153508315
199691687
10600330
601213
778971
132193793
186112400
110953434
252078679
57816181
195649288
34823860
1549749
596015
214840743
68600771
68559646
35602926
187843352
253177039
67703705
10126356
67871714
107896735
257916476
41273277
250339013
1073248
14303709
208062730
14699369
152557100
14753201
2004577
24281367
110912863
1073258
695480
68600311
8180211
262053488
262054134
252079066
252077908
89701695
963525
247830040
249202865
68154044
67864930
67690228
252905527
195521713
74404777
178219342
55045242
262691829
98636524
263052488
263193925
49064631
247815886
181991436
8442123
2040649
216243973
210399376
14751506
192628695
177816002
192153055
199515834
39292302
14949055
262060778
262060785
204297815
174015977
1989209
263352328
247879369
181991377
172437028
57604461
252079971
252080072
186112407
67890152
248989784
67650638
67595632
262068476
225201288
252166042
252570509
253282149
209906031
27732439
41557413
253285140
262673521
248914190
250370508
263272862
65003664
248538419
71656376
2075327
174173839
165205713
197828342
181991042
247941774
165220988
216244174
103404647
160058980
252023365
8180207
201842692
163736556
110460835
185397071
176118884
195662872
263348509
263352686
253169140
51953123
8180215
197670121
1703331
14949039
252080187
262526036
261824944
249463714
252672167
247831215
247838142
257290840
247749649
41870249
50514025
258928665
48921202
249204224
249035202
75410921
68600432
253614062
253614020
212489586
193137984
240199067
164433217
14699361
172370048
181096136
135502748
1408739
1549737
46620802
247937679
187636949
103400622
115150432
175087071
249452308
77149964
189697900
50779406
184518292
49528893
49531076
263193901
248990002
190857214
188714540
181461075
91769612
252078041
252079624
252080009
252080242
206362936
248800131
10395075
247838102
249372974
209879265
252672175
249205821
87636120
36407003
24281315
195649300
250595914
161978484
247940472
174851949
262692046
103404669
9688942
71658025
198253631
197854458
216238892
143221473
215947761
103404649
164374064
139275262
178219699
15727181
262060773
14699380
1891209
177776764
214117845
49525257
49570775
262748841
183038072
249463716
172437009
93208030
72203798
59199699
180347324
103404697
252078581
67087890
67622866
41231058
249204742
252905555
252973957
67900167
258928675
39290632
107902853
39297790
39296921
248986045
42730984
257916459
263048795
195649314
183066351
263265946
2040651
14709264
5369657
10600322
1591323
214838168
10600324
247938758
117033355
242500615
217210804
195913013
165938550
164491401
176227788
53797295
36568930
262060783
199649150
199516216
253689717
262676188
172437051
77774393
1703321
87901350
1703337
1703325
1703327
61226362
78920342
184444358
176550311
188057275
35308520
195522363
59199829
252079602
84595786
252078069
251734440
252078728
211961402
252078082
192637776
195527996
195520969
57816178
59199571
63037950
249938264
66731053
249662616
50398762
252570607
252649234
258928885
258928706
249205922
247380013
107669473
107670412
32495122
39298565
254188406
36337104
212489570
195649304
89701693
68889044
8112960
32128895
31515340
174876939
92144901
252099052
247941146
197899312
252098788
54362481
36372485
247399522
247680565
39334230
263348409
51952845
42730832
252079606
252080307
252080269
252079151
253405758
251734412
252078030
179945826
57842939
14699362
249463719
51100908
186112399