3304875
3639597
121635154
54614797
217536280
162844699
186290790
174444163
120219394
76388962
186290824
22258946
186290802
200928947
87226754
242424688
253642360
249856792
262454634
50751279
87226756
186290792
198198467
157195847
13446508
253357793
121185868
186088881
145977548
187843291
176550203
186286177
197657913
69764547
217478984
4085859
219148744
15397971
57211757
480687
262695606
76012201
70016690
184466862
186290826
225195111
3241173
5154645
186286180
72542474
215141304
186286184
248380406
186290787
4466841
167148838
298999
4889415
252131250
198198468
74012443
186286168
217336260
186286174
644076
66464346
217440624
157412117
584959
186286166
486206
142675354
201687274
186290791
253656615
204902599
57518431
75455518
20889775
202153823
153518828
217350173
186286182
253656612
251577067
243090397
186286186
121185869
222627369
155796419
119897850
167461993
259310810
566716
63924629
55605172
108698360
51286878
186290806
262060481
262477173
184226848
160552958
186290796
242718198
230050504
76833705
150839666
170298058
143362752
67652287
530742
2848783
186286169
247566078
634063
535965
192987505
204665316
248936931
94383331
174444205
549856
262477162
262477157
167600201
199216980
555992
116177988
188534357
1403383
166084266
249686906
251257444
248619258
980770
105985507
74942181
13624082
456236
3723929
164336678
259310815
137694321
190515133
198208147
203023971
188534381
563620
563621
104273013
262875350
122829719
150017982
125939195
160370177
137131071
164336681
102431118
251577062
15686501
74689091
95866216
197344449
491551
252795778
222679652
173763087
457673
36666733
155374010
249766492
528904
571697
194959722
197745245
704719
166033487
2756275
198203453
37890737
173764537
194104230
213704981
105483763
31972589
55658371
155563731
199216985
417334
154240621
249955217
485256
202961483
30792962
72330200
204009119
10745325
1566839
155495505
507386
253366274
29175016
207563824
548073
917446
374758
1275581
249771920
242424685
1496063
369412
249693338
209400382
262512838
259310846
487468
168303301
156224973
2820501
457780
550472
241821092
121744430
207933203
160553074
575791
77680802
8916601
100466670
481236
2792283
216463597
13624071
561922
213301779
68392329
113526561
533692
198296399
1034442
559116
37368606
4476287
557547
215739317
196186362
160552992
6279551
249569922
261969108
106749649
478479
464132
540472
248590418
19250613
251585315
918230
171587086
3957063
569428
837734
19250063
347801
170326203
77221133
592929
161252706
523496
206248631
251942822
54445426
497063
938096
77665446
158868216
497051
597527
657307
168900733
257787169
593709
496027
205039751
186286172
214080794
568493
549215
1353609
413696
77918980
220666221
19274684
1371309
161930320
22254704
625846
168900735
170326277
192949332
2033013
202028952
102132875
72206710
255466301
164501938
66751621
575792
262393240
74285825
1371305
6568557
548695
135508291
205917279
217149573
568515
606966
540327
253311028
83608425
206715231
250549075
645613
186265451
259310934
82702645
193605360
217536282
248542292
105739554
10787813
164336677
56305504
5141139
202033135
164323195
345199
77105707
251984824
1739195
21487314
257787218
15693075
605674
192950978
184774161
382078
47161845
475357
571266
215040231
557724
2069395
190705663
186290808
242502684
478449
1816795
213494441
8823376
259310844
5809353
162100197
74981856
491557
471955
77448426
439191
552541
625756
152924107
575942
553076
160553078
99283760
1820057
626850
189189031
214080802
55582276
1535127
689204
1739199
186256472
57595576
7837699
262465486
74038274
177747009
13116539
203093933
185067346
54632093
573641
826457
105231518
194959695
215983660
523781
6320067
443523
484458
430495
2000691
2462927
576180
19349144
96390088
455624
1371313
6009325
51903732
49747013
575209
119899379
3213013
105376031
262055134
133141396
102108216
25741611
98826858
1069434
516346
113526685
1539235
13415203
458023
417046
610564
251443879
567443
167359972
251984696
1539231
559160
251345232
190514882
996166
253211439
872302
916876
259512941
96389877
249976907
59081958
151524164
5023487
181699612
170326212
395940
190233151
98301144
178313185
242502682
550668
48329797
48329795
1733015
252126715
259310820
716232
215580023
104558053
76899389
146226367
47438223
419973
369276
478645
610596
6756525
135322590
574968
25742844
563975
193209824
170298044
137130058
602895
71898419
253271299
31952092
597541
35327204
11517614
159785849
565205
160553114
149531831
632637
261840672
4336433
1539237
205809611
4476285
249143531
395938
378489
491176
25739243
5771337
188687021
559466
477390
115974415
77663506
137694327
253043602
176752934
250077490
1566841
1953609
543166
247931437
335375
146271889
6756521
7378083
200627888
219164824
433000
257869282
515027
213998039
249306950
391745
127032460
242502790
52806380
218735676
137133491
58534812
200673151
72459682
877330
92552028
167609865
195665234
173599841
372308
76756490
844782
137444695
551542
160552960
885470
171580607
581805
605250
121614024
1371287
202854982
504138
850904
583499
101931235
36748897
2237157
91499332
160552927
10857704
120509499
444497
576414
439187
81245166
1445367
263053843
22171141
162201943
915318
259310921
255455611
249773418
2546305
1696337
263021102
26465933
213494451
263076434
431187
262465519
159882211
212213045
58063000
4476293
548691
137414849
481237
248413788
1406933
214753107
262055063
430492
1539259
497069
121625761
170298052
98740623
164436692
192950514
449692
118582628
1535541
481228
557460
563995
248773700
557459
20013860
478448
485249
485259
62680999
83833385
249253644
3048355
113528647
135456594
170298054
217513569
197629234
203093931
252035988
467873
91645990
164265695
188533774
100460143
122832265
259310938
565421
545217
48629561
650297
183683454
56690903
73812807
173673951
474255
101089459
206331182
195472224
584927
464741
574856
76527908
485557
497042
177746994
167462149
11259247
31189875
262453842
251384733
7443311
528906
251786417
19349133
417189
1252519
204429454
350300
872342
557719
485261
247817581
195954679
578859
152705127
108382616
575210
137567879
161618872
457631
395448
207502999
207027226
390292
193433942
160553096
6906997
1371291
262084494
193736699
95211179
160552937
184243096
251590718
1672457
98740632
443188
104557878
152705117
549083
349719
262055670
2077305
253471967
543051
186290810
261967325
50295029
492376
53826891
574743
15637245
791814
19349149
579407
49564211
253081216
214920268
42877484
401758
95250410
148802196
170847923
43237533
170298045
504130
253248358
1528265
76527917
597399
1734353
390284
478411
345963
3020377
262453745
215040203
157216699
253238435
247776962
175526823
123610063
218735670
1371311
121262389
262747355
74402408
162100188
153408979
204000460
581923
72711433
243025308
249257553
249257597
597393
471351
195962338
22078993
2546273
248788427
262818429
181783127
582283
158741254
24744424
36628000
137254332
125535835
68585582
180575921
120183147
360044
132303244
138396266
189234175
8839594
213449878
253468343
172950044
186290795
143226161
252011900
381653
195305484
262363036
247817572
520729
80960156
160553124
230247964
651467
96389810
121312202
213860870
192951036
137592631
149449162
168900690
214920845
225220586
476648
6547583
597357
84593244
14518993
195472220
7858921
632670
81323244
253468319
88917642
263058530
247938081
137255581
625774
419339
168899451
167610702
230323288
20426304
417771
529087
56205258
380059
249347291
429559
205280823
573013
2000699
551692
1734383
36299941
251384716
195952111
262452078
247661211
160553044
215723301
527318
800614
4939489
104611536
127338432
54671912
105739646
105739637
76781534
244132220
192261770
12574279
137453226
34642497
172908185
171625682
23432163
3567259
35043472
242502680
137133193
8916603
921252
392786
215788536
253400480
257835492
216298639
31553651
1822055
2120371
442333
803639
588519
215788466
576802
438090
194451608
200634065
19918843
186267241
168900796
164430537
207749381
262055126
159693888
1734381
160553119
527619
625185
252591765
905809
248774171
262605361
13967734
160552987
111005485
74793286
176150704
151994933
176752961
200617422
262054624
576379
573697
120183221
50764066
684874
203288358
205506557
149365226
253468324
93059575
54057021
20977321
215768382
85445374
475118
252763588
170352434
532018
4104651
166084121
455980
258284733
20113821
136020937
253228074
757372
219404534
252596403
19274682
137255667
541326
137261659
248523227
497060
1371295
214160478
55637576
258284735
529302
249272849
48210088
249692817
395447
251520925
21860167
262302732
190109360
13624077
262054855
201610153
249237690
133771894
252008158
527316
553858
316864
190515086
10577303
253212186
249876435
920617
172024650
1362563
475688
204044640
230206800
187023346
197725686
66464342
262054759
148815180
7637666
202855037
25980585
127692607
192862924
137424753
201610123
96009635
197647405
133774693
392490
477383
207749398
74012431
395976
70743653
164227348
249921202
423236
3715677
160538405
137453484
22140055
242715907
1986173
217412346
10581343
72459690
531635
7798044
207317576
262453836
149531833
253238438
924311
262453742
200705611
165021279
558294
1696345
455205
99442932
122521450
183727728
207035118
444758
215040244
3157551
257646236
216215453
906097
248119283
262090036
48541378
190515162
217149571
149433780
487198
252591760
57910164
247787824
352340
1940325
348167
119240556
1353621
225195090
137259176
20877534
201113515
725071
6568549
400409
26411182
68190510
471335
68688349
104558060
206488473
215739319
3003461
36710676
247902090
252794810
76756241
96389861
104558481
250511099
199975378
253413353
50416098
487634
23432214
113060819
101683190
247921846
1065622
216359755
394174
195924966
172475766
95250644
472392
57219192
4257509
160553104
13687645
58268331
7833003
497361
1528239
252595537
38108492
248585426
194183433
98301115
190539738
138669921
389589
572956
475287
201308205
366014
1705537
124234495
53395808
199975052
75615231
248637894
67140914
198187968
202498559
206335165
475372
400404
1071032
177145296
475417
532518
493431
197625635
431961
970220
468374
475273
212324116
195841277
262067459
146225164
846730
438502
171625649
160553046
416996
3636111
20746912
8833819
809883
137260091
137130369
195322218
122521489
252050208
442342
242443717
207733034
176080918
248524527
520724
533661
835998
456065
215779367
98301230
410102
177205934
123782210
125400725
474231
249645808
247787091
182556227
442332
341438
1407611
891196
200673222
438499
974016
184476225
98301214
58708769
105739283
142815582
400413
197629367
560783
207640405
249693056
98301153
207252867
3715675
255455617
218738629
251546251
103474831
171625607
170298050
480173
160759007
136328701
198523332
217696768
76748082
400403
253681498
253271252
137261156
258284739
230038934
257869283
66698785
213445435
137250769
262055089
255299546
91934833
137129616
262055731
207745181
501599
57219184
255313276
66935796
184243098
76527948
578864
109295431
112194278
846574
119238929
251585317
605488
170326206
247466502
215730563
248818641
178953154
70692021
643938
31205995
188050703
206784520
8048520
72001042
137245881
11713956
196854181
215789126
216007459
494122
31205931
181367674
137133243
444785
51518748
207358464
230264812
485247
137249919
352365
252011494
207658258
105739421
713910
166033458
397932
249644301
194420750
252714292
24009712
247406275
205696251
137129885
213488434
686466
6209525
252795409
32907933
50702339
262055653
64244751
3734145
195662803
193212294
133774646
586956
102757895
10638274
217387229
132304622
253600963
123604284
84132570
16912187
146700705
137432644
215779369
215545147
122521445
98301204
196028278
109862072
125619604
571646
218735673
249349858
195673251
243808225
417113
195472166
32907931
576410
48035315
183333332
253104641
191655956
344826
249962066
252763052
252385638
253238433
410812
106349478
193206329
192949029
58710036
20346292
11653680
262344818
918824
182786927
145499871
167519520
594760
474248
245764924
242502788
344479
474068
572622
123491296
242502214
163831467
194088338
215779250
247285614
243808219
249873871
249652503
249971904
247944132
400405
1606921
359653
247291207
212992652
217272469
71553545
177266824
195827472
205831205
28704247
248773856
98301184
122944545
104558269
225215641
185405608
248989391
7361905
475397
46107062
249957290
163165281
21442602
80628927
202343119
8456238
253070642
261995741
578858
1031912
259542135
578842
257646232
258284737
339886
74490640
249652505
252948434
16340720
36710581
23400950
218735382
551555
252126713
138127646
247678570
134677171
107394302
257646234
252724695
215486428
164818223
708136
696173
104557946
129268177
242502701
262605365
197622701
578800
1540083
429703
423167
253152763
159696075
696315
217292514
1754721
249972362
186286192
98301052
262053179
1823099
7908445
207317584
446729
259513239
2903045
249243187
1667323
98301031
198495052
179951608
161067320
195818649
252795485
195328356
69931939
247778225
213965529
105739370
164259140
391264
213711037
12735181
11259249
48215197
113236020
137133212
248847264
164244453
2739217
1371303
125086400
252658615
63670217
2272607
34180322
105739784
212992300
172475822
120183316
207658404
248817536
207640397
220677339
63538260
250077466
510361
257646220
255299892
67140910
20480946
508125
13687641
200673224
551902
192073327
195430259
15449180
175967756
240626494
214189264
252028504
262060530
2363053
5771461
3794953
80657319
163133577
1750153
124706044
235315630
191655960
195856406
192862931
192950414
195661026
137130000
137444876
201032344
74490644
242232264
249971265
125403468
17924181
3795009
249921326
111005495
8947290
99461651
176804363
37119357
149520446
242502699
137130415
230207761
242494651
1565665
195854053
248856724
242501431
195664511
245764943
98301015
249875064
172476318
215389520
1020618
542589
255299381
92488041
508068
197635559
1705547
598767
413471
5746487
413543
686517
515235
200673147
235736501
174491802
576406
650518
410787
168899458
197975155
576810
492340
34957245
544444
212992294
19408913
478632
105739762
162813761
573638
218735372
9794508
55582234
174605359
195952865
346655
576987
437360
137133503
137133261
249977730
205808343
137256304
206560559
137444789
195301181
38224486
249306947
2000703
165284317
49385580
200849153
215788608
253238431
249243258
83749535
589358
38235255
646699
1029604
392741
2120367
814016
80960217
467511
130439444
207774185
155200584
146270194
466956
612902
92994999
14170297
196156451
121610710
552892
1661891
150372558
74012435
160552978
208064359
73668158
343830
215779384
104558206
429553
691402
1650501
178220090
210524075
229698480
193922293
5067163
195952738
833420
172949808
115254348
472678
92680190
54122068
198996072
100023518
475630
451293
798661
56682574
202015684
416931
184476319
247793326
184767295
42846595
11375582
995991
177642978
95250008
416998
253147073
548061
254080557
251998387
197635941
205506482
249347311
138807965
249205034
49672434
885310
195472222
71076506
34180312
1059746
492943
344695
397004
160553036
247776966
78892375
41215360
2732699
248523202
369610
355126
6568541
105740057
205695078
181990445
192931371
193523639
197214112
218735370
136126109
214831238
589184
322262
491555
153815211
505397
76838078
171625687
178264613
521517
475626
741948
684875
888201
475290
923056
137259441
360036
195841281
195864597
215110457
249940336
195322134
92551469
47141546
217520067
199006753
248773640
545653
336264
214831325
128711487
257869272
215789193
247309558
202961579
444055
951016
184757865
31620820
541755
247426663
19682569
438590
87044818
491754
425687
261968844
25775296
374979
215243263
194789773
194789600
138183622
235316590
207640407
475616
78632973
475403
540301
114945066
427091
1046458
127692129
249349769
235368492
230207765
137449198
207640413
195952389
217317513
195854051
195881212
2107527
523347
342718
262053163
215768667
95211859
438606
22092576
242644881
404118
479702
713111
475222
439233
725064
451602
247930784
572626
493790
5141195
25189053
439186
1050154
561799
478814
172024765
447364
127591533
207502895
7640221
174321397
366992
215288813
160552989
550664
215768671
76527809
10501730
118375096
460221
169621368
195319302
157118136
390422
474260
539905
10606008
248176874
137445426
137451309
195303985
195881080
339609
196049494
23433304
249257831
48757570
422117
104308235
77746597
253269065
189201730
203002216
2444265
3857673
814114
2719957
386618
23084470
576413
160552972
146225235
205506476
75813205
248643780
490643
19810751
24164769
247938380
147568293
214912110
252585491
2000705
121314867
215123475
198091169
98301217
215543767
215543758
214831317
98301088
507462
453779
125401072
253685521
249253415
103870622
230206782
235545235
543036
248572451
10604916
58459935
250054828
105739233
213488442
444725
178239156
108130752
192032267
214837766
212992715
194489968
76216690
178831633
149781055
229698437
192951022
96037650
191575657
1191825
541753
137129439
891166
696318
541289
197725680
212961376
160552925
137445378
242504722
242504726
172952184
100293570
197638709
259417210
248621850
195814926
97819419
257535445
3154305
136021232
136236248
171708036
195817544
215791161
242501701
195646203
127591173
195841377
242502805
242502807
243808221
246854498
214831327
235648882
250016767
195305521
195866634
109109566
250017287
215897829
249875066
130012834
262053165
252952362
252031502
3876409
196849237
195928260
98300943
251520920
215768386
249889724
249877087
17592105
58709983
34180320
17960987
252714312
217387182
200976614
1577269
800355
3157609
31205997
98128734
146274608
158868261
200673175
97551174
198738765
196153035
199040226
199006659
263206774
262605363
186140055
263104222
189541102
203950118
195655890
339440
121262344
165150365
214920174
263208875
183920137
212992823
202640704
5440961
40263033
192772153
127591385
246971630
262663922
127692451
215543681
96390061
117315762
184485843
218736493
185820903
186369331
197627248
137375842
229781806
212607512
229961567
215723299
172161454
204069263
114856008
55582278
229698455
79378100
163647586
249031443
214831289
8014490
213963654
80628931
95250793
201072546
215746355
202854462
50215647
185851613
250070934
96200979
4055271
895001
1277275
681304
394460
1734367
1647105
322579
98300991
262800033
172949742
207640403
3954355
109017985
248930292
3638033
214497210
262906206
120509490
187843292
201355034
145288026
202879294
190701644
213911368
99513994
201580271
70524093
167972598
168576295
87959745
249374002
77324132
167210779
253376573
242725109
970417
198336727
174444186
242725099
172024587
252131254
171549946
189940724
145288033
185435293
176909230
190705661
12574283
248957268
262454619
249260433
71957695
184774173
186166465
167210781
153867454
177487151
219148750
144207403
252131251
217574761
247289799
248957261
249669223
207217783
196830265
100347907
158741253
644083
212992707
3241161
76012191
565772
164336675
60808682
156824931
505786
252564157
259310897
535576
76282196
249534133
508193
214922280
167520426
162181800
160371993
5369071
145300485
520343
3304859
446888
576981
208258144
252131248
198198489
4340087
98301165
77437951
566718
14643409
425284
478457
15343974
42003172
89763867
248204732
205986074
262792384
66952518
195801705
101078285
254606820
89294860
75455514
188535080
253721768
171585848
249535107
108493404
253364352
89764552
37794464
255455613
212232042
572781
251279421
214611405
103511947
136600501
111070969
13624067
261975737
248781264
252035390
129911446
491608
814272
34159110
147058063
57712546
170094961
76730154
158775128
247858579
146272040
199739996
111285059
1026156
242797772
89764009
259310860
131591117
243086211
201678214
41556498
211945377
1953893
1816789
4174729
33543717
203204578
214611383
248355616
11080944
251443194
247858567
72120588
76826974
1559489
213704985
235734629
125946534
205545850
54671910
33596832
98128554
208118248
208118270
74689089
20889770
89768848
11603780
183539029
77777407
113500861
242070666
202780615
417289
188534368
109018528
186117437
253277262
249161188
468750
247930775
115702570
1674177
828649
122576756
538097
606036
185435301
194205609
259310925
252674850
1669705
186265472
187843299
77105806
210760863
569132
189940704
180221264
205039752
192949304
192948778
2756277
566896
541357
1406931
87443839
6461919
15724164
41155438
576088
147931878
199970022
254132228
448883
172475933
35191893
191045567
8837141
203069351
636828
8138177
167043797
105104952
439270
193045282
242693562
249306421
556286
215768504
216213539
251275870
2003123
192950687
1941509
98300981
160814568
787753
200848723
84875296
206607118
519905
883450
249288352
3024737
208206810
186087665
242101836
249890711
85763213
201121610
215723178
72751111
49464555
191045565
179715880
253357797
105375441
219155877
217574642
81499976
200877613
249570494
207256601
255480971
101897986
196515656
417015
173748413
569812
160553110
176909238
568509
259512903
546041
214493579
25746152
165098799
137741287
81576290
54671908
247661121
141002541
251756026
543995
247654787
190605362
171821025
580314
5742381
252865788
259310968
261969116
207566834
171580654
250229785
76526353
76126277
160370181
1752261
905811
197380940
131144751
524796
193439372
32308846
251257538
160552933
249436541
568494
193605361
255758587
74822359
248380445
160555930
205148082
192124406
174321399
10278310
253081207
4174687
187827401
203945321
25327548
41503141
208118274
159259322
198296397
262056576
73851404
171625674
516510
160553136
197344441
1860495
8234995
580317
225216905
212323453
207596730
112712440
214502884
163577855
190706490
2732605
253150609
199020704
208261161
235728494
588514
160553030
208255061
73508146
205986078
247661414
160553016
25742413
207639470
58695345
459037
71957693
81506490
203883777
455524
192950265
4444831
203422549
208778537
105739561
260646106
262503972
177312707
180581826
185024834
249961568
72206712
179058019
210165938
15267833
165627356
595804
203898650
438985
247821871
70415987
823874
95249899
114129367
205551681
214922158
212940390
249306418
104557968
192905889
163149660
764026
469893
216139411
77221548
2667177
126022234
152375119
72745505
83004178
764027
8155362
162025657
47504777
137259068
253129529
194140093
249569868
135456517
449629
202152616
251585268
253253729
106756670
11419485
173515944
391102
252166397
56377197
77109801
104557964
195801648
147931869
14996956
171254128
169375347
192950351
160553094
247785640
193640174
188533804
138674987
58614140
171584598
104558178
493240
104558184
160552934
577014
252595318
208118250
73177218
474266
215773561
440301
205828149
214501586
192950518
253234717
129138541
167600174
45970482
84875378
137131051
4365329
253091661
253100872
160552920
214504576
457713
261025714
262056322
25739720
25740149
205808183
168899509
252566543
1577275
14301910
478737
588256
135552423
56097245
127692587
74643173
215136624
2884139
1647109
201035447
253271260
34240215
192124403
251590737
16440471
566507
176752984
126742913
195662904
51287047
249568440
249856790
206491173
158868305
261974834
96037595
1708915
212427028
14056058
214635653
521523
214498407
25740110
198127986
22366924
453765
25740059
244169809
88909365
55518204
74217690
205807351
247865736
76305756
57219194
11371176
129798983
58696242
90527580
19963125
243090355
262301565
1659979
23087379
172475772
145167501
230203515
247323235
252595381
109765108
33543746
859045
25739664
51262945
149714897
6309045
137431703
11656091
247680877
52232683
1065620
191914634
576411
32196669
192948946
104558495
1629787
8155360
650026
68190512
137129672
247679530
95162054
225195168
217648292
10649860
883482
181979555
56306565
76736826
204806045
484430
252065847
655977
35829839
403040
216933888
208256034
861364
251983640
483752
137256445
37365038
252973602
128711663
73107473
214503235
235728267
209864236
137246027
160553100
55582232
453375
432925
646398
22652099
127032810
25741072
552179
250062823
114436410
213964095
112051909
225247122
192692931
557164
137451215
235728706
571636
176835366
249306423
198335043
263053853
243808004
145773127
70821073
262792281
160534565
23652328
48758455
200849009
391251
1519261
262469732
375842
204876986
158744118
263110104
34180387
206781739
247413147
198224386
25740189
103796397
67477611
114850682
160553106
263058607
694010
390295
188534370
212557649
202329959
247867548
100347905
225195125
127591497
248805963
470590
215790183
49014444
66698366
242502676
151757121
249645536
193209845
262692703
136076599
215914541
261985956
162177280
254859375
406555
4070547
197920657
191926655
171549961
208118272
208778543
36061941
1410127
153518826
122838812
77121586
214831230
3213077
247654006
561082
197748259
192275713
214611428
168234708
213914527
3343899
559423
202507851
167019707
230011630
262783934
54422721
41176093
251442700
495387
263033557
479762
261157070
242621129
203290208
262792647
72926793
6543939
127032509
251403516
188858516
212993252
235369071
98301199
609118
136600700
186110099
822756
251514786
95277914
573320
259602226
121605627
403046
5457869
108970346
572371
262055715
148866359
88917417
160552928
116947274
205471592
203846946
206325397
162025549
180536318
153408981
573012
563991
201593659
3241171
2446239
200779110
218735484
82041444
146272715
376124
180509890
248122913
183518547
36300600
205807423
192948736
96389878
98301064
43801523
262663936
203494219
6451143
120379081
160552963
13853125
192125802
188265574
14464751
160553156
178512301
253104673
438521
214654646
249092634
76216792
58272306
537510
45349399
124861721
198240362
205695052
632828
158307843
170326207
75513743
53775024
104558483
575068
1582085
7608276
153408984
195649408
208644422
262066378
50411636
970216
242502669
217424456
106349001
195835727
204421051
248523302
194104228
153409047
541151
198127924
137425191
153409049
197745212
215794861
242502666
160553154
249773423
96390067
242501339
584128
158868268
179951490
153409032
162025653
555048
262566415
576402
249610698
153409035
1662331
196058082
242872253
552550
249355405
646029
179954240
162025762
187547034
549084
56306071
10333564
48035283
145093022
73752838
199600751
188849374
464685
98301148
249765451
204090627
162025655
168899446
252762201
262792273
249962698
177752973
262055728
96389875
74285823
576401
100023519
76386452
127033222
249052258
478621
183282615
81126976
120183592
5995401
261971257
201089692
63448520
248989389
605649
194182236
216210070
153815197
192678405
198188601
163135204
242335111
138395194
203068398
541310
497529
98301216
217708757
181899907
230055313
441931
400406
252008038
13564346
161245986
183727406
121414420
407901
1534621
253040796
767966
262067541
145093005
205893114
242411386
74382010
49464557
247865538
73166881
214595514
161903423
603867
186634492
217125594
242101992
214819315
190231496
133772697
249260722
200848448
183254374
168793914
343234
215486416
251585264
187952532
577154
20270745
76837847
119698910
249569859
168924453
254859323
247446332
46688291
183329999
58621870
46789753
160203535
247785914
364196
104612272
251279258
184918801
135456891
206206037
263271960
632854
262663942
98301124
503075
14147659
216142892
217764316
197628721
177886577
223768204
85034904
982873
71092798
248523310
257866624
230258873
188847071
982875
105739662
133933019
2674461
555111
206331161
14761386
246772946
189266511
163831422
58339992
198075126
36995860
230258804
531672
4257507
104611371
157519563
84837712
199217101
230203762
428910
246167554
263208882
381641
251279403
263104637
243223573
53871083
204765752
221702086
546321
169600553
263210315
127591432
109862063
248523288
251279410
84454865
192459018
104558064
569133
14524142
516133
263179483
36710153
375866
173764542
222598272
206331221
179951294
207386858
249966401
217387180
205537693
3658757
194280204
212920709
178220050
262687398
511809
198644079
210530970
201703264
59262640
205810316
202961802
249679614
257915286
6137203
93238630
249489639
177616171
171585871
193397047
136482722
210425640
84457162
59047898
25739251
173639424
10103397
528695
156199701
183335172
171625664
20113907
20113820
142996086
249971062
1012716
246772957
209885948
5746491
248880611
259479474
528920
201073323
98301047
568519
251384558
174603590
257857037
1539229
76688238
262590451
250016812
262792343
248642961
53748644
98301261
104557759
206560642
249962177
221253607
120450360
151950344
51915376
25302062
225195164
98301162
231535420
102460830
259310978
192894204
569752
262086205
198379998
72628359
1582123
246921052
262055734
187301786
217386166
214200294
138334951
38455323
1314289
145275410
137941663
262045796
84837739
191953993
468806
3601331
249644240
192875156
207228894
260942510
260986505
1831081
611461
221901625
86840836
53976142
192949322
138183572
230009633
95249762
4257529
175721538
36854833
256500748
207521526
192275269
169377580
252563286
112333127
216475811
6670109
550408
207639476
252762153
398526
178056795
38486460
187828263
139538911
128711554
8855464
197642667
545015
4118769
127692203
197624118
191148789
253600654
169193012
194794356
199977123
174588793
16258007
248644669
189635687
258567525
209174777
8947626
210138347
186312573
49309264
125009727
140830548
201106490
203701756
4050693
374400
217412714
188860582
221701831
242715475
253398177
8470172
207011962
249961627
137259343
972820
146275534
10281302
221701845
815316
36750356
151420041
506450
252794992
583666
215768506
173137640
111980811
253444789
438979
13577101
98300955
16919879
169959283
6199059
216213485
19699950
714076
14064260
98301013
204895987
438094
184414650
160537865
257786665
193736670
390425
524260
198123390
120432055
98301020
205548531
207749419
209864231
249679607
170870021
161245814
248644536
253248348
204237131
385481
168358998
248585395
262067565
199940224
167141473
160552962
200848857
193720288
205958294
5061487
255175838
125653161
3723871
548254
160553066
3642435
104558564
606193
95250299
559140
205807425
197907390
71076510
35364056
198413633
161903425
34434288
249775738
568132
178229010
217778087
143858321
837662
249033349
596846
111454545
108130857
246850791
190301149
98301041
140221906
120183596
176812872
191658461
997537
249030204
246159980
262792190
224119580
242630046
53872097
207596736
206361280
249349234
251345216
179159635
192124409
213488430
252755689
109861977
177274843
2268289
440964
249569763
249029894
146224645
57912556
4336413
128711484
605688
203023193
45347640
172476348
48156457
79436167
215896355
200767885
8470170
242411362
208126946
192950193
36750358
217500540
43476267
204090686
438198
195658376
151950480
23027146
1734335
426870
262053139
3034997
200762427
246853211
101683205
151646087
160553022
207642885
128711550
197628687
198495018
112321538
197647357
171549974
96031659
193524934
170847956
476549
178831358
564789
1031964
198426429
251445087
49464561
555086
557548
950882
568143
137432983
253103841
76386456
132302739
180749744
261967915
98232755
390223
205809891
339336
403910
249489581
74952698
127692151
185271758
136752346
188534640
577078
206362898
247818180
19699956
242482629
248543961
576404
50875958
510839
253045064
121046140
207008532
127692119
390304
36995865
165285992
118375088
428912
2120187
197217858
248703298
263076929
248356448
127692094
76542646
393427
205188149
218735500
198072212
258752187
206474233
189557804
245769677
161245824
214831234
209378559
95250468
181452241
160552956
189630883
247930752
177185444
98301218
160553102
68354493
173657923
203898566
438184
252671760
239551706
637311
195896443
136482311
252636232
262456025
115768402
76776247
459277
244169835
159829043
209603411
197217575
252870427
98300999
205810318
247408852
104558499
425246
202529237
251452159
197665304
7425179
212426861
478437
253471972
169887044
36878953
2884145
1536047
31205984
190301209
135454211
89591446
198075071
215560810
146225952
205692195
94259230
253281142
34749450
3953575
206561019
239916201
210513569
193586397
146225834
225246117
122832381
206376031
205695042
249646339
96390034
247960010
188008506
235350692
180224140
197901337
215733113
137260809
249349228
573205
214908827
11375859
199520295
200631458
253100926
113672422
540286
111172179
556268
46108325
259310852
180381119
212427270
550185
163024967
192737019
34749890
206641117
184802107
252969378
85445375
626883
212993154
990496
425648
73434643
122521454
253271308
198381520
203213284
627740
98301023
251295511
183681195
249645953
249489623
215775902
133922812
3576461
84454867
214948949
184415071
242654259
197645388
230084329
37164202
179540602
190455477
95250714
262982832
215917052
247817333
229700172
230202911
247016484
38089484
249972333
84837756
197628660
171184965
73356677
207332023
137592622
205809889
167615274
54057019
540383
195312261
251520814
98128126
249679579
153493625
194490005
195304116
173911173
214502993
179159788
187019525
201252127
11962358
259514733
252136921
550344
246851805
201237736
207336546
101683249
212462362
201089701
169375297
36566691
53777095
193525496
6320669
213997867
246851858
207314094
186633934
73166877
248350765
725072
191763036
115414656
211961146
214753033
95249957
196924741
602294
137403250
205574081
153491598
248343272
177722728
208438551
193617572
215561688
165626760
11375857
253447694
249974150
253273688
54107977
119224746
215733075
198958029
21728301
96389815
215794741
195662631
263063931
248685685
76527181
253398179
41864471
654537
207314127
262055751
104558238
814604
252759670
252759449
262817242
102552255
171580774
205615326
181131154
169603965
190195029
215773498
179562213
36313788
252869395
137250831
17592205
253298823
249042614
253102206
242487867
230086873
176932743
196468389
55876444
262017993
95250841
10585389
343019
68580165
242276144
215914543
209863843
247893704
205807369
172476255
105778966
252795342
95250166
199039126
209377356
26411184
262344768
258668357
174321440
126257370
176674388
201873232
202340507
6907029
204428673
114763981
206331063
96390048
127032700
207286178
41351266
198585555
251268326
196856437
105739660
153021089
204430254
6585167
192975134
546102
246852052
248781268
171586424
189266858
199243642
260986520
253594366
167149919
34474177
37452776
137260077
127032386
139296431
192950412
167614021
242501341
29567807
386412
242286930
95250347
115246765
248594245
568726
257835577
104718036
98301220
206659157
84859533
96390094
144522810
605706
206480697
214004754
230213725
179718858
4981653
171745382
215914545
201055600
242118741
7969774
224118752
576126
252867958
177165928
38108502
179085819
206335401
20750207
561075
196947312
192950703
98301147
561802
95250787
179206738
137133501
177308116
173864196
253265759
251267795
214947906
185410912
1576143
136482278
203288378
117315736
53777118
136113858
180223022
6008839
352916
206376749
242229567
204765716
160553018
98740445
214933118
5995393
214503184
260942512
475664
260967329
260962284
177883593
215794576
764025
53871079
178831677
206331178
196548754
215896353
202243761
193708894
209863841
215801033
205257059
253190479
91544544
186670480
260507896
251262661
252596966
260921482
183254385
90376174
168800731
197637983
244133376
117254517
85396163
214199407
479004
204771676
195662905
197344442
1576151
157432540
181699664
249802025
253058417
58437180
214628486
262037752
25303232
136731481
219403311
580321
92504870
187827448
179937598
193450574
249289120
214611403
82936156
204957890
262846075
109954350
194131809
49125789
78958804
68421178
126808265
229776178
213873069
171625672
214618799
20129538
181166958
253319023
74211477
194104219
207596728
209429326
190231469
179550691
200779133
189091733
192721381
257788227
11475525
253248315
249784027
213488464
206340574
209423637
207398356
585218
177886758
205696940
251395744
215897795
261982686
151757130
248869953
36710682
20822929
402590
37296780
10104785
254093522
22430117
49070682
96390058
208415031
44618920
84254126
23224563
209388633
21709451
244169829
194087280
201107013
178035276
199895799
101644843
189658533
56689722
249052673
14372436
98821061
208634865
199975429
208634689
201355036
198424847
48399260
34479956
212961322
28445231
253234904
187843295
10693499
23051827
177307333
179746768
68409711
244173892
195996557
340101
50322348
160600847
184886661
68586405
242994550
165084628
247321330
76479240
48372560
558048
74565338
181895544
212468856
188847219
262692721
182124474
49027768
160553086
152380459
17000933
49125629
210275634
8175824
57047798
188858883
204302014
16212465
84875375
205810282
137375312
263100783
199896106
34969481
185242034
261968085
191632872
252299611
158868277
125243967
201114726
997545
221237850
193045189
213942652
84866584
192734241
169330486
84875360
204878397
74462027
201703268
157482436
51039356
145093426
41124029
212961318
180530954
49309258
42873133
12304586
190141849
246168826
247950284
222359347
186236432
249575765
177234514
179937206
218754857
84872267
77942719
187843297
186632991
185668530
88909404
10969678
176875342
51653680
254093532
185668398
262687036
124040355
160553088
34474438
74816697
169604254
243088166
262345541
68409686
14791114
2000701
83489020
262551731
262457803
56267583
204374386
9364480
970230
104557763
179940904
262084583
133000208
214611996
84872246
4050695
206145433
176899934
24602449
198414597
186742703
137478163
252136924
246161766
8175875
248293333
160552965
186694034
248538034
188849505
77942841
209399512
192737272
215897793
221252326
10282785
192686811
209377510
74814775
215727532
214595512
655964
77942849
96034351
205707499
214592275
186636725
83489474
338901
242487582
74815716
199118662
84875333
137261247
141051801
14791166
199896219
48629922
78488027
72507071
202717215
205694775
252636820
261949692
254147056
80968607
84875363
252136928
176779762
49464565
21762792
27990121
176063180
117926948
191945729
205573850
242487141
201308206
464011
84875362
84866583
159779770
136482448
49123863
73314007
53570361
205704652
48625398
185674311
200918132
214628778
3619289
212993246
179197604
48765703
263098893
247446338
74816433
209377814
84875246
98301034
84875379
246095003
11123192
192452461
96201009
77942783
229704965
177267110
186634833
1265885
205030782
252604780
2000697
215897801
221230371
184895622
53770546
188328603
236137099
180736657
178769514
191422679
78488036
252868174
249768138
193525612
84875310
253665947
180568320
185668137
217751015
95250746
88909376
155384606
79366556
177234566
53833220
190096912
22154362
200925839
244329029
84872225
182976038
242324056
134796208
169887045
180395999
77942677
436162
196157253
185888686
185205597
257925091
193602870
112321547
191643091
41649687
69611170
199006650
84866545
194121439
84859558
209400975
201308106
24917632
127031666
252868143
34747471
169604796
155550604
160070012
215733059
156224981
205810045
188907031
184939381
35924723
84875312
201308100
215727530
180576613
201013866
95250782
78488022
257925142
252636788
249684397
190110361
202783790
88909400
84872217
209377868
78488032
53871384
174301598
73209857
70035710
202475484
36386605
206206031
127594814
261968321
84875331
49018980
170491456
189673522
186203051
167615133
77942835
84872382
214495406
179915131
38482837
218754855
84866525
160203384
182104469
74816080
84875400
78488026
84875380
179158542
102552257
179375683
77942665
200804490
201073334
84866579
127596492
145771756
242224021
15209340
192275551
78488034
208600937
248894256
208066093
76527767
77942786
180987317
22152308
603112
204068825
76757824
201112497
203288386
77942843
184896280
196514495
120183887
190110068
159779840
73209818
176814072
84866581
84872271
83489620
216983085
216983309
175206255
213676627
212993170
32413259
84872378
198424758
176062110
77942831
77942694
68416425
190096962
76536997
62376385
199040582
67870657
199243665
185668605
53871386
249644346
49067618
84866571
209377478
68409745
16221097
84875270
49077099
96389869
49080305
105739813
262463086
49464563
58708450
82936137
252868162
263104159
77105699
54925142
77942875
263309913
177642754
263275574
77942789
196579509
84875388
247666151
84872366
53871369
96389858
201599704
200765341
28731258
190093977
139288550
190109640
51738437
215523296
84875324
24604292
84837790
84875390
95250267
98301066
177307398
75454152
182104301
48116165
48114976
197623936
84875252
84875391
186693719
176779826
120183840
56201948
68409826
248832649
84872253
36710560
114571402
84837796
248594237
263208592
263209582
225206780
251274437
246168804
186393346
204879330
34747018
249600695
3939185
104558485
136482274
87379591
53833214
249000615
218738610
95250517
68409816
203288392
41594058
160814646
76527940
201055483
160553142
182457568
175466384
42224380
217489191
204985202
84866553
200918258
200998430
77942785
215768390
162544743
24808619
84875304
246168810
179943917
179921057
180536446
84837720
117832403
192733325
53871560
84872368
175542132
73747717
180552374
179196320
175544749
42873189
173347864
246086841
246091371
217751017
209876245
34746555
197416177
85445378
246853039
263311082
77942795
8175840
163021245
76536999
68409821
68417332
77942903
68409707
48626718
10379311
168900743
204428460
205694670
84875277
200804487
160552981
84875326
53184820
68409762
151757118
193527937
84872269
77942725
197636801
205705274
137431689
174532470
179930916
77942901
248537577
74814387
21006521
202604337
68418122
32377506
84872376
217125785
42896604
68409681
77942847
84875266
49126133
53833185
197634577
192275348
49077709
263208677
263098294
186495464
16212968
214584782
252868136
249892027
8175893
214823181
166625981
53833195
68416886
218738612
187981995
158868242
45435589
84872384
190109899
190110275
102140692
96034309
201847167
77914555
171258260
190096922
200925943
190096477
42190085
84866508
201599706
6547895
229699837
21009520
201014012
175468182
41593312
76176361
205695308
263275578
252784126
215768388
95250677
249658420
127692097
194182725
194096488
215773577
200790415
77942807
86866937
51733869
68417976
246168814
33422262
24840699
179207243
74814996
221798875
77942713
34575583
49022242
260922707
88909398
248594239
198326343
246087851
84875298
77942731
249535126
190337596
202475487
11476916
252179158
84837716
203288368
215242481
77942863
113117402
178217051
84866587
189234028
190707886
190092984
436926
68416306
14092350
249777041
84872259
160553076
252854114
214823198
188910526
206605451
117315810
249878841
249878865
127033274
179916032
127692382
14069527
252763132
84875385
84837748
209378150
207008076
84859513
176021438
246168818
84875318
68416171
180531129
15081973
179170598
247799377
190547208
262552348
183375659
178056708
178957541
128819910
208066603
39000815
96389842
77942659
117791483
556273
32412913
68417736
84837730
78488024
212259739
207503079
208411222
127595931
249658538
84875268
84866565
160553084
46773003
160356252
96009660
68409758
78488044
179206571
73356685
68416169
84875248
74180129
84875370
158745363
84866563
77942797
84875294
68418126
77942745
160552954
439466
23220982
257761691
59200604
253381083
249374021
175162002
98301092
253629857
194205626
129734241
262461142
257845333
530164
184578532
8291028
102120541
34476093
212468186
48635380
186575387
161903413
59534416
137133208
10693278
77942805
102121309
176056522
185024820
205829091
262394423
208062283
186742795
43802131
249277463
196897067
206995381
174155636
262516086
242766037
185005867
147097652
153590647
188189803
184080915
147500223
147988184
109862061
137453764
105739969
77665325
147500226
131416226
199179226
248700537
254132225
187954623
75791052
48632514
34474692
195801694
105739644
11997338
254859484
53300220
187952596
195801670
207280262
254091203
263041121
186743239
173636790
160552938
108259024
208058832
262652382
250454267
248989393
48629365
48633551
48630665
252136470
180499509
77942727
262056982
95250237
48630551
63821323
167496224
46823828
133143113
198192554
55997457
262822151
189204205
250458278
254091207
185024803
252218705
191124065
262566460
222659820
207227504
161541373
105739972
48630972
252635753
45437630
48631767
212992914
201594528
187960065
187952199
48635030
107798533
208904830
21309010
208904759
208634540
77942669
183513672
248131837
262516543
258666767
43799715
259310966
171438776
222659155
51238654
89701662
248087810
186742965
247776262
35040523
229713586
248864378
201594749
169887040
77942767
74209377
211299230
11508113
208635020
53980272
84872374
77942845
190538471
254903628
205828147
262472915
187963987
183683394
198780053
208403374
179928739
166595477
195573650
77942825
145774224
179367738
168508258
15446378
202328309
194121197
37402485
77942823
77942737
77942871
77942693
77942751
167462147
78495709
209612558
248978247
212462360
77942729
54407639
180580702
77942717
77942895
77942763
179935236
249696084
187956461
77942881
136595867
221795444
249682214
79409472
190231455
137569776
137569842
186392720
221795837
246208706
77942833
77942705
221792428
96009624
77942858
230124608
230123755
195852127
195547994
77942883
249287788
177280191
198899333
246208590
253398014
31825346
249696073
77942749
77942893
77942803
203290215
260554498
263082588
253253479
15125293
77942747
77942793
84875335
84875254
77942709
68417260
68763112
252080301
246208735
246208718
173672340
77942711
117080134
195862083
84875373
77942662
230124342
186575539
177887742
128711498
201385983
249852356
68409829
23810052
68417974
602898
164265709
77942772
246208721
84872389
253398010
77942865
77942873
77942855
208652888
48629160
96200985
230124436
263035454
211944958
68417726
92552010
169622165
68409760
136981427
77942891
84875274
8288317
167025380
68409814
221795655
196554758
77942673
77942889
68390294
195852129
215040225
174605004
190118880
194199548
208412292
128857940
77942689
68416423
219161490
68417738
77942856
84837784
253533826
84872222
84875272
195862031
23086372
150342856
68409823
78488040
129028087
77942774
208418046
7851735
180720163
166437077
253580346
89773694
192542328
11677086
136482624
248538957
183509975
180720233
242719756
160553062
222659457
161541375
248799903
190086452
167397607
160552986
180720266
167501738
172448232
179912728
23633651
166438174
222662718
209302765
153890870
24933243
198257333
1914497
212425035
161541379
77774561
178951170
35150321
249696324
131511104
212351142
192194252
91776051
249682108
192544496
192529967
263098142
263352694
249682057
212993075
147108915
192531980
160552994
137453760
137569791
885340
205573705
253275525
176734590
105739831
213433721
263352696
77942885
247415313
77942667
249696326
154152457
217776596
263352689
186743166
77942867
77942851
258520741
173909467
253629224
19844964
204000260
59200602
208645982
116142264
186575509
98751185
179796003
116192111
173637088
251100409
14238287
137481807
262387816
160553014
242087858
171101323
179231911
186575359
198283140
262056407
210512596
137185073
253170706
189463497
77942839
201308240
77942735
209722627
195916776
242087742
159814411
189632934
208633804
204317936
263066288
262822070
209282992
206206025
207035182
186191289
184235691
205029707
263066333
118236878
197647179
221227051
54411771
3494749
261828443
261828336
190463992
249767185
207360543
160186495
214507071
210155894
186883758
248757791
180736956
190251937
106445368
253182340
253620307
168212323
168114581
251393354
177083769
177293084
216982971
248757198
186881705
180736985