50440386
241899722
67060010
52413566
7964040
146271433
68267309
51286688
22532958
201296282
116406680
194568674
34583393
34584985
79104657
7599412
170165698
248555097
7365195
54512863
171095756
571332
253226670
193227854
26106262
248591326
1689679
5464731
177926026
173755601
396595
571356
177142552
253267201
241899638
146271903
116406688
171874198
52386309
177117527
828635
34588491
402303
193050641
52386283
34581384
355287
133785821
146270555
69624546
8009526
84596260
536353
208565593
251267072
126481911
58209243
182783875
193050625
456169
193225762
68553703
595978
316871
261982682
2619493
8010143
34741236
253267203
262692747
34579577
554818
48480352
115254308
11311429
107647919
492343
180585693
15678895
242077681
208565585
36650041
1355853
478492
92551673
22271216
160299510
202046004
117315708
11717094
70624657
392532
208432623
262692749
247346487
53805871
193213535
14051078
6098069
177926063
253267205
10122143
21949090
6073803
191911711
146226509
194110680
6077187
6081047
217125639
193222750
181449074
11728066
208565581
34742895
253267207
230148841
217125592
439184
216986270
27962197
54512893
90514020
408916
250072391
193222437
478616
48480347
250078309
443208
416066
11310011
11586332
53805571
439366
72711854
137423755
72912747
246397552
160560587
207376536
10202529
124887637
34590948
14050697
217125837
201892040
205305650
205416985
216462247
216462255
242491968
120183422
177267171
32192521
184415023
252079815
194860145
115254385
132302704
54422760
201801393
540815
248555141
595953
129985963
214920583
253293693
181995780
184084619
261958943
250078459
163024971
920756
221701872
14875077
205601878
41071270
181673747
193223208
242077689
253309336
523764
14049020
253282138
230331888
253720939
115254505
920752
540818
194798612
201874769
202604285
253282182
34749805
16262769
437217
247394522
178311430
253282179
34723543
37794066
174308178
200999189
115254258
177270351
10330817
230332003
230331737
115254434
132303169
531484
115254524
248555107
253384122
431196
253282173
230331648
107653574
10684924
209176454
210515970
954880
184410008
227110310
178329685
216986255
216986284
216986230
251984848
252676808
247394535
252079913
193050677
250077175
115254480
34731729
14051823
7648804
12135747
117315766
1355869
263063171
262570198
262570083
262570497
50490599
202604415
197150683
178760775
212561841
127692631
124887591
124893072
132302906
173911195
207296932
132304580
177270323
124886927
230148789
46106000
179775456
202529252
195671005
252585685
54897293
216986225
51248812
178757074
26242852
263052819
185006435
189201201
195926988
184318112
186689911
253211999
10858976
248978325
203069552
174823136
120183570
74035517
216986280
205128708
254092667
9850787
34560529
115254470
14050876
11855448
252079303
216986285
216986291
73613043
137941371
91852551
71687593
73612806
252079431
247896900
73613266
250078323
178752514
242077692
6411213
117315714
117202648
258509069
262570389
193223871
202460182
22273381
177272495
216213474
181928852
117315831
230148768
180585273
50229186
247862395
91852499
216986306
163545766
191919948
10125359
124886890
51244212
51472803
263104737
263084856
263084254
14875229
262570081
178760949
177757938
260804519
117202646
201386124
206628999
177975939
216462226
252866306
216462259
252002971
73612981
252630596
73612862
247894173
247394416
130770643
127591123
14047748
216986222
216462266
216986296
202475474
7980318
41068985
117202664
250077690
253211995
201874750
172318949
263209029
192949013
209875174
954328
192137712
22269761
248075104
22273379
173755915
159349118
173755729
216986321
145669244
120183196
120183905
137941390
242717158
217123629
216986263
216986282
216986294
163458963
130770660
73612927
127033497
114204395
195862111
250078490
173755409
185406960
197218622
25188568
262860013
14051912
68392396
253166385
22433118
252877276
177976119
117315741
181673782
51477309
173566018
115254292
182477337
191911708
216986264