203511764
199592685
207427627
248790790
53064743
217147712
68458831
36332673
121179208
255124159
23609783
248790772
92922830
51376165
242132721
135649373
24197143
103563269
200039244
200795559
35556417
23446067
200039110
103079601
249649374
252607135
252648182
4299457
58600060
203462283
204928212
39305426
4297263
23700538
261975832
242106458
249737274
258193969
99436212
73753764
74610595
209381645
181785564
262887969
249925008
73940266
249765487
193859148
176510118
202449269
36762048
194490534
23290517
261967798
203190316
253384628
110117660
250751868
206206111
147817193
251267393
247842790
23290416
146924748
193859316
20260276
200819932
23626106
230124616
68619288
54623659
159840040
127698368
106325715
103526036
23701275
105626009
217145862
204662714
70034689
198056693
75410380
19767904
25419693
21079673
19767402
135773275
51732397
39305417
140331045
21822320
35223528
97560693
194498906
117784590
20124719
262794936
198572893
205117048
53616679
18002011
14867563
26168231
14867428
216923701
160357562
26076294
13749550
95966309
207420808
193859221
217766757
181447696
253384604
19584062
23613744
73921971
13966653
253384618
14861164
181447734
17056989
55141289
25451388
103561052
202718527
51422585
199731305
14852647
20581577
23612078
31125720
14861125
53709633
53013444
18003099
200788935
171222023
58227660
176510087
14506128
26604309
203189276
52807905
252586024
204931768
159834530
31264546
139723376
89308565
160357456
159833835
22473333
242657668
147855111
52881231
72136848
50779772
249586773
41072134
24819127
139719938
177534056
91552997
20496961
68828431
139011854
149216648
253334035
149218182
110256425
242702433
28918800
205098053
204626860
108850235
204538097
208499356
59525063
181995373
70548833
53581349
176510086
11889620
204626956
177615645
196768652
142205023
204958089
28018713
249273737
247309447
181993292
48042222
252676693
19792186
78625279
59524598
68594836
160357206
197173488
52999476
12303506
202854216
187876788
14381710
151659003
125341976
204627273
148021647
102552804
103525474
198056708
19352731
205893420
142204969
203157124
161490427
204850742
217766209
13933058
249821137
36070579
193481617
23696491
253134342
23290110
13933509
217146583
201381128
242558118
176510046
14850972
187747631
109427757
196279928
103565223
249258389
194085007
54130195
73876192
16998522
204626787
203189186
149216527
53246301
178306393
29396324
162179159
171221973
7220867
23780289
181995467
203189327
19739284
149227477
32003576
73783561
22054750
64631284
158451701
70088839
13905470
181785267
71147816
76213014
204626627
73309325
263041932
135649060
74878608
204414517
24999868
196728226
23626124
10070059
48929181
172124257
140248507
15353673
141947636
181785598
142205376
55219823
57348715
242657979
47139537
55144900
14859963
53581627
74417034
26167764
252136452
242657760
56225370
31264431
150780229
249768075
13934319
50230752
150772159
148793837
19841158
17911964
249649624
241892170
189520523
17513985
38359629
208423333
103577178
149216392
142261525
248839831
47499151
29739714
147855064
73640607
52410679
149216062
21079715
23290710
13967173
146925026
157549329
134177526
247843347
247843396
14851023
13151374
73654984
15342076
254086580
27817786
74192847
169735470
82889688
199268993
40428080
146492880
38408574
241981437
200955039
181995579
20126624
205893377
178306759
26053093
95005919
194490799
181216962
31263685
22400093
140340169
117763726
195688631
20238517
20286205
251949921
54341367
13371727
142262660
141123872
25986964
204433864
241993263
20866395
178307322
181785381
186710334
198966192
166413899
242502740
242553964
10069902
178306008
111572999
204849317
14886243
15354318
22400074
52582708
203189885
140990061
181892337
153812640
178306722
140252057
178306455
16221536
181785886
22613264
36326438
162179224
142262632
15602936
15257740
14346640
9960593
142205141
178306548
11263797
149217113
217767212
142262706
109484290
52010559
164542542
140011680
181785313
103563493
141473064
26057333
214067578
184136045
144046505
193859369
115691901
17511642
203190151
195210751
48695537
55059890
181785972
55077118
54536334
56827912
145219416
75337807
70035252
35252665
203189358
181785319
15333913
57961610
88800868
40925200
41095493
11301873
178305958
13933390
28435210
55109136
22825042
183041103
75588386
188584313
206742365
172174449
164940579
142208434
147921430
14850889
205619438
196279977
13749548
120170519
53241249
15632263
11327307
178306651
10053395
203157025
140340166
53709465
179237532
53709445
110585408
56981908
83357301
22410611
53537594
2832455
108849076
15336958
21417056
53439296
208402900
197068623
149216712
204931487
217289461
50820342
72536071
72136615
146253185
207750587
98045754
52527407
184136047
177548938
22521783
24309794
23506011
178307301
13749555
203189165
19689248
178307376
72131798
248104059
50594562
20073484
21752299
39312809
88769607
35358969
203199579
204621279
134241818
77700203
11244152
14951781
21172861
35537251
140543281
39139565
146271490
142208061
47162173
53542450
14955100
34140241
53060861
74855832
14204501
138850434
164538958
53579209
207750549
205893216
178306209
105625572
178306632
23778732
259568316
84686551
204315642
198672630
19382062
21260007
19877531
181217702
205927399
36434654
16970102
68343530
50264708
20581082
20238830
84696092
140248383
23346926
142205111
144045616
146924808
178305977
19841165
205618780
115020125
20866371
17001839
23511994
24999962
181483467
114758034
53280328
82956713
88236361
64324330
219163720
122188996
160357177
178306796
41341810
21271532
24755450
16179283
47161930
140011765
158783680
148674003
148674040
178307366
203157150
179237565
22521773
53709425
22472768
140347801
137256508
155705513
200788970
158453702
52146885
140309184
13951784
248105903
23826258
53961757
19352211
98070554
76208945
55666669
73931829
196522845
248938336
141113691
204322598
183921217
76312952
15340474
50079029
16152470
13967292
36751823
55133776
166308647
178306714
16998014
168369118
68531808
102518436
139727766
116875833
23573223
19879896
14953949
14874820
55109206
20547302
23347344
88782375
121244084
23505964
53752594
39647085
203157146
178306502
140542733
95095430
178306492
102783395
193536735
21244559
13933332
205814931
53409181
248843389
109334020
150547430
15251021
249853788
47961548
143887093
51138690
22195459
142473092
247843355
247842798
247842785
144045629
163908283
145219442
185188228
23411197
205278107
171558551
249851325
117764482
50783547
185183064
32005835
164538966
145630238
178306160
166413439
145219497
66135050
181108748
174051761
27656652
108952403
67407155
159830707
207750371
147877723
169736384
19907719
73642534
142473972
52879515
165718851
203189154
100271369
181995709
146266791
115223943
230216768
249866448
249862103
250366024
102879898
140543404
175878820
115224504
14854812
251324735
252753229
143741480
253384699
261944610
22642285
149227287
178306040
149216025
207750021
257537906
252698984
158456960
201953420
184136057
51106333
178306695
52408220
140544014
174319679
73658026
117774224
19552273
253132884
114728422
94863402
16220082
26166079
114691259
53512790
178306831
23490635
23490626
23778639
142644349
24309775
21416964
21416894
22663726
103015189
154171808
84873724
178306329
149214217
203156997
171558568
178306215
181995682
21172774
21919742
22642392
13991238
51061378
46753216
26036119
20439638
34137095
20496902
52893972
19740408
28023883
21079719
26101066
19786943
97551507
138921637
249392271
52149517
19584043
134942279
134942264
253134279
53202351
56829693
114731351
56404774
56405208
56836621
88784905
88826108
88860720
88826594
15315388
261946358
14867090
14867778
21825921
150780275
253720126
253384650
197626877
143813791
253618543
7076549
253150664
22195395
109227222
19841180
23377511
73546518
160357642
19556619
158783416
10571124
35359192
103439780
55162635
188849184
171222020
39361872
203157115
20866502
262767447
21820062
261865006
21282049
99503288
140536317
143656070
17001233
140331350
263173518
153986151
253410819
58992847
15249677
204665830
93012971
11528017
201305774
201050365
74766285
204438126
201509561
20279578
177533481
241984636
262269420
54033833
257450828
247842812
261859240
116380869
73636039
20953383
20917814
34500174
14381894
41342106
12150558
15250154
48041486
48041210
24931309
49543574
14434469
22551682
252601374
143656335
205893737
154171740
103277649
249855959
107318119
142208085
7221771
178306176
138002965
193859237
139459603
67230249
166413404
160357194
203189180
249858113
247842180
243105662
115225011
247403088
137259251
178305976
166413413
95085493
140332328
14875004
178306419
100567587
27619995
13381990
64328165
192802759
169735329
21171759
178306131
252584501
179237557
52334322
88861653
108818278
56407881
56836539
114742106
105685876
105677031
88785536
88802620
56404961
114861396
114700865
115078696
114873512
53202434
53202636
88822319
149224084
149221470
249852075
197859611
20866363
22655126
53709932
24309382
53709659
26098481
140990809
53526191
22608459
22669895
53410933
23485936
56397538
23511500
178306814
23507722
171558593
115224883
67231895
184136021
203922235
249575324
106349066
117764228
46401211
58491224
248700788
163908507
150772333
147336956
145371991
140544049
160357518
178306950
181994061
117764221
248261737
181994778
178306133
134234358
127649930
170126886
13749543
145627037
103075878
207750440
46242667
178305994
56415546
244672033
55514109
50175706
52218963
249865895
247842191
144162639
154189672
19841073
165733502
203189156
7763370
122869663
178305932
205102227
107318377
166413877
183041119
178306735
200706274
47968586
143809961
143810140
181475200
64308127
20275667
21172836
28934075
53434859
88736359
79115999
46783726
20021192
13964037
34493986
13943419
79116016
55605861
10421783
211314285
8262416
23662032
96271676
194085102
21813368
124273691
73362502
178836499
26029839
162868719
248644405
140314595
137904321
141118409
24588426
25317898
152700583
53259083
75405736
253411164
141905698
200784297
208402978
204463883
204421236
201381448
53760198
52809158
134856247
142261216
48724295
116459907
247418695
20866365
24932035
22400236
15753459
19407153
23410982
19407145
22614480
12202175
204927821
257864081
252603272
249145235
248938500
208676185
248700671
201953428
214983914
248474983
154195265
203200643
28167541
166413868
148672221
137755759
172314560
117763755
153835947
68719422
58223224
178306323
75380651
51138418
140548029
104250864
205262491
117764491
152380363
178307349
222451225
142473032
166413880
243105508
45242011
73309907
175654537
143656046
147877682
203145470
169735171
140332491
178306406
145630200
205927297
178306239
67539262
76060913
145182309
117764381
207749869
145627102
14867239
216417029
52705096
242657082
184136484
253334933
254082467
137170203
137178076
140539573
245789883
19556678
19841263
21172808
18791302
7073621
26497692
55515815
37282707
54343700
50595923
22012762
52146867
48989052
13965296
49989698
20494901
19907711
85255688
260939422
50025458
208497560
253134256
253407529
253391787
149212686
149221803
149221782
149222767
56833912
257779508
195700459
53439058
97945489
104012963
170494928
23412616
253134357
248329226
22473331
22521855
22663442
22669991
23214076
22783599
22552908
54340860
54654892
54753520
22551661
49477013
73752447
20866417
56397532
125181595
23490661
23506280
22978010
22448777
252877427
143813808
253076268
132859221
178306713
58226414
205619547
52792818
153835895
23409986
29168712
39367451
22196462
257537972
257786692
242556026
248937954
20147870
149215786
144162535
164540120
178306152
140542727
203190301
181461172
51065228
114873999
114712162
114861631
53201503
105682105
105626435
114856866
88860644
88785206
88861570
108843602
108818065
74825936
145627464
178306143
203200597
28155781
262678858
40426589
124276128
252863767
56116427
204000414
261854701
262976109
132709795
262766372
20889636
248643961
146924797
140348137
116378497
153466261
262724614
95005924
41192106
142262777
125722889
204750100
204435870
117784368
13749562
13749552
201381553
201614474
204610802
195651068
56905157
204285384
201509209
247730418
110947097
216451887
16967128
29993848
6819213
22402124
13940540
24498320
31596495
47965918
16273003
32351908
20889400
262494990
9412936
188935499
249575326
136872764
148672274
135047914
165718376
175881938
140332224
140542830
109759952
140314567
20074903
147855006
184319097
21086299
137431815
135407775
178306808
117763759
145555591
248938353
140011012
205893500
206135253
26052069
51108549
34852089
51456479
177615646
178306553
205893676
67211221
166413396
178306348
164428954
51101194
137999081
20699404
206545779
184136451
201953423
187162844
252037119
253633284
253639938
22552776
16969863
51615477
20270459
19637869
27625831
71988725
55665606
23538936
14500535
21484779
39305422
15513394
52001601
53686126
140252134
246053157
7763375
13940358
11897429
55417478
20333787
48989670
28076407
22553137
55516523
52792129
57051439
23090433
23923331
28150486
54736851
24309380
140329220
261945639
53672628
149216853
193859158
221253404
252726768
243105656
55317458
253133146
217145907
253132921
262484693
166413430
207750485
156330071
117764681
135407706
178306665
47312590
205893241
204942111
142250009
147874107
178306338
142250339
171730659
14858385
178305950
196279926
253134271
154151916
149219954
88861623
71147960
257787040
216936433
144162579
109562660
181995141
181108419
52670515
181995198
49250900
127649932
114250778
53831142
178307374
181995428
23419576
22610208
22660398
24999268
55290981
22612392
22470855
22661837
22663828
21173353
54803562
253146636
56835227
52335383
251941958
114736858
114708592
181483330
184136449
88003354
205893297
207750226
145399698
217170368
135407759
178306219
113649131
74616462
105835989
35359364
35359092
51083006
134615382
46059720
262338380
140536243
248643993
28004831
25290175
200788939
53410504
204953911
94597472
201508784
204539915
204464199
197212115
230216575
69248424
20889638
178306525
101453962
55518594
20803624
22377436
19509604
22783559
20891807
18003378
22195417
22552990
23446583
144162523
21172806
138004084
144162695
68724310
133830501
103277896
214920017
178306361
200706570
11327097
173205774
52129443
52791497
149215058
133431654
150743047
142250564
152380246
160357268
117764237
138902916
6880045
198648694
148675780
115300820
186496182
115224658
133069698
181995190
170868486
250354139
173648950
160357200
140547247
203189359
178306881
252584634
217146194
181785344
181473064
206545785
187162840
113253333
114873296
114738956
114737856
114732392
56409074
56829377
56409816
56832854
114731446
114731707
22521853
22609010
15251347
24830969
71063639
23542133
16214295
22552940
22672264
16221125
53447130
24827032
178306868
252556258
143810241
175796010
31920594
154171897
249649121
248938621
178305953
205893426
137442656
159833756
72300175
73656683
73309294
74192132
44904123
178250019
178305941
52335888
178306083
108955589
247842170
22552802
52800234
140546608
145630328
19832983
53232549
178306718
178306217
174858116
164539332
143335543
20619801
67246474
178306475
94854826
14859906
127880317
205893475
64278814
149215099
144162669
203189179
150777561
113819517
184136445
166413418
88802372
53201995
88826532
261809762
21079738
24606383
21172752
17924579
53408006
52853149
54550327
20494752
25476198
52409854
27990589
46690189
26151638
7221769
23404251
253333589
53980417
10571119
139161111
53450014
26152209
137255947
44812508
244672013
253135695
143809902
253720834
209381631
108811332
248938455
137267071
257786872
262479761
52887268
52880274
15369729
14852795
13311558
20803475
35223552
50075971
55414484
53581989
149223617
149216555
170499279
197552666
52390030
103550365
261881557
53381004
262724462
21277550
46058151
132777890
140536922
142261153
20549074
113272109
137904038
46820442
23828810
263249748
253411161
196550116
77329147
95866993
76207185
204283166
196852456
74599703
205162835
204434276
201354959
248853194
204424716
49718218
46152064
92934425
204286470
26664017
158459327
20866527
262155005
117784744
201508876
134942275
207808800
252635163
46151708
22195377
22552774
21417028
24930446
20866381
15178341
47266667
21481054
25361586
22402379
12204151
204923155
137756202
13992051
137946417
4297269
177615648
137755420
178306841
67520472
178306577
140543979
140127600
178306449
244290313
21569561
22551676
89059139
16965446
182478202
178306289
117763949
203157068
97925422
140314769
205619083
166413421
203157060
166413931
166413406
13174917
117764129
178307378
52705432
137430684
159834943
150776698
178305973
142208112
148021681
134234442
251995813
146285546
205603558
242723655
51062716
172175315
181994454
202447966
208662517
10563748
153836537
137442775
117774200
137262986
178306896
166413936
249852016
195210741
35030152
46154841
133069701
20919508
100616246
137999069
148671812
140330979
117774447
166413423
178306570
137263373
140543365
20919647
205893538
165716649
247843338
51101764
98043251
25419697
149708691
242721643
257537934
97599372
23897630
261826990
261944830
249924883
158271469
50250889
19841285
48570515
16967231
34139136
23402656
41096148
56256076
22195441
10565014
19348894
34137581
19584053
20286212
25083005
24438461
246873987
15338646
22195435
20866512
20274454
35223564
22012754
71099968
19907717
35223615
20496963
34133294
253618258
137145294
137149331
143809771
253072609
253073484
252788025
149227273
149222691
149219257
179237571
181483466
7221777
10051610
56837991
105675887
105681489
114873834
114707031
114734215
114860909
88802808
88826354
56407531
110448663
56404549
217145814
253146546
24999414
53648336
53961420
20889416
53758235
23778631
7221775
23802686
22608618
22521834
22195401
22683288
22521857
15260543
207750027
137430821
251278833
140792103
181108373
149216595
6821839
252138646
144045364
142471189
169656748
203189264
106348156
169365998
55089838
102521024
115223893
141218465
254082296
244992120
252692105
253384671
253721424
174051410
225266424
35223441
193686042
20496936
51064688
171222011
171222064
219140135
40427303
23778669
54087007
100204770
102872842
14204420
1544307
99659092
15255055
10208250
262076863
146925012
146925057
143656238
143656487
137904189
22375392
35358639
116377935
247685968
24161343
77329251
77329253
168896767
205040029
201509105
13749564
92803026
131547917
204042362
73681977
201340443
92566483
248539731
133242789
142261123
199933161
196797514
194082821
248937305
247843407
209854785
259562612
252753118
25420080
48042300
22475152
21481078
22374100
45382661
20065606
31596473
15251302
15356941
7074029
194490375
21865561