126527209
113399873
155726334
192298505
183271759
242504771
204866989
135725278
103787863
29978415
215299807
218736443
247892016
73771825
230012720
202840966
145838687
176167168
74254790
47272913
153368632
253409870
47272623
263309504
44900749
73879740
53658068
196510264
141930667
14035947
143157757
45602491
192298487
68251457
110267971
110267998
202849132
248261747
242773236
126960162
102369854
157835801
141132562
110268018
110267954
101976531
158092085
145877276
251551401
32677082
202840418
140791617
67029202
102263323
217276006
196510150
249469562
202851588
149445856
125788434
202850947
135220989
110267899
251550455
106906410
110267987
220850661
106906503
202895593
173451091
132986516
207752903
192302405
162097162
44942747
44939965
110268007
175949965
149445725
101995307
250053352
112733743
197800809
23311248
203584597
202896082
196545565
207037785
98737758
250053221
213836234
148016196
110267912
230002021
110268029
263309517
260981587
145844464
141665734
246232891
149447918
202838741
230014133
259488241
262780513
169927258
199684071
110267979
160835916
174642497
174642744
263308894
263309439
262780581
139228073
207358680
145875751
202896990
141677285
166336343
148964172
106906472
215726364
210760183
33145861
110267932
192300411
221274607