173878382
137751490
202517425
67807252
77148367
8052541
188723175
188723495
123554721
172172160
67806885
123505692
78025463
131961102
123505688
160405019
138903845
75632377
196865614
248544257
217483052
189182851
176251569
123533976
160404748
200875274
171901026
160405062
157191104
125010617
162092111
247901407
149534451
189182958
247329618
125913841
67807133
202420671
67807223
168564967
133930429
252681695
76834825
188724686
173536420
162092044
189182911
235855728
123505687
159955917
186267706
76299410
123553662
77426040
160404450
247858831
189182878
14241791
186814407
124965108
162092041
157191829
202419587
167435136
77906884
77138336
151509297
175526055
153594338
179564967
109030282
179563483
162092095
123554665
165847517
171891928
173518287
189182877
188722872
71882294
77138441
14190456
136784287
189182902
75632994
188724528
198648512
169365471
170776800
124956901
186268305
190505794
118729142
171883470
124955596
58470947
168271745
162092043
235739143
204874059
139283683
221237214
190505813
58876759
123549424
188724092
58839029
8320407
22047435
148716116
73759034
162092037
49697910
169303877
175526110
58877028
28315802
67807193
225922047
247901175
247900794
124882600
249580366
58488197
196865718
133671077
171897633
212213811
48724617
58488630
196865573
194102857
20027056
131960792
131960659
128288190
136784336
8951137
76794540
216137052
43880015
202420651
131961005
208396362
165631106
165631523
162092065
117774505
120051204
10567779
186086770
247765487
35473927
204873499
167033488
123858786
169309569
67607017
101115885
149650553
189182976
152024706
160404720
142260887
140718025
8073840
186087412
21039328
186088215
162092083
212255016
230249176
108026480
186088006
162092106
186271118
58488306
145764108
74309877
165631133
74417032
212954890
162092038
144755911
188723040
196865692
196865618
162092092
188723363
189182896
178240588
188723676
162092070
108023397
189182961
160098608
162092091
157191823
124944257
196824890
162092075
190505799
188725030
144402049
216137021
189182988
123505695
208068126
59450933
59051030
58488538
208399075
194115954
48726327
58876483
186087300
235884939
194195078
193672011
59049867
195338018
133669296
125284675
133674171
157191825
59050760
8952372
193686897
186267014
250341440
252178282
137004818
58876893
202420678
162092066
247878734
196825016
208399430
196865579
194117528
194103532
142217324
208398480
160098406
7816495
123505691
122872607
243024899
196079080
59450992
189182856
207346139
207346322
202420717
163869411
196824862
242091905
202418351
89936476
172030178
196825048
196824839
160404862
172964049
196825004
198966933
23478228
162092136
162092087
247333921
188724623
195659563
208398352
195661504
208398498
210356602
202419076
137546675
162092053
187781745
117576782
172129285
196824824
197657712
14245765
162092045
210298300
189182888
248647036
172129200
132985127
131960898
208398089
50595225
202418656
144401660
210163884
188723403
252389179
253074027
254003104
263033580
248647072
172129046
248646610
172129007
193666637
160410392
176582723
94659362
86211488
9809130
59050555
252390374
138535260
202420598
252295473
252084981
247900544
144340677
189182978
247346730
247900778
128325829
144465929
212955787
262689456
262726965
252795348
248648966
248647064
248646908
248648990
114687410
208398381
196824830
137992743
196865581
208398249
186086959
208398380
160410416
124273275
196825040
146492780
51028175
249576910
242998936
210163925
202418317
162371934
252291747
196586284
252290554
247901207
129713183
151509250
252793796
253239580
144465190
249580154
189182867
144756728
90092926
143613937
202418853
259488658
199731022
248648521
196865568
196865593
196825033
196824841
21309172
49334089
263446132
247901171
252287539
247896258
145717097
202419952
249577783
133672028
249578349
157567988
202418469
249576583
188724957
202419273
242998860
162092108
196825087
196865693
208396581
165630965
213846486
196825015
208397558
171893902
90092365
249573527
181219657
202417816
128326155
202418710
167443341
202418213
144757619
239824257
252803255
252781012
253238458
253077899
243098167
247900469
249576801
190505815
242618578
210399546
171590994
263023498
195660715
261961179
22779773
137996736
144464055
202418059
144341732
202417881
196338552
210165466
162092072
133931073
225208833
208422423
249573931
249576456
249577309
169846896
202418948
252283553
203210646
177794582
79192258
208399322
196369697
196825032
196825044
176251567
193666054
242626996
196825031
242628576
58470934