200820102
4077699
203770410
67487706
103404679
116158342
190582238
160889862
67156603
110670673
189558675
104272495
101797443
110989790
4077695
16084563
192950627
196058312
147761095
98653083
192453299
86418057
242501296
103826011
210960281
165021231
25491658
101797447
191542686
164502480
12276908
165021219
19706557
249273182
4077697
4077713
248797124
68456846
4077689
634324
4077663
5056049
211312675
35578060
147761097
522016
199897486
192360654
259489557
249273300
173764913
173768820
695519
632803
55143490
4077667
95089647
32647686
32218639
260830184
36314375
198028951
246772784
262078199
32647672
136785521
10775723
84552049
193005021
733449
433149
729585
216379077
58811385
14699378
735948
137503069
48992019
45400954
103474579
779113
252078663
38191261
890526
4077693
597533
24969934
42712217
84565475
148866410
49011105
181224932
37794243
200920956
26167786
733732
11717568
5056047
985152
58631698
24969917
110664280
973616
200976498
216299601
208076140
91540405
26167784
779824
139235270
165934914
72461706
252569354
58628387
217286473
193563137
970194
502210
68656631
23436589
206818915
5735901
32220875
22652980
164415326
594521
257868842
36832101
249349437
88935744
209399715
195194522
562681
215486465
19370573
253396319
6595679
50413307
164076343
215137917
252019521
48748144
77160804
2319129
32217375
191683381
252078681
970166
14504695
2385143
27843371
247808390
186080486
450643
2849649
114808824
842654
217340631
217392902
113496247
207566042
165021212
103404659
249349362
842652
35230595
165021216
217387202
57604465
195993383
19899811
158868294
249035024
45299949
351685
191683522
58545851
217286508
10282217
842656
205040412
184077175
50779399
249035200
867248
537684
249035138
188007664
207566034
205040686
42715616
194442540
145555112
103404681
68456850
200976557
203506177
248568239
497135
842672
7640691
137503344
57604459
49958452
195900914
215220976
428886
180749844
4077691
4077665
198582931
8164683
161370670
165089937
249035124
263197332
197677562
249034871
519700
26411669
248087543
252163024
184832733
7496739
252435867
184081012
216715514
76420150
253577531
114945676
779958
191504518
645776
68609128
191683318
494363
249035216
478028
31515865
73886867
49705135
217522555
209399728
19899813
103400544
217377541
99254410
249527444
252562240
38191279
257320749
200981688
249034954
1580691
216359889
253553694
249549810
253056951
160889849
249937859
252079513
4077669
163576817
249348634
41266582
165211002
262736601
7695434
8164685
32217114
206375831
7644457
495588
209399693
249290721
252561200
252079327
216961888
515359
246639797
252558521
252562204
223915818
102005732
193004794
185676362
199532314
192015763
214759775
248342854
252558415
252078954
495433
197417059
249290866
209399710
248253713
842676
602883
32220224
890514
165679164
253126031
478147
50779397
580600
258667330
185360923
5735905
519348
44604650
495611
1073246
35231430
262860192
55283285
217286455
435008
633031
1746985
54486727
682282
50779395
58178633
189266422
682285
198091313
197679652
248521586
11717566
7621438
58628762
263104719
165664184
247948218
32217974
988909
26411661
193620919
988915
182822235
632720
58178629
192999793
543019
32647711
66751456
167019863
60854817
4541263
249035153
209399705
32221804
200981836
114945810
48982812
253706263
252720159
198111458
603156
8164682
34749287
564429
191683530
433050
14949089
564425
4077709
1747005
475195
3308397
19899805
478143
113230388
56600608
115246666
54487089
184101191
4387489
502422
77106020
258668287
398287
50074628
192733168
57604463
191926677
43237531
19905953
165085532
124901534
515442
58229802
164462449
32647676
202768319
632569
6214671
199897451
25682773
229725219
842674
5735861
212629529
49957773
184413171
36710505
199972780
890506
206374291
42451333
254141404
216288805
209399746
26297308
249566055
515404
3557821
451176
252913533
32218394
4423745
38191255
198541592
252912647
7167817
217338646
191926699
195845303
45299945
49723351
195194240
459097
58811389
842662
197854672
55552175
249288209
252661953
53547222
55244984
5869377
475123
48979794
215977123
208603233
195844768
57763136
867644
441975
165221792
26411659
505345
2319131
103404665
842658
599769
178226011
842670
207566785
185067829
2099857
515540
580620
499074
842668
14177033
175454311
84873115
5862833
5735865
111655353
82385640
598198
165144201
842664
31658885
196058149
150372928
32218381
510962
158868298
257538177
867728
253393949
652943
197386539
258667298
144938859
106348499
23619290
29288301
190300317
202328873
25677484
6912693
217268937
110448970
24489964
22642540
216208905
150372930
486489
32647640
257868826
167531953
165614465
259512695
73754862
185005963
19899809
634122
104829982
113255745
260941586
105231244
189250812
1073240
29288299
146273872
557663
103400576
262078217
103400573
217392913
146273864
106349056
58222549
500897
556959
614716
102143562
3557825
217500500
38191259
42838852
57816174
48980072
184120847
164817000
215948288
58177596
58177604
32647678
13730958
13297071
252018384
595247
398128
174827031
106744494
217829135
7676175
58442292
252020858
182740828
530401
43111264
400390
7496073
13297077
570599
441405
262674144
198583758
200981913
17537569
173673965
197900429
58142160
249035113
32219720
252357075
200037763
247953222
217128317
150372932
22648794
168899475
215220980
208565076
435007
170466478
216178047
217155809
252673461
198255977
14949067
103404675
8442158
189391184
180399951
436554
217382696
4541275
398135
34749881
165666718
103400585
128588326
216717318
102142057
207642307
16850119
19905955
515487
1672113
989986
200976502
17049554
191926701
2392583
205506511
399119
108428452
217362206
216178045
217268909
197637066
3142259
185670909
205809994
249034944
95866285
203927192
204660613
212610507
43111270
208559492
32221124
625729
200924138
247948951
49246229
188488384
563619
1408745
2244647
31975568
4790177
572429
174137831
165150092
195845075
436548
81035360
710669
450799
26226117
163724892
867656
196141971
197148306
77105516
49959210
249035183
562776
632915
890518
5056007
106348231
165205873
495913
444273
4387493
257868897
32218468
3158439
650523
55552225
216718004
174138962
185006463
13293892
735280
34527182
49011934
842660
103400614
252683191
532652
1746997
383232
262078241
190824028
20446358
6595675
684841
217286421
217286484
198102509
632629
632669
4311041
695367
603168
801598
603185
29288383
4077711
206375195
177633130
250212306
2650143
2650149
240691811
173768365
198412957
262078191
566145
146274507
114436403
2386337
645832
32217089
49377712
3576513
32219862
50215003
191683399
103400650
182712865
216720150
184080617
184125032
189466701
203966672
191926706
191926713
191959981
801570
632319
450798
1017266
541409
399138
1024932
137503338
137503323
262392502
212489577
34746624
191683590
17536973
164055101
74689196
515304
19899732
998348
742277
217741208
215485899
515021
20473128
557367
433113
34747650
32219986
487756
104439184
96478065
190823741
194785667
248540551
208598861
182739474
216741002
165206701
193641332
253363957
253363464
164076277
594816
1073244
594740
594613
695434
801606
1025012
1024934
192949175
40353193
595531
165403294
26297064
249035102
504279
505417
515109
580610
58222552
32220742
55552065
5735821
351699
249288346
526762
682292
34746010
23426272
542990
257868855
971760
84873117
103404667
217387204
89763780
217742096
249034886
4098529
34526746
472811
174162587
257843927
576720
113345594
201293695
186085698
441970
450605
598636
519525
141739488
247953646
200920508
252009420
200852718
252884415
14699391
469937
502937
165215068
246772794
257868877
3576517
890512
84873179
650504
575160
2319135
562704
42558170
173781157
186080646
254411279
186265071
22649484
599410
14504643
519261
623874
519872
191926728
217286424
205705184
146273510
957808
495499
494266
1069550
32220538
494003
515651
543009
658716
191683444
191684410
2917695
515047
890218
595645
58963766
212610736
12880514
32219504
599742
1032990
14926123
632698
1025020
519298
49723346
103400552
148866407
50452958
249034896
251254626
248797045
249035080
249348607
252383779
251517754
251517958
247952920
250337372
249035147
252178148
257767993
252561560
252568385
251257822
251734180
252079120
251734448
253149303
251734431
252383770
252673480
249389525
249389318
252239188
252178264
252239550
252245430
252556867
252571224
252178378
252079682
252569422
251734297
252568737
252630583
252178209
252905426
251734077
251734369
251734393
262056220
262456877
24489992
262382684
2216825
2216851
32219258
5055995
20339328
32218067
23425261
2319139
164424057
95735576
262734889
216719945
257868822
31975562
6775143
52523682
26226121
49640435
248161536
165654734
1085398
2244629
243807969
164534155
75485573
32217403
22643000
240278268
241143368
110646472
194440151
184126148
252685569
1705983
49321865
113249381
112060093
58177598
195283640
32219499
163021150
263101413
263207568
263209937
35859340
180399955
146271181
32219658
58118924
217523965
201804038
249287669
174145994
7958445
76077363
216963235
252016522
216700508
223708453
212580554
263277551
263293735
199591753
191219612
240943745
194442844
217286417
49723350
180399989
199147031
5056011
197687451
207566020
249289383
251517909
251267666
249035028
251734187
252404426
252383846
251254531
252080346
252559254
247377518
250336513
249566134
253056773
216288777
253059851
252167099
249034956
249384095
249286510
252079893
249286360
249389471
251734094
252078618
209399723
209399742
252177998
252078161
252078396
252569539
253176759
252238650
252178295
251257111
249387204
249035048
200849014
214189321
252079463
252905523
251254620
252243412
75981869
254138875
251520164
262381898
216936773
263208568
263103667
164006432
6214663
35445402
13934771
40353183
49377937
2319137
257868893
248762486
50214974
32219768
32218718
396008
13934763
25041470
168899479
262078219
262078189
23432230
988447
217387227
191684812
150372934
102758013
58811378
165088040
165148224
257868840
257868881
262811668
257868895
72002386
89612656
240864302
215047350
184466839
32583301
201631533
242308580
261113322
49704326
49246706
4252243
195845669
165613206
201505267
242424009
182822744
215047333
113493326
254139809
165626103
193720187
1387589
182307832
3619435
979765
184128987
217286458
217268945
217268884
206474527
186369363
262665807
137503352
137503121
221713477
252166517
249349164
251734138
251734111
252078087
252078059
249289679
252558237
251734107
249034982
251517875
251254515
252080107
252383762
249035071
249034890
254141423
141735158
141691204
252182630
250353612
248247173
247841126
262657264
262658879
262346921
262679510
50453946
252417898
252167252
251267842
225263055
251734081
249349043
249035247
50465837
249349245
251517991
251267706
249290273
252179633
253152282
251734141
249034904
252238839
247951962
210429737
32218906
32220431
2650147
13934765
192987948
32220736
262078193
263090426
263100024
263104510
263209988
247953315
19899743
19275159
203927343
257868899
163717162
58450106
150372936
191683486
193629899
2075323
57816187
17537230
103400532
195841297
197677879
197676543
96028370
2797695
4387491
32219699
58811381
49377462
3576521
16850123
17599324
19899733
32221708
51990224
56600602
58860058
45299947
174156708
95732994
164764705
173786695
173782443
17049561
191683347
217500512
242424177
253124998
58450104
165679117
213886732
252079554
187991631
159977395
248419844
253573889
29288334
31514700
5327181
217268963
253552820
58178620
199965281
202007809
38536536
204298135
199965356
262078223
263392390
261822956
195358302
49872435
247392042
251734079
252178091
252209315
243018607
247948133
251267570
251258698
252429283
262054056
252243100
249035025
221713500
221713388
249035018
251394293
249349219
252435356
209399753
252078840
252079562
249389711
252178102
249349204
249349001
247950441
249289492
252556853
187622963
252179331
253197281
253201205
249035079
253194338
251734426
251267813
252673213
252079850
249288023
262458166
262658294
140221858
253102533
211312671
194784057
34749859
262758037
262755292
194451602
262734757
57597379
25041466
106338460
184444569
215485892
3576519
2650153
22651615
55282679
20339332
48753998
44859252
116158340
32217410
2099855
2244643
240489080
258668283
257868830
257868889
258667328
4465505
174162797
218729592
188691991
164543495
197626697
13934777
23426473
150372926
22643159
4387487
262757923
194087068
188691984
192470363
103404624
193670430
193669150
182712981
113000869
199972773
191344548
199974051
254139340
253576549
3557841
184095568
217286494
206331260
263401954
217286492
249288775
251262675
249290597
249260070
252080259
252383858
252246184
252178006
251254500
252561273
251734438
249389589
251734235
249287777
244306616
252209724
249289722
250336499
249289226
250336558
251267614
251518034
249034880
251442481
250336973
250423076
209399734
209399707
252561453
251734263
251734229
249035268
253043729
253318850
249290463
221713384
221713473
252079063
252557698
249035154
262676891
262679679
262361754
562732
263119069
263208912
191684824
146271247
32219947
147570464
108130902
19899736
31514717
17536927
50215953
48754656
19287087
542983
113000517
532357
189336861
262825056
194789782
240613554
163021218
6775103
165206158
257868834
55552053
5735853
105231074
16850117
2650151
247667923
247444471
263277865
262755889
246772786
167462038
146271478
192987752
26226115
110919036
182139696
113260760
200976508
253396225
103404653
165612356
198093572
220677938
48752621
20474291
57762369
57842933
254139729
253469634
192153748
201852217
2100205
187288678
217268939
217286429
217268931
32219850
32217995
252564063
263104473
206375199
249288459
249035173
249288101
249034793
249035230
249372908
49918177
249387717
249035014
249348573
249938136
249290250
249035197
247948042
262457144
215203120
221713375
141734849
253403278
251734164
221022046
251734436
251734379
251734373
249035168
252905460
209399697
209399836
251734129
252178087
252557705
251267751
225251538
251258719
250354806
250355783
252632430
250336484
247953432
249670454
249035212
252167123
250336657
249349170
249384629
249387748
253148483
211312680
207961317
54362328
174157047
173766838
191684777
165219166
247830373
174141086
217524096
197850924
248247984
208778427
189200907
191697080
165626547
184075448
194865792
182823038
257868853
257868865
257868873
215560738
54512921
32217247
49723348
21878176
32218167
2040633
4171001
4790175
109368957
32220495
223862819
221271281
58340302
58731780
103400634
214893667
253665519
249849544
17538052
2040647
197626937
186085656
249257894
199965267
199648130
178226021
217286470
197560427
47323853
258667302
51845986
638185
253311295
58551880
262525384
114907841
104612987
109488215
262993279
32647682
104612974
155115299
216210063
203770414
14166573
95071274
197368127
7953301
249268163
198030679
254264790
24969940
52787507
207961306
68283266
71933647
14504343
72804066
57883169
143172593
32001060
5512351
5511495
67810660
249771958
568123
192520824
192415122
970948
195927133
99428670
10827167
574578
249035086
254438156
199978930
260955453
252567528
13771034
206145339
31250887
257844318
247878621
201361619
262606162
244178029
253042693
206253255
191423136
262804383
979777
45403126
192693289
159035362
217862911
108402407
249034827
249035208
222723734
208285246
210413493
211312653
158011942
208431823
207452910
176909219
253142805
211312654
205823768
32647694
3557837
207961322
199516013
32647704
251983678
198561958
427566
1709267
103824619
198111755
253170414
191926639
57601975
56719629
686980
686989
206666335
200845152
47963998
101771768
146214792
73627601
169716791
247926883
84552563
68580163
215139659
5327189
201911315
225156835
867555
59586307
74742336
178733899
165098782
47221321
176789590
194058657
182467966
469651
82385187
867551
257537489
35573838
257868883
47227545
32647702
24489980
103826403
57842937
195192284
178781386
3308399
32647692
204430477
48979830
65475407
217286262
195797765
165098817
244178111
3557847
206145357
229695524
47223952
63035799
192949504
165098803
252886904
2174039
252860006
110677284
194058664
184410781
192520822
20111745
34160306
179546694
49010747
196595795
249578574
47227151
5983501
550058
167898291
7953303
160841284
189401462
99417657
97612444
252912933
4164107
72002396
248794220
49564272
215483535
189533874
47227288
219163693
195193687
32647688
1642385
867230
208097032
249434808
57296843
32402853
58257864
165098776
55552072
29288288
262756273
55282587
208097034
900686
227598173
576029
192586781
204761719
49622634
195797767
73601038
258668269
15259339
112058218
200969688
161541522
139276905
252633360
253525903
207167208
187182863
257868905
1077842
537597
261025973
253351410
42559010
198561950
198561964
10142121
188844599
254260718
184226426
217387194
58076550
232331288
32403838
188048247
198563655
207251141
195757784
176522972
229695553
208129736
38191249
160671789
19254174
165206826
598590
32647669
193637101
57842931
171586327
182742951
168900729
46820996
208273211
48983372
45299955
195306003
203462268
249035131
78919650
20717200
103400646
258667308
212170420
168899519
151554969
2210791
56368485
58142152
9688938
510488
170997601
202029938
228570744
208433771
249290954
210429748
165098758
230016918
486562
164478663
634310
252357077
217750395
215220982
176522650
146272628
17631131
178957551
208285245
252563198
19718940
19718928
262605993
247840670
183535563
171807853
47933527
197535355
176813693
253150252
75116643
200845374
252052924
258509049
97675392
208416397
262525677
143172594
87631891
171254136
215485824
867553
58940355
680936
207207430
102393320
44605058
24489970
55918819
58076542
47217819
214691265
58731768
259513556
183538651
3142197
181900645
262427702
171580700
257868859
634318
252035434
6189337
198292257
262065022
146273797
199896929
247842912
867240
253503550
19253162
91832831
472784
253394352
263076431
100285477
207207726
262758689
90851250
209012228
517074
4311055
194516056
483331
568176
253293508
247940524
252078864
249853499
111554105
207961344
207961323
14166636
252563280
11809449
47140107
204931499
577105
103825574
247667337
78553654
199648777
197854030
211312673
205315822
165150407
262853770
258379564
87630891
249566891
14949063
210429739
262003629
252612112
37020318
476493
253787874
14025769
58178625
189389485
165678858
20102061
73467577
163021214
253293510
214841232
183535572
253358922
900610
146270488
191926664
160050413
76411528
58178623
247821557
24489974
137497495
683397
20743146
680671
1387617
22649399
202314519
4423747
474775
205685138
146272393
202961549
171814052
247865530
202304996
186265014
908611
193434236
24489960
218729503
247666341
519913
208641852
168900727
49494974
215305469
198087809
252098407
252078306
61225200
59139613
55731338
11455842
10827111
182541256
257868861
185908805
191977358
570603
185006459
509619
160818654
165181610
198072443
247841635
14260050
215488802
214160072
199897032
197851718
191683362
183535555
249034826
252658607
533633
2100515
184410575
435895
249452505
165098781
108422695
201508643
114885608
113228848
445895
469960
214754043
204957463
11228278
167653926
194563057
253467935
191683395
519978
91325471
217387248
247987587
262392504
1629467
35573617
69240618
217639683
178957539
457154
222627191
203247070
207961336
199571373
98598203
230011397
157482467
170079522
252079274
183535576
32402335
396261
5153643
708080
176737174
252887317
189265623
180749840
31846227
6963045
248585306
206141104
14504542
258509067
214155406
185096090
258509077
58811372
208559494
165098763
45299957
213886848
98068526
106348391
165144185
192949296
185225236
165098809
146272241
58447673
470267
576601
198520405
3308331
1073272
258509061
90503650
78986835
76401903
249034972
258509057
58811387
260686259
519615
577124
247792939
54143778
58178627
17632720
580380
186495634
81576211
146271824
195573637
578616
890176
91325359
550136
186495605
197972742
900676
183896561
252135620
253067139
195573639
164513346
577130
191268235
13297073
474746
109861993
165144199
185006273
38191277
636408
58142148
198561962
1387613
57726468
218729719
160841288
195854494
202004080
262871288
161541761
46825036
109697644
248797250
183535574
38189067
101634644
99428569
8164684
69081275
1580693
216649458
170498156
258509037
146224489
578604
90851498
19718920
497815
258667340
14926100
2385145
35865542
217200874
248704829
90851369
58142162
217387196
262674512
483161
254184820
191683558
249092162
205635450
197907494
105098625
263045188
263019697
183535557
262451728
192950907
163021212
146274058
249273427
198542306
201831042
208641736
35260874
222680800
247837891
262673764
217474576
217741856
184288099
205294131
189557976
108951055
249034810
32217497
199648042
73783208
768417
253293637
75589834
72206738
251392076
17538257
40353187
263044590
113913158
168900731
182821983
217201407
58963283
204291994
258509123
75338658
31250877
2040635
218728973
94656231
215207086
76048150
247277608
249035187
5327201
41161735
262891440
158017424
183535561
253310190
247808981
47144252
867216
191915415
165186616
598623
1709269
2065319
171585883
192693752
247987740
198538580
160837027
247395075
193570248
249286067
198561942
47216629
189194016
1465509
215560716
193434379
470322
165098795
47241403
51100910
247705918
487029
249035095
252908626
201641563
38188975
199648762
182712939
46821897
135324602
247277722
195763607
181989320
262366651
257868869
261462258
182661606
215381269
1058088
216476940
191684780
261024572
207961283
178461144
164076395
195168562
168900692
17049585
175445491
236800561
248350809
247463361
247277458
14699387
201842574
98022806
201832535
57816192
432070
4541277
451181
47139576
262515417
2075305
20363322
248244124
46825254
252567443
207961290
568637
188693531
100285100
10782659
17536931
204416901
57040116
179584496
168900683
217739775
257868867
20487972
193976631
71508903
257290652
257290743
249567140
475106
106336720
159389036
165098759
760371
95157549
207961346
184698145
442948
19266975
560313
469693
58178617
258509063
258667326
163021210
258667294
164422492
217363744
181264634
598619
450678
78553652
6545253
469709
42089950
146271259
151950659
494320
257868827
457136
17538058
216909209
472764
89701711
188844697
214584790
200976490
213516882
566260
199965287
199648054
200766732
2465679
47143974
7285981
1600101
191684804
215047371
163021184
970174
474752
57816176
11237924
217524830
262758139
637454
198430790
1617479
217741974
487079
3619415
632704
47139280
165098788
768369
200650928
201627337
257868845
258668271
20339322
78553583
178957486
247838716
160836681
474948
115246675
632675
195573644
180749766
191683596
197888653
223742047
190824152
113242591
190755904
1617477
113230562
17632937
695461
580376
75341019
249566253
249373773
248237876
247401337
249383092
249034952
249273918
249369477
247931467
249777489
247949073
248246789
252078224
251734254
251734280
251734179
252078216
253056652
252679697
252079081
262059253
262059271
109949813
249383756
252178136
249937919
249035195
252078533
251734305
253276559
248740130
262427400
251401593
252853802
253318573
253324995
253311631
253376697
253665118
51348614
25361931
262681135
262657552
262681504
249349183
262678236
249348648
75342639
211312658
207961286
207961334
207961311
56368487
7167837
185225043
247840690
193434580
221516941
146272349
3157647
262736795
146273728
192950651
192950923
176522766
13934775
48753625
46620794
40353189
146273913
258509047
257868818
35596119
235726641
208070948
164428818
203931534
216476675
106348432
262063467
189115651
207937258
197879028
197862850
217103645
216964848
57601977
247666449
148033630
197148847
212665639
57816189
205294154
202007940
9807322
191354240
199648876
165098769
4311047
262908203
205564901
249398980
191926734
120183217
50371028
252238321
214841124
251734153
250337334
252633013
247954718
251402804
249389628
252563925
252080313
252079752
249777205
253275928
252180260
249035135
253325689
251734274
252972449
262736572
262762212
48921989
207961328
207961302
207961340
207961316
58447679
15330128
217742438
32220586
243807935
146270286
63056673
257868847
257868863
257868871
257868885
203810910
257868903
183539090
212484367
192950891
171585999
263209017
263209019
263078521
146271768
222627204
200997925
218729546
197826306
247843321
165189158
195912621
161541645
58177600
247667386
197879074
58658617
29288290
212580190
206270318
182739447
260847211
216720542
160841290
195509984
253400248
184475976
199964815
191356261
184332914
201845682
199648889
182713294
176760923
186265620
262692518
263100516
262453544
263044540
262906827
262897995
263366674
263327363
248585300
217268961
103824687
35472697
50370097
20717196
42595471
249035143
249934856
249389432
249034974
249035074
249355380
249034980
250421115
250337394
251734170
249035118
253152255
46916976
249035044
253197126
253325835
249938023
253057708
249383908
249349016
249484301
166602326
247817062
247240000
252562521
260831120
249034866
25321084
262462107
34746572
48922259
207961300
207961319
263208987
263239835
263117536
161929454
197973377
258668317
132846673
19899739
56365402
106747276
198563615
198089185
235703930
195573652
191684682
183538620
206145246
253248301
146273801
900634
57844383
222627243
216720856
247441962
184476164
92094589
193568415
247419797
197855173
164534922
195201422
262061706
146224487
200994622
188845087
188845384
262061761
247666862
216921041
252410394
202622519
190702109
182598357
32583299
165098774
262766947
263367041
263368399
194451539
178219901
249289408
249383970
249985812
249035272
202417441
247927721
247926983
249277124
252079502
249034821
251258738
253325784
252951186
253324492
252562948
249035108
15268945
253297572
252078084
251734097
252078413
249035218
247951726
249777325
249382805
249034834
249384527
251920861
249484423
249289886
253176756
252079334
252078123
253149254
251734444
252674317
252568437
249034835
262690163
262655063
262688058
207961332
207961326
207961285
207961338
207961294
207961295
207961314
207961329
262978011
19269703
263108504
48921576
247942281
160821959
1465505
160821884
197147337
58076540
5516401
24969931
172421961
243808042
212484361
29288310
5516405
13934773
100285033
11368895
45299953
258667310
258667290
198196924
247460896
199077997
161545813
212142939
17537923
247277322
58142150
258667320
146271218
188694498
258667334
192949023
263090423
257868820
258509140
258509053
168900672
247879196
263101411
1387593
224080087
224179165
216478551
191683442
161545815
198073603
14949081
217742072
249390245
253248299
205298854
201842949
158018010
2100517
199964834
204310848
182713418
199568380
198641583
186265833
263333512
4311051
3557851
3714265
249452388
249397731
262653444
95157547
199896460
247835187
249384145
249389385
249348664
249353748
251734252
253151854
249034993
249290646
249384264
251257055
249035228
249287186
249035093
244302142
249382484
252765339
252080355
252080291
251734192
253277211
253264545
253264113
252941741
253325734
251734257
253530857
262086251
262059305
57601979
262679732
262676157
262676964
36373331
211927135
207961293
207961282
248695785
207961308
263075892
1794759
146272131
146272120
32220474
55070249
1408743
222627439
113494141
37019011
194142609
181989940
258509081
146226470
217478965
47142554
17049575
249934995
197862884
249567422
75437358
216926923
204649519
164438954
14178601
108151211
58177602
203506047
204644650
263316778
202008026
204314134
201832661
184332894
199581759
183742047
241767444
1989207
2465669
262792374
251998841
249376815
248639971
120183280
7285985
252080156
249385077
243015226
249373700
249290330
249381111
249384181
249035002
249384778
46912812
247666481
249035088
253376107
253152819
252078501
252942092
253324987
252079069
252079129
251267728
252078191
247830837
252078147
251257391
251734295
249349511
249035066
262457801
20822819
262655131
247863540
207961341
207961291
207961304
146273670
1387609
195573654
248524775
247821185
217478794
195188638
263078497
197878947
19682573
262851752
263087288
263101020
184242761
103404652
258667288
198031214
146271320
243807878
192950903
257868849
258667342
46620798
1657989
148029044
205497416
216211524
216211319
261805783
206144562
212155296
196141637
257290668
217474504
216934133
214666221
188693535
260922710
249035150
1387621
204053407
205298777
191354214
202004273
132879630
75341402
205294141
262692617
258667338
249398488
262914961
249401350
249377722
248087739
14244278
104273603
7953305
66131771
66131772
499068
261971255
198588708
183535551
249399475
208499348
196536067
68440464
145310998
57968599
147761099
249827294
92142565
191684401
262003627
216972663
57734370
249285317
262065123
247841627
56719627
435913
196536913
247810905
247809348
169716767
208498774
66131769
253364803
196537611
118985133
243056426
57515366
184832937
253630368
197890090
33030566
249204401
249567787
12074732
183535543
20324653
67492038
102131013
253152793
197150344
263272867
197855230
198457573
198081747
262681392
253197386
257868857
137223621
208499395
251540047
249567594
204957491
196536156
145290682
58547684
207251194
252078048
151553110
249567995
261988558
262569403
195765033
195741079
263078551
9807333
6963049
138891089
198648855
198649799
195905601
103825071
32647636
254146133
57515596
217476292
55284663
253629747
202239498
68441651
189099939
216720860
203439117
121245674
250383074
165144216
48559133
195685890
249578194
12074720
197897246
195245522
205299159
192913367
247949626
131536061
5516535
118540949
85002095
262756326
115123313
68229369
14436202
190460224
57515439
121245010
159390039
182711614
152046046
182711608
121245849
258509133
222723642
146274600
121245174
186070289
185397088
216345284
251540003
167640436
205299124
202284755
58931090
68229051
184904678
193387043
48559088
121261152
253299596
179988826
188896621
263084171
50407244
263082037
188837663
250069780
121261529
244299900
247811021
249470537
197154154
198202563
208273510
262904771
12074727
428735
12074730
196142018
145309548
20088468
260845030
195763634
247829723
196180892
201629126
199578781
512967
2065339
57515565
443010
433463
194954525
190455933
199972788
258509079
183535539
430617
197905855
474764
58407462
563340
155255537
486741
435900
160841286
3714267
185457486
5513811
197150573
474748
494359
151553015
1732901
569542
124742819
258928727
68228789
225201400
249975900
50407424
251925032
252562725
249389679
202284836
252948150
253311476
23486395
262689925
263084883
263206768
197825948
196180898
176522594
188712549
183539082
192924461
262061790
219155752
195912200
175971278
201624556
249470191
165144193
249269756
248799071
50407300
251917419
249034863
251919276
252905565
253310565
253305509
253257992
258941282
32744751
25246305
262907862
263077807
222723620
262741375
222627412
191683575
247666669
213672336
213532596
199582033
250070843
263393320
20577348
50407129
252562841
262056597
253211868
253393916
253305135
252078462
252077994
249384194
252079965
262681337
263272873
263108367
263208926
205386640
263084676
263084644
2065327
258668266
50938822
201624937
252024130
184486382
191423114
197855018
196156136
197836648
151950624
262877433
108564178
50451955
257843686
249978614
252674380
252562882
138882389
247947901
251915140
243013556
253211587
248800502
252256859
202284288
262655387
263272910
263273230
263103096
217778278
263295308
247831243
222723644
216280799
198642668
186070274
203199468
191423157
188783992
45370390
249394449
121246115
252079645
252079642
252299120
252137804
253326033
252127271
253665793
253364173
252077912
252077968
262056741
262067777
262056807
249381173
253421311
249389662
68420371
262688024
68437606
253563128
263272881
188858403
161968311
182823537
111581966
263084138
263083774
81576294
160836751
222723646
191423196
35127835
252079673
225201434
251927876
253535325
253059383
253058382
252078609
253059108
249269991
253211617
25327486
249350975
251534446
251926373
253152336
198113369
197828209
263208524
263273288
263081967
57515622
263084854
263085395
262861153
180044531
124741920
124742860
205722686
263087788
201843387
199579080
189556591
263295787
262915175
50215027
263384995
23446166
31144629
121261352
194033594
197536500
192520811
252392933
107892373
219151321
100301252
199648786
254410808
143302824
247948836
253058765
199727419
166058538
249579376
199898389
252386852
105230282
216714807
252711649
249382939
133139823
199706074
247823534
57734195
195797769
91105633
1732899
199898476
137485499
71934346
251922541
202284852
190460655
259537211
262085926
251418912
160836976
197656514
118973762
499816
262898029
199728480
252711731
195855150
201911366
252105118
201926328
201917496
247274989
109573344
435929
93210737
19906126
262915225
161967958
165593635
204310348
249972239
262056305
261840483
262690208
192015834
263385026
253325896
261941511
181461075
164491450
197186927
201892065
217202289
262077993
261813296
252079693
252077615
201914558
249370881
262686920
204291900
204310805
263208143
263384840
251912652
249847309
253376253
252079162
249452440
206652688
262693340
262758702
262732019
249453080
253376798
261952930
206643746
247240058
198197200
247240070
262765968
262907650
132959921
58605306
161409257
115093772
204292051
20578017
57966109
202224719
202052300
175445520
262372825
198075170
175445679
23488592
262876270
201476031
175445772
201293799
199648559
108770155
182542119
259536323
161968375
259537472
263040649
186192204
248915720
198076638
164494585
175549875
156687486
68456936
249273098
68457333
252905561
252633374
262056425
108770148
68456730
198072892
93876820
111975820
108770173
252574831
261994722
253665991
202252470
71659708
100319363
204310176
253318885
25246052
112869861
161545888
111977461
161545843
111976592
50463326
112926156
108913922
56753414
71663463
109084055
126694661
247927061
247933344
252035720
248802293
195765086
73627603
75427871
249777018
202650620
252033779
167061333
198077197
204309123
75410555
75410733
253326348
54422663
202004606
249567939
202640078
202258941
51030896
250458838
253268764
252635147
189204264
249777596
202640189
58879754
138398200
73627605
66131777
115020926
169819853
126692417
251917799
252078310
251920397
58616076
73601711
167062378
263394749
249034820
197970833
161464909
204309158
161553374
249035091
198295602
204309133
252079941
112928867
262904855
117002545
259535686
164583089
202653953
262674034
50495484
204309117
262045613
249981409
251927114
82847616
170108071
115131070
114612915
175445724
175445504
204309128
115079373
112928176
204309113
175445432
262731191
204297971
262908140
171611688
171612697
171592861
253397089
1732897
100308040
170887768
207900058
249296004