337774
339739
331550
262790815
143176488
555139
342748
3284713
5851829
253166356
1586135
339296
2835951
646803
191923984
252633298
22253788
3849551
456028
253432332
22253791
401485
202782793
424945
35794230
2061551
198113481
428362
192908948
401818
262798903
2259019
192951231
2377347
70554973
74744227
35794105
198119809
2259013
2202643
48583829
253330668
51519197
51610959
97842350
252633403
74744237
190757876
516406
559770
43159295
221225776
19830328
2377355
153972708
2361117
516413
2361219
97843135
2370983
262654636
198119968
50238760
34752474
262045287
262045211
2361115
109945645
516419
402262
74744219
2175705
214933896
2465315
516414
19852375
516079
2502973
516420
29355027
214927330
74744243
559818
55286803
58711254
516402
262305741
2502955
553458
214933611
559747
516416
7949427
646804
35764194
2377369
2377697
342747
10714764
559782
155832648
879278
646805
1744923
3854885
2182075
516401
22984866
209379587
25203741
209379620
209379585
2184635
202487859
46689798
263071072
141123856
262974134
2208887
2378007
2465299
198285298
2377701
2377349
253324500
10736462
12672199
191779847
63672353
55285759
106351580
214927089
209379618
209379634
10650585
2441331
262970935
2377991
2499533
2378037
262798958
2377363
261995257
259483982
2182059
2361423
21090664
3856825
2377419
2361223
331564
12669476
209379606
209379630
207256557
209379616
212110152
58710936
262469683
2208729
176537176
262790875
262798932
2378033
2361183
253427353
2182069
263209642
198285428
71361877
51990988
209379592
58710606
2258977
262648829
209379612
209379636
7836337
262704755
2377395
262895693
2465309
2370975
23436901
518683
258327571
3855177
2499793
2377655
99343738
97842383
192908902
198285201
43751929
55286026
209379638
102133106
22528734
55422969
214924239
2465321
2377797
167620435
3856815
2370997
2361153
2465307
254090691
2624619
262516423
25203447
263246431
198285261
207256424
202492070
142463630
190739483
209603506
55286953
58710351
55422957
54513321
35794129
262046458
262798997
262798979
262790861
48754922
2361157