1667307
1667291
58618215
253284506
253284500
185873053
262394059
494405
188554188
252011898
243808008
261984014
57771448
73865118
199040299
20056400
207754093
1667295
225269056
209379553
102733686
57771444
54598823
26411383
198888290
258378725
1681461
196315287
247408805
102818464
196315289
186890455
102163692
229778099
541248
188753481
535621
90255764
249050928
82700696
1667303
397730
214493611
47276710
195969780
72001038
57768116
108888189
207503097
57771438
76563750
186200764
36454048
249768318
19274773
1732971
14996958
168959782
217509153
77746981
569996
198511598
209349510
261965985
103790756
109337930
161945449
75455479
441216
177703676
208435718
147043731
258215796
68392351
68392338
68688361
204987038
548035
200940247
94230587
1805725
1667297
242274390
209603391
196830251
242368210
73953860
188701188
186893868
252920482
161946067
248498884
215616937
188748515
71076291
138342143
177487153
208907117
57771446
214154659
242090757
252591260
577026
210760870
194406019
12055606
190254441
187370742
8093146
63922775
216936369
202239558
198342329
165038803
2405833
218761551
484399
429681
1338983
253620243
225266028
58547845
2674231
960649
101413932
75760126
170334706
261072252
403592
188844623
262512763
187182915
198869029
252533167
252011534
71172679
252755694
258378670
200006823
248911275
198866488
125739666
252357135
182129738
248881084
220678510
253053310
227756856
2212563
252858750
190606411
73438255
210439612
485264
215411270
216934901
196488168
252079910
214775369
116187373
73475125
186369560
253347163
211008121
222678443
242618738
247424107
548055
114830487
172907517
198510661
102151701
204416931
182112716
187618955
48136110
252052367
257865694
540345
217255645
120183869
90619021
253248319
222518689
215392264
505419
572583
556589
188947073
207256061
72338734
540293
253053698
246772965
222490176
199121010
196488065
95333147
206483801
198889596
103875022
257829511
487750
1040348
51544928
205901792
247418110
209613258
540339
446181
248883319
171327807
171387345
57768092
257782042
214819622
56752545
229725709
202822302
90143723
3495267
249348748
3688947
3738985
74401779
101202961
95759693
249348674
75764103
184216593
72289905
471764
607217
392452
125737899
607213
102162594
208176090
75764300
251998498
248243351
163685252
192397068
98941597
116152000
208176144
1645699
262581987
241668324
116154263
248884512
960645
252033715
253129519
787531
262045735
198578787
253620230
214822396
166437340
76552569
199236219
198516554
140046100
99195537
95309584
548047
248884058
243096964
90619023
116154878
247308780
262839157
87392046
77917980
212554429
222429790
227637788
140574387
249348679
193922283
939113
203966796
213517287
214154696
204442606
247274275
198515267
547890
200936113
206995106
242504880
197641735
250015651
189153802
159853966
248877168
243043459
571637
184301697
171022572
214775924
63841740
254132203
216146768
225274204
207255680
217510713
213787796
114830770
259489543
229954875
193928117
147043604
203968181
90111738
84890970
209604549
222483845
248886592
251533669
229703020
94230201
216133161
169325660
198696741
12104901
63920310
198888181
229703306
217511928
116187270
198868728
68082415
253043062
102638688
222498753
209388501
215731317
11825340
26426359
171022549
208592942
48947406
102907767
249084903
58162991
138908380
113337262
103297651
2719955
193640390
188487850
248877801
200936331
75626948
203100913
2213621
13318920
10381427
247263430
168780451
247862404
139970079
263098600
216464035
162549877
138314068
209273863
222514016
209298723
36702031
248881635
8093142
252357139
93268416
69343645
70613115
254081944
242370775
145827399
200935615
32079128
186957208
235736150
261813584
240893591
81255719
121185786
208314774
207277761
223694933
195358127
74401581
217472016
188500843
253631716
204443576
1677913
13362343
49226540
198889585
248341953
217522307
261951854
215389147
253089407
104861073
177273502
73871672
203765477
161947183
217509367
32079125
159851191
97979213
78891145
813488
251263383
251465275
250069959
184987455
195245998
263243754
111234121
181253176
263107773
31261842
105506525
83618623
201926996
230966312
397727
261800456
185647268
159863613
114832714
76477732
848112
254132201
74362888
141792534
84886095
195955719
254132158
72103616
257835555
1805727
212260678
527675
28753792
252062257
137440742
251942832
248119659
253236236
199535629
96989437
1667293
184774165
168959954
203085208
242619977
171022571
32079123
254132134
252062312
242772299
116148083
213862665
74853352
251942820
175166905
252052818
214753121
246772875
257844553
105671541
198888327
242411348
205726408
249258873
178831331
144273034
71894552
253626874
137129367
253236637
254132166
168959812
204413363
241961901
262852695
190502218
261968305
241960042
162399309
72955604
68494960
247938838
197666809
207256529
598612
253129513
73887638
74854885
240554361
216870413
439792
101214769
261802101
51903710
253236437
202783649
26447713
246772893
447999
202647551
198511364
257552570
204880857
262037798
215390209
94188672
253412350
397187
506128
198511762
73674718
68453185
217174220
2884153
73475938
202832982
221266711
124893089
92010549
409383
261967585
253040758
203110401
213589235
200037761
105613792
20491684
205392071
437463
108884270
253040742
75764871
192949848
198692880
253268556
160684535
99995555
207257015
102161425
593146
198511811
66134004
207255780
171022610
249764312
208118276
58565113
207254986
199516339
416508
262305442
171022630
442508
199520386
262042670
161947143
94906037
126570277
249205049
474232
241960502
3646971
262036408
207256531
171580674
37468647
68596254
209610094
634677
248913768
420462
116187802
261809470
198889575
95306065
217528459
74401435
214812714
199236067
184216583
437021
200673232
32079109
151950536
127032731
252053463
402567
74039180
101201422
103874902
531701
635046
199969124
195357223
253129503
187212781
262452074
811802
196488104
77221052
188575734
84490014
25497502
249026471
254132132
203477517
262898074
191947886
75764533
520552
248889494
247863175
165789823
95266839
197516083
250692425
72680316
36338726
200016970
262658734
116148831
261995208
1481943
223759751
1059888
90111429
262037919
198888368
247808614
55611164
172918776
105650625
247238694
262766973
189228734
207817481
74161253
208317344
248879845
214812829
252858776
208678864
161947317
259510940
214869679
199118854
185027646
172904874
1677909
199048872
105196752
102554578
84873230
249347297
135950922
103615940
76552622
102779605
243096604
3606461
77221201
168959987
263085113
246772897
51551922
859274
247275256
200631173
49226544
214822699
205883930
220661989
180577404
209455109
262852699
105205859
178831452
192396289
201036023
225205271
171581090
84890999
506183
198516986
148925903
47183249
229780809
147050287
105614815
127032429
177977596
217419850
242693632
171327251
84438441
177481227
247888841
171580836
170335569
202604248
185006425
206602380
204443661
116187867
204443946
253129485
55611166
262734986
75453622
242773068
75626782
203095222
103710673
222411882
252090725
252004830
246851364
203462254
416495
253889610
75486204
97979217
198530576
261811005
103874904
176779817
116145731
206483425
199516479
249348770
192950263
55185703
202702946
196488057
248591150
101089453
184939184
257833134
247887097
87392042
105614101
254901644
202961653
246772984
184216590
241959950
257859364
94519516
203957565
259534883
103786348
181908115
132302666
184945527
202484378
92164597
16154560
116187601
252719721
198360299
252941727
125737994
208073146
198916359
75764261
241960391
103878934
50294364
357358
201048667
219148104
165777887
257869275
259310524
253039862
105191899
188374923
559848
35770944
116152174
116187852
72519437
241963666
203966654
247783063
184941031
126529777
198355942
214113847
90403237
462102
186887865
3646957
252719683
253040740
242487817
207566428
396160
199120674
146481361
253403106
8093148
441806
531687
253129560
135968289
192949882
416605
3738965
610656
2213631
116188002
116148052
183725306
158777392
257865703
257865708
242619451
102554549
444198
247799364
252942517
75759904
531684
943226
214113586
105514097
72519433
75763948
168960031
190289042
182105929
386478
146939803
337548
423247
477670
176748168
221735429
253149256
56091653
416519
48248836
247421730
140248519
55611168
202511489
188610159
3738213
591815
252062322
116187893
97096217
193928254
186199464
197607115
202604267
148598597
3738969
202961659
205387465
208118240
202346825
37134828
203202209
207983520
36398368
247342003
116904744
20455619
558396
559151
114831622
262662102
198462739
26411365
161947329
209902428
813172
192950254
75626614
128711543
262301959
230255788
252385861
591850
487303
251999874
73475100
252755681
137425287
209273858
3620873
147221273
37134874
89751672
75453720
505416
247291003
262078085
262300607
441232
103875650
8093132
162571392
224765050
95274146
26447948
171022555
116187699
198481158
227691475
531695
49226546
207267534
195352835
102163043
243083112
56752260
71975512
684664
208176253
261995026
261809766
1645703
102807995
532035
249348740
607201
685082
55611162
105653963
50714344
200738471
249457280
249168617
248986220
171874355
248913203
249849781
412990
576985
441883
591756
573390
261972159
444202
591835
73123717
57219182
192948694
198869108
49226548
437966
257833964
556594
591808
190142369
73476782
248703296
257865714
97012646
205471507
172457643
249610631
11825835
199516165
73879855
494772
577012
102838345
247301751
254896994
247310469
587983
441094
440300
119398145
195953334
225104715
253248363
105196040
531698
3669305
824562
454842
217899080
35729111
103046185
2918005
95408399
645823
222503508
257865711
169531445
201055588
347173
195952820
109075011
247263426
199120785
219160917
248889608
251462402
250069354
102145433
103875362
93779996
257290823
253042777
250057822
255430462
253042556
252639476
260795256
249966326
262512758
107331201
68495879
3738987
89179129
250374583
95005571
32079111
90986288
58564851
253665931
252850762
93258137
263067118
263029194
396156
225263808
8093168
135812251
193927982
214113423
75486384
208175861
248241180
75750110
246208097
78890746
108588103
95268471
197749909
32079139
1481945
189542791
218761557
263208187
171580913
1732969
95008780
106061654
263098281
103874978
198360447
125740343
223823586
242622068
75764821
126527843
182851147
112059169
49226538
214114103
224706920
205236483
90988494
213964492
138245720
787539
263319006
202650491
182851137
241962966
261951837
195547250
200039181
195959416
37468657
198530539
252079947
249574897
250070664
250067660
261798957
440607
260925627
125737800
251445798
251465368
202605255
208122738
247862413
247274964
210439182
248891725
36791700
249714450
48249288
250078237
127032927
165782071
11198190
247420470
260920236
95010024
174016117
1481927
2917993
92939184
63927379
253443616
144276664
960643
108684484
246208057
246208101
246208141
135904338
103047085
229782016
94362333
196522184
3738967
3738211
172024968
214154687
2884155
158498899
182851020
263104252
263040056
223840992
262664442
168925379
72928243
240510247
202529503
249348727
247416190
262452156
175821608
105644084
30608944
252005329
105655410
137136599
75486066
178107498
68448569
49272210
249348676
200936538
203456960
200940147
207257116
19342660
208653318
177315472
199647669
208432659
159867718
208097081
115254486
117791503
251533706
193525361
203995681
193925515
138324564
75626925
250063774
252080002
252079442
198494427
253344488
209377698
255435011
252079278
247422690
247862406
252078013
253258946
103773562
95289141
108648563
21089041
207503033
225323811
208224670
246208107
95000598
94487437
262053150
32079104
262557432
95006822
26425628
103732076
48894804
171620259
144278165
252062231
260795263
248893276
133629055
251434795
108649013
189234599
263103412
196488094
257831385
169325157
253274882
94224019
93294244
93246845
188751730
108582687
207782309
214784915
262036417
253300471
169314192
76552709
192950959
192949872
160814580
208175576
195953552
198889577
58565055
209867702
101464944
247419142
200937185
249996280
26427929
188936648
257865700
19343261
206205062
75764426
187369198
162995629
263291698
262725719
253161609
253168774
261951841
77222846
195547459
36702011
248796784
105540385
137440736
184075999
137408582
45351232
253499174
253499176
63844064
262036412
200787991
251388362
252719029
95333443
252079861
172024976
35866016
198928238
248911897
252080100
248913666
251254496
246208026
208411760
35771609
105209277
32079087
247274996
260795192
108647809
108647812
263206844
203913574
94530020
263207485
263206832
135054120
74397404
645818
252049518
72340634
2918001
116187875
116145946
225195107
103074125
103063629
101471031
177478947
3080873
26447952
1038496
169325601
144271118
1732993
177703778
173175585
214864167
214866702
95311974
262659954
252099030
196488059
90403537
193925864
56828988
32079113
214812663
259489559
213589292
224033249
195912801
249348774
93271821
209294340
75486269
199006710
25497471
119382189
192360646
161947161
263303956
202770318
198510425
248978435
201034210
124893123
209610783
214785523
253265746
252942243
251983809
249574537
251453239
259767948
260925757
260669078
248914202
177190653
253228133
201034178
153261514
59376162
215730769
242443944
248880087
248883154
105650446
161908954
42631556
251435053
152618927
2917997
217184334
250071048
35772002
95007936
102554647
91105671
102879882
108888853
191808086
90986174
223859337
214868447
75455344
108888607
105374440
171022553
178107517
104870085
246729780
249489024
213589254
645825
168959932
177339074
203483236
249348703
249348694
262010380
214865434
105654091
263102315
116187954
195959911
248237898
92164663
193928659
36791708
1076542
168960022
97012597
73123805
192949700
198889579
549446
253040738
53396500
158777209
257830969
208067492
36701075
203477416
255349621
249348700
83476650
68688351
247330586
251577319
26447670
261813607
211008118
195552949
186495815
36701933
113117390
262695537
710836
36700823
252079975
198928421
248882088
20481298
103875070
178288726
248878587
250057181
260926493
95895107
251734127
216462177
253499162
253499150
250067392
36391135
195991049
253619380
214868288
177860492
209864215
192950982
101459461
26447657
116146005
3688929
116147998
161947122
77747007
248643792
188575759
198355109
565069
75764635
262706037
262301417
263104721
75764732
75486086
117139001
247799386
247415822
87858968
198355583
198511928
102890352
199006700
198354663
200939909
856281
26447838
7627908
209430304
161947341
259489555
105649985
192950836
210413509
241959633
241960169
259489549
214154714
203477686
257865710
862021
127033339
209432140
32079101
84737818
144276903
247275337
68441461
960611
108962360
109698340
249940520
249277111
263264884
261813610
253063820
174321407
195552944
209413572
72338575
36701947
252942245
137408417