204317934
77160746
262870371
210277405
387725
210277378
220666217
113353587
3577373
76106026
209413799
11491784
241821210
345206
193209826
204649516
189588167
10190801
109862021
225267771
135552449
214928784
111582626
57771248
261996346
167462132
216296897
253111154
209405814
181991026
10707066
15592527
137941567
548212
208027475
164209952
208778433
15686464
177860498
206715176
62349850
23870341
225170585
205508265
253129533
34755580
162399299
197897214
32314535
76048912
225386411
76048152
26412706
19761828
14996962
205288789
50214757
179196335
71353257
4708867
550683
196902142
15592528
247946021
189940023
159917640
15867080
587908
192949742
246773009
72882541
205293454
565422
208067460
41294584
54426455
202961583
214189397
250078653
68844180
164044346
5745743
14523892
68855044
251767267
361817
109982962
31690412
222695902
1061576
8011013
201385946
215720887
129138373
263033878
252004032
253241395
242483955
190230191
197824337
5995385
14660324
1058052
48481757
247281458
70844535
210760848
223606837
192333128
229700612
243034600
107059011
644149
117029310
166315538
22367423
70722135
174182720
127692573
179952982
127591608
216333089
200848880
252043328
117595287
214189301
204416968
53720985
41374834
192295472
34180377
165038801
143144165
171580723
246160736
212426344
36313879
205279963
25286390
248789000
243084982
136013292
209432142
5440965
216142898
105278809
262852325
202025036
147568385
198524212
215092629
195832987
77220985
210886595
247405804
253241397
195304614
258567523
251984781
507422
174003699
196514680
214930614
253237427
258805956
242076094
127692348
216288997
127033451
192950635
127692271
178057242
243808284
243808286
202996462
178761417
205406808
243808281
137941433
253276557
196190353
137941512
243086260
215141131
115254287
210137947
22080381
262053143
201385941
252633117
1256325
216462146
54144906
200855706
197636958
190298290
174283444
95163489
137941545
242085724
229731947
221017137
33765288
259675833
121972969
77204234
249882519
163579698
137941513
263102358
208285367
253238305
202475564
201477264
215748988
252079459
245773258
245773235
178288797
160622208
249882522
109862058
180895028
252025292
195861574
195861599
27597754
253271287
252041024
252868492
10104837
77222459
177315574
215092637
34816865
179952433
76527163
14684956
215749031
242085703
217125598
255298745
252079285
200848744
127591566
177197790
262656113
113583666
258571130
262778899
129866864
214931182
192950215
190252219
208780724
263103935
163576677
189466097
243248418
248442800
201055584
214189276
243248346
127591555
210283802
243808288
249940818
173266960
249024257
208648538
186693758
10767349
22080359
32426241
215092639
210960221
210283818
41135529
199977068
245773254
249936852
208613426
195663567
127591107
195304647
250077204
195832814
249823635
253238239
208065984
137941421
178033006
127692400
210525233
215092633
163576673
197546438
215092631
23943907
215092635
217125836
252079867
195304645
599920
252564729
253671209
190321223
195663576
181908625
181929005
221017223
193900116
143144257
211255725
209430857
176937926
51550236
208064363