253197414
3819041
2565261
31878879
58710518
49379110
31648840
74451652
74451629
74451654
2015857
31648788
546222
462833
521805
31648808
45164280
15942260
74451627
212110276
58710140
3770197
192174040
31648820
3819145
58710894
120471988
202962066
3819177
3768933
193128782
45260271
190872519
190875472
3819133
179928719
2684697
56003981
258673140
253322812
58710693
197620697
198562208
193128794
198285605
257869180
49379172
31881903
48755750
49379129
31878887
198285533
31878798
58710114
55288629
31878875
261840730
73385221
31934499
37152105
3818621
192173934
193101449
109860554
89481488
82388555
50239014
253322938
253151840
125506968
247902381
261995031
87045087
87045065
31878774
31648289
74678029
43751949
253324642
12137805
3782579
3765799
3818651
31648824
176417623
191779591
253325970
31881909
31878869
39359873
206715321
58710858
58710166
198562269
31648877
3819163
198562194
48755462
198562273
198562216
66212543
3768799
3770129
168181879
193128742
192173850
31648822
168006017
217721639
73668966
70607748
3782643
3818619
63941975
198562261
198285595
3818589
198562212
198285233
198285503
122521869
168181450
3765755
202961948
3818695
174248988
44605308
31648848
82388986
206715258
3768949
55288482
6553745
198889620
31648868
74678389
149520497
55285327
89481598
75991514
192173880
51591644
55286759
193129176
3819057
3819125
263104130
192173846
192173750
82388958
3770203
86424423
31895761
3768771
3765695
262860028
31648258
261800429
263097664
86424439
31648830
3770133
120438102
198889658
198562267
31895775
87045289
49378762
107001796
250339495
11380930
106997530
58710246
31895779
31648774
70783210
58710369
55101394
81576845
197620578
31648862
3818723
3818617
191780581
49863402
55287617
192951188
55285274
191779605
31648252
31933688
192173946
120459871
3770103
82388020
89481527
88046429
31648860
115966792
57947081
70606881
31648836
3782553
2181811
88809735
198562325
82388758
68984782
58710616
58710461
192908989
74036071
87045183
198562161
192173940
3818745
31648298
3782639
82387797
31878780
31933846
35896657
86424330
518379
55288023
88046393
89481543
82389018
197652424
192951261
55285104
193128691
198889665
3770191
555633
31648266
2676835
3782585
3818605
3819031
2624941
192173758
191779162
89481463
82387592
171591797
198562382
88046361
107001777
31587489
116567433
55286839
58710477
31648816
84873844
3782593
3818631
198889640
3782535
3770099
3818725
196220992
198889656
88809558
23438350
191144431
22986502
82388195
70602375
107004577
3768845
14948550
3818693
31648800
50238986
82388984
3782541
448926
198285354
107001942
200976818
115694918
43751919
74451576
84566750
25002214
35856096
10784303
31587473
31936083
31587483
31878885
3818727
193101378
3782647
3819021
31933844
3768865
3770131
198562400
197388043
206715275
58710355
193109388
198285390
74678371
98131801
55287777
76152750
520060
87045321
25204504
3770123
50072000
3818687
3818667
2061717
3765779
261808321
122521856
31878792
317655
3819103
247683552
115961262
55285667
55285364
49379317
22989611
58711076
58711396
122273688
74678367
87045083
147575695
191779562
191779839
191780019
74451636
49641364
25202259
55285366
55287104
49641343
58711420
192951374
193101543
197530367
198889667
201088337
193102035
193102105
197897355
193111663
86424432
88043535
10682950
198285406
263179653
208056423
263097650
263097809
263097259
197897378
197388139
198285416
263179542
263179513
10787007
192951507
193128786
122273603
122521788
263085294
263097172
263097118
263098040
263099010
263097114
263097488
48754808
190878563
263098514
198285579
3818569
31648264
262804418
3765633
31934721
2502975
31648864
3819159
3770107
3765777
3818635
3768769
262790249
31648844
35856217
31648254
31648838
111155071
3770115
3765659
3770109
3818669
3818637
31933307
176119789
31648870
2043927
116190195
3770179
31648782
174128787
3782591
173449563
192951404
198495168
198285378
198285410
206715289
86424453
31934979
31878796
3768935
31934410
3819079
3819091
31933753
3782649
3782537
3782681
31934406
263450729
3818703
263450724
26595202
3818643
90527786
122521875
87045179
88043622
51991088
55287838
55423017
86424430
210514107
197897364
198285559
210514038
197530385
197897287
197620707
263179578
87045085
74678032
101870753
263085307
71005895
253151856
55287886
55287862
74035906
89481534
55289099
25204072
25205380
73668825
262797364
250076459
86424455
263098974
263097120
263097642
263104071
263097861
10786627
70440842
197530387
197620703
49863388
157824722
198285474
198285621
196220998
171653847
196220920
193101698
193101902
192450774
263097134
263098512
263097734
263098494
263208659
263179600
263207921
263179564
263179538
70434285
7476733
3768779
262859732
262971925
3818739
31648866
3782641
3770067
262799128
31648814
50238996
262804315
3819067
109688347
3818633
31878786
74678086
198285215
197652333
62877603
3819149
3819033
31648795
31934717
4205843
3818655
253324117
263450792
45164200
109852127
26595138
217721906
262903876
86424470
86424416
197530408
31648250
198285372
206715273
198562157
197530483
197897299
206715303
86418174
263104552
263097501
263099058
197897297
86424462
36315995
70385800
191780573
149520503
198562293
192908936
261840717
72702684
88046385
74451631
75991496
58711540
43751999
58839805
198562265
198285617
195696973
198562307
107001800
74451680
48755631
125506956
58711336
25203673
71683189
58711179
101262322
49641699
122521854
43751925
49641464
82389062
210530360
193101666
247902379
262799227
3818579
262859577
262790354
3768861
3770199
3819113
176119685
3770175
262853128
3818665
31933309
3768797
3818645
3819093
31878873
110737266
31878788
116132651
4205809
206248770
206715287
87045158
198285523
198285304
198285338
263085323
257925103
3770111
3818597
3782573
2061719
3770147
3770031
31934495
3765635
3765647
3782561
3818747
3818657
31934408
3819099
31934719
263450680
263450678
109852124
217721746
262804201
191823951
195472312
193101556
262705789
262904752
196220914
198562271
191779545
193128734
206715241
147575756
198285601
198562376
192908958
197620740
201088335
262797382
261840719
88809599
106351641
58711550
106997683
89481551
58711504
88043766
55287615
55285595
25205127
55285396
58710602
74036018
48984124
55285025
49641238
55285473
58711080
76152511
167664693
7476729
517612
261840773
193128776
191779343
74451594
48755941
86424472
88045682
55285440
125506964
74035930
61553598
122273694
90117460
58710058
55422862
105664912
58710840
193109283
197897333
197897277
206715249
198285292
210514069
263179534
87045344
197897311
197620687
206715252
191144391
263104713
101871151
87045140
86424434
192951499
263097736
263097755
263099073
263097857
263098616
63947790
263208637
122273605
192951525
192951275
192951315
3765645
111156748
3765663
3765625
2015839
3765791
31933757
31936081
3765643
3818639
31934501
31933750
31933692
31648284
50239012
4205841
3819179
263388456
197897341
202961879
193128746
74678081
193128816
82387586
86424468
86424459
193101835
48755738
54660916
195696913
192951460
196221000
191144396
31648806
3818685
3765781
3819035
31878867
31648278
3770143
3768789
263450676
263450682
263450754
197897339
198285545
197530459
198562214
198285426
198285432
202961906
198285541
263179568
263209536
191144426
117374981
191144366
193101497
193128708
191779650
193101746
191780592
263098442
263100137
263104729
70494907
192951337
263097753
263097751
197897370
198285603
206715281
197897329
206715315
263098437
263098923
122273676
191144458
50216068
43752358
88046400
191780490
86424410
87045238
74678291
198285615
198889673
196220837
191779664
217130909
191779954
58710738
55286622
55288350
58710860
78553737
55286117
50361806
55288194
55287771
122273649
88809605
55287746
191779178
49379011
253151897
262706808
262797298
74451619
55285684
55289415
55287785
48755603
74451848
50322729
55288992
107001915
58710209
82388915
55288299
262797397
171592571
192909002
7476721
250076201
31648852
31648794
31934404
31648818
3818615
31933755
262974370
3782539
168054607
31878782
3818729
3782659
3768887
3765773
31881906
263207795
3765699
192450745
198285561
198996290
87045254
196220910
208056321
87044877
193101499
2181825
3765793
3765743
31587487
3770177
31934497
3818611
3819051
2182061
253324446
263450639
263450760
263450798
263450670
55101403
252917289
58711242
191144406
191779397
195696943
198562319
208056437
191779089
191779149
198562346
198285537
10827222
43981755
197897351
198285366
198285412
263097163
263103130
263098561
10784349
210514067
198285507
198285529
198285342
197652414
48755294
263098478
263100008
210514086
48754846
87045340
198285414
191779879
198889627
198285286
125507235
58710455
55286454
43751952
45462224
55288248
49379175
58710254
55285663
55286594
73766193
87045273
55286420
107004575
55285497
78553686
58711078
52523814
101262569
55286442
106996679
43751947
51990831
43751910
55287804
22988300
74451592
7476737
192074639
139418313
252131162
261994762
3768885
31933311
3782645
3768895
262790302
3819019
262876283
262822268
32112171
31587485
261091796
193101813
102133006
74451850
198285225
192951432
197530461
198285464
198285511
86424436
37794639
3765739
3770091
3782653
192908888
2182039
31878891
3770207
31648294
3818575
3818595
263450693