185067342
90887853
186567770
92504844
190861557
73788640
209379528
209379322
204941412
209885969
209379481
73489869
447855
90328908
208115518
90331675
84566333
90337931
63190447
90984943
452384
48291558
448837
48294619
195133818
92911400
189885569
441985
252682856
466707
262746336
262745955
90331427
190231457
200727662
76126166
208747861
92504861
178498802
85361944
225238935
249780115
207811625
208778527
262744708
191764020
163021289
262746222
262744914
262746502
249679588
199978966
200762180
152375121
195960040
88998605
178831497
262741383
195959423
133772916
249679651
215727673
215727681
206237678
185654000
215727675
215727679
252762249
257857314
252762375
252762633
252763128
186233246
263049497