195892044
891582
66081939
171734661
199125529
200971072
216230453
195624069
210964999
204622976
210432365
203863754
176146872
73992350
73947575
179985233
55698034
195894720
219161504
171668662
216230399
199576195
205822214
176933960
92091185
205803267
216230424
195544430
146448221
247677237
106906919
204621722
205471354
171734918
66108590
155547719
200971115
171734632
179986565
56798134
56744708
252416772
249637109
179985728
169545344
235897074
177086040
206292295
117556953
217562122
204623070
147854495
66635530
73909324
184791944
146448195
98153353
114894517
216178765
194451658
198553664
56968109
177591916
122869789
118777847
55695128
196028282
217329896
210500278
198254123
206681198
198487616
204622916
252874888
73403913
149272059
176934826
171734833
199962593
92392965
192906385
56864083
53917966
73509581
55719018
213962421
199961722
148048424
90885622
205471594
148048917
196293227
103400755
241787034
170889584
171735074
55719576
55712826
153877391
101981701
208236926
139211628
205802211
204623159
205827667
204624824
178778807
571439
55239004
137834719
571443
208507708
205804324
204621805
138900054
167489392
66108201
125728814
115795732
571446
204002841
140565067
112298165
203585419
142392908
204625582
55984243
206294497
170249810
56801775
56813120
192978835
205447741
891584
205883033
205494976
179986180
73410833
117559149
205492271
205489813
252857801
198067824
58339523
205823312
144476884
55703860
73410356
55296744
203494210
65129653
79813590
56960975
74261740
73513206
204621796
73519530
154405011
206465349
168896082
73516959
73802339
73985350
114250766
56866018
159968030
76047918
178547829
198062301
56863874
205804311
205804316
205827402
191921107
73803066
66123956
197848583
66400841
55704106
55723789
66107835
55983639
65184217
66113132
73815502
58338062
74025038
77278582
192906059
65105207
55962586
73412952
249153033
66421488
55982883
76065173
56745036
76072023
66080767
56792746
73815206
148048894
66114593
247353055
189373657
66106161
55237689
148048430
109576203
76065466
66079677
58340547
73521380
76067808
55984337
66374699
208683522
74010863
243032950
109044828
205493046
55700961
55720055
199174308
173694324
148048637
106074192
248595436
193382314
179136623
16605232
252029125
57897554
196204919
248760310
205443393
66200988
195574137
247893789
66386309
251772566
109376751
56961412
73994478
55696354
65091985
127881507
248989709
252693442
151764923
66422824
58340930
149391225
212554047
65370372
99189471
189338178
165118634
212317117
28307781
205817212
66105915
66405458
252416635
65185904
16605252
248497708
214148639
134372951
262848262
153103088
216178773
216178787
197853004
252354279
16605234
199996192
111868470
196223697
195692735
179985423
248543479
242226395
141729488
76070553
55292053
171858874
73809483
66074796
173133881
55959788
177888969
148048607
171467746
66198145
58338103
103697522
55982198
73509328
196545331
55961743
57897450
178576071
248757977
187795253
73994835
66431639
66079680
204621786
4992311
73984405
179985437
55293399
55982586
249789424
73509710
66122596
81868194
56860191
176676120
55299915
66464259
66469225
16605228
63947928
205490231
76076219
56864405
56747359
176531021
248986757
254090951
178778694
167553161
148048529
73802770
73518834
170124037
73724182
66119361
66115753
58339582
66108368
26214863
205818613
63944458
73908517
76070177
178052804
149445789
215449755
55695309
66090085
248262530
73409829
144329012
252416632
155419095
16605244
252416696
73403380
55294399
247322323
194457965
66106019
179985869
65125300
170036443
170040947
196203633
76756968
56944826
97999390
55982761
66117664
205591387
73421765
204624423
249791363
249796271
891598
174291611
116111257
200701170
196146513
209349468
209349989
189363801
192195196
204438647
172574260
248696577
118719898
263179114
241787186
247933135
185340097
241787025
241787036
241787262
202645956
185232080
216178767
207757474
115947067
196874266
198565735
247262455
136400896
196003109
73521178
248261262
55292776
203841717
73420293
215185192
138897206
179400648
65095295
73527353
171859096
56863500
113479398
205460830
79813516
152023613
109576212
205471084
148699282
55291374
197848744
65118491
170280577
204623003
74008135
205471646
26150257
205872854
73519410
66072638
205018294
66376267
65196042
66108670
249774228
195693044
73515865
80947216
73796970
73421171
73403674
214114250
55291942
113478738
197849140
56960879
76071394
217360157
65109475
73896754
58338308
170889417
74264723
205492447
193860006
73983591
56961487
113381295
252416634
252416718
73526841
58342595
176782375
176781134
193388498
196190364
253390960
196768432
249796106
16605258
255179518
170024275
102048193
251277804
251278625
131358752
73516687
73725092
56943638
90893151
55236693
74264384
55292269
55293093
66067726
55981922
165633236
113479728
66399296
158641100
65130739
55291706
79814299
65126913
65108200
73517124
55959588
56808634
73527131
83787710
148048841
169302641
73518499
90888426
55236118
73983543
152023728
74004994
55960028
55961615
155278348
249040954
204624737
73948060
76075156
178778523
212283126
210516333
210463267
262494728
191806997
891600
65188745
138384476
248994430
263019961
241787027
241787095
254124033
253213560
199932477
103405017
214848632
73896526
65128665
214893481
73418987
79814639
56863389
178778505
205816924
76067592
197406369
76067215
148048403
79814036
121209954
153998472
205883094
202417966
73796792
185035385
74263626
204621776
183736655
205489797
66384154
56946412
73947860
66394854
65363687
115500849
73514187
55960163
73798048
90886578
73513861
170889408
56746272
56863286
170124231
204625184
225951346
73815341
73414384
66107720
92088606
73525962
66387257
73521927
65103238
73726158
65091194
205818487
74006573
55699845
55703605
252012661
148048554
66635362
76075998
55983235
55982647
57898052
55707036
171734960
190590816
249854692
118717184
153501249
254091078
212959960
55695741
138300415
73994429
66427244
205882996
66109767
65132165
172573840
195980860
148048556
251279234
73516035
73402991
167890026
113480372
55702012
137834564
73985405
181993466
205822327
155244515
252416674
252416654
179548075
140764252
212264698
191824601
155242844
252795110
106597732
125728264
251929568
204622131
243037594
66082797
147665481
65366734
73815711
73401567
144478674
171127194
55965032
205801871
66421772
63951836
55293283
57897628
119287093
249000366
143749880
263086791
185340414
241787038
191927989
192376813
169545258
216178769
207757466
206203729
197731541
197338115
247262442
137228834
15889475
244301366
252036212
195759193
180949576
66463212
144477921
56864303
73992213
155349216
73724720
4992321
56970493
73516435
134498083
73401935
205803269
80947702
66392383
80355263
204624883
203588904
79814668
217462322
73806160
65094038
144479222
149271262
65114849
66075514
204623166
79814511
58341727
205452380
65126080
148048432
205471505
205450011
76066374
73983409
167553586
90893252
73510613
167891971
149916059
55237235
66116210
117557310
205819502
73806531
80338538
213587624
73409314
73526568
167554206
73726364
55711467
80022665
205487260
196233725
176935062
66402531
12119168
55982449
65119421
204621737
73808518
148048426
66079683
148048874
98153256
73509853
197964109
152564977
55983014
73983962
77278439
56790029
205819939
56804890
55295390
55697804
113479690
166561178
56944430
65361863
76068254
55707174
73796537
197777175
55982351
204625594
66065745
73803556
74025022
252416665
252416678
66121365
55984197
55982107
55695904
200794679
73801572
183902158
200701810
176084271
247936977
242891028
249789703
172345202
196154231
212088246
262483615
212088039
212283085
212264252
212317059
165098866
253866092
230246670
191372469
118723395
175781231
241787292
155598751
197853240
173327757
173011223
242759916
196874241
125570167
179985198
252416710
261964292
242294848
73815413
155637294
205816857
148048572
205804031
55983714
55291406
251455678
248797185
58342068
56970545
151764914
207299130
56859098
79813584
73807083
55707172
73513310
73815175
73908220
144475537
197109781
111948309
73515477
167885982
249868231
57898257
66109571
65102813
109576208
66409874
56946858
58339224
205822120
73517225
148803091
74008745
53826913
66202754
55983822
205803919
65365646
56859591
58342393
55711691
197849057
73515377
135460251
73510725
56811044
109603036
55983952
169545260
73515639
56797714
65104361
4992307
73514050
79814243
73897071
76076327
55961985
177085772
205882192
151658633
214657847
79808087
66073721
55721094
202418663
66118642
73516205
73522508
249789873
260968065
179139406
260434984
260811709
249469571
218736191
175978534
160892810
262478829
212264565
210485835
55718853
55984029
66084914
73418017
55961135
55718728
159873333
148048288
73984161
73526352
56789983
160357699
56865407
55959746
185858590
66077626
74006776
16605240
56865276
140764057
218736193
253071263
252416744
137549003
169302612
252795121
192194919
169275595
191818527
241787161
155388626
248427259
253207893
114894338
252721553
198553891
196559911
160601137
196549269
195966954
244301426
141729386