1926761
243223577
90056907
186211127
186229224
120357410
53452969
75813201
252131401
252558658
421620
155463014
34869856
85192060
87941401
252878921
154938614
256500686
9692014
75585401
50359874
16610187
50074646
94878710
45653142
57521324
340631
21430148
244168758
244168746
76755789
258378701
363376
134846272
554914
56819706
253376358
197047868
11127636
87978940
551919
101801585
87452980
248644118
160397655
167043770
249922965
1057428
250020252
229957281
246853817
20086333
167031429
74236579
260672929
193994147
74458466
248789044
249773414
78015055
153873405
174321331
13632553
185024247
10907565
704749
39854398
141489837
456564
200764914
977648
401349
136021332
250020203
202510845
242424802
181998065
215206615
204053495
98239422
127692279
202961790
196853350
356317
973534
56094156
37289584
73717906
192704675
21435640
248504802
252035429
34870074
207933193
90328974
129138436
2852297
44976898
479279
23427171
136753125
244168752
216216856
197678423
43950745
219332731
177234518
56446016
252880594
47809935
215997730
190127523
544646
77231612
253366498
249774880
193736870
216216858
48982098
215997701
216216853
92083660
365609
168232276
160308904
19778180
104267902
221234367
217500588
967506
242620706
94739422
202604463
24594345
13808339
24390430
201090112
214930639
2374181
196900619
625801
198204744
162196414
23619294
203927160
202961545
128917509
146273525
197388015
129381096
246772800
56305506
141678130
199532590
55425082
15869739
798881
202529255
252876612
259520403
175432489
59208623
252040581
74992385
342851
1574613
215136636
216204424
17614397
178831420
92436590
253133882
569583
128711643
252079153
22400985
461268
260806324
361875
249022052
1031926
202510826
173877803
601896
133633916
176777041
19767139
704294
336112
221032105
2120181
186080513
185435419
159011636
51518940
353344
216216798
136753126
95220114
57048709
205809400
260922648
262693254
19843973
27973489
205808667
200940130
262852528
96616366
20434351
262877186
59553868
216216830
175445592
833611
252878253
262392327
200739160
74236577
263209745
252819417
97810023
216216840
247256781
76152165
114271476
250020091
140136454
92092832
247256749
162025753
399889
44810371
215544789
77222275
36700833
185966418
168900778
181799162
43950751
262688574
252043598
48202144
32412536
118582618
149653467
257859359
248800950
207829155
192349299
202964100
199034288
181799374
973536
146262229
206576724
90523814
59344690
692692
118694771
34751366
973538
113117430
193916587
161383981
194860985
170466517
260933444
197941459
215746452
1052710
119932995
115520922
345684
36775048
44968156
212553281
127031560
252062259
192972173
258116155
216216820
147754720
204004484
210118457
192138459
6761243
241109490
192908717
104267874
253240671
54802029
145449416
652061
194860730
217125774
113528278
225195618
35467012
1057430
354111
145455142
935487
216216903
257846623
252819951
197878601
241821081
146271534
117034380
170849500
3494609
51286732
154365587
77221249
191955209
177340635
58709497
70654697
217500520
203998083
573490
67244135
12107546
357140
253237838
4439889
257847999
32701098
47137280
253248356
203933666
118940476
260922647
118677041
409296
242625586
203853054
92859718
162771871
74247027
46640357
47093399
127303584
110448027
38517928
342438
162100206
173911175
441078
221236989
212052163
217207339
77222830
247865528
127033147
207923634
34943221
244303814
357019
132303939
36701752
143144331
197604320
133040151
36701816
260940707
146226466
143144180
192949852
92010611
548043
112083172
32975715
196574338
225195628
96029774
201424421
199039805
27978003
215544770
129138592
203146114
194198692
191636139
253169316
54208917
263035266
262664319
104267992
252881427
532973
32899119
253833537
12398634
188554215
177266365
262724572
208192619
249006192
170766144
193202934
189468615
253169398
160814417
174308041
112083183
7824787
49795031
249569850
444935
202529620
262903841
247256745
35733808
189035618
36610892
30886069
241654026
192859218
214932965
161252169
535137
50215292
23134426
202000034
83742025
260933442
248059987
77231287
262664310
163045820
172476308
179062990
67244083
216213422
192950895
211284436
189466561
190630851
31207324
14901299
15068910
248891770
162113056
178831658
251392829
196284166
35910282
261988282
178310639
212553352
196597234
217780649
23183718
261958963
257859341
225195626
241746167
20589177
1519297
258496263
62754127
113527723
157704839
109776184
247256768
189630630
84284070
199132829
163318649
248800933
203911746
31518137
191136668
213676884
1081536
247540073
46644841
262695146
252724496
10081208
23231903
147415612
31207267
71200164
252040605
29339583
195192142
192008406
507446
24429514
257846539
20438830
30162722
257759769
249244254
48117849
52426076
47103572
35445355
77231239
109776212
261988340
203200654
206334906
176777458
140121726
216387981
757655
82935808
262664313
207933141
137047664
92004367
253293671
215160785
193723050
49021793
129138420
196202663
29248666
33146956
12081477
247546959
7663055
118419929
202529504
248703902
261799401
26170140
191265218
161245760
249575662
202529695
217418684
197603099
248703896
199647346
186693316
193524643
178057402
141315591
163566588
11423569
14168900
210760868
38290597
104267936
119064759
52616196
177890965
486949
369249
171584528
208137721
262392136
247678556
15000365
260806326
259483366
127033283
198517090
262802218
260806322
202604361
66590061
118582423
150607533
104267943
54354707
41638022
37134889
353662
205943773
146274367
215100369
205338232
146231469
170827991
226682616
725981
77231583
202529402
207502971
65028855
260806301
160262680
37216608
36710302
252080030
189960026
142815461
190701423
178069238
218749964
212921231
55650317
53991869
473836
193910692
212560394
160814558
178827131
355166
127032949
248703900
207427677
189462093
249037281
259484112
133050141
203884159
142321355
138106716
32686747
214205641
161254556
170106930
214821187
215763933
213706209
181668426
215739347
118419922
74986045
197603096
217125718
260235763
180576651
176910078
36829346
129138268
262734525
262822154
137941686
19844453
263066536
218749924
260932858
260806231
249017078
14147653
252041036
262656155
174531920
168900676
186080484
42684096
23310118
171022508
196574257
52671076
154245480
136021396
191630727
205370959
195192211
198349768
77221473
243084977
161383030
178957572
117315629
182106046
57325283
183560169
189475466
215145746
7630880
263207712
263292032
260933448
260933446
207933200
193568207
249682102
32051066
248642394
261942755
263274134
42785267
22400991
141338169
196021451
215145711
162349267
23471537
179056819
143144305
197821129
215119480
48101189
215763935
29810046
35911621
77230811
172475710
115254317
215389392
207657799
177860409
31207394
215123298
189462358
35828302
242145329
192949810
138180906
19768229
249693668
77111629
206376460
198128610
205696901
93735091
213997907
148078910
215763937
251394124
215746448
195837488
248783202
215145741
248739994
251513240
107366381
215746095
217125671
217125832
119285136
23948952
194847428
35724442
201386064
63829293
63954821
148071906
29815379
179062593
247801881
67242106
260932863
253240669
2157787
193736634
95226223
253166232
249693682
252040567
217500522
99508172
208271096
262664444
149520334
76013337
127033587
222660434
27732821
214937325
183702782
25146809
253181772
248978719
192167632
253181474
77109729
248643714
196761365
181699618
209178082
208134419
252078612
117315863
176885087
32352052
104268014
196514482
183313793
72851636
161252478
120183394
115254278
181938745
196280085
7465853
197646485
119698562
181929065
204873159
65031606
202230038
1535527
215544772
205809398
230368303
215377522
215739349
225953996
225953934
251462768
198817453
194585610
174510524
114944739
253147123
215145736
215145731
195301267
217123590
217125848
201385876
201016780
248703894
154102546
250070968
250077442
116125081
262053152
262936585
252179527
261799414
262724570
36701788
193900196
193147202
35859428
249004343
253248197
20863437
23260327
8347018
123865908
35720766
252040924
159686889
263338861
247930084
176784353
191426490
186691835
199647448
260234833
225195624
225195622
263303962
263083433
52392862
263370000
77230817
41926702
115254332
66105096
149319561
32613921
174587691
242727985
120138551
181794058
92004371
125005100
130063375
178780715
32352191
210163935
67180387
36701472
120183397
192032005
104267995
64980097
164436583
205884147
189413654
113518207
75617892
136600337
193555740
7412491
149844903
29812121
8709712
253899639
215145733
247381935
215145735
235732106
20633673
127692458
192833199
214820668
215739354
215739352
154062250
260235041
217125723
19678104
253147126
178779842
6279563
59282638
19767520
260932861
260806227
193742906
104267899
215739418
252876194
185991847
252041008
215739420
7846943
34751596
262656115
186080613
198495095
108956808
222660307
52586867
206860447
251577318
263071168
129138292
113529127
168900674
262874082
45012259
249851939
34752033
178957584
177887831
242105399
242104211
63928919
186693624
179799245
248703904
214205643
91998788
252386375
192705082
253169327
247945836
51586887
114944690
206675345
252078975
247814280
180720894
120183231
112321535
160395552
102140346
205813881
178945112
199132960
24741432
215727285
73203411
128711640
215388741
35127310
30165544
23484625
105541874
215543650
30886435
67180163
67242199
184619111
215739335
148848641
215943509
251998883
30156412
195863779
215544785
195863734
214205639
189658640
215145729
192972177
77231689
260236482
249489636
261988471
195837454
225953936
195820566
137952575
104267944
215145734
181990447
202052170
178776814
37943423
249807274
127031691
177891971
193564833
260806229
36570230
260932856
248082759
170487598
243084678
190290013
251077545
181699636
208192354
253248291
195192166
248800935
252040587
214139284
196574469
247750713
248703892
129138486
200738072
191419254
263336553
192387073
253237986
16998677
259482444
253169253
252065017
129137433
27655998
262861354
189938634
119373577
64974261
119698242
215943511
172671012
29907156
19390988
198734475
127210775
32352493
77231310
31122067
132303323
163792695
202071067
92010710
36667192
120183756
178786626
25490777
23735535
32785851
215943538
214930455
120183640
215763772
56575906
67244247
139486702
77231563
230217068
204413834
149092265
34749521
32075729
141328648
261988555
97845307
190355476
207652128
215145742
207461110
165177809
248903862
216387826
216387854
217123699
21287972
127591326
215723314
215377256
215746093
14078908
247794551
74985718
127031787
14203563
250765447
141822381
215141149
230346814
36923070
183040583
250077696
190049124
182106053
20426585
262815816
8569414
215389476
117926929
260806225
200634160
193742753
252157459
203512005
193126203
263110120
263085164
62758411
195192243
106348946
253137244
252040553
137191467
117926912
8328077
183230564
176775645
42821302
187184403
182107859
189035718
215145727
53240634
34746578
249657784
249688904
248792286
197604330
23485212
225195620
74245179
22990611
128711632
182484067
203850337
149080025
21341810
118796459
193521738
120183853
215748964
32075160
184410497
189588096
32077208
198734458
215748968
20613304
99056627
11952631
32613939
119698209
22433140
77231278
32351722
214931284
137940501
37468669
198734463
39854990
138049919
30886314
36701131
189468584
31206228
263201160
157073387
32895654