19662184
5914507
183539219
58971676
153518797
109310496
174099492
220669832
126022117
2224869
1016260
167034118
207811639
2237425
77220817
121975125
167610678
185888708
20013858
198696959
902571
167613889
213589252
167613675
167613646
167613917
4255309
84482597
107026335
54432859
10697870
10498526
803663
167034143
12055604
248773476
137446012
12605517
126808517
532669
146065917
248799289
1708911
137133506
68190505
105739665
9734633
410394
390592
252177765
262037786
404967
213862460
167613681
120476155
251984854
114945255
262037761
252012314
135423708
253040744
221230164
32582988
129138336
3794479
5911371
254124160
127032020
167613665
62874174
204803836
167615230
46759441
203231210
254184769
254206826
254124678
262023257
23609983
198651125
1915421
262073539
245776422
137129343
176080849
251984820
10911587
92551293
19939662
247931401
1256311
163739505
124893082
164323163
11259257
244301825
258379374
120432022
262734976
213961001
254205853
703659
432222
260795137
247901948
13299770
114944698
102163541
62256184
247442545
192360638
73207262
23036852
253700439
109861883
1456379
174491293
37736989
20626037
247902016
195472226
248773424
137245900
216724570
244306947
73406669
247902018
206330222
432263
213589284
247444705
247931447
248773875
247442530
171022626
11801215
247901936
42214750
253420189
73418865
216213301
133933326
247902011
252699885
225271182
57245134
262388281
205292356
262741491
107796331
164323165
216387978
217125729
202015686
159974181
212992967
114895808
1656009
262734898
247982910
438586
210733653
7958000
202475533
247901946
127033386
208117091
201829037
37741429
254206099
176731547
99155775
253118525
198651169
137453871
201308089
900230
149767220
117002717
251984691
254896881
355054
212992742
1669017
392103
543067
125173562
254082069
247901944
247902013
243165614
128711528
432257
192950050
247902032
253901178
202640591
120183510
120183496
127032396
205116938
124705400
155046724
116645843
114944891
241654063
262734904
77576331
215511609
253137236
127692141
199012055
54445424
468036
247901942
247447661
963856
742076
193536640
213448576
181362155
156332573
247902009
4299071
26426767
254187920
137752555
201308063
182993153
262699866
250081526
247902005
247901958
213753366
262346825
247902022
254206511
254188404
89894259
138221040
184052771
105739700
77221083
261951839
57771206
200672816
222601062
127591421
260925895
216982888
242088027
50379016
13372809
214769263
189472421
73420215
254206766
262897801
199999931
23426085
120476181
120432095
120183763
127032289
169817986
191681393
252158685
194861101
193536646
192694162
120183753
230125587
230125575
250077510
253431997
262581891
839929
262656613
247779285
252357081
5828975
247902007
202529658
247901988
127298668
3876415
137129836
262699587
251984757
249938335
260827933
230125809
230125615
252078891
262699759
262693084
249029705
22652432
77576283
254123855
252585657
259489541
259489611
247564778
37741093
182555312
128711646
243087766
217186361
124893102
120183159
243087764
120183371
127032798
118709943
247447655
253166119
391913
252079899
216388041
32052686
37731698
254187566
200853141
213961003
198651254
127031920
146734944
186186989
225272542
127692317
129138512
167615208
1670617
75953561
137129630
252079481
199895277
201385703
252080271
713690
254186598
177644006
262699875
262699873
262699751
248774394
247776502
249347313
198651450
225938476
171022633
262346426
257865716
53642292
249893352
73419818
163021257
240439648
192694126
127031883
254184966
251984649
117202671
163578468
109861992
371181
137444532
193003878
750578
3082815
153521874
72105057
207841197
4255933
190705658
247858751
200780111
251772507
185909452
199177643
112333131
253297510
174605333
194960730
207035097
252062261
73222804
229714489
249853285
253561640
196932335
35010878
77230269
262783944
221237847
183539105
120219392
219164822
214160508
217482445
136482573
217476817
5427635
1034048
221230178
136482575
221274306
11375863
249861217
221230168
225937427
168234706
253721633
221230165
209332786
199897858
189188950
253412363
985825
54057017
38363559
23609973
208289697
373454
163928967
12885460
158745359
195510150
214930469
247336602
76227766
58448379
262782158
681323
552225
55967492
125640312
249664000
109088709
153521876
29354460
4184871
252296467
42843260
172476260
58063566
248731987
249682242
117832477
48212496
183375644
17924177
207332574
53107744
8316467
210525157
180316336
207476952
192657017
69248400
161947332
189194454
225272874
213682896
21543161
221230184
252673959
174302541
243057304
181122317
23609991
253297555
105739773
706057
143171426
55101289
253317471
216437144
247706985
255188354
245768129
73222689
14616763
11904387
123832828
192650452
195801675
196141120
78941010
59291592
192987893
697231
174215057
176509097
221230982
242778956
185909442
132075922
262067783
195961603
257753579
192333878
11507729
14616761
186257640
224922396
137385759
88057067
252354270
48753788
108130607
205563352
25641259
75618393
1059886
145393967
109875938
96016426
242492705
2732175
599881
78590873
351051
124892995
172421971
127591601
205582144
206688015
3606621
186110517
215388488
117808892
252685427
242504822
3789039
91553055
401984
214493574
65008060
205697368
221224330
247938085
246772953
230217773
137133508
1576137
72225531
142604274
113004369
249889410
205986072
602950
203694741
145246666
214732026
253099484
136919439
214944435
252383774
857347
22400979
262815722
43341559
262792254
59049714
196001720
253227433
253056768
253043598
262386207
254089581
263113272
36374776
373534
128711587
212259972
253627640
548936
207360246
263048172
201601641
261834839
102690575
1511497
199039390
594841
173633215
262903782
67869935
113528293
198644037
201849679
188489945
202604341
643702
158868093
145878416
257780762
12141170
176080845
188487242
192360624
53205297
120183293
137502030
116893486
114895856
534771
979860
184955699
850607
107707582
10404657
6568529
829249
127031645
196480044
176909284
248982341
350526
252687789
230237551
215141187
215110121
205899128
848120
720024
417251
196488187
219148110
183686587
183362160
127032188
230039179
68190508
198530642
14921530
3102271
6430729
199542636
109488216
141350021
202153836
201308221
22652707
257552609
185897069
162025583
180854284
203853523
74943727
225971253
196395466
376403
263104483
137434093
174215091
142419224
9810502
253350294
226675952
535936
188576733
92004405
127032340
48983002
29341024
17371477
247678638
252664494
10972532
252182582
10581327
74851706
216987363
247346479
215733041
207206437
184095534
113004631
252714308
257844721
202529323
196532438
105739257
262056743
249796269
245765171
252012139
1709231
214232022
116577645
217512017
127692328
10374167
225936143
53205293
248817121
152624655
124893111
246208114
114139386
190489420
179210514
138334603
66464348
152705168
247799384
197595289
179753509
189492465
203321228
38363582
159218080
217613314
210138622
247484533
169313237
179135633
194806887
358172
96925362
262757643
104558254
50379014
109885836
109400026
137431282
204667254
207914880
217526626
230250708
72515292
7161815
21949086
115254384
155890273
124116797
214774749
204740207
137259070
204381173
178109211
430225
72456533
198192854
105739809
205744059
176293342
214930558
262656138
253472195
48212492
201385942
262085810
176778974
24862418
11253093
262800020
187958008
22172692
198081853
82385324
10374193
174553093
175413987
137569546
125089619
138609578
252050641
57768057
241959508
126949290
203288613
208056259
885372
202154657
137446014
17615869
249348776
262725404
261983826
183481655
117759406
116025306
261962540
71980316
249822446
262053168
207988277
66622940
216926048
190502226
201916814
109861878
206560567
225208354
215699452
686531
126949260
206560607
1940595
94747106
177145481
205973473
209273548
171292200
197604526
116904735
186690352
159976898
242660508
189076883
213886926
157058125
211961363
137252500
188855302
202708723
240626787
242441765
72646511
253722220
31207432
194860197
182135464
146273881
252039399
248976570
254078196
201843848
203199595
242434126
36700776
133862373
198510691
36701077
109886094
205506489
101447145
262072517
356293
196522454
203433017
199109460
190251804
181935986
105739667
922812
128711568
198515698
137592687
257844738
207888323
249885473
879678
93325117
262017358
179215185
54774927
198559023
247446376
184297689
50322377
169218380
178211919
173449191
205717699
22651601
214731896
136482682
137453231
205986066
262734409
207503067
242749231
7174059
248889039
216388050
161947116
15264426
204464321
181971206
21543215
373453
230217882
217613220
202242083
207477122
214835898
1606097
184046980
174215065
249408515
214189169
198510277
242434118
215752257
177615513
181659002
373464
55283399
1040340
1577237
160836749
208069704
177887523
161383090
138324903
217411469
5427639
148047483
248957293
200037783
41081700
215739369
215730412
189216654
1511435
186202034
250077936
29118479
205840371
207008379
202395234
126755197
127692626
217118189
242718051
215087186
145224991
213998053
177974762
201976983
206331246
206482184
375232
242101842
136403529
32776269
460592
879684
222704744
357949
113117339
147568387
214835903
215752259
248896593
206781470
434168
201054908
124040403
185032090
106680736
249408595
215079046
204667884
262388122
262087311
202849103
127692086
212424984
181926440
137406905
230217791
77221091
120183277
215746184
171580605
202623361
216387845
10112338
189588238
5911449
44640198
127031825
113429271
45347829
203208450
252068661
359651
53107726
248637998
76834057
194179664
214835895
183907611
132355740
242487264
261973857
242453248
201874746
153364641
181927794
197546266
196158354
127032492
116496471
127591117
195303257
127033402
210455801
179170837
249857414
263104266
263114802
247346497
248977528
196930226
252040966
54513043
8325631
247938410
204416987
113000876
189541227
213599752
107059008
92551829
127846237
186202650
137503157
137592815
259477762
247345144
253360829
200849295
203606108
201599304
195996564
215730414
37134818
182848943
215122932
215739428
215746186
124893027
182557984
201622128
248649089
182541311
210438776
196156984
203449560
251275847
251532718
167019812
90671178
205694707
127692188
1661645
137432249
205807375
113117557
252078142
225208356
252080054
215080466
210455798
217123723
216462127
162348301
230250781
129138245
178037776
252908728
253244995
11375865
192950491
192950097
247446358
146226422
146226354
253160955
179167742
246321462
197852751
197951180
205019969
137941423
177186124
181448858
204539812
262656143
137430594
197415317
104557714
249577428
251997547
262897803
127692123
255222054
203200700
190252472
954568
130788138
187184399
192781576
177999951
253362662
194150810
210733645
36701730
15447059
192389172
217411296
214930618
120183802
169377619
204381170
214932992
213680357
227474838
142419033
198651072
179445754
178108492
192951000
129138362
106348528
191919683
209319986
189723712
261973775
251460617
248561766
201385625
177617351
183517699
230250911
242434116
242441759
253305052
186200717
250063739
213758168
249535043
210760811
207008382
208105675
208235604
197852695
13714462
208126950
248004638
146226413
247938129
247806963
208196467
178957575
127033389
154261513
263263692
129138307
204042312
184095566
259821386
249143457
186701095
206206053
139441153
207515305
205973467
196028403
247285737
204740195
182112241
137480752
172476242
215548579
183484063
182709392
177140665
192950486
201293116
248799291
214931354
37468680
203290001
205428069
202763313
214930608
137260879
127033058
203606074
201293130
215388642
201245041
32217884
146270299
114945000
809775
406629
243808196
243808198
261973859
181926750
247681324
249644223
101412650
257512375
217125737
201308258
196158421
252671963
262750001
254898124
201385880
115254309
193742451
253305073
252563985
113527050
258928718
247778630
201055543
214922340
260819717
213691627
146271649
262741480
263209177
127033378
177886667
210733655
127032140
190108270
731173
253362664
182107810
137263310
261960471
78014812
248413915
10439644
124893174
154225472
154225361
173984130
217500534
180954690
36390672
178566787
10760738
178941215
203320150
22367410
116577640
178211938
198520065
178536685
137478147
158868251
121102138
33650450
207565703
214815389
201385627
77222225
137414789
225208352
243808194
261973772
215752234
249489594
194181842
174215060
196187192
196186204
261798986
261798988
2237339
253305044
249775116
253305063
72702229
54445422
262892106
139420331
192459220
197621960
178957558
249569490
261942696
52805066
253360835
253152823
249521023
200774156
37216397
181809108
248896439
124040320
182112225
183334690
203320051
235735330
101931858
215477198
120183128
120183469
246851499
204068839
114945289
830857
137503526
32351785
190106288
194860927
215730767
243808201
247446295
225208349
242075218
200545388
257534088
202475540
209863605
192395851
249693716
127031681
202849076
208652898
260819564
68124391
171651779
169379468
182123341
249568524
173016515
206643107
249659226
177339106
127032903
241819786
209863611
252410490
194182668
263071336
249779731
253244993
137424759
109394508
261974498
251532733
201245055
242693661
200773969
251532735
242434179
212992446
249854376
36701999
205897986
242434120
72692299
201477796
200767339
177163518
202712564
196018563
215752232
172476256
205809486
201610146
203656695
116631259
207566276
124893159
178463138
199527045
829918
205807431
1358091
169887072
206480660
229809138
207439072
11985349
89294990
225908430
253104726
27611075
57510013
178583281
168959994
244768562
35473845
77589053
12053550
84992104
248895591
171464384
253099621
6995349
193116255
180399888
36314692
192948869
247406618
77717876
217527968
255430605
248896480
251395040
211961107
158741333
214770419
254132126
249954446
205611499
196441956
257609037
162113132
74487083
214770429
225912853
255395408
135321687
257861464
170352285
204416875
137444884
196036429
9296179
10032864
205986062
97802811
205879190
105740364
181253410
213488479
50301395
188694926
7986378
225920128
175175378
200779124
199974174
247931389
249717192
194371172
242717747
208675794
101333644
169887038
105740360
153521884
73310461
52611196
179491529
208213185
253276438
57117716
41886050
42470155
196159066
187660104
176775793
243807971
262845343
179800389
189688597
253107892
253068811
252878384
215727643
255317043
198255951
448333
5995381
180999267
72668428
73356673
207782798
190353064
178831629
203945279
259568250
262060161
68612653
51198816
205591391
262701379
257861442
187786338
21682921
84992112
160814427
159819991
205697189
262745627
197093593
41883481
257786959
215464081
198254467
58709545
205809708
160814415
177274872
253472088
225937498
204317892
263103102
206560923
249681644
248414041
249021903
177234580
198571374
192949822
208408614
262581856
213911372
259568252
253470339
28256165
252675652
253577536
164534834
549663
198692397
196280117
198295771
201308379
221800775
186452871
198256695
159481559
252166096
242711214
206474177
172305722
198897765
90116454
92686372
198257152
358173
153521894
205708155
76588949
176098237
214584873
217125620
24851876
247945499
211315090
111117089
74172715
230039310
192949346
196188915
173093869
146272278
207368032
192360652
178578278
196188580
138181039
262871311
248531100
214856632
262494475
72908467
111874312
242411398
205723405
136049786
167613818
195774646
193007574
117756300
209275144
215040257
136482622
11338092
252387338
36700773
165782394
3657851
1655215
178605056
252679766
215560907
53107730
196754003
262909012
191908593
215727639
250338932
73230276
195567047
174215071
263052214
248004854
199977488
648113
262387184
11628568
136482553
216285727
208118238
85923402
243083160
245329500
138183905
243046740
262363158
31515909
109776148
8416998
192678445
261974574
196161701
170870017
428464
195848422
51111764
136482170
198258720
114436095
35279633
146065939
201055505
214594095
108956749
172374665
242410860
197148677
137409927
249569667
176765023
171625584
395818
217750952
53806059
177532158
194465026
208408602
212356614
212425046
214582233
375318
205116913
53107754
145765084
207274573
196683885
190490462
185862898
249290952
137503523
208601167
245764964
192035351
31207448
213706970
182976080
258897421
247683554
208648719
138910875
178034618
202964092
191426704
91987424
30886342
54435112
249973379
177920524
151950360
192017120
259310980
220661961
128711507
163142986
207565678
205696908
206242807
247718526
196683811
262386512
255719856
242424676
203982690
78632286
262060165
206359967
201307995
254896320
104912501
216462239
197415825
176813536
263196429
21574056
262567738
204539803
191494268
263206782
177280459
191148984
196186225
207553712
196537640
109641002
229700262
203016687
159390257
69571880
263369966
138183423
148692115
207765289
197603864
127032536
242075367
263206798
263103141
262581898
262741496
256190652
178034555
222723681
187622863
242421059
248799663
263303876
212993105
129138367
53107734
186692383
204420898
262060167
206474201
25731039
241732756
263098983
263103793
191973437
189674493
49550305
206477515
191427000
162130674
209867799
262073359
117315674
199037448
216462198
210154677
220661904
242411311
208068711
242085307
198900129
203291558
212324239
52611194
252389929
249237773
249408653
196186255
203200772
118419930
117315788
180228428
84637208
209867797
32351768
163739494
253526968
197595104
197595087
199514856
177915381
215727641
263113175
214754985
263206736
263084864
178957485
107670299
184591471
176760992
127033120
210965776
206537493
261974544
258509333
205809956
203913481
181979053
171580706
137502591
189557670
262060163
207597100
205899339
30156450
207333667
209274439
262469612
129138278
214154730
113430063
242085150
145852534
198081689
205289199
122909543
129138233
249857985
189374459
206205014
194451840
201629795
248639138
195561085
188549299
1709227
206376657
34816928
32613967
137572858
14616755
55057571
138342418
221742141
215530661
204803663
262472891
195960775
138374239
50414725
191135148
182308556
174013014
241628099
58158189
174450055
203878097
208192562
174605357
130475665
214498501
152364642
174450245
48754079
181249124
239348223
35445322
148551653
68832498
203982754
72702287
186230535
260435021
74895286
40419929
205499640
253234606
88979845
67712898
252011573
213849649
253183782
210155782
242021521
247301182
249761894
179531182
161541414
196579276
214047224
137430504
201308295
205883383
254132144
74895190
207782731
262514686
225933984
214001093
179234096
251394659
263104576
206331334
180399884
249161229
137444940
252711642
242652750
74890754
208739237
177273906
152366797
247796640
172305572
210733651
252719708
136482374
139250800
171125387
198533305
146226238
152360147
262977562
189634853
253469640
152362702
249397485
146225287
206206041
176522718
248293929
196188789
176748133
68136927
205785098
214154723
128663915
137971268
137483162
203982574
199235024
252913600
252728208
262781463
178776894
215246588
195671000
248798750
155306704
253275968
217525229
158741026
205129202
176789050
260922781
204539991
205704823
213587831
209901310
215587146
203401910
249268151
222662509
252027091
175811972
159724767
196186194
85051103
208653020
431824
197544051
217568390
249568628
202152428
263105072
253526468
195971276
253234689
123957222
110204781
36570274
221802227
252079342
217510377
263207536
262859263
253109946
205506404
204740789
208068862
247946268
252913584
40346444
202152542
214931296
215560808
247302586
191950025
247465635
253406144
214932947
199126209
24443042
252012502
203923195
208686234
173526049
192623445
205705128
253398054
253398058
196185616
262465891
263208254
191426977
202763166
195996561
205807492
49335537
68138375
263103786
253526460
249658236
248798389
262043229
205033617
136482655
104558545
196156593
137971280
11225065
195665698
109861908
117315628
152875147
212212324
241821168
210147031
75376744
207750748
124089702
196001726
207503344
73609435
38075539
257781368
184591237
123860162
123962042
249821261
185942363
212993115
186692828
37134824
176098024
212993123
185188826
69838506
213997318
54373236
432256
52320955
66138066
214770425
184591764
89478705
22172809
175087124
249570266
184076180
52278279
68136951
205257997
174825579
210733649
247795092
136482376
125405888
193062674
120575006
214933073
137444938
252929291
209603448
180863179
184591874
136482372
194859200
68138381
249348709
202611319
68138369
248613046
113526017
192949956
247263336
190133040
188040296
263102643
208778366
247263355
98069213
194859096
165023966
263353849
247263362
229972064
55605288
262656105
68136935
209906142
187898109
263353855
68136923
247750785
68138475
214932915
105740370
159385001
247263339
68138359
263353845
172152596
247263364
150711999
252260020
192987861
262837516
261025055
202529674
22383811
187859837
115438369
190726661
195801299
133042560
262473005
36700768
37134915
33807380
157073418
194141260
144271148
36701995
197379476
217776404
8316466
247942824
202062559
167614955
109913416
139499389
203996890
68138355
68138361
36701169
125010640
208136817
124327259
137504536
253240657
124112425
124955616
199592927
217522603
248609832
247405627
148940423
41883713
37216280
36701718
225209319
247238637
178034736
229972374
261808745
37468667
247261382
195971075
247899654
254079111
254079083
121236003
229972161
230348283
248610510
199168146
248619633
68136947
261025041
263327046
190537988
68136949
36701378
254079099
248763855
225209335
84898826
261025070
262734972
247261409
254079127
151830656
225209317
261025094
247261434
22730360
146224682
242482672
171651722
151970379
196854209
68138465
229971967
196280115
68136931
196059855
184218174
247261417
68136937
248986780
225209346
211947414
247261401
179372229
192949463
229972326
195927519
160671704
263111594
214651576
184497224
192698910
252933804
174830007
174294190
107467261
212465420
197653394
68136953
137440652
188783858
209899996
58161367
68136977
68138367
82387010
97507929
181699608
213517828
184084621
139984218
184094120
217383521
263045331
179743665
175168744
261975080
201040243
115754203
106362406
198495101
68136914
254206875
68138383
251547407
68136912
263367011
72106520
221250348
252560845
23870309
208097077
203260831
205694709
116140851
260807134
260807132
260807130
260807126
196825511
206205036
56002378
137502258
196813037
68138365
189688268
203200904
263085140
68136938
262305640
215733107
205071249
216387993
249535130
186088887
31128726
31128441
57759131
190555827
262584390
196059892
60133468
198259283
248619209
175173465
175413221
54130334
140144654
152646024
248608700
32564337
31128783
53107776