34709242
183374403
105212658
214584944
110758001
32215200
171063530
129227676
171063299
77182399
213894300
86999945
144341453
129233440
828325
202644307
151570346
248647740
34709226
95053257
96586951
96586979
96573767
208683251
219144872
179949760
96573939
206131861
97510227
96574316
208683019
214814117
158896264
110757853
148927023
34709212
158847658
62884237
37152527
169380569
171063185
1411449
68645370
93081
96575157
14165837
214738819
197337947
168900927
117089599
48458015
174144605
174143889
828339
248646557
93089
216463740
112170955
106540237
51519704
23402802
828321
200686171
51348862
509174
177127778
186711841
96560493
114572145
97921922
248646830
14904400
25206526
97922331
828341
48458265
248647857
248647763
828307
52319008
197503023
828317
201004198
209603488
48458471
828309
105232178
828313
216463777
106737778
51348886
828319
96575940
97923096
248646535
242435549
51348949
33457521
197530716
216231831
168610767
248066590
262751686
242435474
97922885
49961652
174603
123442789
828335
248648523
97922857
77182471
31516645
171063474
86424592
121980143
143951811
204927070
252566670
199731802
252788896
174143609
260920758
174629938
262750366
60405922
50217605
23632629
248648575
248646371
193486179
77182411
2071163
77182474
77182450
74812421
252911810
207853859
112441374
201648266
149253552
248066646
249089803
250077199
250073529
262674761
14349743
248647793
31518455
96583591
139294324
51519643
828303
77182337
51519358
77182339
77182328
52317604
251736638
144339492
262061410
249089831
263083549
50217613
262674968
248648790
31518985
249089829
160268824
48012517
31519050
77182478
207562682
207564983
141581430
207853809
249089821
171109288
60405148
50217619
33454855
195850707
248647952
248647934
248648545
248647940
249220313
249795719
31519206
77182326
77182476
77182482
29387269
31519155
112441317
216232207
110750375
168610776
168610410
114434136
177082491
248066478
225356402
202645241
37152943
247907145
247907001
50217609
51348935
123442313
165709424
828329
60406051
249089827
828327
77182480
828333
77182330
56716748
263454574