72744612
50668886
208289683
7151051
184496477
213571970
162505223
195545540
106362352
195545383
105895973
110448037
7778475
3408327
213860874
252855013
253148515
74225707
1322983
199739992
57219176
235728520
7496289
213860875
195545272
195545270
105739684
195545362
150555359
187824773
195545261
195545335
253058434
247465118
653849
201017146
194807196
58493543
69931937
253148512
121367235
23609965
262067771
17919575
92572181
76688191
161408701
262875231
101078287
263047126
143144149
215723308
12397033
4059689
8830875
4059683
4059687
53771996
143144168
193525178
253461492
12136834
198643659
174599731
4059685
204803613
101078280
149534855
194794366
7496297
135314750
138182429
76227495
253042703
76222928
196021783
195545316
251419073
213861824
12600503
187813273
66698761
195545314
200852586
4977817
4059695
194960746
217648268
188410122
7616144
30695265
4437135
195545310
10565506
7496305
195545515
3606651
159050008
205195158
217777869
999650
188189357
53693491
169312513
29829364
8297802
186284958
36061939
54782019
4059681
187827447
214592918
216218746
54633255
888213
77665338
252004718
208062355
3767321
137129387
53772001
205617693
252985887
75983606
24348209
36061937
6845785
34434290
214916544
75829063
189639393
31196307
125169412
3979919
262053155
184495969
9948856
160050407
4059679
262392476
22411107
43237542
249856977
2067407
253414492
7326893
1052702
1744447
76208892
21879250
1052704
177616646
127032641
696176
193450580
4473827
216464688
257859529
214502425
34957241
735213
56829333
202769950
207997400
196021643
77745099
103511951
262461136
4059693
199240697
185868338
137430085
58579799
97707991
137569829
41209152
248773545
58147011
129138249
1068380
177923623
247302587
1052708
52725156
127033010
6591729
202769945
188408635
128711667
1708917
7496293
10863208
171237913
263307579
22172590
696241
4059691
19918848
190608472
1610023
55298780
248654753
42174157
259821348
203392649
132304264
251920142
2601231
186237340
257786879
191585065
73923135
3802149
196021723
35043475
178720882
74571426
252641053
67477609
215345728
192577094
149534861
95886429
10857706
177204331
194407346
74571424
57180805
249389006
53980158
207049865
248745934
68446020
146287483
244178307
136020905
127692495
210966182
37157055
191354488
123634155
19775975
77149794
97217685
9794667
1662795
197635732
115254534
244266090
212992771
181776788
202033682
2611963
53980465
162007961
207764040
129748820
37165873
54635814
214599322
37164983
24403750
124687529
190289319
12055612
51957714
23135184
51957712
199941381
251980290
248633082
188550145
48265395
248215674
185859160
197635486
7496313
214148571
262086098
172936858
128711683
205615684
189709117
198643637
242436889
84254116
260669281
260795121
129138415
56610153
257847686
248639054
77122329
207035128
33787634
3802147
226627372
176909224
184496146
252714126
137338412
4875527
138183404
179141955
127692347
181910544
192459204
206123308
216335407
188409334
251984846
207337201
36565086
2611895
253264588
7392665
114465676
188551021
257855184
50379011
53825999
160448636
125512833
76753148
249170262
7922994
260645351
76227762
185121005
262899499
13967736
187827434
115977934
251003323
257848066
253397723
259821350
20057805
125511981
213860868
257855761
257847548
68688359
215581844
116564210
181924937
129766811
186286194
206205018
195545340
21430150
249388181
199179221
10405964
7923036
257848024
191636523
189466372
4059697
205509479
196021855
178220017
217125730
1269973
195864272
253631703
190608362
101307177
202769856
45493253
92764088
257847730
257855793
189473586
143144268
183222101
252858772
27978660
213974609
127031888
194525875
68190514
179988610
212993244
109295441
115897818
196521743
196941056
15750487
183484098
169332901
188410306
97541266
190608527
71076504
196021717
7164875
19250086
197157521
201703675
125512461
183230539
190608388
214603704
47469961
196161791
181224821
693225
196188618
720020
8817357
136482413
22482259
229726361
121232921
221781705
13383503
132302780
177727706
169362317
213864317
137255251
215084869
10593964
115254550
178228756
20013856
177564095
215746695
247935543
173637007
243093670
263086129
251003008
171692673
174180289
159668021
1082448
249795459
205684532
7923038
196161817
205195072
188416025
9735473
183225582
20054806
249660588
249660590
256355083
247717648
179983612
206334851
262870081
77222855
241855560
182487563
85399732
83970207
173760396
212469049
171134884
2063603
193921303
67574738
138143182
181655839
196531773
20870117
215422340
72864902
191447019
197116310
207892569
181776886
202891556
10593960
3308105
207642713
10751981
53871328
251003049
128711535
204871518
92010852
207903393
183482063
191915522
202770343
110361355
179214881
182787297
253344862
176726752
188412827
188409197
169314132
173748288
207795226
207730002
202387999
85255672
251277894
210965844
194393138
247441850
106363530
214067763
186111011
42001732
187850584
216867776
138180875
20013867
252133966
15462782
2881857
213864638
50337565
177755833
200628291
47273269
170781390
197459909
242694220
177163761
47142033
188415889
39202749
21516680
42215328
197499772
239426961
3495011
92551672
157054859
162772988
192844986
200628293
206474385
221782825
253397729
248774665
249660586
170780779
208064936
101306536
199739997
177340196
184958205
253152126
772194
127032046
210531022
11874702
196187134
242694222
91147255
241686689
262056454
168959832
179993423
180001054
184518210
177563761
259821344
202604385
193922411
180736487
179496375
183348291
192734288
182551500
176812921
92551321
213488344
22604851
183556499
249347659
182994434
76536989
253344860
174593396
221782218
169362013
176885816
11507968
951086
262515831
101302254
240215522
210531024
203200930
247429710
206561405
56026604
129948037
1533437
215752216
183718972
175724215
199976960
181929711
199122271
95994445
196158334
242694224
253228492
253700517
177887852
248215676
204050227
129138442
184518555
102686454
249931418
127692282
20013864
215752218
202854483
177081102
77745187
689536
127032189
242493853
174300208
22980662
11655496
200615955
188409576
53253354
89823754
137941412
248773374
84108559
10319824
104557706
501641
200521264
174627604
1276567
190109927
250063062
248328624
248328225
202475492
215723262
202604255
201385873
251452001
249954166
197849328
90996968
248293479
22304660
177887965
197888238
204049638
181472916
222662840
255407033
182300812
251451541
247415348
247415356
9810496
195440392
55615020
188039908
254093197
182112692
129138574
176779764
242208590
200815436
201293297
198084687
247346473
206995039
189234701
91560714
202769881
205695074
174896100
35770940
105739241
31262139
206908646
187623157
205542132
252855004
183484096
176891201
174291489
36565130
129138514
215077537
205691048
201877226
157058129
24858955
201877222
205731412
176881300
206474381
77220987
206331365
137129416
252673548
195301198
189703077
216296811
97541597
260669145
189618735
215891148
112193567
118085032
217125754
197119802
249347657
201702293
242694218
221781386
165760821
253042503
263287899
210755907
172217959
257519582
196021829
247346505
251942847
219133483
800801
181449361
189174216
177315415
200628556
188190871
192971092
247405859
263352428
253150611
109396549
172658694
104723030
253360753
13383501
259821346
210437380
207897418
181448120
137502709
215580052
128711647
204847984
200793049
143185987
20013870
215752316
214835766
178109310
202329741
202597145
184090749
107076151
213488338
263107013
137569795
207314291
111174274
112190105
250068679
183702052
128711490
199244213
215723270
135456611
253044059
249347747
249347741
132303925
197653757
243092571
190608355
262699740
225195507
225195498
77221698
176885882
179059410
253043524
263195496
247415337
263241978
95000908
10593962
190608481
196021801
71980320
25770347
127033138
263107308
202388254
188408919
203115113
108968298
121365952
183230541
188409793
214164421
166438379
193715743
176909350
117315862
201891889
182106036
244169289
200791389
189468940
22472034
179232863
214836502
73633448
138335298
206482091
137456643
205696923
84893716
127033020
23259186
248328258
201055552
253042492
125729628
212934413
112252189
112193138
243093657
221781918
200766406
181210075
249890081
249941178
125181184
22548770
214919551
205195235
6591725
230002425
183229985
129138446
125786413
74935065
179172732
189604430
137941628
263107317
261980252
202769849
202771801
15666192
137255936
214163084
263352432
247945360
249600609
252866693
127032223
262664309
53833183
195801625
207293932
120476162
191628740
178220024
221886115
247346489
215950813
120183194
214835852
178519441
243049404
200614510
200628249
204832179
115254339
197460920
263452067
189475526
121102256
259771285
249489574
195300993
216462131
253042516
183036426
179987471
197970648
215383358
249347743
77221061
246293835
32583239
252762343
253344857
243092560
243092573
221782491
249953708
250078010
201293289
200815433
106187253
225195509
197416469
247415346
247415358
190608386
196021663
202529285
55355019
195201196
197621788
188415453
263265400
196021847
9732184
143144215
127033270
263107319
127031577
196021815
8025970
127692569
105739239
137129620
215082410
178055304
205540176
252631743
189463253
180736481
247305638
214836457
214835854
127299134
117315630
183284082
229726835
263107017
214836489
101287742
168559490
252103885
197460922
205810483
137129397
250096162
214189426
214595072
203889327
183040771
188322725
202475570
253042548
202604265
173637079
249957479
21496856
214582220
207092753
262450102
196021725
198447805
9810494
203504611
181781974
249384212
244177632
177699777
249574559
36759720
210964884
243093649
243092575
253344864
193710366
137941482
214189434
253686565
248293870
251443065
204428499
51553223
252103883
207018853
203201373
177532150
259771401
255176108
253360746
248237395
839925
201841925
195287304
176779839
124884251
36389282
263107011
215752277
212323343
205769730
214932985
253384557
28302715
202224401
190608420
206474383
206376123
207400167
137403600