242770600
78290763
252131256
253218815
248167763
94383325
208124532
247446851
248380417
248936928
447164
203231465
202960208
214757473
252887546
249156893
211924955
262517766
151994935
214497208
207400594
205540677
136235806
202895295
192788797
144779882
142833449
209398526
130416595
174038838
142833447
6554327
74643168
213301700
248380411
73238663
187805737
249092222
214498442
169621651
214922281
192295782
181928999
72711428
89903244
102629316
106605309
262454614
208368706
14950013
147764389
188660611
25402889
195201177
248590140
188660620
249644244
198271640
209378661
131366477
59282421
207774669
190859600
54737990
109298269
135322596
262405505
215985381
145898390
130743629
163165068
174626700
17001047
247813774
104325711
205540599
169606793
122336550
112368151
71090276
49253295
76528249
181699668
206718476
247654287
50215903
198230124
243083955
247334278
183892003
261801619
166437164
95316897
253068756
249373006
261809209
170820969
11224055
95311710
172274463
130743633
260686261
54928586
11224053
734250
247919199
220677815
75513719
33543699
50440315
138934385
201071214
249645405
186191713
109793157
23240554
204954619
183334462
198271683
198119254
71149254
413799
198696146
182985629
8119996
50047503
262892506
263241744
249787342
1636767
253097433
126725665
261885873
4719929
143144210
2803805
184410324
206093126
834012
213710681
247666608
179546068
50215191
188660609
247705845
248727269
212927540
249674877
262905384
136403491
14524148
169621653
89594003
117595305
215198792
167047227
262758236
249277972
202529408
252271951
196019513
3954351
249767904
50254521
209273750
181915301
214826481
125009505
195841372
249961402
258128052
8115265
5472539
249876551
198254607
184787584
196603291
196016767
217535048
250019528
251984648
17001141
3954383
92564021
169914763
248225815
249237942
50254527
127077155
182996754
248518705
10405974
14645353
143217510
248544770
188660619
253127167
5435977
196022372
31622963
44984255
249767896
73878867
44859968
170820917
194420717
248543047
76305758
90712643
46812041
212981945
210163835
235573457
192153047
199530444
215119468
248683396
247799382
72668424
186884137
247337112
211960773
98764758
249967036
217524245
77221380
211315225
248085548
169411397
249245605
59618895
197388007
174606516
229786653
247919006
2778635
249787351
249011392
143145962
123915913
261962822
261962827
217272619
185855723
3954353
197635291
77717440
197853107
127077151
249237940
253546156
261961830
189172372
209605853
213848224
251830683
21494932
163578368
249767900
14178102
261962814
247446346
249644347
214921110
4050699
4947201
152105067
14453297
10395784
177117488
52854770
175541440
215221325
215135660
261962820
241732213
188960466
249644225
261969676
98764778
250020338
143969955
250335063
32474021
217336268
195472375
248538024
197635176
249646590
183262910
215221786
249787335
249953631
35534252
182984062
143144208
249352038
261961768
249644265
5144111
99056176
204429404
195301110
172476328
146995059
172476082
182993109
146846340
177681756
7104889
214948953
249645998
112368144
201308321
230203659
261969638
261961528
247705847
1935493
249273815
199709823
199536126
48523403
253187968
203469072
215221607
258766872
212610802
56722648
4121413
24603178
160188616
201308380
188660615
152105081
146398515
67652288
206663338
172475807
249257672
14770666
261969649
249872579
251396175
188660616
183313925
57047792
114435266
248591502
180736421
14453299
214948982
196193881
32371056
249351941
127591122
203996099
224074748
253187954
169128164
249644236
197853223
250335040
252070562
213847879
54422668
197853246
190546661
202529158
247657975
109862090
247446308
198894919
88249929
261969657
200849083
6137279
214154676
259459456
188660613
47454235
249268726
713675
213522055
214921468
230203334
249652610
202510868
109776179
249872570
214189209
211331701
210732839
182565542
50047505
162526685
158461654
155390338
200848418
186711818
164275021
167127586
214920738
214921415
247446116
190455922
195806606
209170399
182986531
250456873
203465147
180961087
198598646
214921116
249653721
198869326
198430868
206665582
189462492
198898622
215694587
195814758
172476125
249971984
182992944
48982963
127032144
247920610
230203653
193771732
198816275
186884254
181793868
249856800
12488092
13407559
192155197
259455783
155390267
249569911
195472363
987725
50215871
260742252
214860774
249653719
220661935
120183375
190337027
201114898
168697086
216296891
833776
167120040
247446318
48329802
174240102
212894638
4050705
22535799
242638395
255298800
249569765
184080561
197635958
202529672
8297156
252078473
195548053
252226451
182992895
197626587
202510842
186590569
132783388
202611344
23424448
208064646
214915878
213702220
190355432
186073071
92680361
172476923
200768159
120183818
132302695
109862040
155495164
172475888
190335866
153466302
195301095
136403512
127032802
137941568
242085587
235366290
214189125
230245087
101931612
135423756
182300887
50214881
197627404
213517947
23435669
190502351
4050701
213865047
213522648
214921076
252301449
143144213
217267372
182985250
127033212
172475910
184419380
161253283
129138465
204985311
250078201
73513766
247245198
50215988
214582186
127692533
184079681
249644293
249569843
249569801
249569837
249569809
249644280
242085723
109886099
118375043
249974570
249869002
191919924
219146928
252429834
197853140
190502355
263275078
263275147
263275016
127033415
246208122
250458081
124107164
216285760
207273673
247245192
189460640
101931550
109861885
263395969
249257646
199942862
249619247
50047501
249973001
249569875
134615394
136240087
155447759
134615018
215122881
174256582
172476476
214189413
157317126
182300953
253266747
178109149
249351832
249855970
191433413
197626622
167062892
198593984
198593514
214861629
3954419
201114016
159693952
127031594
175542042
114141090
167615600
263372340
263396175
263394280
188660623
169817944
219146977
190455184
2875007
199536129
201385777
217440599
89314719
155409768
127591324
249569759
250071012
73513768
182301020
263109815
197629165
120183296
167211550
181998006
198119263
127032683
137941562
202529524
137941661
243096395
4050703
146369008
198732114
190333346
251984808
199672182
172476861
198909083
247245184
263396123
192850454
182986292
248589263
249569881
249569729
249569873
159867538
127692149
263275106
11351699
129138564
127032181
211925103
7100147
2298725
190502234
248774000
242869494
202333835
262806131
230244955
182301016
263109320
263054473
251998848
263309843
179694920
247245188
190455532
95268099
109861953
109862103
89315218
109641031
247289793
263053845
205349079
263199363