86517373
147920909
194104633
191655860
189641377
181131174
262525582
205039768
10675287
145092081
249854960
7416465
142791683
30792954
251547915
117002775
194103341
167600178
55511626
251756022
181131162
253099211
682503
174444199
424278
149969474
160371977
48888539
251866580
430896
207381947
83680359
253356577
225267019
195814592
84872875
25200677
442262
887805
251547844
115968477
139975201
153921873
197635906
247930742
192950420
253350300
247930800
435180
101262234
252563808
198501826
435189
198608922
137415533
149778014
254138883
7982493
251870904
253176452
453047
450532
253084209
137130980
248774235
501881
181665554
137420946
115254411
197979394
149520260
340367
26943541
193450583
57766326
48266420
217268965
117002777
244852344
253058428
442257
77328663
58209236
48980802
71988680
105740229
36327011
197714084
198508704
205928372
91561425
193450567
44151092
204661042
192287941
76827174
205673459
101931280
209899998
207382156
75490744
606281
91560831
91562222
222627274
361962
49309249
225258987
443690
435181
44604884
7973257
55003527
531856
442255
442297
504086
207336682
62373311
72968646
23400948
200616790
1661905
362028
46837052
44151090
758582
25095334
215738398
152530511
160794398
252671752
253218899
1687193
12118045
54737355
71988678
205506533
35409451
341620
354414
198501490
66090080
88992406
71988676
439180
457596
430895
91561339
92551619
11421154
1585525
435179
340360
340363
125761479
217521203
1686717
91561368
91560851
702276
68793643
4561195
36995858
488642
442261
195107130
362038
27534819
77328444
2203139
91561130
74610058
361878
163715146
507372
435279
215136549
340333
91561405
68072497
361917
1229197
205506531
208126934
71090274
134305838
507354
556360
570540
51474587
196338143
636267
35127098
215738381
362070
361975
163739590
540806
201841923
181500469
68077680
208126932
91564492
125020435
442256
441327
507364
207395726
58209242
212993109
570538
91562329
581616
24969033
259520350
205808298
1066074
252767870
15181167
339405
362055
406836
550527
501870
361910
507360
413293
425559
442260
418249
406893
149450510
58208195
35333423
113117419
424275
200768880
26809843
263108183
263085256
91561402
230206677
205915242
248523284
68826502
205116947
246278785
68826500
137129420
407875
406865
4561189
188835270
213488466
92010875
195814345
252065623
26957620
102629340
91562067
250339007
153990703
205506565
533587
75789684
361881
124893171
6309041
242275827
212993113
194489370
77221451
5512655
183520127
39820464
195827701
12548631
200711666
244178312
54736571
390567
46107060
177711929
486651
34750413
35216152
5891909
7982485
75829069
198593849
248678842
190551909
249569887
152105128
362035
401914
468955
153409174
49309266
253363796
13852736
194486624
35127465
361915
253238312
255317159
19943734
91561078
262655916
190546823
167614023
195478281
91561563
164575033
212960278
361978
540794
535705
115254417
200727494
252868538
248518622
406901
198508961
487481
263208264
457701
101931549
149766678
362016
361879
151950581
404347
91564488
200973138
340369
23400955
177637617
91562327
442266
195529223
186620367
249569839
253298677
4561183
91564576
108759666
868267
195478287
125363356
176775814
26062973
172475703
138335320
217764215
524471
758540
38110744
362058
101932051
183913891
215141309
242101916
218739004
218741961
137131148
362059
361979
362060
91564500
91561252
1367899
146271629
189683941
76826629
558601
55511828
32281985
27534522
180719722
35203456
35057124
205808296
91561028
167610146
71988674
195530995
455490
174176014
362037
10282815
251737779
207358543
10026248
214611379
194199550
450553
523656
91562073
540809
361924
58208193
255349509
127236828
248978394
190547080
202964056
578870
91561422
20870119
95914176
10282817
181461652
205708036
5910911
195288645
252159323
246264567
75490750
162742564
439172
147415593
362069
361981
406896
406829
366552
249252607
166093625
201630307
195193100
91562387
252571321
74983592
68794813
4561181
199901868
91562382
71988684
207252837
55283880
353958
262051744
186685741
453280
205863522
501878
177915339
199223968
101933280
868265
407881
487473
49640465
410164
242185170
48754388
343354
144694205
390569
73601553
501872
252675894
199031835
12549426
197635289
172476302
249972037
501885
341415
447404
406773
197687554
406781
340308
361932
424277
625537
247446802
361919
362019
219156912
501884
361885
553443
31205958
11212193
41072366
91560924
151757270
443761
406875
406752
508747
406838
361889
91561417
100285619
194193152
12735177
846804
390576
406868
39359763
35125765
197704049
253355250
407880
554442
137331195
249268582
149707209
553432
177890333
205705136
243252838
443754
406807
16255478
26982901
111711742
50763996
194486648
253040818
217636754
249569914
91562336
206952992
218741770
137482212
194099522
211978645
235550839
508768
3240433
253235212
407890
248644518
211966198
504314
58208197
32287185
4561191
210426618
253352758
94887131
115322728
20485177
361931
361929
506198
137185070
69838503
204878293
246279292
361914
204804555
101931615
243252827
196153427
247859752
253253274
374126
508922
361884
252869789
208906107
249489603
197626729
35432951
225970373
362007
206335661
246273978
44172858
207811621
262083034
66464354
242430038
49564284
362000
162399177
196153255
725351
206334847
195478340
105740077
4561185
112254194
336252
574224
247922271
206331279
177723363
361940
203506924
251737745
120183297
130062927
79371615
91561427
208643520
49463266
201114751
218741968
246208471
508882
189634129
361891
191652462
253232790
178954836
213488462
208778471
35216317
1069908
222678814
253227160
197623812
651421
225195521
362140
340351
410166
35333029
137191674
187618757
138180856
217482765
68073260
248644532
146275335
212992425
208917306
361930
201630396
225969981
195894627
758536
262084537
200848938
253253249
35333027
205988232
181992279
202961469
246208551
214924078
508865
91561533
91561441
74624904
508879
508940
118419971
195855643
253234069
201088297
218741959
247061537
230003538
246266686
347599
417772
242505096
362139
208408712
170118512
501873
23400958
340325
200727547
252041194
58208202
91832972
413287
361892
203506835
206536611
53047461
143217526
216215459
213488483
202055415
201115035
194486734
205696488
4561187
225211401
249569732
246162687
251980442
215738377
846900
144694247
508916
361980
341917
362218
341413
445680
55282374
508807
91564421
252564883
252602447
430888
206653291
187608286
197627549
205708016
370246
252867511
216462121
43981696
196154104
504080
361893
262584394
208408715
361888
508862
257766099
361956
91562206
406804
73601537
193707384
194586165
138183503
205708010
225211342
252867518
337139
242505351
230206673
508751
341412
1070974
111711658
340505
255612285
262085714
208917651
341414
361883
196152741
99056150
167613777
201624523
215917044
234936362
249489691
68078042
195478332
507356
508766
390573
354383
441329
196529956
570537
73601569
362068
425557
406835
203998069
222627303
535848
417765
212992925
101931723
190319530
138127488
253042144
206480551
206360670
508749
508995
340455
215136564
253293614
149520279
508960
339400
23400945
758597
508895
262664405
208103339
362065
427756
244178397
68078084
68077985
180718845
350724
242505098
199022347
248994494
437195
479100
153409121
203288394
200717271
178323360
195287159
178331684
218741963
172476390
180720171
249668659
194104454
246056991
249257281
225211326
241679814
241679689
251980445
215738394
225195519
252079363
246168735
253364997
246160293
247859654
247859404
197499934
246160417
221784386
176775664
88000600
262380224
146273893
153408991
259512770
158699288
208907187
214608316
262526484
255612303
255368738
263208133
104557976
206480440
206536614
208066477
205809504
137245884
1537221
229725503
246208437
246208449
225211405
252867479
225211332
225211336
225211374
262083023
196924602
253176467
261961579
246059930
246058365
246062288
180716248
118419912
251980440
68078063
252763635
246168762
247859629
246160324
246160422
253253242
263040610
262053200
215561950
247719346
263209996
263208558
263209953
340415
263210005
262382529
68826498
214862467
214921127
24969027
182111407
104557885
263372798
202961393
8014492
120183173
946078
197645160
200768906
181523351
253700664
257766881
137453873
197623350
215548541
208406222
137430349
347869
194212121
194208963
215141226
225211397
225211346
225195517
225195554
194104447
249668665
215221385
118419926
246270664
177644370
215737171
361906
230038891
247859491
194543718
263209071
263239660
201852165
7663982
262656629
199751859
201565615
1313697
253720764
254093542
263052502
202239365
91561459
262350307
262083693
262085701
202239249
104557974
263240175
104557980
105740311
104557978
249653172
193715006
257759520
202243046
183481606
32404555
50768421
2118781
186369254
197625724
176804141
215737183
53924602
252805208
151950449
193618783
255630290
214815539
250077184
137131153
35611929
137941485
214189232
207397184
249653489
90960296
234931355
249038561
68078258
564638
246168757
32196673
247859568
251737788
251980365
253253261
262053204
253271688
203969512
262567763
100285089
209867765
253237742
173093897
198227374
263209924
105739596
12085658
202961535
248956331
22383807
170354327
105231189
206360712
137375275
205704839
215917060
197672792
225195556
225211321
152533327
246208411
241679300
249644329
262464007
250070973
249208038
246168719
246168766
247859395
178037671
251980378
262053198
177144943
25187837
24969031
262656903
133813067
262745698
199752084
202485042
171585877
91560868
254093848
209609967
248248450
263310921
10641374
80358866
207564360
263308779
178545094
183907228
247936786
178538213
210884390
215561952
193707406
196155674
14616759
176080879
176487489
137130436
137131151
246208424
225211407
246063339
242710625
246267474
221710163
242183835
216462269
225195552
247930748
223920240
91561408
215727169
262904762
263294037
167614643
263209913
203507099
58209238
262734407
207267712
255430578
68072913
250077148
209900540
439178
242505100
251980380
262053206
183517770
217102931
251773052
205563521
206376007
183273143
215737181
174492014
209610656
148048257
215737173
193618747
178545152
209902395
186256405
206360666
177615543
206331281
34745940
137239240
263255694