1744927
1744747
21060565
32222609
115754171
8357996
14959543
2430595
261996542
213949405
258897418
8357994
6899035
213949426
49863392
262851907
7448447
7448479
54021866
7448439
19823181
213949882
58957599
160402326
16076027
552296
213936813
7448455
50074773
2371115
48552810
129599948
35896733
2030889
50074777
1599619
213949408
7448463
15134131
2371127
115750002
70498013
54021761
111155001
207195865
577262
346596
7448451
167802046
167654052
213949420
57910119
517919
213936752
111204681
19823203
58036162
14940237
213936786
8358028
111198401
531739
707127
54002806
73385384
167611696
213936772
213936776
70497590
647908
35784030
198495135
115749919
190231403
160402375
193101525
151950724
195696955
116567352
213936796
213936762
115936141
50074775
160402424
54021870
213949417
213936754
213936749
168002821
167969522
167980937
35764400
217722071
19823156
115999212
21060553
2377795
168183526
7574691
115999000
129770962
129665519
213936745
70502038
19823154
19830342
55287085
249611054
207195385
167654442
108748235
116194870
10285726
263104285
213936784
192908934
191779183
44912664
108839043
262971469
167631845
160402351
129662366
160604119
54021769
213949428
121221925
207195287
111153123
167804318
167970789