262787510
96327064
262846469
140635217
58062998
262060832
262728683
119902333
172156653
261962366
131401030
230057755
68423753
261802729
157856467
216090636
179944593
172475829
242281857
76526976
88000551
20274368
180749864
214759504
184795280
167614729
117315625
191410857
221837204
91277007
262056784
87052112
4275935
134025399
10212841
95923092
246168331
184769168
179072958
159724736
169312672
139289894
470540
414252
500712
11586131
36565181
202622112
73923120
155879634
68668312
159958876
242488710
192692988
203025800
225969840
77225334
208431827
179949940
262661008
216090630
193658825
177962566
9830431
249881669
167614963
115254443
114202918
140221888
253133445
250078651
55476814
254904349
74569918
101931988
884436
47215328
216231978
162341353
202229582
130832114
250072994
403093
197096036
120805793
252293774
188732070
115679853
183555029
361717
205003154
214769694
190516271
167615477
172157476
196411323
242084179
253577737
221841745
177045293
188990346
191004651
162189844
174122118
193206529
155878047
159679474
173764499
54926579
189494351
203069158
215987781
685520
252635511
132302659
120833230
167615092
425121
405419
193903998
216285729
75585394
207400023
86148483
230098939
90996370
244297059
253362958
77221859
96753666
167614698
195800698
262725809
190706776
193603153
226684731
538613
84152210
254904440
252585901
13415213
180608583
184782075
202238544
253300270
221249442
171925842
180720340
253133481
242101636
250549009
92551400
127033492
252633464
180593003
184770733
168564822
162167220
251984716
207723978
178957827
200847587
120183388
118375047
192712932
196411512
260804573
10077501
168112842
194473503
91032502
110171750
262664332
181422317
180592885
195245384
181753663
252040597
253228622
148636886
215089559
14761800
262885213
120183328
193659018
253535431
193649745
50768964
203761111
157849285
181267673
374194
215727589
180720238
252079109
184773992
101932115
214759230
110172599
158895339
193646502
262053373
251392933
54384413
248470333
262054181
248259977
120859268
106749680
186313873
204771069
26082414
199031956
194468469
196004179
205058633
109295455
205986063
235741892
255427361
114695702
6640183
137443776
248601376
6707429
361721
181472537
207755405
225386510
203025802
205001004
127032552
248655645
99869627
177771598
160299444
180720457
182091653
177996142
215987948
194489319
201381461
472320
129141428
132303355
206231536
227453944
406860
216462153
253149900
252826371
174496693
204056546
197411163
188737730
117315723
12574287
127033579
169312857
128871320
194769716
183517167
213571986
77221043
189096901
91010120
262701163
538623
136052649
193650004
195106539
207754119
252683176
242487829
192726616
176761661
250096017
50764865
230271018
196411770
212327389
204310385
144917971
159725192
194960106
202052190
91560806
195874096
145498007
8147940
59555123
115957525
91564498
120183358
115254423
159695455
215545035
251535473
202604274
208184072
183517651
22875408
250077750
172476419
260803744
230256198
181470960
192844156
172475944
252079742
186391674
254904254
167614070
185261887
216296782
219161776
215147298
214201367
127031458
478041
260803742
80439132
193903928
263253592
244169741
220670109
91020305
121071387
88779475
216475753
178944407
193650218
176168577
181459061
47896005
252658494
175445511
145498136
394889
221727828
115254484
194449214
91029591
249935648
152534899
174576006
252079517
345778
257915312
184217322
93722440
213675697
205809914
54763384
97843499
250077831
257787026
194209804
22876225
249258292
182090209
182782251
155422154
249569946
193649457
221702029
250077673
11349186
120183124
378948
428192
196399398
193646081
88065939
55202334
82650632
222680809
212564347
212993218
248800677
178602280
198295228
99899750
202045592
215890944
199747378
252080333
216462122
220656618
253110172
111411852
207755502
254181047
212465770
178058057
84086096
215727577
160375068
181679891
101931311
247285889
172476383
124893139
184768154
225386479
194960528
242487447
162167001
347753
204317268
84099546
205306436
217778924
204803591
120183486
167613953
136053136
204954117
345886
197668223
250077671
252633395
345856
174050444
205262399
200724675
192492571
162522634
216232730
117315832
134607273
414214
191541212
150683669
731133
181498245
205259314
3750479
110171306
249569723
194960410
244169130
184310243
345851
115254315
339843
183315250
215140216
345777
54763094
221223047
216462114
180577501
115254365
248656174
487296
378942
91561172
500719
196411234
197098472
199671828
137941680
207830952
33432366
216475486
247655853
134025417
221222810
200848665
127031946
253230859
241654052
242085720
184773474
181461511
253232544
253255725
253249126
54929395
199978185
177619582
250077885
253179432
214582323
182300927
253275930
252550193
252550191
253228648
262971976
209762828
215776433
249848511
262756136
262756134
259483362
262656124
253242286
253242289
136015270
253110058
252176671
181460890
246208134
262053461
213165557
199617966
199630701
207011065
246208129
106809781
199932579
197191757
200848323
49472861
190233284
167615171
181673605
167615318
252078269
252078157
252078510
22871070
192364731
159696127
167614195
102140485
216462244
114945822
184217983
246208126
178294173
344317
181473786
252080319
124893000
210732861
198930284
253255721
198128613
213706048
214189464
253232541
194959984
248614094
221252479
217125650
215221545
253601234
253601228
96874542
137941606
127033232
95500920
249826133
198902488
217535443
10126819
262405673
55164419
248676571
125737778
13116559
213718799
214199799
172481179
195839490
215122977
199631431
260803746
260804579
260804575
260804577
213728050
181992112
127591448
214080621
195651490
192969013
193746397
207752747
174238808
124860748
84086706
177994248
138910214
185262292
178944210
76527797
205264801
204435989
215727272
132302770
205264908
179396888
193757688
117315747
115254430
180987035
246208133
195547254
36460534
263440870
245772092
252585746
253232554
253255729
186124904
55205204
201847494
186497671
249569752
253230856
221223736
217125822
216462149
216289002
178569748
215141262
215141267
178549533
250077363
250077519
255048530
253275936
132304112
193647854
250076979
263040988
250077325
263062532
263063137
215776119
215776201
261820545
221248966
249826244
196407615
244299305
55202961
178944195
249789663
187536067
244171029
252043670
251403783
208310750
201386019
250077944
248052784
91562385
260803748
263323893
214189196
124893205
181674028
116249894
205306124
115254413
214823301
184409995
124861679
167610720
77221846
198869031
140361048
84113599
115254351
178462931
203912122
113117273
214192086
19943406
208681117
178458217
124893101
190706654
195547258
242342635
114944803
200784304
136067443
252079341
252080219
205539910
54803790
201850196
222662568
184772836
207756448
183513992
205008669
200848675
216296787
216462263
216462142
216462119
216388046
162167289
252633022
414222
101931501
253255757
253601230
250071022
250071031
250077144
182308733
181926981
252636976
262804472
214930565
250071204
250071067
253275922
261820549
215776031
248666266
207768566
213676557
213490089
172457703
88060623
252043252
208650132
195840805
253660525
183514043
178462859
205684217
215544950
7967279
201385690
250077210
252079639
252079594
252079749
252080217
127215512
87961106
159822345
143897256
120183497
188687166
101933621
140579167
178329690
193902435
193903878
207767169
186317532
177628073
101932132
77222233
215727587
172476462
12037943
175798770
344316
138119787
115254324
192726125
74279362
43160920
201385927
92551391
247445444
130771029
222601084
221223257
216213283
369226
178463041
180576943
201850801
201849927
242701929
250077667
250077993
178583117
178572709
173745110
172457846
252550184
253228657
253228645
250078069
261820543
242872647
261820547
248446713
214823306
206946344
252632941
253665852
15385248
199996523
252636846
7968996
216462102
115254282
51130812
249288075
181152230
194806810
204378264
132302744
213598824
191507258
955204
221785877
206246858
181776411
214930468
203069386
203986672
263396101
127032130
51030383
216462101
217125841
253232537
253230851
253230886
152105101
194959876
162167021
252635574
208192701
253601232
250077354
250077871
250077214
250077940
227340364
129138259
160304224
250077036
252550195
253275926
215776116
23407563
176024805
248445878
207768093
207773286
249083992
199931946
247302558
178211231
50434111
263254106
201308017
67317440
183515919
253166581
249144943
252079660
252078257
252079028
252080384
174242878
193904228
204435330
216333035
214823304
174835092
178943774
115254416
120183373
167615286
177266907
178723977
186599540
151753256
176168356
10191873
198894882
955208
207723925
192472938
178297825
205257883
198898120
252078625
217779101
116185369