186434696
262663925
252575134
193433626
225912274
253042182
3718031
130996084
167685113
73358946
221229959
94384785
248167755
10191440
109960224
250109990
52855109
1379333
73355339
174609868
45551368
248939590
252357149
215141281
253152744
127032508
196305154
99514030
213496994
215152337
92504512
10104217
145288348
19269742
205059388
251997557
206840672
204027445
185658549
196305155
12124441
215152340
193701980
221230970
91343810
248591347
248167757
248801371
195845063
153922899
200998700
249875941
192459743
195792302
163552667
174609870
215141283
249791161
252186304
563397
1073276
107535496
198414176
91343890
72680634
213715232
199536497
242115233
215141289
207400588
213913723
2036449
193701857
546030
192459680
53832552
74991834
253495908
1063816
1463949
196305153
451723
174272325
12119412
253473946
73140493
16445469
174293713
213715248
243500594
369108
253473940
261813069
90743259
367793
169817783
196305161
186638060
207256513
124746610
173888583
198414190
198414180
171585926
162597852
6714927
194807327
86532027
248523286
172486417
91343892
51990285
179735874
248167753
248167759
127649079
199973238
3717993
74569879
105672949
73622212
186277089
127032079
221229951
58268326
214493625
252603670
36370086
214493588
214493577
206840670
128711721
221230972
221230965
251997695
179074119
357023
138814267
214515116
225912261
156789287
185991861
215141291
543208
2287449
171821231
225912306
192950639
248004952
226442143
248004950
79540030
248004954
248004985
248004987
192951082
188299213
252676643
6073673
11081958
163553060
127649085
545959
1383707
251997911
252602463
113228772
175533483
88792560
251998360
563395
190826537
55321170
253473919
137694592
363077
1267669
107535255
160814439
176925408
1267663
6675855
155379548
249271257
213913995
204027455
49960292
154474443
563589
106869584
31514650
67624665
146077313
98359334
253495902
72542483
110120524
77230265
970266
6593225
140586143
416005
11445038
19268756
52385467
7524041
195622842
103661911
245772192
85029029
54883947
181234940
125819120
49640272
1463953
253473930
221230978
186080592
217640460
57325277
252602629
474549
1463963
169818526
249237469
213715252
199536490
214493617
181679944
55769585
72206742
7921601
127033472
252857456
146077311
180866152
742050
109761577
14497364
161903988
217766898
166480577
186256554
221229963
214493571
249934579
197920645
6592983
54412951
257520460
186638156
130458966
214595922
194525873
194199620
960851
216211258
162540948
214493593
113038662
194767360
209269522
418282
127032475
419246
602981
172485792
518928
202604420
24165418
1463957
58709415
14618544
24165475
131122875
197337600
345161
175532878
423486
58696246
94383189
71156795
169818434
960853
252000805
246349635
178461122
8047919
123447247
99851795
216462274
111371211
247377012
7336147
252389854
252389853
127031867
115254342
128711565
551719
197596455
55551624
202904836
244304519
145219205
6091095
6410979
175532884
251998000
38494105
186676024
213563799
54754571
249211813
178458180
54582311
2805879
91343899
54582182
1267667
538422
7599465
125259998
209605778
54582558
193646425
6593365
532003
225971174
249392703
169375343
221230980
169818404
125658436
115754485
91088098
103849972
194477699
51720402
196515568
180325763
187562776
248167761
248707379
196946816
68594676
968193
217187382
478522
73769222
116904729
197415985
176064225
402703
16448553
198501314
248800448
60047680
335336
163552661
242719743
2422087
25912780
439211
158106390
187616541
253473926
252596035
202011292
252004133
180923262
249390326
248636831
253473908
207013279
114832592
214593556
6679915
2805881
602980
253473906
47296937
643708
251276227
128711557
120183863
120183256
210118332
2422095
183052036
175533715
922389
253473932
242410897
169818358
250078383
367791
245764929
141999300
249954213
187569395
178089178
1383705
72680630
540061
207933219
194794269
213715271
225915839
213913727
175532909
253298033
184587575
184587771
193050623
263072617
49591959
253473938
212213834
938101
221230964
125653187
541362
214654984
249204606
195549392
169818748
257758403
249238107
122857400
73162453
253395570
163739109
114945560
253395894
213913992
252334201
902281
186369365
56274189
198414183
92889225
194200125
209605642
214493603
7331215
249019314
72206744
214515110
252301532
244303655
194408504
48757631
249205442
253473934
249019191
249208010
197954510
416485
159717934
99854869
251998282
206537607
1056758
125899032
214493623
207933216
202837314
163739107
16860782
254113510
249211390
144426295
137941296
116743077
252389849
197596641
249204935
198084735
252857462
201120422
935489
253473899
122949025
174609866
212042571
215560788
72542480
253478529
253232052
150114554
175146596
193568031
167019505
186637775
67196071
168359005
91088260
186369339
179446275
247953130
406717
453689
98380993
173911165
159349097
206587920
50424540
252389847
214515120
192909952
217125640
246923670
122948989
544002
213913718
205493041
178031709
178031608
169818139
213913725
243098466
199646889
203697199
196390088
515321
534669
216206531
367792
221230968
235368511
148629730
475510
111107677
195190176
169376017
215205341
241666935
2805873
214515115
111553642
193050649
178031644
178031719
1989123
197853338
214498224
219460718
195696294
109020994
186369347
428852
169818410
613349
1064470
494009
247938887
186369341
560132
208915827
200739030
141242548
221229954
253152699
493177
221229953
24412765
20717168
10749141
505847
1073278
72206747
248697149
117926919
6074775
198869638
235884286
207830987
192950633
169376009
408735
177980625
72206751
453838
53020601
198898953
72513189
169818113
198898942
253473901
171939172
107409646
249019360
262664356
84203049
180723664
162025597
173672524
244168744
58798223
184314877
104341239
186256546
183684682
214493627
253473922
253473909
122949017
253468609
252680500
252763829
244317263
113117287
253473914
248739567
250028032
90852871
80945440
253113467
72542491
175532928
149425115
111107599
242502231
253479028
221230976
192930235
430356
6076937
169586529
243005298
56242067
143147506
191429465
99851362
478433
181474828
253473904
25909057
178256472
250077863
214657089
198897704
125619597
184226313
195845111
244173968
161255173
169818498
210117242
180591906
184414229
253495865
28632386
19834016
221229961
102513015
54412642
122642345
130609475
341163
193094749
107409644
5988095
137940225
162546611
213913713
113430160
9437024
540062
115254285
191699975
217336256
180002024
72542485
243036120
178458040
54799844
214493600
103903315
159015506
163553054
67196313
252857452
104325543
250077456
191429159
99854419
161541340
199881232
20717170
243016258
104326012
221229957
24821818
195765526
247853650
171707713
83038157
137693953
106864375
222655549
1061756
229995779
1061714
171951378
181222986
87436709
49564280
396995
162025577
183482125
180395976
120183821
253495883
209605623
14841882
53967383
189648532
25980438
189371578
253495956
243023521
187600440
14619348
252764156
248083512
206590820
181673732
179955392
72542479
244168750
257759975
182742911
96630317
177890963
186638207
243246040
229779057
207256341
176696117
199900832
216983301
137939363
249569744
8391081
154491790
510073
193050655
257758519
202475530
153037313
177081074
198898956
960857
247934478
197337604
210134547
207933214
412892
438789
77324128
213913715
249765035
208192352
203464945
104328809
172484093
184486530
202841113
208653332
200616938
99854748
206595205
187234769
253620552
173982694
253232525
186369454
222660745
144410852
127032998
218735694
175143797
540750
190826481
182739165
153541250
113341304
450364
143644363
214655199
7337965
562582
525277
109020479
127692496
229996204
197337610
1463955
178031695
253058584
13777582
127033368
174548886
253365719
196332504
104328588
173890258
997857
252456849
253473924
202805149
173433260
206592917
106362701
132302667
197622255
214654843
197169650
220771117
207192229
453872
418172
214515114
468373
541360
188550156
243086221
118442152
143644392
250077378
437104
83038170
212463084
377500
195622858
102687651
216899645
787638
243004615
253479183
127032694
3102831
129138594
11744723
105139762
249964678
178526702
198414186
197920650
252389850
198911442
188844470
54789583
177497218
122141119
9152216
249954521
194407934
53991694
7521427
249989022
437098
1463959
1463947
165021294
197337616
495715
208671253
1061722
186192091
199973179
185438384
132304585
58932526
117832627
193771523
180749828
184492255
17361849
198898780
178463068
215248205
172344754
259535044
34747515
54757748
245834235
510093
257759778
193050681
51240603
862027
262053177
253325682
51242092
169817789
192411570
195481028
235975123
1064478
178113865
207933205
146273868
57325285
197596460
199569465
253248354
214755179
253620442
243808066
247294734
180592713
171865399
6090055
202769635
186739447
174896111
201592109
127032890
478483
124893177
217441209
196933597
253168631
249662919
252714260
169817968
198898964
650820
213913983
512555
37128538
169581854
121228993
83038160
87631861
178031728
169817935
162025565
1463951
169621370
208659134
105231337
161903986
214730900
162025579
214655449
196028956
68301511
178720285
405352
564512
172923146
253264240
200739054
253179877
253478682
181926943
200625191
181223913
195840978
172476623
242432801
184488433
444391
94305744
244168748
243010436
182772386
137952288
248239097
249946528
182743072
47298218
160295379
160306884
192790494
154491332
129566770
202529393
16860800
145219679
252135720
207755222
207755210
249944819
176737446
135238526
214205601
154924225
215538538
217317819
247814559
247814563
132302787
252334535
248789816
130059109
184589287
47296643
176701553
136403555
99056724
180923259
11924439
171234517
68707907
248329458
155618944
248329486
250077653
262055749
262055747
262055739
253786856
254080849
253264256
247989796
252099777
36650050
263246465
175533235
253397025
169818165
169818816
161541348
207933258
169818593
178032269
169818260
197337631
146261704
169910534
165021252
956601
169817962
169818222
249535221
162025585
214730898
169817716
169817906
185717437
1463965
17361871
186686743
252550174
263067619
253241331
263202028
195479661
195479758
36258444
197853896
72646195
190513096
249389982
213855608
262915804
263104230
192950877
263078501
59211432
261815045
158746002
139277260
247862040
242797422
263207528
186686714
201829994
261986226
199692962
263118690
116185410
420730
263202221
243808062
67199937
252099775
253462060
263030191
94199849
214493583
169817895
169818340
215378748
22080367
35127038
242798160
16860778
152920488
180720679
188492837
150050983
183250944
196283391
181668276
249389854
199038747
235880512
184587961
198898948
177267220
11957129
181562813
194582999
252060886
252643786
202961555
263393748
198894935
53406586
213715269
130057713
56732518
37156996
249941593
207256114
262067760
192795389
129610064
68715705
207255797
243023611
111323461
192704884
179206647
172328134
155619025
243808274
44172764
109861877
198968227
152468745
194970393
180853250
206232229
130178530
130782122
160295137
252307252
252307287
146065935
216462123
217125844
217125679
240626633
47296495
180924354
215345636
70509592
182300787
77221346
253786858
198898966
253264248
7063195
163553057
216462107
197955903
248608944
263202140
263119071
263202734
175533771
180720617
263069051
172476102
213522650
203757774
154167260
263067354
71682130
175445829
248790610
204282481
235878545
247934536
192950885
247934549
169818109
178032255
169818181
169817735
178031701
247935591
215560784
165021209
111107668
194635619
252766880
251262811
2805871
169818380
83038166
175445719
204871341
251999880
72642579
72642589
201120229
153364683
218760883
833605
154474584
176785149
169818769
35675454
247416371
195479482
195480426
195482077
199974346
6640315
263207993
178079994
248935578
22110612
213522783
213690767
199647579
213556655
199691013
184442450
200005215
200026727
200005589
184333848
200689625
252860103
263201894
263117372
263202078
263207966
250100456
127199599
200767301
997781
204421231
253165940
184491389
248052222
253168516
174308353
254089876
137188020
216462176
208783238
146226329
31207376
214657978
214939746
129138546
169818360
249533716
33436542
178787429
184490676
193978848
77230267
171117742
178940453
102108239
155759243
178464287
117202633
225289436
182149652
196672532
43751733
249272009
251772876
132206908
214592921
253473944
263393564
263394143
263393862
198898764
61891367
243252499
130058138
252632973
111332689
137136569
154489098
200848158
162546638
162342449
200771759
176696044
87675233
217125709
217125662
207755218
215378781
196068391
215378828
6203631
207755214
74691558
145297799
248800060
181235038
49640944
230244057
235368513
200771526
510085
253183303
39102636
249945571
249940604
259577994
71072225
43859640
254078709
181256781
199566744
181210906
177771397
242724635
57325465
124893014
178031643
248329456
255109701
894841
248329454
54883630
253277235
195305609
249533735
249533720
249533722
249533710
194408502
163552665
163552663
263118751
194595379
263104143
2146257
49640300
51720410
938093
111107661
194595606
247938420
178603491
106349439
169817745
169817790
178032263
169818450
189189397
169818280
169818200
169817930
169817959
169818692
214730855
199970577
214730849
169818656
169818746
197337620
195993385
32446539
165021290
247937044
169817809
169818246
169817823
248420975
169818382
57964083
205509799
195622886
202841045
202487972
195481526
249947022
249946380
199567615
184587541
190154958
191429603
184516759
252099773
184492410
72646193
72646203
195482338
252409598
192712073
208192821
216407053
253241337
188541494
263117516
252099771
253473942
220669342
253461904
253168651
249766857
192941308
213523443
169818378
116126125
129138548
129667376
178458064
214199390
199977798
180008608
218735697
263202689
186745201
186745254
236080492
169910535
178458045
207300627
145263742
16860798
197622264
207337041
215346178
186636947
43751863
189371409
253495912
253473911
262525565
262525585
253473896
253495894
253473928
32455524
186165922
114945602
253473898
195844959
243252504
130059517
189618655
171022435
243257115
217772052
25912752
249977146
161903982
252307866
92551785
248789812
252550172
252334580
154988057
154923923
259583305
259587225
217125739
74300223
6205939
16860808
187243703
225258968
193567717
48725382
155618875
184588490
172538376
192302412
127269209
213960312
200848747
197622346
74885975
12367031
152208910
160790672
197622128
180973147
177614724
248329484
262055740
47296742
253786860
182300309
253786862
263066521
127031520
192704970
249778932
249533786
172923148
193567668
146585299
253241348
195879235
194585244
193747623
186332026
215543720
169817833
169818167
169818540
169818178
169818278
169817758
169818350
169818690
178031675
169818046
248524550
262870496
169818096
197627974
146262373
252320452
169376005
247391009
247391011
247390978
192951098
162025575
244167248
249052915
938099
938103
195480309
195481139
33072092
202840388
244169138
195482418
72646197
253298204
253232316
202334062
195845202
111107643
178032268
179377081
187874529
157782433
194489347
197779029
50265648
243006537
184491447
89893500
103692652
263201816
184588669
213527148
191429561
200616706
184516646
184591076
199973140
183917515
199693017
184416061
263118096
263118814
252859940
138381638
169375272
169375253
216288763
253241346
198911471
261949295
214654963
137636749
178720880
218735690
192359910
205966722
159717930
186739553
36704869
176804133
177154356
169817835
249964933
127031780
113175038
198894939
235886237
182542511
210941847
76527926
32613927
162530431
117315866
207299575
194845672
184410377
221229947
253405720
253495846
263397554
253495949
253473894
253473917
189216602
252630650
836771
217441292
226288327
138811621
1187667
217125835
217125684
217125734
262030985
242161318
207755216
252334240
247815053
247814565
243808278
252550176
197667734
176051704
29191249
22494632
186692319
141986940
127267823
188552475
111350526
137145225
137149343
202604325
122909004
243244278
197169639
43751660
68707413
202604506
44242668
894831
247990161
198898950
263117487
263117642
175533758
175533377
175532938
193209809
193758234
169818432
169818184
169818144
169817774
169817996
169817916
178031669
178032267
169818575
169818098
169817715
163578820
247302601
184485652
197779080
190319801
208192559
195481578
195482237
195482277
83482421
158716100
158715359
195622850
195622903
243013176
194770486
202840542
263067124
78553625
72162140
202318266
262792182
263057538
263067188
190320199
214821936
195993395
192950440
141105515
169377703
169376007
149779884
165021286
77324130
37793861
77965481
862019
214730880
195993391
146274242
169377693
214730859
195622826
109580901
216900540
182108199
181996764
200738962
181992276
198898946
263202537
263202712
172082646
117407700
127031713
16860792
186495787
197058190
235993755
32776225
175533607
34749508
129667163
214518340
213564084
184476545
260932592
138049832
136796324
90523328
94305887
215347022
200013637
132304277
251551360
7458827
172485688
184218367
32351704
204282224
214656855
163447122
991821
30886304
169817889
192020147
263202424
201113524
113888621
150374818
168357045
198902070
175533170
253473916
114945812
263393297
263390480
253495910
221230973
68712901
92551316
192155290
243252497
129567287
112287619
217125828
196933269
254080677
137941253
242101717
137145344
47296855
37129105
201364699
135156098
170661489
49192063
91729277
187203828
145297578
252584495
68708451
68711465
248430871
175445444
247815050
247815058
243808268
248789814
146077308
184588505
110756903
253152706
181926172
184588803
190756117
184589005
250077962
194408506
105231491
202475504
68713022
68713296
128711618
41097941
201055504
207256537
213913721
248329434
194407936
263117326
194584154
175533017
162025567
252334442
169818082
169817780
162025573
178031627
178032275
262796467
218735688
169817785
213913714
111107703
141108280
111107750
146273887
194767274
158497550
55282660
111107636
39359747
169376036
77324134
938095
261037790
214862092
34464175
178032247
178032248
178031639
178032261
178031653
198858493
252135312
160308368
138534315
184487023
8431631
195481465
195480595
249945430
155619344
195479555
41870293
254022465
154246105
195800700
199647482
175532931
184430354
199647534
241647916
178032277
253059619
225268215
184443742
201532223
186998684
200026711
253620521
134419461
263079847
263201536
198898968
263348649
253152643
253166403
249664029
217186376
252714252
213564995
169818365
42653430
222714916
120183505
194770140
127032479
169818554
169818523
345932
214657061
120183321
169817958
175533419
144409712
169817757
214657150
178294086
128711563
120183282
192777507
120183308
186745280
186745188
262982514
5851941
114944300
114944744
650831
263400275
177991669