66683637
175978469
142366255
175978311
66757365
41015405
33376693
5202959
248646878
94801853
106506883
98704634
100352520
32700835
150646681
196350341
59563504
49913758
58865603
92866405
98707784
70235315
68400157
2904007
92869623
115546770
122959611
110467882
149186896
110694735
144095937
175977924
114140660
175977699
122870497
139816347
153594186
248646796
92867828
107319194
172442962
70235339
66757369
32694600
98707584
106539659
129148636
175977689
145563457
175978586
175978718
122959543
175978247
175977603
175978313
122959503
122959521
175978074
96655954
175977675
175977831
175978069
175978453
175977633
66757363
89054551
13778975
5195677
92384295
175978307
175978277
122959927
169822926
95648939
58864501
153594734
144482431
175978654
175978012
175978058
58864347
175978011
175978068
175978650
175978288
208306759
102392851
133562836
73402752
152922162
144757453
235865588
75424205
144095533
23005358
242693176
106540171
122959568
95864078
169923078
92765379
92813099
106539815
155346738
175977648
175977630
175978415
175977825
175978268
175978649
175977709
175978319
170965772
6306005
122959484
101171553
4503165
248646798
144680118
4503151
122959809
95296996
143863368
143863360
122959394
152922090
97044402
94285913
95665350
75367873
175978187
175978075
175978647
175978290
175978305
175978310
175978466
97042991
167607668
128326504
109281404
138384384
122959750
89750638
69090651
99338877
176096932
160344188
107616843
92813855
114251210
143613840
53772630
92806845
92811964
106539737
137605644
175978308
175978459
175978592
143708912
96751054
96355946
122870469
113956814
113956278
66757367
99364933
21605734
144678667
150646660
174887594
92820294
122959444
119623211
122959928
95297842
95298481
90093110
94586536
143613633
169930011
117490612
75367976
207269721
146035173
95302170
95301153
95733333
87912850
170108491
128327155
175977646
175977747
175978324
175978450
175977994
122959481
66757361
106539897
92765268
122959452
122870309
110877035
104406612
7706514
98713375
149639459
118257634
98707756
4503285
4510167
92767130
153592605
106539916
122959546
92813265
92817860
106540275
162384715
90502473
175978301
175978630
175978596
175977605
139816302
106540169
143613926
128326630
150646867
97517644
52866266
99139379
248648847
98723843
124208990
34918154
73402737
80022791
23005360
111607480
122870404
92820027
106539248
91270906
106540165
144757144
82909385
35475150
88073652
170881418
175978057
175978314
175977655
175978598
175978775
106540229
144464666
168610676
138845696
106539390
248648872
25684663
89750517
81454097