74362508
188940817
136143567
77900446
69644752
145977554
188960732
145288031
168559528
200780132
161256053
145288035
179952621
188960734
22438813
243093004
156821160
212212997
147796035
59556808
105778970
132206365
573716
145300492
7308683
161930959
10297987
247406907
79937334
249016549
170770455
214595244
247406904
7308707
252130425
212563273
252130183
17048299
253100005
243093211
145977558
249662744
252129444
20440325
242695378
117832420
202182078
185851672
20441034
20438127
17048295
170094958
187011899
196517627
51563576
247406901
91097224
249016567
212317619
20441112
191077718
247406911
184624043
207336685
186741672
204435863
249662746
248908610
204753416
134594877
252130372
173710473
151745272
69644750
171070385
247406902
249252596
85623302
183540831
156821185
179058159
43810537
20700672
253621243
247640435
173358027
248093890
157194652
58709598
203463480
214761300
249662750
249662752
28163044
248774383
107620077
182113308
144379736
217511379
198294746
185851678
151745268
144380026
185851719
75284541
111581991
248343828
201430936
186628589
202203396
160677906
177016814
214924416
243084131
202182081
185449965
202771834
174207259
197418093
183540838
252632175
183540850
174558194
183540832
197626020
66579952
249662747
194521189
143959754
193708762
203499121
182107762
213568355
169749419
146065912
199591702
181170975
215116627
202055739
246160533
32220542
214760169
144380003
215141932
207337164
181170537
160286887
247982973
249970031
184627356
1577233
262676953
204610437
107626974
189466411
184245551
137025194
20440458
183540848
253097458
183540828
248773524
20441138
247273793
140412079
20438205
177941578
20440484
195912477
183540846
199592769
218745286
159854532
217440344
175414421
249054305
252040718
145167505
159654667
197973481
181170721
194205649
173632745
183531638
204665715
214931176
248538387
190544305
249945278
20438277
197625698
27593845
217500618
139496241
212603129
198530137
197626742
120068539
263114643
249664807
215478867
260668056
183540827
17048307
179221064
191148978
258668387
22651917
127032198
144379658
361657
98128586
146065913
22651898
225917420
207965547
196544415
177941553
180923969
889684
28686638
17048297
246855728
263115102
225214402
183540835
177991754
144379666
215748772
82386606
247640467
145564298
200862306
180923971
160371995
185991806
186369442
185991869
180967902
186165918
159884953
186257638
180721043
186369214
185851642
168900839
185925215
136143597
226775305
165021207
197975160
208387776
178297560
212600531
16969304
206473518
144379943
206205118
190172035
190171551
204874725
43810543
43810547
144379995
260671987
182112147
185851703
195814827
183526478
144380348
199583192
140580546
183540842
216296802
199582674
199595950
212474335
260668290
171550204
202497824
194199744
113430233
258668381
258805975
160287008
182484168
215480729
185925196
197618967
226744411
369112
196757675
216285730
216983310
194200348
144380520
199965076
183727562
183540843
213564082
192020303
216285742
202020088
253052062
212561862
185925192
177941580
196527488
207965800
199596672
113004627
113004492
214921044
186256548
215726714
185991859
185925256
186165924
215725864
155302442
113430239
262746056
190171756
190171838
215725907
248567429
187746329
214823940
183540837
215480929
215111449
199582565
214203520
248176323
213565863
189140712
249569714
242075327
249489547
155303626
215561694
216285717
155465363
195289131
202854834
202854841
253324943
253324941
253239718
112170047
169817729
248523328
169817763
75283344
17048301
43810539
253239711
263100927
195289159
214860778
253310460
253310469
207562922
253310471
185925205
186080602
185851701
197626356
185925258
185925164
186369470
186166219
186080586
186166189
161255613
214824411
186080656
215725882
252078331
214824948
197626349
215221252
252632544
155302421
193530460
113430144
75283346
75284537
75284543
75283342
263100194
17048309
263100158
263100031
199597235
258668389
214937496
257759827
212474339
216209325
185991863
194789952
148868845
186166217
185851680
186080658
191141969
205427895
186166191
113758346
185991883
177264274
186369580
216285753
214824263
160286653
186165932
197626327
186080594
146086121
186256536
180581212
185991849
197626378
244299862
215727231
215748827
155306611
242443864
257866424
182112722
214189354
246160539
253324947
263100176
199583043
247792748
253052064
214912097
215748778
183681997
199752912
191422991
160286962
247777205
185925219
214824462
185991867
185991912
187288695
186256566
185925231
186369448
214824297
185991855
186369528
185925212
197626343
181993136
186080640
186256542
185925253
197626370
186080642
186369436
215561702
248544846
155302399
101932649
252078234
206204991
169817769
195289157
75284569
75284571
10297985
214860696
214908491
182484932
186256562
186165912
214823936
215141199
185991881
186256540
180967489
186369532
186080519
10297993
215111201
186080588
186257634
185991908
186080608
186165938
189177345
191915110
162528588
107627123
185851682
180581029
186369476
194790172
186369584
186165208
185925229
198821544
193701741
215725866
179059451
202511215
248774220
201796409
169817752
214912085
214921732
215748829
207192351
253310442
75283340
92146113
75284538
248744586
75283348
75284545
195946673
185851674
186369456
176441968
197625976
212050059
186369578
186165916
186166215
197624976
212256458
185271848
157205162
186257636
193716731
214582360
186080379
248800980
185851717
199763422
215141205
215725884
146249258
193701819
215110844
215561692
242864196
247982377
155306497
253149237
255299365
182112724
169817741
215727233
263100016
169376003
247799360
262704944
183678203
253324945
248211167
185991910
185851684
186080654
185851723
214824265
203499102
186257616
180969235
197626400
197625997
197626374
159974198
160286689
214823966
171470035
246397674
191423059
193619932