11368965
11368983
540039
11470936
204000450
169262882
10411542
2987219
29290844
540040
11472231
55071991
248544490
101905126
241806237
8121460
110885142
74935639
13443886
248544480
1580387
1864759
22534471
103379146
89402956
4327477
19449079
110170275
110181955
246853710
262427178
12205618
241748808
147568310
2987221
110188204
17493916
172918029
42735005
1864757
32415084
1534613
25407988
244173733
26708812
77112147
168899523
101548572
535772
85560172
69908762
41265458
56727587
206491183
248544481
127302570
193773923
7736556
2987223
199536499
77112145
29290768
247741487
29290744
248544492
110857685
89402951
111971363
109918718
43950747
11472698
27993263
49181157
131376478
111152687
92007482
56244562
173772416
77112144
243097451
52498665
158775132
50954045
34957247
140769092
169778456
213861826
111000428
26517377
48871637
59081962
59342294
3344267
29290792
129748829
173433274
52326354
50329792
25502806
5477701
19297957
173189827
437588
206491189
207035120
210438680
124250343
2987229
56574982
87898404
2987225
247938094
43993149
110986658
207035098
506862
4632455
196150460
207035144
207395714
49725049
161541336
205039937
22535544
141297963
20865203
48565678
42459004
43399128
206145329
122521974
103379158
103379150
261151715
67943918
241748787
247238826
50685633
20107632
573635
142864791
71898409
72098213
246852517
173654293
212213003
252678323
48648217
16032204
19449356
87630694
74935629
2211311
5502697
54063831
1534619
1534617
188694888
75696172
56365174
12228534
36313844
111688766
92007484
42325860
19297929
24193759
715501
115483455
15721866
200779090
52053255
88000406
92007486
202781429
203049151
48982833
35674347
163739617
106190070
173433941
163477426
87895141
9723631
173796433
56727591
92533426
472120
173796318
203049400
597123
49601074
48982840
48980090
50490459
37793597
56446013
197544424
17493918
175211976
37969028
75991261
20107638
75991361
31827894
71898421
7709526
150217800
3257579
184466082
186369438
544731
67088644
110205747
25407990
252677353
206491187
10595372
165807360
50425777
72769089
206491191
10411544
252676663
135754578
202781608
207395722
115280792
7655149
48983058
7710132
19297931
31827843
33597901
13425903
188635661
22653135
247741470
53245639
174038756
201244061
172918001
173626133
67088648
67936389
110911956
36413458
112357272
68250946
95289180
53273085
252676953
71760969
229704844
34746088
110996149
13808487
5477709
65588922
2987233
59105088
11809443
14187698
201244016
32513855
24185082
42735276
1534615
7933705
27732221
56596026
48565681
99358984
110990264
247933416
2466033
16135294
50367673
168650335
110207013
121258032
2909543
203457193
115678006
247840694
192948822
49572521
91861712
1864761
106348454
27399701
201243809
115668121
51286210
174045294
456089
247741441
25503500
52188863
95249989
10281630
547570
177703611
33387059
19576769
125742313
247741449
85560907
201209998
6010087
97821453
50262511
715506
67088646
115280794
207035106
142869444
7625190
50490424
252633108
110850689
261151730
1728025
168900757
2225149
145875874
9687407
36568946
33395157
248361570
96546717
173651952
173651728
536558
193322082
73240398
54422865
252633460
207566836
7625304
192950467
43833696
49729051
248544488
50367675
184767136
20424660
170487210
58329544
189194538
247219489
199706237
1040956
142832060
193212473
68612032
143714360
109936308
472110
95249982
56727595
65008054
7978776
30989596
5804135
69322440
241748789
1085402
169303703
242076161
201243528
193268601
35426801
55282083
23291870
50685626
97822130
206491185
4299609
189199903
252632548
195972113
74935627
29290776
411788
241748796
24210651
207395708
25502809
459071
48492732
20832196
87896312
19297961
29290746
99944793
180327191
52586686
10169473
29290782
1750805
27732404
178113129
32586787
29290794
3953703
74935664
472118
7164099
48981899
252168038
14188066
506520
74441132
30989735
32581746
206491193
1040668
25408083
20105927
121009923
91003350
437445
173433437
25001271
16085739
27732406
146273463
173631032
57705038
146273808
5502689
16135289
50367671
715475
24195565
247741459
7618650
111153701
53270139
74935631
262745066
119260009
95031151
173631045
20104522
227133058
436250
25502776
10639998
87547213
2987231
173627471
204416989
20084848
7320371
19617328
99680990
115478991
7887179
199639356
25407966
213886820
207395724
10169860
57705040
213886812
210438803
192950522
202040399
51371868
172918056
247937012
48597633
247936751
173433838
222684296
19748860
66129504
8511742
74935641
27560963
222684757
207359275
115280778
201592107
6630307
11841470
76089501
173631062
126765749
49960409
19364447
190502329
541826
29290778
120754302
561983
16135291
43892939
126765692
137582806
205045459
472116
103379153
7737601
115280788
6754225
31832006
173631021
2211267
196180808
39376499
201243418
101548559
126765831
53562135
11517295
175212167
548518
206307860
177860524
205727231
6469157
252857430
200727344
7677922
51267754
7811351
58078938
192950392
21482587
17944710
172917999
13518148
115667263
200671701
72779250
247781567
57030352
200726891
200010688
50411654
33387216
262688277
11470329
25273092
249220239
115280796
201243700
2225151
247778718
247741457
210439055
29290820
14350152
27644672
87569943
87986397
34512555
247935568
115463871
210138402
20104759
247764500
190647345
7387891
2225155
217124649
829139
126765758
437378
164465446
146490876
201243367
217124772
204953290
27644647
110106001
7796653
173632013
252040648
24823730
70508537
249938160
87894582
126765815
7811507
205506501
27406870
42458998
217524944
249046750
26017684
22799135
126765726
204953378
51669017
32415648
54774932
1535205
25408120
169304678
10411546
27732227
154284865
126765704
25407938
248976412
249011886
10792021
10209768
396629
39371202
1033538
3344263
57986273
207695922
203039669
207755482
125732025
196373881
27644755
126765825
606752
25502813
212215102
8072405
73491628
64224875
36257664
91861134
126765748
541830
64715830
176080934
187392842
23432679
26598912
247785229
243245178
20644197
204941471
25408098
252041000
249921300
26300307
207024388
249921317
24304452
25130526
122277591
192678365
24183832
7771864
37978273
130065198
178228205
146494786
163297798
247238696
132033544
25407946
50731811
129937250
199638651
7652796
36258383
689488
192950781
126765677
137133195
74935637
252858039
65029553
201209989
1735745
3344261
201243538
207933135
72477857
173433576
56727585
13530965
411760
247238591
99158710
548601
2225143
204416998
204765428
24619595
199917218
50262103
249883980
27644737
247936768
35734186
16135287
43829037
32586856
22783657
247934546
32586914
14325217
76086901
49725537
115246685
171022524
201243651
66572975
62454565
35271213
14325198
262458192
113588629
252857817
213589260
64746973
247741403
715490
10209770
14058590
99681025
506555
506556
5502701
107419172
249875523
20062491
205727605
26048418
262693030
411827
401634
1041102
52161205
87582753
252635940
25124369
99944920
31832449
66122768
7664623
252859624
104030066
142872997
221702852
201243491
42740570
207754252
247741468
113919140
196021489
243086157
247932995
8151837
247741494
99944798
203231412
72151971
14176196
11368917
113525859
241748806
5502693
190231722
168303290
93182043
184766679
29290818
3344265
29290732
31833038
7773453
19449642
90851546
91862001
247933001
208778487
109955432
95035999
121007054
262053131
249205032
34820356
8350721
532141
248005102
122277331
7772966
37793593
24294868
249921241
185006179
22043963
126765644
243245213
243245173
243245202
57968533
105910858
507027
20106066
27732385
200689604
86947313
63564464
2210651
20129517
113606500
505772
32589833
47184478
25130522
209165797
71183548
249875174
91864225
25407940
126765670
243245209
243245162
242693574
173864083
249921252
115972255
27406068
173631035
243245176
243245127
178226135
243086149
99321671
27399143
25407944
126765729
243245188
243245163
74441632
243086143
19448442
173433803
22649161
125741591
249875512
7239093
20447364
563178
563196
507024
7682882
6472585
262903835
59512761
51843837
249875510
126765806
212314865
76781496
20130179
197535086
605493
22812984
247787867
139973445
715515
25407942
67543929
56261700
71125311
25408122
173771958
247238640
29290834
258327429
204417000
126765688
247238741
7777514
163488046
7934081
7771496
7816337
74215052
10772084
205479716
50490361
250230289
12128586
715510
113475697
20271468
249875527
36368691
216297861
242430087
249875533
25502800
212264605
36433995
178776897
107419182
14061962
7817109
507037
204953376
74387627
204627186
249875530
262455982
31919310
58615753
20408479
64229043
249875521
201244158
411790
7811879
443641
247219221
90577203
249875154
262792248
33393788
7796382
29290766
249875529
173189288
32411803
13761536
205287534
507034
64749726
88804209
243245223
217124784
217124779
217124835
2422653
108957089
247239916
6472571
24021233
20075183
229804029
29284648
605556
193006710
122277394
21773263
217124718
217124645
22148164
19410189
32585483
32395086
411792
197841181
30989690
105739185
91031493
115901690
10772082
53443901
29290802
249921181
248789017
1041188
20131198
249875518
48928801
155759503
20405020
532980
64240259
32747662
25502815
10411548
216982835
173631037
190793988
187348090
249024555
262705655
20412158
32607129
252637264
397060
23227147
249875525
105737821
201244239
249875515
4327479
8306140
64237427
64226114
36569181
203945191
24218868
33062229
565591
67238764
107419174
1650419
205817132
201113367
49653777
247780339
172175809
193115611
22783360
113642133
207726082
11867831
602841
164483859
1672721
243245199
116882044
212314878
40939558
196845070
52153047
225230190
24164554
829137
242693606
25408101
126765739
199752154
252639299
8072030
210138584
1229797
45861149
31829134
247219242
252638892
64748624
187610460
201210006
29290804
201243515
91810452
91089414
193007686
147570470
208778447
62049940
50730571
212992610
122093118
125732255
212215068
7816099
29129874
91780324
22783456
99944781
68982975
212214219
7773051
209722557
252858251
11118874
204068797
110360578
212992606
115277666
105737805
125741307
54536618
113961545
252040968
217511095
25560669
20337479
25407982
177776557
715518
99332022
173864073
355540
55284088
146272567
173711934
69021199
116167328
247741412
173631024
120754623
113641177
2225153
565593
249891071
221701624
74442346
27644790
248355605
64224304
176080912
25407984
74513350
180343577
180327587
397061
20405024
27401432
27644666
204420676
27732243
25408075
30989600
242752391
200689537
73207069
207395716
71948937
67235732
105687611
36570366
201244139
67044176
115972653
56513009
100316353
252639572
208591852
249035470
124859148
16442088
91863087
93291459
172422023
2987241
29290822
247934564
249921250
173189106
252040571
35409806
22834054
396623
96547026
26300301
41083168
173652410
180325556
212214364
27652840
13761538
203842804
199515021
146498460
24819460
87894823
71639739
88808754
105737809
560616
563493
35957298
126765762
187225397
217124855
126765716
243245212
243245112
544734
243245177
414238
42732848
108956856
829135
33337560
206205112
24013822
34512226
26300369
28466437
247799416
5477697
12367630
115271221
24821975
116048388
69015197
95202719
91090775
71948062
206374335
20003398
207641821
24026206
212961122
25407974
199973725
7778496
173631018
249010470
243245243
715508
249038523
249042833
248935768
16445504
113437562
49721424
120758724
99681097
1040992
217124804
197670640
219460788
50299558
25503300
20107651
25407956
203945195
506505
225231448
242752473
201243454
122948993
121009839
85184288
85399876
116167292
22783782
85185429
121009950
97822658
36565218
24024384
20859320
150245765
137239041
137415288
74935635
715524
34563818
248978877
126765663
31695361
217124844
116572174
247933412
249921315
49179734
74531908
262037826
198562095
35309252
252040478
214584798
27732255
3174737
27732247
24012679
252640163
31829007
220797769
221702186
51259671
69015150
247741476
27798881
121677782
91778956
95204671
62341347
199752456
137423748
126765817
126765740
243245158
248524525
33072107
49377467
6361605
212314845
156199599
170466496
24182124
32724776
50412956
35221572
32747501
624774
10585347
116881901
99681008
7203977
62344080
71724741
105737813
107419170
69021117
105737811
205807521
207565742
11507424
53932262
126765678
2225157
184416406
173631044
81940241
249010306
249010433
249010445
187226680
126765727
123915910
252078389
217124850
217124638
217124741
217124827
217124670
35539827
32744216
50346778
86347911
249024893
249025704
120759380
116878799
84565211
64753721
41927283
64243976
207811604
208778374
22779798
242693594
25407972
54475728
39369522
24829955
20645478
39375706
52665192
27652842
189534012
194790968
25276332
20591660
10281632
26300309
19419842
263104173
208778481
25407962
35785721
27644641
34819075
20555499
27644643
212264197
261974813
2987235
201243611
95444511
10792261
201210002
115691623
115828883
201243415
116167315
71173771
115954977
67210928
201210008
115686334
105737819
121677905
105737807
105737825
201209991
41934645
20996095
155618576
252080325
95249851
126765784
126765745
126765686
30989598
7777082
126765654
249010254
126765763
126765699
252079761
252078435
252078770
248956520
262073274
187375031
217124724
217124735
217124788
217124747
217124820
217124870
34545860
35675445
22648562
249052197
249043485
27561015
243245190
243245184
243245165
252078655
252078109
252078558
122092324
120760623
125093585
120755394
116881778
122091516
52446956
25980180
22785430
4423753
249921260
252062214
73296881
26020282
31696086
25407976
73506590
20107647
64755445
64747650
24300352
35540297
35605457
32377732
194406464
27644527
27411202
20062735
26300367
26300373
201243812
203759942
115967369
201243531
105737817
85178806
71674402
122949021
201243766
262783935
86930560
115901686
85175302
103823667
121682018
121661919
91863043
212324108
115814403
105691698
121009788
71186913
105695276
67952381
98635289
85185144
71702550
144637871
25272345
24022402
43775509
19730238
212214991
126765718
210438922
126765791
126765829
126765730
126765783
126765673
187217635
187211333
217124813
217124706
217124754
217124659
217124651
23556902
11193211
252080365
252079790
173631029
126765723
243245134
153920629
16044154
249198496
249039230
125095570
125095926
125097177
99681036
36707621
12038581
262055742
173630929
53028712
25001291
55284292
203052416
74214109
247934514
32424471
64752148
217893370
248789019
248524552
214584817
41373806
147569938
61779849
74442603
20542319
36338734
24729031
74678065
195505772
26300375
32413900
36319562
32721700
35221623
36373373
13761542
73506479
74213708
227486309
69015270
122426771
105737815
85178500
115689134
122277604
116088226
66567495
100355510
85171005
67226150
91816325
115693251
115265253
115694996
69020685
121661952
115968295
91864312
71681865
115685817
201243603
99334038
71682082
25503996
263392128
5023505
20106943
14983748
22829062
126765741
126765804
126765793
7811173
252080145
173631013
126765679
126765671
95249820
252079190
187208326
187371947
187372706
249010224
249010335
249010343
217124675
217124790
217124760
217124619
54439929
35913054
33394828
243245192
252078787
252078453
252079845
252079924
32403713
126765642
126765773
126765767
249051142
249150964
249151252
249153419
249037346
126765661
113539975
7796075
116572177
99681081
11253056
263193588
263295378
32426600
74677919
28470810
185657766
74765956
34460725
20131179
24935643
26300299
20065128
24307031
106057686
24894723
26868440
24213278
203144152
26300329
74766367
29129876
20076343
24009395
74531577
829133
24999314
27644663
23453011
35785442
22783710
173626184
8071939
32579605
153500458
242751688
13886396
7011307
35473092
170063631
263209981
3308337
3308335
202770301
220771942
146491466
91816123
201244281
115818185
71641411
105695280
116167264
71183288
105671399
115969524
122948941
24822962
107419178
86925928
122427384
86919456
63938496
116040069
247741472
87895887
121008359
115271036
201243499
122426951
69020355
121678120
67232194
57118664
28673399
107419168
90581929
105670440
107419180
107419184
91775520
201209990
105671409
115828508
67040827
116046040
115936158
95249984
252636728
25124379
16932476
25132426
27644788
8109416
25271636
126765771
173631026
126765657
126765693
252080253
247892410
252080148
126765795
126765760
126765750
2225139
126765666
126765823
50304925
24181344
27644610
187209917
187373965
217124823
217124793
217124745
217124821
217124636
217124707
217124688
16447271
54435662
243245232
249010346
249010465
249010283
249010478
249010322
249035920
120755362
120760616
120504538
113451067
26300315
51372321
249891130
263207655
263206838
26300317
199639237
263084923
25979227
25407958
25407936
25271913
27644614
249921254
74676770
74766460
73527348
456732
249921258
64236457
170487204
102488834
30989700
32894952
2211041
30989686
25502811
36338801
16054272
27732400
35221311
22647824
21600673
212213889
252643725
32370524
56555403
30989615
203144592
8951171
27652822
24288413
193006567
220753750
57116398
121682403
105695278
86947311
201209988
24820736
115693360
105737823
116167338
115829795
85184998
95412032
116094825
69021325
88045727
63944487
116033453
201243440
71699612
95204731
71950114
115827792
95434847
107419166
88043367
115824256
62783493
71665739
249489576
23290863
173652283
212324092
27394884
20538293
23228644
22779931
20107681
27732263
7771177
126765768
126765721
92551502
126765667
173631016
126765827
126765697
126765788
126765747
126765689
252078998
252079008
14187327
243245203
249034699
249044099
249037176
249042574
21600693
252077991
187383402
187238015
187235409
7773361
72487272
249921232
249921256
39375781
74766156
73295828
249921319
85174759
25978439
20066730
35787124
32424798
203945187
32579271
26300355
26075655
25408107
21600683
24283680
2987237
24165755
48752688
246772864
24728284
20697876
27644735
16187151
27652831
96547457
20073087
32414715
35912919
43919922
217511207
116881936
120760627
120759372
153518805
115828180
91017293
121680617
71637807
85175081
91056254
115967612
115690706
115827210
121678719
115888375
99334383
85185516
90851357
122948908
248445603
173629638
207699261
21745716
7933986
38212667
22481087
31696783