1382619
2465089
59281977
2293243
2209073
116746978
15709719
3848271
217721946
2377333
31648872
173867280
2361169
2293227
215540858
2377621
2175357
719834
209306269
2209075
170141931
3320515
217722707
2503005
167970486
2377783
2377365
116748538
2293259
2361159
110126338
121269864
2361421
109852239
2377693
54000314
2502905
217721856
217722926
2057577
120460439
14941727
956592
2377371
338176
518624
26143563
217721934
80127538
121082562
116274607
249877766
2499467
2377985
2361063
217721762
217722908
217722117
2293245
3818689
14180641
2499465
262851042
2293235
2378015
2499531
2499797
2377443
2502937
217361576
217722765
217722010
217722057
13900128
10316553
120461208
31881895
116406024
261076057
209128806
2502943
2502987
2293261
2361163
3576535
2465385
160654490
217361624
217722615
31253550
109878802
974755
214924132
2293241
209391508
2361147
116335389
2465381
168183394
262875987
168046506
2465383
2361173
2361165
2465379
115966829
262822377
116189225
2465377
74744229
261815211
170335630
2465217
170331329
26143329
217721784
80029688
31878837
120365546
2499713
2465091
222376699
262851532
116189188
3848273