214935209
958350
462888
213936743
2865489
44173027
36316262
518164
204082677
35778390
315910
1599605
213936788
21060573
193762281
263102409
2395361
214766360
956482
262745934
259484115
129769561
31895967
481139
2030559
192989066
263057666
193109433
195472358
129578485
153945786
192450672
190229707
263080723
14948130
2530651
262734724
248789427
191922207
253350321
210155071
215604512
262706176
567344
21126371
56345615
193101560
262652919
43751962
12596364
102758507
103475202
249876374
2183981
55422803
249825878
51991021
73668866
214921526
195472285
956110
2174973
102758196
15984543
55288932
965552
102758297
139336772
198569060
560404
142376117
248703394
25537768
102133004
51942485
215604827
35777641
263101203
195472323
102758198
76250838
8357990
142369097
262876985
200976867
101262479
248789314
262744819
140752646
202494969
2624031
253275359
249875854
45176072
190708747
25203183
263099001
263099981
263101142
262567689
73385429
218748176
263067953
195283785
262729408
248587287
137442781
204449389
2061925
263353839
262871708
263117484
263117275
263198038
263068382
200976824
225924654
2499739
248557134
248569591
250099788
103597966
190707226
262859614
50247591
14948522
193880859
250098828
250101197
262643228
225933712
198495287
88043569
101870660
262729526
1748559
160270482
213949424
195283830
198495129
248703415
202961825
262730773
263200525
210154560
141813777
202487950
138581425
250059546
263395438