184419723
262515424
3071853
198573178
196001721
201845361
225911228
53703869
220682523
113070836
188548575
261989305
261989303
261989315
114578907
201012080
249773417
216226699
262394611
3723281
35283863
166525107
140120577
135727711
202016121
251345244
207217794
138934620
173536146
35196247
262590363
11419483
160779390
252918906
35290579
253313810
257866139
888553
64220279
174449882
146846342
176550309
33543689
7832997
19370504
177165980
184766289
196001718
1533427
252051189
208406304
71321829
205988585
173832683
130170234
176550303
251772784
206784530
49459968
174449878
213942595
123574046
138934626
1717559
206784504
44976177
213942591
262803630
173515991
575950
187231188
104049763
212212330
206840890
253474040
10053472
6482397
207035105
197920655
253358570
57768279
257865752
46825641
196831943
175798776
253686568
253631712
208406298
6161641
6926853
46825648
177057025
217639559
2435551
196831956
196831947
176550323
202840395
253070723
160779449
180967398
136941163
53825119
137904139
227659202
142644825
260981566
6161649
193605374
213942592
213942597
194339106
198297215
95542826
177169326
6812603
20954641
92002654
49204091
178032049
260968042
77899572
574759
168303306
17610642
262821050
5808797
48613094
207502327
191282989
108753138
175866670
10174048
249667086
195510664
36404202
6161635
40884769
201845353
195510594
100222256
186199777
135322607
3006273
174443099
225264286
247407844
1450513
215545052
249007581
71898407
50253505
171876669
1527079
106362673
207401095
207643242
262897336
189588824
206661189
716287
35575711
196139650
209914003
253321356
105539497
141730000
253393251
174211701
230009475
57964820
174449880
6214227
208406299
105229643
261949658
174605351
137440106
2996341
5808793
252063963
6926841
1527511
208406296
8306467
90227346
106781488
1726555
37410507
253321358
150999166
252410790
253234810
253626935
203883773
90353832
171621153
188071544
33758313
137432263
150546710
36564289
217523858
180602507
242492380
3082817
176437863
140012510
249009515
261005621
109128186
134983236
135552437
5457873
208192641
41217861
41931829
249604619
241993070
51565406
160677477
35575017
1732915
14142494
196831950
106066913
251920858
204041848
12495289
160371989
1419963
652373
48591790
214915847
52805069
249697123
253626937
203892309
255478298
258928702
242316923
196826014
249157628
184779707
3858765
57771479
904256
206330829
198900186
181687303
252079847
248986323
115668463
208122217
225907098
190239054
50275304
160169325
252640859
187644086
151987192
173347827
3750429
191976978
91594191
253286197
253321354
164990688
162355089
89624475
65082042
200850985
251552422
179120637
36335963
252727032
339845
213942599
249031717
53433383
199007622
249009313
160169320
196518956
208291677
206844673
136013850
160142620
195961560
207750945
186702053
252011542
95039280
163902730
57768051
31357482
161368449
195924962
252641219
259512039
247887668
74457271
16076963
236858441
204249429
1339059
203084192
203146624
259326534
206483083
251267307
257915204
72167663
207749739
56274378
255349768
15642332
177621208
20161607
46772894
95039243
178832514
204049599
247407566
197601111
507224
260818558
137998990
252011555
192322274
217627647
8461470
188947935
213936466
114945426
213590965
252882948
101801591
203887713
173903253
188331095
165748631
262861706
253629074
195521115
141677909
262909033
258219090
72314824
1747345
249009284
205899027
263256531
186141930
59321997
33105025
149656745
261801945
260795163
19865101
215296725
263119852
77899569
203230969
253461981
137997290
240872308
252398324
7283681
262887571
198415770
68002281
262915104
32785894
179745995
257843658
262526945
80186431
207830741
142833961
15260188
47321851
147056324
263028760
127965039
195519946
253321352
8461472
262587458
262936460
251268888
197669504
253629153
7887173
199705358
262887199
262691580
75951353
20134998
137997716
135727627
202529430
229780859
71898413
205973139
253629171
262889751
248792306
190608573
112332857
202016618
262676108
253399746
106460060
257836024
171645012
160149138
262865652
149781577
262909016
242433304
151967478
160788585
251274205
253565324
247407726
188040289
242124198
187238966
96291985
195111704
199122517
171022600
216098481
1419965
253601041
253410303
19842255
205380039
204381181
138038174
175445464
248767502
248696226
215545056
1387543
198738579
199543810
54616817
247406195
603891
195520852
116141437
253411536
215376278
167935897
137440408
145498162
12104106
178093065
197953776
143018601
35010882
3019901
181358532
181453903
251894031
57768047
230052803
109926587
252596042
214189075
219131526
72315998
252040635
262676112
179689606
225906633
263114442
199139607
137852982
249608417
253263706
209388741
199122434
176881242
93753905
249348686
226793770
35573779
200672164
189557195
157073378
203404602
2126087
57768124
262687296
263053646
215766391
208650189
40416476
177699757
188229260
190128203
10604363
186815266
179518493
37134830
205503213
255299456
125773335
208677745
248837910
136482688
198559081
197544440
41870836
53253776
249699787
257758903
152367070
242433091
252040692
11801211
138000134
253412339
253461972
22367168
179690625
215296723
242982217
213936257
215296700
127033416
54130955
206377350
194131617
253242475
253411553
253137819
207280076
209932069
253300008
27734102
215296678
206377317
215296711
196514872
253275075
187645011
195436128
160438832
36701963
17960466
242770710
252080230
205290147
110664507
210137028
36702009
200848378
95039248
186815324
173903334
53652815
257859781
203084064
182479689
639213
252053072
201891951
249602521
374578
143010571
208657502
135727614
19770229
147588552
252401055
253665557
253306068
197347193
260111368
216475480
261035671
208289544
229809650
154125906
1527509
137896142
225380740
142218674
6491375
253412439
54769228
236854739
206661410
253234825
253565331
135727612
146577236
208285335
249649479
137440405
19861607
47321849
168959913
262516690
188967424
160392809
260108081
92004208
215052068
126707992
137852952
247264066
249033753
197971072
181656866
225268799
103635471
151425642
32731870
174293679
253252965
249007378
196671355
248666592
19774804
203971907
173946023
178062826
201494630
137852988
225209956
139492066
253565329
209921202
141515707
259326538
252674963
137903775
252034918
52317349
6214219
198516438
203899324
95039256
253232567
249578927
176212528
249731810
259326532
206362980
259326536
180966557
102802483
1067724
253236671
173272856
144483114
260818561
55746285
221254820
253655037
208652902
201569013
35410252
147814497
253265398
175445475
217696694
53825625
196530489
202610951
178957017
196598435
253306186
160672904
262526508
192191693
160755221
68389182
59377004
36702001
215296715
253613852
207244983
347884
176293126
179219292
32581742
243090403
251274786
192547641
207502588
244306954
152185129
251384686
174207633
173879487
248678857
174038146
106362336
951003
206860346
38482425
165186608
67011500
242628002
137467557
174588295
92004359
136848941
44640185
212357941
30716163
262303098
194095413
73664655
200520670
208064300
199040297
248788486
260108089
172449238
253058363
196137753
114945041
124040242
209377853
246039426
199889458
193565140
190537931
59482392
209612933
138934628
248788800
207475574
215296721
177187972
213936497
570817
205695044
36701366
186712058
189327796
247261436
257958200
215766354
176294371
191808151
206335225
253557656
253629205
262656167
184045833
113707061
252028551
217159184
36434179
137903920
55829404
256572754
161892465
212357648
209303709
53973411
214189070
36701780
188318745
261025442
37468639
160438887
179799454
176168237
208253413
262783237
252874948
19843497
262516410
197373947
184256787
253042757
207657447
147294884
177620466
261963790
205695870
184476078
67246913
182479760
201648735
181895541
214828832
114968949
54763111
137846402
188161180
230039294
137999108
36313234
177253551
251392326
52422363
205696525
248788547
198592252
194130661
176214109
71898403
184667495
196190331
262302864
196897138
248788084
225915478
177281013
208678911
199006680
36701931
52631876
21575867
262664440
262745661
225907669
214189207
203465064
116188389
248686325
249607507
248106845
95039257
35304703
253557098
198516523
95039328
64226681
262516630
203094002
262734984
253412352
68826638
210114383
249017815
37410504
176969657
148794018
160438843
67621415
225908008
133859746
118887166
153920617
203208292
119949029
253557081
260818554
249017070
257836026
247407709
52422245
247949047
253237659
242131074
252561636
206335001
144483167
38120049
262648819
213936456
253258198
32894564
137114524
247239719
255630401
208435754
230201313
210163691
205809440
208408646
208066606
215376523
253707927
195919315
201089617
210960487
199615352
253565327
261025452
55406088
202246132
257958254
261963804
215296729
248704823
204867939
229975283
210414088
50731545
107465985
188551006
1471107
207421154
53254008
256572794
243091265
247407568
48888736
261803351
247797922
183909980
196059819
176728191
262050120
255298921
253253328
213936525
249699377
178035283
19842487
137127900
12129162
253557562
102639891
174589132
207773132
159380723
635880
209915199
252574629
160392650
248837908
260293081
72040144
261810707
37216300
64228059
249348762
92010651
257759590
252054232
257914910
184647657
214762192
215296731
253271599
129138525
186815560
253396876
227166058
243037358
201161422
69500591
195505598
175085033
195201105
241807589
260818317
75793927
140122299
248786541
252051486
11342048
71898401
124328570
1068870
1746349
188290631
247271249
175445689
209933478
3048147
252078194
208174369
249220594
187865816
52317283
145966327
54769098
208286104
95039277
252040617
121383750
148596237
36701107
95221017
255605871
204644062
252011549
22080355
161458650
216983132
152535607
255074833
137898890
213519672
248837906
37216290
178110965
42421578
160392726
181505129
205986811
214189091
215052070
188066989
41579152
160438935
211924857
215296713
176752866
249696935
178096152
127031739
251537633
207152563
171705112
38075190
253284716
215296709
196530597
260941564
258848167
32352507
248740193
251418769
215221595
197415741
67871331
32351750
87443845
253268997
201160647
212109188
253232271
198592772
213936329
253253618
249220592
71898411
176752868
207336002
199168128
160677721
107124362
253300870
36700790
1732913
248640264
172475717
214200514
197516258
173903266
175167344
51850328
202329752
191808394
38108474
247321728
148073418
11141486
209911887
253263669
251274381
247446356
137903685
260941568
196597218
262368706
192155928
203862121
251392245
174586847
137127962
174624838
188707870
252865795
175413243
160392769
194096427
176896917
22080353
24765500
137414540
202329520
38290456
248880273
201598578
253300532
253263989
197644267
210137196
209929516
215296717
253234602
253236869
243245255
249302336
209608789
41227391
251392897
186366476
109776180
253079974
199523630
141345262
116139999
211255802
35313210
212323975
36284008
253305011
262817147
253262953
247240117
167033973
183684475
109910770
201932222
208776382
186677830
121201396
145959916
73791647
247264094
127210984
17608979
27734070
184633102
179369038
242424455
37468655
36701967
250335131
6214223
32423073
149974948
71980175
201385607
215766241
215766350
214933094
215914481
16998388
253134339
244876172
247823358
186815236
253363425
253265446
58618770
253298731
181926005
262734286
201160641
203402437
208907059
205478399
247406201
179913056
136943052
248978048
214582288
203200714
261986248
195520988
127207295
31265774
208170557
30156454
141333784
196149761
253304980
253265631
213936468
201568749
143144234
196157760
262806883
178536312
148870274
181657114
195951967
162517594
129028195
215485901
31265866
201308528
248885985
248362623
252078821
77220775
36155377
216285793
215914479
206377137
252674930
208650234
252079586
260795197
255299322
257959075
208411756
262062403
262062397
176485475
249208063
261943465
209411758
262782323
42194324
209899890
243084962
121210578
253542406
214189267
247949051
247274640
208064976
94382224
262062016
262062009
248371819
212314112
253253429
209925078
215296698
253265332
209923247
213936364
253253263
137902639
213936234
52421745
171811939
191426497
253629901
173188783
184048419
260922683
258567521
247264054
193062717
36701163
251392925
176784840
262909061
263345242
173616926
195866966
208327779
73611444
201089608
209413504
244301048
172475978
140174042
214930432
204803757
175721827
84075031
210960267
183909787
247264069
174808376
136403488
181895529
205692019
262781250
114944340
261802132
209331493
253662405
32894696
262394196
252080179
152182611
252675591
59445038
176736553
262433881
253323941
64218485
257958243
257959130
72173436
247949049
246952442
247264488
37468682
262973344
246958385
262875134
262875142
253286000
262062014
207974064
253304999
262655923
253412121
253393253
213936537
204825594
253284523
213936197
14143144
249304404
249696525
175811795
260941566
248541086
260941560
41550817
188427869
201160890
253265852
262066907
262066902
162390614
263345085
248097607
210145009
66105082
214933029
194004214
106362390
247264092
206560562
181656118
150600657
194857896
175167461
214828845
99056193
11633481
246748677
262050123
210163933
208327838
261025448
261800167
209273142
40128121
262897343
261943486
116057082
262044872
177045218
252675612
252674969
249520927
136942849
262044878
10280909
261943479
240626521
257970304
138049928
252079075
248592521
252079511
216213284
246161552
249671850
215040504
253542458
246956467
168110323
247263063
262875147
248773745
253363481
215296696
186815391
186815369
253265356
211080163
215296707
213936400
262734041
177703616
262656150
209917718
191144123
257770236
201568450
154248673
212314117
154248434
254079095
42201375
244690972
262909018
262086063
199672141
182845387
215786508
263336319
249662625
253360271
247264064
159766577
203902564
251442125
39838795
210955787
187202824
214200418
180609841
209901280
207293723
252887302
214828826
32894623
24765334
34825659
261802146
136482792
248643221
251417342
249931060
249004540
249007406
248643287
187829386
202329380
253237890
115799031
215221449
235736244
243202478
262044894
262062416
252078103
177579551
252079378
252078755
257959168
255299021
255299006
248906540
249602748
261943482
249052481
16592297
262782308
262782306
209887646
174134897
215376121
215376398
208065106
263195566
179510745
37216364
214009554
36700827
247892146
213936404
253263634
213936488
186815478
253257941
253236412
213936412
193926006
216285779
199111704
174211068
209303698
199168133
213854165
107561578
37134899
208653029
217577468
242629699
262874986
215786510
150851765
175721726
241654035
198523345
68835183
175721653
181713080
208223965
115437170
209177072
102806321
202958432
58615062
137430596
262066909
252887377
142237874
262733314
169447894
262049970
209303702
210164104
207639770
252080028
252079796
252674872
248912257
41153705
255299135
257959163
216982914
217123566
36154610
177884469
242435516
243223440
262044887
215481348
248592459
248087913
248592513
36335065
230367270
208310931
262782329
247264484
246954676
179915203
210137044
260941562
260941558
160946423
261957774
199671839
197516088
216462199
263295470
252858752
253411501
253268951
262767450
260110643
253272361
210137274
213936513
213936333
262567712
26047581
253621841
183901509
253234604
262874961
215786624
262066905
36702047
26454417
64222500
185435164
214930437
166054019
247265346
41556340
253230225
263342942
203864261
214933092
59400500
24767212
84898831
214582367
114945211
252011529
24764761
20992895
262897338
261800208
188428504
252079703
227184125
194182057
217123659
257995283
244309485
262062411
253304953
215914485
215914483
216296795
252078635
64216812
208587655
247407720
52317313
248767662
251417344
197624544
181170683
253542461
247264480
1735821
262062007
262874972
213936535
213936482
112672350
210273844
253236122
214009552
186815532
215296692
252043920
213936470
213936295
192187790
196813076
212963961
212963138
212314119
41932179
32075152
253360258
203002237
179234155
176752858
99056523
19857033
175167496
214009556
181895534
263354920
72177479
114944734
261025450
208435693
104267927
253662409
208174858
45847043
262050126
206483329