58971674
221229392
181699616
87998123
9609167
58616760
5436013
172175783
1648937
160395025
702720
20934341
176906739
181131325
146271852
441930
807675
532163
78631648
112332743
242995008
64451825
191769420
5506017
93249197
471954
248620444
86540825
201296286
14522409
58627110
681036
111271288
184282281
248595277
2196161
205986076
181938694
52327451
430591
22222415
72668426
149409059
36570232
5402867
181561286
13853119
74277054
548026
242492541
179442167
23426181
154041076
207763403
212960234
1582319
546623
253252902
348077
411783
343533
207760301
978818
474723
1040288
566261
49391804
937777
62004699
137444800
262081087
399620
248789087
83757978
152546954
111271168
216724633
212992878
195961275
149409114
214924143
262673807
92551697
189035390
92552365
918084
46759449
1044532
179236229
78631646
255175328
248733041
345428
1207563
30156408
2027773
704297
7393211
190502240
37468740
114944583
508380
1645683
22080373
253785263
37134917
107409377
242432565
22172871
500435
206376425
250077835
225208289
2395221
434880
37216797
64451967
262745682
1276569
255175330
546621
76249945
263046625
43342164
195192136
262570721
36701173
173904536
191058348
257847457
153349679
262654333
37216556
262515829
195192185
190301151
1044650
262656590
262414454
32613941
36701514
262656899
342287
955210
255175324
13853115
454397
68366667
181904595
262656630
155620587
136595350
446418
457271
255070748
441922
36701852
133055467
19774806
230332006
230331613
230331640
252178897
36700922
6215871
92551434
50322361
152547014
216724588
262043261
215548512
214932865
147866755
164077714
262654894
262654337
253252906
253252910
263209520
189035730
137260112
230332192
36701453
31207398
185907232
225208312
36828944
249930900
253785267
225208285
225208283
230331928
216387840
120149944
118693224
37468814
161984110
22172591
203498186
225208281
230348375
262043248
262043238
486950
253785261
36701886
198582923
198889608
253252914
195863687
154063000
198776422
225208287
950850
230332279
230331701
262043240
247337138
262654315
214582228
191375788
56069034
215737262
200976510
72040800
262656617
22370998
254909657
248265926
225208314
253785265
154030109
195863680
49126651
31519130
241785461
36700886
112334875
255175332
32351744
14378800
108715084
55506686
59262880
212356656
71948001
155463025
14645351
140360874
41754180
216226700
17960478
198737965
83664156
194960744
17960470
127814264
136939552
75601401
10397243
196001716
12705888
73684906
21430154
248593733
110447680
38419977
62648437
115702579
155463044
58616755
208130982
168946125
217764095
10044277
169640939
136941161
134958186
54025540
151994854
171549994
171055469
408856
138504802
191148980
193895773
104074997
439662
573011
69162889
208128939
25775304
78975581
14983742
59291594
77243054
90413497
474820
25037584
54208968
216226708
7556499
193895771
38567500
115889863
255175530
212992710
99461647
262083113
56256828
221225653
1559501
175700773
252385591
181131156
25775298
75639669
206675358
199196914
558546
252881876
71907878
15267815
70016684
92732206
146735967
192623465
216216901
186369218
74362504
7393449
74616448
569636
1365031
172157356
76601012
75639704
185925170
138396004
188383611
48657015
248613065
249794826
261830075
32701096
110677246
31122069
486641
25049753
255175542
263032825
26289120
155567130
159026491
2302895
48873335
471038
2422645
29676708
66580085
153408005
148803571
160370113
262874923
119063679
140221896
5907357
199970256
248503468
11307128
53495951
1310641
585146
251268431
197062941
163315180
26429101
433289
129138216
215136594
135419845
262934904
189035709
193412890
207193981
14378794
247441869
213144595
106362344
36702148
208907284
171292205
56697260
73887648
122489015
1590665
46107047
244299291
42843086
185903791
143858313
75639688
446359
160684518
75639671
180955499
14526911
241748800
169446255
262525573
98603998
73684898
407040
67991608
54468672
160394326
212992697
29643666
59207488
247321865
33132795
104672335
197623996
260847312
37902675
77858319
146368392
171580968
247755368
991877
246772903
160214164
57243159
261840619
257847632
255175884
170708216
852113
253271431
4054237
250020391
173903533
44540589
68823452
248497324
182743126
247661736
115889249
202224717
83664135
137504295
168234716
216216796
219140508
257847630
361694
202840399
110460950
1031972
216216953
87128834
584154
75600721
74245176
455266
146275457
248745949
162113115
41743051
75601625
35827425
93039531
29810936
458014
55079531
228604452
214889675
200035993
217320674
207753023
46107068
495722
970374
196202006
261840654
175526762
185991812
184633829
205579045
173093655
204056881
177084797
253052531
187642333
215745911
416696
171037605
96616364
106362337
206376857
204337875
73108457
56095762
54761186
179983167
185005759
253052491
41182204
262058490
228615166
249019771
260930139
72680638
253248325
118900469
70016686
124893091
199547864
16829893
190156193
253150677
115254262
22172634
247297497
32411011
75373052
160374912
67991604
202328999
243080774
128635777
19361191
247337527
186877073
262303196
1208783
192950679
259310819
255176043
215788797
92732210
1065030
170611814
137592535
49062952
22172583
116656411
215788795
189264083
214203439
253444163
40995491
127692132
201039546
22482297
260922629
230083664
161493807
55302747
150998663
32352092
1205103
2363009
40983363
59548351
145399600
115254458
341382
55330090
1044562
195822407
199647681
163582125
206205124
262461884
49459972
65029079
247567469
253319001
207398346
573655
39854396
50243131
98068470
263292900
247933324
57243163
216216824
249791330
252877933
174582162
716138
262085474
35441091
3529333
42617313
262745680
261943429
315999
205894100
184495910
262780698
207933243
155770903
27979420
262664323
67477622
118419951
120183835
27582847
247419539
44934855
161367192
182457859
161384010
262392621
216216850
262656615
262746058
262746054
1016001
195966226
147884737
15656515
263107170
42538755
253293472
247304974
54513058
357650
196853740
112083206
153409029
253350292
55079509
170823375
97541475
221228359
247755296
248414500
87118215
250020210
159034856
217472403
77221687
77230906
186118516
55478047
36319528
253168759
248009006
181137489
262664344
146274121
102140628
184497226
31207340
186120450
97589225
262780717
196372772
178724014
215725852
249038957
207563862
262665867
169887193
176290759
252126703
41182100
259649799
171585920
42261368
262655927
225206337
341539
38137609
182834107
262526505
249161194
160814586
52757018
148070990
1606121
184226416
242291849
225200867
263208981
173093645
215788801
213706308
118890438
167600194
200032712
263111589
335321
185713418
205416995
262084523
1015864
249489704
242424722
248585375
249825910
44546382
149779847
250059355
178302597
247381451
36705251
206248635
262034821
197062939
254187929
179912823
799151
73843098
115643434
251395952
146274114
118582531
191659414
612310
217493073
11424382
53107712
257861448
208118195
41868996
365656
94348618
253232228
247313170
173093649
119931729
77231671
251772669
195192096
77231288
13463304
67343968
106362448
195668920
262605359
607328
249161233
207671447
249789387
165021183
262780676
195952126
262083264
181145206
102140509
262034828
243204071
195462604
190608512
115254469
22371000
247421938
249589950
202529607
247430928
2731713
20073210
242487420
247567463
178575476
66464351
178058627
188533815
173986804
129584708
35800613
22834049
245767001
201355032
192941544
37134989
247808854
262044328
38115255
200032722
464151
262746062
171625627
217865411
31207252
214931174
208126916
187769933
31207338
210735960
41882284
163661428
73768246
262780700
195192144
217776685
686464
262463624
200677919
11257594
180718855
163562749
262064215
139435858
137425253
171584534
248761686
215788750
42827331
230081651
193511478
573632
173903563
249789402
176812495
53982591
252099739
262034826
248502914
92010269
41374356
206376500
367810
247390653
219144870
184497114
118890202
55079507
262392467
216216838
163314279
195863580
178831521
200617023
195192133
19297933
173889002
30162692
201571489
248585406
56069032
51470403
485836
137338901
181799288
184496101
249876092
149788254
252099737
212324466
133772785
146273483
16829433
192949575
262844594
203875704
31207352
22834219
183267646
249679594
215788748
41300585
41015588
262664336
262734366
261972546
102140905
248576262
205695183
206335075
176132386
208643585
246853615
182111081
1352345
73583384
215084923
161168431
19761194
33337929
183907224
189310476
195863576
181771602
173515445
181665606
160814421
205695165
249610411
43342168
99056535
600601
178528939
189529499
137941670
163581732
162112368
231625533
261834645
253284149
48480447
46643391
206077523
208194493
392485
208643557
57750566
254909640
190842083
261114572
21315571
262745663
199857110
215159449
72913062
43342171
386458
77186592
184411918
41372499
215788793
142403468
41334270
262034819
84575260
963063
213858065
205961617
129135828
57707227
32351576
213846285
833905
243000607
6580567
171580980
242749977
201033106
248003207
206334892
114895509
34812535
73768184
243080777
194847362
246971973
248008941
1026840
46772949
20275268
242693570
32241079
212560389
213185002
248620549
262515574
148807860
22222445
77231654
182463538
163677447
213691635
117668037
214930502
20417143
555326
181165502
215725854
900356
32352058
29907177
162261454
184217824
110916490
142419222
36388952
196154785
203199745
189365930
53107732
216520075
77231365
195993438
106731393
242075230
253284602
148805414
196180738
217492633
26664751
242432563
212475225
248082551
486697
180593079
242693586
200678973
237755526
217772539
212992268
32075751
215136356
129138497
77220887
10397187
136482472
195867009
248537322
243080779
252099731
254132142
180400051
212557691
212560391
212474148
146274206
242407449
198320635
242743162
179545377
77230822
116961291
148797200
217478960
230043333
216724744
248495004
31207488
176766589
199552531
32226416
101447036
36017571
22477329
161493665
180574951
406566
889125
249603264
262745639
247429118
44607691
137260848
215544974
197707667
194819075
214819319
193600459
73356671
32002193
135189677
207947488
248739128
195668922
72297970
39854982
262885501
262734359
195938336
341384
242432566
252099735
262466795
247901498
190319415
22980660
74613608
59199460
196156065
194451763
159034269
215561767
32219065
184248015
251590763
558783
157198720
77221635
240626509
183051122
41556602
67332803
248008916
246972018
228617805
163477175
154082954
261813088
36700809
37468704
230018997
260941441
178711335
260941443
263195737
241768448
77181824
195192114
22299342
253722236
72150918
212556445
213691941
212474369
246208131
242086245
114944405
135268913
184588774
262415255
189061734
247262756
169887172
263291963
206361044
263088781
263088799
77231619
178482398
217775104
178604296
199684954
77231231
194595362
149127848
148803203
138049952
200520509
208097040
32895628
205807506
136941162
96031649
136118823
192673687
36701101
162343189
215141258
230239404
253308370
32426628
118900401
119932081
186129011
213972665
34817609
137485681
184218001
77184027
32239567
205707636
206376391
205696339
215561765
241632732
39855262
49392006
53988363
178724031
131532347
262823932
215725856
262833379
214823090
102074810
261113989
195192189
248590462
262044312
148749488
248524536
242176926
217492599
213691811
208643621
991823
32352084
113498280
182090483
184301716
263273826
248495154
195192234
213872953
213886844
214595763
22080361
32075737
99056196
32426392
102141075
215084925
213741237
144599661
115641219
49505277
192666053
215748711
178604299
160402552
215119889
119692307
147865645
215136362
137457658
22172734
181910016
75654547
203866611
35413699
263335526
253308329
136941103
159060575
22551303
32428834
214594655
137478256
30162705
248770380
230329735
246971951
202343007
92551478
230239201
181929248
99056199
240627074
195292051
41556735
178572175
67991696
243594069
173449271
202529446
260941445
262818373
262044324
214823080
263085414
215221788
29907152
39839203
165021306
213261004
213490417
32246224
253665545
261972533
249024481
22400981
122091342
203247182
209273030
162140249
192890921
163562575
77231646
164242386
29907216
217620428
180592868
215746441
140174804
215116658
22367124
215752213
201098721
41773486
159012891
36319824
182546740
215752211
168461594
32352197
201874419
99056696
77231559
92010629
174182664
36700941
251443245
185903495
253308361
212961338
206376730
20859058
154062454
262073585
257866706
127591196
228617107
214823098
215739322
36788345
261813073
260941447
36775068
36775082
183243703
263246532
247405815
215748709
186256411
36207056
212567743
208643581
171625592
181972707
113527173
146275530
252785743
180576615
183362162
185433765
184588982
49126461
192950042
184411873
251585330
174182634
237757232
189413485
206362965
22472010
178572851
36017610
215136367
206242855
187770694
215746445
41139113
194954074
190873869
35699679
216462129
230239253
138049921
263334756
137263318
205810029
263355343
253394186
251513333
181929246
248770375
190842896
253206537
253206549
41556690
248901367
74487664
261813076
261813086
36702023
30162724
252099733
213691833
212992318
14179612
261072772
13766637
177617380
261113987
261113983
261113985
22367142
248523334
29352544
215788799
67195769
127032512
205602017
261972530
261972549
251424982
178827060
247841138
102140711
177703598
215727179
30886451
225210747
77231691
32899147
22834135
204007292
77230839
32404980
1085100
74603992
30886055
137454898
129134659
208679371
249023565
191422691
182305772
168467819
207752684
41329162
241632812
73768190
41182159
246167804
248235697
180567057
225210745
178941068
181908750
30165546
181500742
48657979
253206525
11446183
42957936
105099603
14025765
248781393
32242356
199896976
262044309
263084917
208643665
208643610
77231031
180592866
206205072
208193157
152548660
53240224
134334315
184415647
179686944
252002843
253665534
262875347
262704602
149266943
199132452
148766338
91998952
242075196
179121070
133155416
184901322
192931700
205883083
189463056
215145722
158868263
48175363
163566627
215737270
113283315
159765759
191141793
251585328
195971653
253308356
207639494
49551461
21752319
73125816
209349142
81323246
136340700
108501279
73810559
186271356
107331062
262654791
198197156
96616370
131876308
262427038
42230604
248469250
204957471
143861673
84894442
62648441
170345811
176906726
184236581
177746981
189557422
217539783
195845908
53479462
153823331
59207001
115693395
143933076
124250341
172160196
88043276
161245924
51264140
189557421
111582624
192139498
95995881
190463820
45349383
12656351
58964292
55078233
142211332
253227474
216987199
215613211
214611377
8306454
184790648
139066351
262426936
10038509
252913724
191365599
215733822
249739629
216216800
160814552
147212599
262934908
20113818
217772456
258215773
174306786
249514292
176789915
247444707
225208291
181938696
129138964
190702770
244317548
260810980
216216842
43815636
249072955
545773
206376534
72543165
25663746
137952180
37151923
57773066
32287119
216216814
212212207
254411157
192949854
176005802
262747897
216216846
1085392
44858832
25757493
249798940
73810561
200919610
216987546
252880513
242616411
17620782
216216815
208505781
216216836
5524371
34380542
35729114
216216844
253248317
86331427
179805606
253284600
262082402
181938706
205851117
251274479
22760417
12500989
192950034
205850341
58962844
261944246
16254448
48585379
193603888
254132100
77230872
252574068
77913681
215136640
248978238
201009321
335322
248744495
176789873
169375457
253290987
186495678
75601654
138181035
26355065
66464211
174182656
86870130
263119179
262970942
120504065
253456928
176504766
249451781
212993162
26661514
1380755
525849
212553542
176753021
205894096
25733345
205894104
66878452
7363613
252881783
252880548
262055320
51409463
14072218
212920306
16084226
200557784
182603702
216216818
176504574
253403273
108956903
7256461
247321060
176736507
66144707
15082517
263023139
252877993
125638331
262665989
247729657
216216905
262755017
536584
249450467
253456924
262055333
262734350
74986753
263029275
192378545
190864935
263053677
23145060
137478258
262656185
253456931
127064079
230086336
25665459
192949688
262779659
68562908
34362341
53209370
49632230
213872821
191364420
176789834
68562948
26355485
29812157
252584566
170466521
262055331
248422264
261072250
262663916
116121976
249514105
259514199
262877245
252283817
58499439
146270290
169377537
242432091
132196221
65899147
253239609
149969472
73209372
262654956
22827539
215788930
174849594
22825044
253181934
262730967
253462058
11601934
201112614
92714195
123576475
170466519
41133175
10131942
215727728
242078759
195791438
215727736
77186821
215727734
216285795
184118917
215561345
251577747
262803974
33132562
11973798
16086413
145769923
42589165
189536223
253228463
210513633
555258
16998294
66939424
40981418
3288911
32409446
247943498
198481337
254411124
262779653
36766643
958060
179720132
85396400
77230301
41932579
21126664
148875202
173717322
15478980
205508271
30886065
34154887
74861817
136600126
213846172
190608374
66942008
22172760
262860721
262903833
262745688
176734417
58910111
262903843
190180143
253469672
263029323
213997881
210735229
247571373
263084931
178720491
262779674
249226954
32106405
252537644
35910301
190155288
25972796
155680996
242495772
261984360
75602056
69838446
259514191
253103739
66938219
248797821
171625660
253293487
242075163
32975727
28698181
138049927
247256689
192276479
54819808
177891768
259514183
251395176
190822918
20324630
133040713
191544181
117315798
30792490
77231637
54866797
58163162
242499984
197217894
24826539
182107735
176784629
178729570
73768265
13667260
215788924
215788926
1644053
23873128
248762161
260804993
225971146
185654115
144463166
242433900
215727730
230332312
261114482
56269797
16832492
246772649
32855398
367958
217332700
54151580
30807684
140219067
257844849
249024183
181996681
178521046
16070374
215727732
26314814
67612354
249822721
66939215
449449
247489626
253095913
74195177
179089034
185654084
129138651
68563268
19666780
186693257
189466538
19762647
35859526
74991843
189080452
182551141
146274118
253293666
259514195
34537471
246772619
141960529
174293138
50495437
138558662
227363031
41093446
247661160
74954597
242075188
31825594
35859463
182462903
85396636
32352549
182308857
147063552
29812159
32352221
263084735
263295270
215788922
29815375
209872276
214756545
263264198
246772631
263356990
173747265
229805230
166340903
149124620
49619574
32077225
34746924
32075168
10125377
68706930
229805242
138049778
247403857
31206275
26215810
34380793
262878336
263339929
49278147
74959093
57030030
221224679
32895646
178708202
146939801
230332413
225208310
22642690
10761081
215789122
19665869
34749517
161945333
28078737
208443976
253456926
41869381
92552240
34748447
184218067
246772617
246772646
246772644
230019867
176779640
138049881
249451512
148701966
157212436
185435689
229805321
248556145
129138996
263374615
11372706
213519334
35910298
163677565
229805313
148848909
225972207
150003424
32410428
29812153
229805319
193210654
217767425
68562560
29810070
263272708
54025651
137478274
205696720
257863112
5535905
249522226
230332639
247661307
9185642
35120599
182462315
190863746
199693070
193413587
74954867
193546319
215733820
230332335
174306978
198324831
149778996
222679621
230019254
230019435
246772609
25968838
229805317
25761421
149520943
199692617
106362453
36788339
32352519
10409246
57701738
202769490
229805236
190870690
91120328
176777490
190505918
192899790
69707086
15236629
262845737
263367109
162113214
23224529
194858307
190338619
247305636
247307098
32859017
242075162
230332537
217474498
230368415
11359476
178573922
19661503
225208295
246277769
247403589
225208302
101447170
13785708
192949220
205828145
26047340
253394925
208063033
212992129
181808911
34750324
263272836
190171158
263338300
246772637
246772604
246772613
247405776
247405771
263355577
229805221
31206244
22471998
248978567
190864005
77576972
159015516
230080352
25755966
137478254
247405794
85398036
73768212
85401639
182460342
182462063
22900562
257863010
73209421
230332522
230368417
230368419
262456803
32686734
50495530
29812161
149999644
246277393
247403427
34750558
263058933
225208308
113429628
63925586
54838037
40875215
247404329
262779663
230019929
230019699
246772639
246772621
246772596
246772629
246772635
246772651
251533595
208417615
63927344
114895612
150683647
195856393
213741136
118582583
189061186
67688131
50497340
182541274
68034274
225210786
34750078
205573807
36875741
257868013
247661504
247302376
253376218
230332565
29812167
31207280
262822023
225208297
225208304
225208306
1644065
212556422
148803062
140174901
200560931
28078761
195863596
251533602
230019745
230019483
246772561
246772607
249050769
20437013
33343222
12487664
182480878
215917007
180866086
221516857
229805228
213669660
87599492
207280589
43098406
36313853
69660183
205810255
5112975
253491329
79539096
74684484
253420047
176906754
65794213
184101365
38383306
77913824
10913290
42975887
143947061
55508655
7738463
113712247
180330117
201712780
48659059
255757225
255757227
35351641
253239643
216216852
257846834
101583263
201712778
252878861
177763458
252878357
257682743
174849097
150683649
62701796
216216907
262037896
217482920
11860704
177767600
4106349
215727738
14071979
248342832
253376488
67180418
10194206
247303166
204005130
261944248
11370496
172024623
216216887
194198168
171938406
159685457
196180852
20689831
259310854
217773024
191371835
56671715
208623446
192903589
261802920
192877618
193690581
217775134
257846736
190337314
222657882
247943632
14068431
125743407
57703730
157073425
51107897
30793695
52659778
253468633
92959043
228611850
81255697
59141610
42653510
148013027
56267522
263246536
198526071
261802918
204957481
159737617
69676274
67011044
203927186
261803113
190337039
253047469
252062340
150977519
77560080
215136634
56859545
242434187
253394166
173712092
209606191
92551413
190171503
36155192
86727770
247256651
38454092
69660280
52197756
199101129
42609517
118796463
22030675
41372772
96656746
199691031
262909046
55791400
201652922
205851531
48411491
95071993
67447442
54931257
52402955
200790397
86732056
53121272
208202092
11466706
54832620
117379436
173713583
160786783
73743079
181992173
195791391
242432584
119690871
31876086
195510347
192900430
48493668
227643261
216472932
35526909
249463546
87379871
41883111
34380886
249523093
32409474
34362732
176784542
242616875
149270437
151745481
33545112
201112739
56846948
190337228
242435420
160370217
35518470
65444072
10630551
68563147
189976271
177776555
38542266
204965488
155554221
248498690
86733149
51521482
28448837
141827580
23404566
35591893
242616515
215163358
72692754
55319787
214731904
208678555
68563294
35591903
56269690
119692493
50730495
171953457
88911713
182461166
221224980
230368400
257868911
27979359
197750772
83484117
202769499
13852257
32410598
263196607
177287572
208444132
213675585
158846324
92551394
35224992
192900655
205984134
68563334
204000241
213740999
185851744
69568978
27991572
181992168
36311026
181900641
247661043
199701101
191365970
190171630
176789776
74177079
22926984
40981315
229965410
229965379
229965508
34750099
205505717
253393983
36315598
247933534
248554848
69674766
67180405
35593301
66724365
88909849
67240854
177951172
73689326
34362335
212607481
34749840
190171862
35593630
48531689
54851886
190172112
194198357
228609958
77230792
85649623
34362738
51522250
262815849
59583459
123889684
74533354
73170089
66456264
69255775
24251726
192899586
73788806
74534970
71894566
77231525
176612821
69573137
34380888
63963814
35593293
67613318
209606179
34380523
189969916
88909766
249043044
253468625
19770099
35469776
247302818
67330813
7387237
14071212
230368402
54843756
142002240
43314575
200851592
35429697
31822260
178010672
10704434
49447805
174540371
68100920
253396887
54818191
181995797
66938953
51527711
125732192
24936766
34747077
185405745
263303966
202769484
50873282
66878346
248928045
230368404
228610960
208616406
72629034
182463165
74986302
192903495
190875643
43342166
25072327
24767255
67817918
214822374
242075184
63951864
153064796
117379434
169265373
63956770
117315631
249050856
68563018
36626586
96711522
34747183
171098383
190864383
230368406
247306272
33511199
115657882
19297945
25748643
119692580
77561256
147722547
192903171
35593623
176788788
190864667
20097205
249408006
261799441
20104310
86977698
262693209
263077598
262970676
189603684
217474391
208622868
75551913
177767360
42616353
208623767
253331964
262660771
125189177
49180968
212922103
181808936
56267690
64229174
53206442
70416648
201293651
262745203
201037566
38516706
262744974
20631944
249765278
262701660
262745079
242620112
10137902
203745724
25078040
33008014
48492651
212920645
194421236
262745132
247256658
52334415
54888936
217773729
242616813
54459450
63959711
77231277
262387821
263102234
75377972
14070313
247680686
86972079
97923245
32410140
208618936
212922390
212920853
73789036
253401946
37682858
242618778
84883102
33517845
190537760
102140679
242621132
194198448
209606137
69542669
72025577
242619541
180329702
217773760
92551988
242616751
208621419
242618006
57895187
253465771
242622148
202781652
77231357
33744197
67842590
202045994
77231000
206106668
262386537
68459988
72303195
193208103
242434601
52274979
242434903
208643701
49272632
222657976
25687659
33496956
85645667
33751264
66873936
42636828
52407066
14069979
14069688
242620783
208622960
181900606
162354164
21154069
54847623
41241775
263062463
38537563
27558386
68546588
33736587
171812623
263196903
14069773
242435268
193210899
217761211
13652311
35594191
56582505
90576106
192391163
68546689
54782656
52780375
208619042
127692478
248928090
262704992
138574138
19390992
55062992
123573165
35905738
246851217
180366850
119702775
181809096
52335158
212920851
262704984
31013195
34746050
51088496
23223946
14069867
53598366
222658308
242626117
102140933
198524061
68562953
32410772
55508651
210735220
35594388
138180879
31110624
26619124
48699911
72543505
208623661
161961370
77330807
73712304
178787853
117918063
68554039
242627840
248343281
215727750
191444202
51949108
57349187
180720130
191292340
162025589
212920392
222658080
72025564
48758245
202447866
191629935
36689897
22833000
202045567
14071307
52634638
174085923
50194478
89642561
85185342
222658431
154228215
66873045
52123482
189601350
68563155
181991915
85185300
168100310
68229394
33753888
36728799
53182379
11225005
217119136
52404168
22503039
37175991
66610461
180378101
72301509
252877664
253097184
14070148
17455532
41930047
257788923
136789923
128300475
72693575
154697122
55660278
14070674
55509674
42453744
147986899
189601465
131497159
147815236
85185464
66873358
180365720
9803542
263385048
85185168
36563754
146556775
72027503
246772316
66960386
85185403
225971907
98162159
176505990
68554548
90574516
215733808
43107731
247256704
134133788
215733810
215727742
215727746
262026624
14071963
215727744
67978435
38293982
215727748
215727740
26708517
202072050
71782537
89624676
52268160
21482907
52233146
145994861
41373302
217412424
168181394
135350713
104804770
171822877
151377798
251535131
260922676
34745055
171574333
171587812
251535124
261840912
161650265
53210539
217526680
51982421
124328697
166320806
261840910
261840916
188575695
207652102
261840914
249671437
188299033
77315201
24829080
154492439
33693859
150998649
184912837
5535311
51584719
199646493
199931589
230210413
37518171
199932192
230056118