252357065
262037778
262385753
262037921
180749919
259568262
116158336
262890238
259310791
185970531
188373990
195999029
198572447
193511913
192457521
194179642
194330233
153388608
197920809
194370754
202403153
193441028
197921199
196019503
262037871
201938146
199650394
196019918
194209825
193523844
188374437
193516681
252882966
193523650
198091117
248799507
193512291
169447767
108945823
193524292
242070716
202328199
189538126
214759723
194370978
194179527
197686050
71074659
193736656
196022283
193513016
194457844
193525337
262654677
252882926
259310952
193513173
209399778
169448639
209171399
193528494
169447928
252883004
106349598
193513527
195998959
160788560
201892836
196019452
209399730
209399717
209399842
209399820
209399766
195567028
214760028
252882825
209171402
209399832
251547840
185970732
194457672
194179493
252040543
209399781
194457512
197685993
182112229
47220460
106349604
209399830
194368597
252882696
184119831
196021945
109681218
209399725
248088048
194370515
197387013
209399813
252040583
195999670
263022868
251547236
214759747
252883183
251547573
252040744
192459313
248695682
116158362
195696330
195999890
253350012
208273499
193736893
209171392
209171396
195567052
195696332
196021257
197685880
262425486
205018840
221018368
209399726
252883146
193699980
209399737
209399883
214759975
209399721
209399649
252077930
196022405
197907588
195696274
252040629
263351817
263389141
263373272
263394955
263392312
250099724
209399889
251547329
209171394
195999418
225054367
263338447
263388914
263384721
251546518
214760003
251540043
198075472
197920454
182300934
263336471
263338219
263328879
263392242
263384925
209399741
263206866
24593483
195696272
109662082
252883094
263385007
263353772
263392101
263395025
209399773
251548078
194405191
262606120
193736706
193699829
263394904
214759730
248780756
249034992
248294241
119026329
262056669
263338417
169109089
263387436
263394707