39376712
248789800
2697001
46755107
47142037
47142035
53559559
185909438
212213037
185909861
47142043
2812299
4642785
112350152
247299950
127031629
73112418
50442812
3233287
77156850
34554026
73113831
24791923
57705138
39307375
79606979
46823840
46755109
88000564
34263992
3283535
84458047
184226422
51037983
483818
3078021
57516957
262427093
506420
248790601
48629543
57516992
87573265
87573769
63924623
45347827
2207739
32753240
208445196
10372926
39307792
32589945
70851279
46107054
21309201
262803093
5835173
37793927
41066053
29175024
58939979
36994822
405737
262803330
199038430
16226242
248117452
10374185
67966612
253626971
84458049
88000558
212261068
203958083
33359073
22978781
39308019
212260849
1256497
137752617
40938767
248915788
73114097
247796449
51037981
41067266
25914368
25362767
136596059
251585413
76117851
46837060
36723955
2696999
173617456
25733763
2009399
2009397
57917875
176723787
2057049
247656299
88000562
2696997
32753216
46823838
468060
76048445
41068354
3308349
44156285
26666140
57871579
1313985
73855009
51064398
84458043
40752453
42686980
4642797
73114024
68544749
11228282
41068352
57871581
66580072
56696848
35219928
584201
54036360
14983744
2697009
247936766
138183015
84484602
35785868
50490723
40752448
32751299
146272006
187197978
34471326
20703811
247936770
216388076
88043382
506319
137261730
4642799
38611872
19939973
247936738
396636
506335
204437467
248113478
205161084
173556088
235852751
168660451
253293588
73856383
172206432
205161868
205161960
41071096
55060233
66579933
262803182
84458051
32100388
169330569
180922784
199738309
39324045
483896
1709271
1256495
248936326
14025773
72851567
197970484
77035588
253626862
46332520
67624671
24390437
56697259
48629555
48629539
76048439
3308279
558991
44618909
249092733
29354861
24195173
51037979
434228
249092605
249150125
41069736
253468323
173185536
54734173
137428815
493935
185909456
483821
202008004
37977092
253293590
24164620
7050773
21309195
173070924
32753209
242793557
6932267
19349128
4642791
50322255
4642789
39308461
4642793
22978477
14044909
163739509
19718930
175087242
73855005
255255873
244167369
92551597
200727340
175440605
3308329
66579997
7378485
199946376
247796547
50322681
262385847
82386943
210134582
4642795
32588523
19992329
29610887
1315561
94951472
25362753
29610891
41320167
214584800
187189234
21309191
178831523
51037985
1478897
549173
1677925
26517375
723685
140954292
262903731
262792262
242707574
53639899
187190665
24692565
29352867
48629549
63924630
969194
51267038
253444094
42242012
190660744
169330280
263103197
606623
37975733
66649757
2009401
14983736
207293869
21309189
137425085
19297959
199739703
35445506
48629545
97539220
21219333
58936394
25930441
247796360
461431
169404283
176652211
50685593
19919068
172844633
21309211
36337029
20823326
32753213
252078268
4704897
19991848
24692575
192949269
26666096
205161491
21189501
506328
204317924
443948
198208149
37972367
23432013
52413628
127591483
1068358
46623438
24390416
247655973
11228284
48982876
8149278
10005261
32053068
175087379
19913633
35675337
40938765
41320172
199738860
27731410
115254496
76048443
32591212
82499694
252079933
21309204
86789304
127692147
93297645
20270851
19916732
50215587
605468
27731384
14325196
646405
26666094
205162101
86866933
475681
3233337
247936757
396665
530129
29349092
555454
43341561
33358007
606711
247843242
200727490
32100386
16377753
77154515
7050765
20824157
195656039
84458045
262852739
191506228
32638454
37970494
24594504
205081417
205121845
169400525
459737
242276319
92552191
58936346
262046460
1387623
64704124
199685187
205695345
56697265
252080220
84950564
172829016
252079079
169401095
2633385
173189629
72018757
1315585
10077495
50430562
58751177
195840889
506853
7378481
262662808
205811055
195656061
195302762
7050761
34471316
507184
35221368
3717517
177860441
72772676
195301355
69026016
205162338
202782996
25930002
20463829
25553709
153466380
19993384
14176194
52788265
252079550
187190861
160920562
45014623
7050769
112442106
479980
262687775
21290094
205161358
477461
41556460
32591199
199738108
41551167
22648687
50481472
2386467
31263766
25553717
249200679
14166571
24390380
52665733
247796275
205973443
16169530
10639976
206488498
207565738
26519120
167614158
506322
3157653
41372573
137417345
35611898
396673
195656052
21309185
247658100
72478056
21309227
32590890
242791392
26359299
195841033
443774
24164602
506378
48978972
1217919
27731394
39371275
19991766
100383090
247796599
50481468
197854048
199944971
607271
33337599
42846439
187190721
34748828
175438813
709080
16145330
401728
46645684
10209766
55284153
605479
48980231
146274511
14032712
217511127
19918603
572533
195283649
19991874
3619425
580436
444553
10572611
136595863
42843064
527599
205818372
25960879
36710043
25001864
84484811
207291612
52659273
453416
34825114
187183378
187186862
187200201
15269213
32219329
569277
252870746
19911241
32424712
557319
52506077
92551424
152457914
53988482
248946985
605451
19992297
19991796
204429288
207491329
36257621
551472
15268962
45014523
198123510
167614229
7610134
173189618
187616698
181922797
506506
247796625
258215824
3318059
19991764
686440
199739329
58709838
396646
252079264
252079289
252078371
137482085
205040349
187188374
195651512
191818266
248935248
177887240
1387575
19297949
92551815
10576704
1217915
247843126
262899569
3157677
35445709
7610138
167614013
33360938
26315911
263196840
263196816
263030327
207280861
21309207
263104101
212265241
50481474
178831519
198889504
263088592
21843740
144637619
177515461
252078653
252080260
252078494
180879328
195651509
109109595
141808786
127692109
105633575
177886805
187201381
187186189
177887260
243245239
260933214
195301367
195301442
223944753
223942137
2130769
1677927
127032836
241022084
262792264
19939793
167615038
56697267
262803267
262792277
42684009
177860437
263103183
263208240
252040913
26598924
200976619
27731406
42240319
21309193
21309181
21291204
212581643
27732131
41933489
27731362
21306741
36258142
26210679
25409857
25553691
19939383
26666131
20466482
29610897
212214035
14025771
22531898
3576465
6472525
167610859
263335637
263335022
263335528
178831599
262662794
127692396
31596447
26666125
252079387
252078394
21309215
212323775
212324128
206334218
3717515
252079100
252077970
206334908
206334904
262792271
137415242
137432347
252636254
187183582
34749118
248585297
41016499
248936085
3637559
177887194
195841031
7866389
262803207
207933180
127032669
26666110
26315913
32590105
29610893
182131386
54422977
10782657
24593263
8872897
24593572
263335310
263335424
262662812
137260178
199618339
262792319
262662800
26666187
95249987
196488053
263335450
252079239
252080197
252078135
244173635
263241988
11238751
214189152
35789118
195302863
187183442
202529315
127032064
195841055
127032905
249093442
38609254
195656013
263193750
262903755
1677923
40848562
262792258
21610396
55282270
21309221
26845902
53607626
49011258
21309199
25930446
26087021
92552206
92552154
167615407
70668076
212214631
58721996
1465511
263291913
178831589
162352417
263110127
262662806
263369972
37888833
177860466
6303315
155771504
252078873
252079235
252078182
252078637
146990474
263334739
137129352
263440370
205695351
42843151
187185818
72606223
195841058
248939151
195840850
109109673
262636257
51033767
223943014
48979187
72099012
27731404
217535311
242872502
262454243
39839286
263099876
247831266
247936753
247936774
76696488
50246113
91544417
9688952
90671385
199915322
205289534
26845950
146988913
25362958
26845970
39334474
20267373
173189554
200727214
1617493
212214590
92552172
181170840
247921848
127591350
26666142
263243567
180874890
262662791
137131217
34554032
403855
191506222
181256759
252079694
50490557
137133585
138327449
202179736
205695347
136587095
142339663
201385787
39324638
195840893
92551981
76125997
26246556
202529554
216462132
195840895
202529543
204416921
257835547
61997519
252870740
15489923
247831234
206206021
21309229
229803831
263020982
4071161
8869629
65588311
25928089
247838127
35675375
15484758
15784378
26666184
36258671
21309179
180957700
167615528
180887460
195301450
195841025
242790120
212264116
1617487
212213853
207660687
262687082
127692330
262758611
263088603
263088601
199602083
19991820
212961232
180584932
199619098
153890889
181922754
396653
252078698
252079923
252079322
137415164
136482492