262787510
96327064
140635217
262060832
262846469
262728683
119902333
172156653
261962366
205986063
221837204
131401030
230057755
68423753
157856467
261802729
216090636
179944593
172475829
242281857
76526976
88000551
20274368
180749864
214759504
184795280
167614729
117315625
91277007
191410857
262056784
87052112
4275935
134025399
10212841
95923092
139289894
184769168
179072958
159724736
169312672
470540
414252
500712
11586131
36565181
202622112
73923120
155879634
68668312
159958876
242488710
58062998
192692988
203025800
225969840
77225334
208431827
179949940
262661008
216090630
193658825
177962566
9830431
249881669
167614963
115254443
55476814
114202918
140221888
253133445
250078651
254904349
74569918
101931988
884436
47215328
216231978
162341353
202229582
130832114
250072994
403093
197096036
120805793
252293774
188732070
115679853
183555029
361717
205003154
214769694
190516271
167615477
172157476
196411323
242084179
253577737
221841745
177045293
188990346
191004651
162189844
174122118
155878047
193206529
159679474
173764499
54926579
189494351
203069158
215987781
685520
252635511
132302659
120833230
167615092
193903998
405419
425121
216285729
75585394
207400023
86148483
230098939
90996370
244297059
253362958
77221859
96753666
195800698
262725809
190706776
193603153
226684731
538613
84152210
254904440
252585901
13415213
180608583
184782075
202238544
253300270
221249442
171925842
180720340
253133481
242101636
250549009
92551400
127033492
246168331
252633464
180593003
6707429
184770733
168564822
162167220
251984716
207723978
178957827
186313873
200847587
192712932
118375047
196411512
260804573
10077501
168112842
194473503
252079517
91032502
110171750
262664332
181422317
180592885
195245384
252040597
253228622
148636886
215089559
192844156
14761800
262885213
120183328
193659018
253535431
193649745
50768964
203761111
157849285
181267673
374194
215727589
180720238
184773992
101932115
214759230
110172599
193646502
158895339
251392933
262053373
54384413
262054181
248470333
248259977
120859268
204771069
106749680
26082414
194468469
199031956
196004179
205058633
109295455
235741892
255427361
114695702
6640183
137443776
248601376
361721
181472537
207755405
225386510
203025802
205001004
127032552
248655645
99869627
177771598
160299444
180720457
182091653
194489319
215987948
177996142
201381461
472320
129141428
132303355
206231536
227453944
406860
216462153
253149900
252826371
204056546
197411163
174496693
188737730
117315723
12574287
169312857
127033579
128871320
194769716
183517167
213571986
189096901
77221043
91010120
262701163
538623
136052649
193650004
195106539
207754119
252683176
242487829
192726616
176761661
250096017
50764865
230271018
196411770
212327389
204310385
159725192
144917971
194960106
202052190
91560806
195874096
145498007
8147940
59555123
182090209
115957525
91564498
159695455
115254423
215545035
120183358
251535473
202604274
208184072
183517651
22875408
172476419
250077750
252080219
260803744
230256198
172475944
181470960
192492571
186391674
254904254
185261887
167614070
216296782
219161776
215147298
214201367
127031458
478041
260803742
193903928
80439132
244169741
220670109
91020305
121071387
88779475
216475753
178944407
193650218
176168577
181459061
47896005
252658494
175445511
145498136
115254484
221727828
394889
194449214
91029591
174576006
152534899
249935648
345778
257915312
184217322
93722440
205809914
213675697
54763384
97843499
250077831
257787026
194209804
22876225
249258292
182782251
155422154
249569946
193649457
221702029
250077673
11349186
120183124
378948
428192
196399398
193646081
88065939
55202334
82650632
222680809
212564347
212993218
248800677
178602280
215890944
99899750
199747378
198295228
202045592
216462122
220656618
253110172
111411852
207755502
254181047
212465770
178058057
247285889
160375068
84086096
101931311
181679891
124893139
215727577
172476383
242487447
184768154
194960528
162167001
225386479
347753
204317268
84099546
205306436
120183486
217778924
204803591
167613953
136053136
345886
204954117
197668223
250077671
345856
252633395
3750479
731133
200724675
414214
181498245
134607273
205262399
117315832
150683669
191541212
181753663
205259314
216232730
162522634
174050444
249569723
110171306
194960410
244169130
184310243
115254315
345851
215140216
183315250
339843
345777
54763094
221223047
216462114
180577501
115254365
248656174
487296
378942
91561172
500719
196411234
197098472
199671828
137941680
247655853
33432366
216475486
207830952
134025417
252078269
252078510
221222810
200848665
127031946
253230859
241654052
242085720
184773474
252080333
252078157
181461511
253232544
253255725
253249126
54929395
199978185
252080319
177619582
250077885
253179432
214582323
182300927
253275930
252550193
252550191
253228648
262971976
209762828
215776433
249848511
262756136
262756134
259483362
262656124
253242286
253242289
136015270
253110058
252176671
181460890
246208134
262053461
213165557
199617966
199630701
207011065
246208129
106809781
199932579
197191757
192364731
167614195
167615171
216462244
181673605
22871070
344317
246208126
181473786
167615318
184217983
102140485
124893000
178294173
159696127
200848323
49472861
114945822
190233284
120183388
210732861
198930284
253255721
198128613
213706048
214189464
253232541
194959984
248614094
221252479
217125650
215221545
253601234
253601228
96874542
137941606
127033232
95500920
249826133
198902488
217535443
10126819
262405673
55164419
248676571
125737778
13116559
213718799
214199799
245772092
172481179
195839490
215122977
199631431
260803746
260804579
260804575
260804577
213728050
181992112
127591448
214080621
195651490
192969013
193746397
117315747
84086706
115254430
193757688
185262292
178944210
246208133
132302770
76527797
138910214
205264908
205264801
179396888
177994248
36460534
204435989
180987035
215727272
124860748
174238808
195547254
207752747
178569748
252585746
186497671
253232554
249569752
253230856
221223736
217125822
216462149
201847494
55205204
252079341
216289002
253255729
186124904
215141262
215141267
178549533
250077363
250077519
255048530
193647854
250076979
132304112
253275936
263040988
250077325
263063137
263062532
215776201
215776119
261820545
221248966
249826244
196407615
244299305
55202961
252043670
244171029
251403783
178944195
249789663
208310750
263323893
260803748
91562385
187536067
201386019
250077944
248052784
136067443
205306124
198869031
190706654
178458217
203912122
113117273
140361048
124893101
115254351
124861679
214823301
167610720
195547258
115254413
77221846
84113599
19943406
242342635
205539910
181674028
200784304
208681117
184409995
116249894
214192086
178462931
124893205
214189196
114944803
252079749
252079742
252080217
54803790
201850196
222662568
207756448
183513992
162167289
252633022
184772836
205008669
216296787
216462263
216462142
216462119
216388046
253255757
252079477
252079639
252079594
101931501
200848675
414222
253601230
250071022
250071031
250077144
182308733
181926981
252636976
262804472
214930565
250071204
250071067
253275922
261820549
215776031
208650132
248666266
252043252
207768566
88060623
213676557
213490089
253660525
183514043
195840805
178462859
172457703
205684217
138119787
101932132
127215512
215727587
175798770
74279362
115254324
193903878
77222233
192726125
159822345
101933621
344316
193902435
186317532
178329690
143897256
120183497
207767169
172476462
87961106
12037943
188687166
201385690
250077210
140579167
7967279
215544950
177628073
43160920
201385927
222601084
221223257
216213283
178463041
92551391
180576943
201850801
201849927
130771029
247445444
369226
250077667
242701929
250077993
178572709
178583117
173745110
172457846
252550184
253228657
253228645
250078069
261820543
242872647
261820547
214823306
206946344
51030383
127032130
253665852
248446713
252636846
252632941
15385248
199996523
7968996
955204
132302744
203069386
181776411
191507258
214930468
206246858
204378264
216462102
221785877
203986672
194806810
181152230
249288075
213598824
115254282
167614698
51130812
252079660
252080384
216462101
217125841
253232537
253230851
253230886
152105101
194959876
252079109
252078625
162167021
252079028
252078257
252635574
208192701
253601232
250077354
250077871
250077214
250077940
227340364
129138259
160304224
250077036
252550195
253275926
215776116
23407563
176024805
248445878
207768093
207773286
263253592
249083992
199931946
247302558
116185369
178211231
50434111
263254106
201308017
67317440
183515919
253166581
249144943
204435330
120183373
178943774
174242878
151753256
193904228
198898120
207723925
186599540
198894882
192472938
174835092
115254416
214823304
177266907
216333035
167615286
205257883
217779101
178723977
955208
178297825
10191873
176168356