63587072
94173458
111582631
87391039
59478514
91120169
248160192
59362973
94347312
59362963
201307595
253297724
90866359
252858876
136540014
111582638
77105703
141333746
86270920
75813211
253273171
207345031
141665848
96649478
248745947
157244522
106546257
136540009
203864188
175445588
121039143
253307175
86267532
72688722
249720110
195954735
98733522
248688224
251468440
181911929
253563117
129381396
98823252
136540008
76106028
200820342
196851824
157054862
197346686
252677155
145092605
89602074
207733152
197897076
195954721
69442959
4594441
125000577
247683529
252044628
86270918
76013370
130996088
252118631
217696339
217696343
253563140
123915920
249696088
101771796
57350384
84480038
255593467
195961274
79555637
248688196
101771813
248554382
251466435
198587718
115093823
63448513
248745938
58272318
217327340
87931051
208077293
179998360
172751363
214154682
252676934
197655116
87993358
248372070
248687931
87931049
210531011
153297967
126131820
140640985
108411035
196515435
199706084
260828214
73518666
125924590
199706094
107707568
1456395
248715832
260818629
217340408
260828221
260818600
249484660
181379293
214189239
210732843
181990453
235353260
191952518
203064009
197655113
252560767
80940033
204659809
90866363
99681445
1953611
250198492
102775969
145977556
250485022
249844452
115790189
76117864
207755514
203864200
253563115
197897129
189255052
199027428
86267527
349669
74174188
205218038
138504579
76601022
199009885
86999714
176240930
113528627
249389767
125497112
73259067
195861770
250128580
76049859
253336034
126795093
145977550
136540035
188554190
229732027
87391047
152743074
251942824
214010867
249884439
203499308
253057393
76049861
174878646
102579611
162865522
106541483
192377680
203276069
111230319
249470903
175445497
225379788
198518836
208174672
194967535
76601020
178523401
215727474
243093243
248766052
72223220
136235027
243058311
81086620
145203533
69219931
200620415
180001083
82482207
227245213
196139540
243096925
200970761
248757888
391900
101771784
208687149
125644224
213589242
392610
72935828
248760025
91027916
10324525
67623470
198511488
195184158
180602510
215733791
252858872
249181546
248590193
98604025
107707584
205379709
216933882
98733389
163028231
114795985
172953037
196137873
153983063
155701335
148549852
75515323
72025788
92007493
247659505
249675664
73531896
198915745
106149746
194101718
253059511
216400935
87245803
262701297
195443800
140635209
187767949
187765007
252990863
13394068
59344702
141205098
252605514
217389625
9807335
89402953
197897133
79117389
248745953
207914804
101780461
135566443
199516218
247894487
79126519
196059880
11168325
199516378
184414729
77717874
209870808
215913930
136227602
252880011
186085670
197654493
261973990
87982313
247940706
189353805
106542978
157054857
251255366
98603995
217767092
99681443
184097289
257647052
201796327
206205008
255227424
186085751
194102443
201872797
253168534
91985784
249390104
242101791
74811443
98604028
176115848
243245755
217519837
209905995
253058867
178521081
229742690
91027908
248794303
262074867
132837691
253068954
261941312
252675349
199147749
252078675
164464807
248745936
249682266
123897325
199706085
252639626
89000434
107679628
260820442
214010998
249389977
250921770
253059625
205788095
73107752
81419770
199706080
143226166
179207738
199119314
215129217
19291603
170806982
112126031
249089699
260844978
175545199
253281148
132837689
924309
248876881
253058699
19292656
114789120
242503013
81419767
214010865
252600126
251106169
75835764
71353279
173752727
195329989
169490146
252584013
193978326
242424190
163877754
249771962
198454982
196096515
179407020
207502927
416609
248688057
261809186
214010863
199543878
253411549
186333817
349668
181990931
242080454
261986204
197653563
263118733
259536797
241960158
130871823
250181958
90745754
205184872
144607376
101771778
120161815
138269683
253068986
113527250
125519572
247256640
230055204
251984822
71090529
76105914
211950324
203277133
259512739
243056941
58665387
247659617
174308372
212983276
248694563
205730797
214908447
181926860
199110489
197896989
147415617
196094229
106542974
177783509
110447686
222412832
50488976
215124788
249083850
252092482
187600750
178957549
203200977
183337328
246073652
197417968
7565605
222405304
253281155
203477250
158894799
248521515
107110762
253176800
235983194
132366455
261963503
214011000
79126517
217696327
73684900
553608
253281117
124893157
209902416
207563066
169490155
251737163
253420074
262473350
76106032
253060127
249178726
127692139
76105916
108770187
196832013
250230462
198124038
118582574
195107224
149570762
249035070
343544
219453554
215205400
343589
189413589
195969373
214810002
260811722
255371192
252872309
146735970
205404435
254802217
176168535
140482671
253068914
1731751
205217947
164745162
392078
82027028
127031754
202044863
55579612
203286209
203499310
216462113
142115969
251575948
168900858
53301004
203925776
115096595
176821047
176151057
253106325
222193090
261985901
249032082
229732077
177242752
214114156
177999047
248413682
253690797
72749866
261986152
259245293
555346
74810841
248695976
109861896
140622376
188665623
253211319
253058510
261986200
186254275
178537745
217125748
248640649
161945426
215640989
35930835
249348692
177273190
115254527
215221540
77220771
343591
173864069
127032950
101862489
251921234
113117528
249179986
249304497
92551955
144610165
203925925
103509218
102802094
213972140
186677820
216213549
22649478
138938164
109776155
253141895
253059039
170098866
72900230
253317219
215206319
113529089
154225474
96833306
113063335
82026918
214010996
207502974
11103033
140621904
99056402
219188604
252871584
253410313
141298492
77231050
249672269
248848194
204339746
165604348
253174435
76048928
248593406
79117379
253111349
77680804
181673978
140579062
253281014
248090806
251942823
257843551
251942850
195184167
192730426
253070040
253070026
192683630
215733789
202032883
222677559
248294080
220661879
138269663
571308
253146842
253151417
196148655
508372
178310877
253058292
137941646
198293147
114124020
160789035
96308841
201630205
252174589
248893901
252600435
251112938
253058565
243032966
197172195
79126528
253057375
207729569
261986162
247679182
143144364
181449442
113672416
209349670
189462982
249150906
204415683
215221600
102513234
187774023
250365110
252913285
253169759
253056864
253059649
253069006
253059440
253071374
153983049
92010762
116126064
79555639
46124491
177937445
145092603
171814103
147867745
113737837
91984612
201308307
93296722
215745962
230331467
197848369
247891900
342820
207726121
214771391
253058594
213589275
252855069
459113
116961299
127033303
133940788
261986234
87107296
178572701
173003436
109862037
205744367
172475858
161650216
117662110
251510018
253111304
252887297
250933141
253613954
242432511
247894267
213691858
180015753
193513324
127033540
262067525
129138342
215388929
70631023
108770189
93296934
143146012
250069049
177784602
114465858
213936738
214580305
74174190
172475969
253071326
252763717
189603501
572906
179206470
168900856
79555643
261986238
261986190
91474586
171811414
191493462
205218053
245767493
117315704
113842324
187567488
174122377
127033436
253188933
248994330
127033148
253058505
195184144
214861246
247019814
261986194
159958238
249471506
161253541
108770169
760271
204806269
252080358
249270206
252079352
252079306
252078942
252079413
106919173
262073108
171940552
112106283
112104499
252079377
252680600
252675345
251984799
252080076
249034986
249937668
191576230
102805645
112110281
252078401
112125873
201850615
190855991
262459584
200848443
214189379
96308828
77230984
77231342
160092427
253061458
253176857
182300714
261026039
249212605
260797653
249778194
252060929
253676879
253671407
175955637
253058561
192015120
113528483
252727400
174292148
176024789
174292146
262730801
173864097
189337158
79126521
36175859
253057771
253058963
252855049
239236194
250336081
76048914
192360636
189685838
6184809
208739077
217500725
201090932
201091026
247302565
242278404
247019826
263323950
262936743
261986159
252387505
261986148
202604386
209906007
260940709
201846111
118419939
163544406
222678922
235031519
107102428
182111058
95218474
120183878
209349508
222678938
101361880
178555040
124892965
109876628
109877505
251109350
193715728
261028188
261028216
247401360
252078712
252079915
252079627
252079369
243093051
260819834
241482427
249882046
252636131
252079493
252079803
252079469
252080353
112103574
162540546
102879827
162541684
253300696
253274767
140954445
200848752
253268283
251742073
252079005
252079259
252078555
262525679
181156824
262688050
248796795
262915683
128711609
249204847
160089480
140423327
79126515
236529321
200651826
253058525
253058760
253070063
253058923
137941491
242813482
252855067
252855031
252872360
253057792
164319305
197638182
77220823
262734329
182149601
113527830
178957552
216401075
191287843
201091010
255349546
247019149
215640081
209906005
213676474
260795231
253689562
152549657
260797715
260797922
260795478
260797540
4961919
261986202
261986174
77917976
263123450
5937997
263325653
169830006
77231004
192113642
242696651
107618996
96026966
76279855
210418481
182483725
208678828
208917272
202256080
113754344
77231468
249471504
222678953
263393991
93297821
252079241
252079548
252078687
252190062
252680360
252078952
252630367
204808036
208174443
217317808
252568629
252585723
222436734
134621430
257302313
259535771
93297512
252078517
247275059
230331400
140579018
252079997
252138470
251911494
172936200
252079519
203285926
214189306
253268298
262758376
243244282
127032541
77222137
95000795
252600789
202529137
159989468
136403500
164933306
262915073
198272249
243245769
253058675
253005216
260795223
260795468
261028412
164283573
181699622
202292481
259748647
252424519
79126513
72225430
176024795
174292144
253070081
198123703
252855050
252872237
161947408
215641048
217335587
258752498
197625689
188428597
217524117
168303314
261986188
197638901
261986179
261986165
222678934
126743462
42411573
249471398
178559058
182551008
179056841
250027651
136403524
222678942
177999546
222716029
77231218
120183331
109876803
160094829
248739465
245770482
252079699
222677548
249938045
252079625
247931433
109641010
93296956
111650709
198585445
251274545
253094695
138465199
102813031
112101109
102784455
160082683
252079149
252575146
252387323
251742097
249389891
201308232
174604025
249938399
249937794
217480921
247797083
248640651
204815470
253145869
252078137
252079558
252583138
252582972
252078035
252077990
251540053
72813408
214189831
252600002
129518900
177988352
250062645
170294795
127033285
100298991
253059172
252855039
252858307
207852853
253058432
173189118
174292152
173188834
173188979
176024919
3802145
79129193
253071180
253056962
252855041
252871881
252855053
253005218
168900874
216450578
138269671
247019024
215640043
212580601
172218849
225957555
247019151
255612000
257759587
193513081
259748643
208907172
203864190
214933064
261986196
189337132
192650449
261986151
261986220
208591357
203512283
198824759
261986186
261986240
252563681
261986149
138226015
181449444
222678925
140627636
145658161
187778495
120183572
115254512
222678951
255630295
157073427
178527607
96812034
199965103
120183599
160048227
263391241
82026939
202529171
261028196
93297714
251742108
252078859
215381363
252636653
252605546
242075384
249679581
216296905
102817657
230331371
230331341
230331509
111630728
252675351
242452562
249658251
102806552
252675332
252679781
249016770
251742214
249648606
198587377
33577958
262036432
93298000
249268308
249566889
198914764
248773990
250372906
230222732
249204849
95501756
148856340
249212603
194588019
222418179
174292136
262656209
174292120
174292117
165615692
252858253
253056892
252855074
259748644
207403035
215254552
255371066
248092926
212951920
214893584
72225420
257759586
69660317
74811573
248801414
253058380
253068873
253056852
253686597
137941261
79126523
174292134
255371190
209902383
263309972
263319943
261986206
261986170
93297672
225215679
261986145
216462203
192862935
252855037
182482293
118419923
100947279
178604686
118582478
206205114
227164761
192396190
263325710
201846117
108770159
201846124
251984687
251262763
252605488
217125825
262042715
261952675
221282494
112101664
160098343
198110393
109340912
253421129
253268289
253268285
214189381
255371204
252078819
77221920
252456355
252078593
252078511
252078922
95250461
93297946
249390013
252633102
252080274
248794330
254079039
254087347
252079525
204429385
93297709
262636240
248261026
248912788
253317888
262075569
253275031
261026034
261026032
261026042
249940788
100299113
162327526
185965842
253058368
253057402
174292114
178957522
174292150
253684329
252054726
248089735
171022637
248230917
208739125
79618037
216154513
76049857
257759584
180902184
99056619
253059426
252871782
252855035
252855047
173188756
252854146
217523638
196558147
193771281
253666001
132182826
207502901
77221703
189189963
195702448
177315407
251942830
101256219
248083449
109888859
199706081
93297656
205218124
196388314
99056508
176168484
230222730
178528431
77221963
182111035
92002663
77230866
178554398
109876984
109690787
247921217
108564239
108770174
261028192