63587072
94173458
111582631
59362963
87391039
59478514
91120169
248160192
59362973
94347312
90866359
253297724
111582638
76117864
136540014
77105703
141333746
86270920
75813211
253273171
207345031
141665848
96649478
157244522
106546257
175445588
121039143
253307175
136540009
86267532
252858876
72688722
249720110
195954735
98733522
248688224
203864188
248745947
251468440
181911929
253563117
98823252
76106028
200820342
196851824
157054862
197346686
252677155
129381396
89602074
145092605
207733152
197897076
195954721
69442959
4594441
125000577
247683529
86270918
130996088
252118631
207755514
253563140
76013370
123915920
349669
249696088
101771796
252044628
136540008
57350384
84480038
255593467
195961274
79555637
248688196
101771813
248554382
251466435
198587718
115093823
63448513
248745938
58272318
217327340
217696339
87931051
208077293
179998360
172751363
217696343
214154682
252676934
197655116
87993358
136227602
248372070
248687931
87931049
210531011
153297967
126131820
140640985
108411035
196515435
260828214
125924590
73518666
107707568
1456395
248715832
260818629
217340408
260828221
260818600
249484660
242503013
214189239
210732843
181990453
199706084
235353260
199706094
191952518
203064009
197655113
252560767
181379293
80940033
204659809
90866363
99681445
1953611
102775969
250198492
250485022
145977556
249844452
203864200
253563115
197897129
199027428
86267527
205218038
199009885
86999714
176240930
113528627
249389767
125497112
73259067
195861770
250128580
76049859
253336034
126795093
188554190
145977550
229732027
136540035
87391047
152743074
251942824
214010867
138504579
249884439
189255052
203499308
253057393
248766052
76049861
174878646
102579611
162865522
106541483
192377680
203276069
111230319
249470903
175445497
225379788
198518836
208174672
76601022
194967535
76601020
178523401
215727474
243093243
72223220
243058311
81086620
145203533
69219931
200620415
180001083
82482207
252078675
227245213
196139540
243096925
200970761
248757888
391900
101771784
208687149
125644224
213589242
392610
72935828
248760025
91027916
10324525
67623470
198511488
195184158
180602510
215733791
252858872
249181546
248590193
98604025
107707584
205379709
216933882
98733389
163028231
114795985
172953037
196137873
153983063
155701335
148549852
75515323
72025788
92007493
73107752
247659505
249675664
73531896
198915745
106149746
194101718
253059511
216400935
87245803
262701297
195443800
140635209
187765007
187767949
77717874
252990863
13394068
59344702
141205098
50488976
252605514
217389625
9807335
89402953
197897133
79117389
248745953
207914804
101780461
135566443
199516218
247894487
196059880
11168325
199516378
171814103
205404435
184414729
74174188
209870808
215913930
252880011
186085670
197654493
261973990
87982313
247940706
106542978
138226015
157054857
251255366
98603995
217767092
99681443
184097289
257647052
201796327
206205008
255227424
186085751
194102443
201872797
253168534
91985784
249390104
242101791
74811443
98604028
176115848
243245755
217519837
209905995
253058867
178521081
229742690
91027908
248794303
262074867
132837691
253068954
261941312
252675349
199147749
164464807
249682266
252079377
123897325
199706085
252639626
89000434
107679628
260820442
79126519
249389977
250921770
253059625
205788095
81419770
143226166
199706080
179207738
199119314
215129217
19291603
170806982
112126031
249089699
260844978
175545199
253281148
924309
132837689
248876881
253058699
19292656
114789120
214010865
81419767
252600126
251106169
248745936
173752727
195329989
169490146
252584013
193978326
75835764
163877754
249771962
198454982
196096515
179407020
207502927
416609
248688057
261809186
214010863
199543878
253411549
186333817
349668
177937445
252079625
181990931
261986204
197653563
263118733
79126523
259536797
241960158
130871823
250181958
90745754
205184872
144607376
101771778
120161815
138269683
253068986
113527250
125519572
247256640
230055204
251984822
253197131
71090529
76105914
211950324
203277133
259512739
243056941
58665387
247659617
174308372
212983276
248694563
205730797
214908447
181926860
197896989
251540053
147415617
196094229
106542974
177783509
110447686
222412832
215124788
249083850
252092482
187600750
178957549
242424190
203200977
183337328
246073652
252079149
136235027
199110489
197417968
7565605
222405304
253281155
203477250
158894799
248521515
107110762
253176800
235983194
132366455
261963503
214011000
79126517
73684900
553608
253281117
124893157
209902416
207563066
169490155
251737163
253420074
262473350
76106032
253060127
249178726
127692139
108770187
76105916
196832013
250230462
198124038
195107224
149570762
118582574
71353279
249035070
343544
219453554
215205400
343589
189413589
195969373
214810002
260811722
255371192
252872309
146735970
214010998
254802217
176168535
1731751
140482671
253068914
164745162
392078
82027028
127031754
205217947
202044863
55579612
203286209
253421129
203499310
216462113
142115969
251575948
168900858
53301004
203925776
115096595
176821047
176151057
253106325
222193090
261985901
249032082
214114156
177242752
229732077
177999047
72749866
253690797
261986152
259245293
555346
74810841
248695976
242080454
140622376
188665623
109861896
253211319
253058510
261986200
186254275
178537745
217125748
248640649
161945426
215640989
35930835
249348692
177273190
115254527
215221540
77220771
343591
173864069
127032950
248413682
252079259
251921234
101862489
113117528
249304497
249179986
92551955
203925925
144610165
103509218
102802094
213972140
186677820
22649478
216213549
138938164
109776155
253141895
253059039
170098866
72900230
253317219
215206319
82026918
214010996
261952675
96833306
154225474
113063335
113529089
207502974
11103033
140621904
99056402
219188604
252871584
253410313
141298492
77231050
249672269
248848194
204339746
165604348
253174435
248593406
76048928
79117379
253111349
77680804
181673978
140579062
253281014
251942850
257843551
248090806
251942823
195184167
192730426
253070040
253070026
192683630
215733789
202032883
252079241
222677559
138269663
571308
220661879
248294080
253146842
253151417
196148655
508372
178310877
253058292
137941646
198293147
114124020
160789035
96308841
201630205
252174589
248893901
252600435
251112938
253058565
243032966
197172195
253057375
207729569
261986162
247679182
189462982
249150906
143144364
181449442
209349670
113672416
252079306
252080076
252078942
252078401
79126528
204415683
102513234
215221600
187774023
250365110
252913285
253169759
153983049
253059440
253069006
253071374
253056864
253059649
92010762
79555639
116126064
46124491
113737837
91984612
145092603
253274767
252078555
252078712
252079493
252079369
252079469
252080353
217696327
197848369
230331467
247891900
201308307
93296722
215745962
342820
207726121
213589275
252855069
253058594
459113
127033303
116961299
87107296
261986234
214771391
133940788
117662110
173003436
172475858
178572701
109862037
205744367
161650216
252079997
252079548
251510018
253111304
252887297
250933141
253613954
242432511
247894267
213691858
180015753
193513324
127033540
262067525
108770189
252077990
215388929
129138342
93296934
143146012
250069049
253071326
189603501
172475969
252763717
177784602
572906
114465858
213936738
214580305
74174190
179206470
79555643
168900856
261986238
91474586
261986190
205218053
245767493
117315704
113842324
171811414
191493462
252078859
187567488
174122377
127033436
253188933
248994330
127033148
253058505
195184144
214861246
247019814
261986194
108770169
760271
252078593
251741976
161253541
159958238
249471506
204806269
249270206
106919173
262073108
171940552
112106283
112104499
252680600
252675345
251984799
249034986
249937668
191576230
102805645
112110281
112125873
201850615
190855991
262459584
200848443
214189379
96308828
77230984
77231342
160092427
253061458
253176857
182300714
261026039
260797653
252060929
253676879
253671407
175955637
253058561
192015120
113528483
252727400
174292148
176024789
174292146
262730801
173864097
189337158
36175859
253057771
253058963
252855049
239236194
250336081
76048914
192360636
189685838
6184809
208739077
201090932
201091026
247302565
247019826
263323950
262936743
261986159
252387505
261986148
202604386
209906007
260940709
109877505
251109350
193715728
261028188
261028216
209349508
201846111
235031519
124892965
120183878
222678938
178555040
107102428
163544406
222678922
182111058
118419939
101361880
95218474
252079413
252079383
252079352
252080358
252080273
217500725
242278404
249212605
249778194
109876628
79126521
247401360
243093051
162540546
249882046
252636131
140954445
200848752
253268283
112103574
253300696
102879827
162541684
260819834
241482427
181156824
248796795
262688050
262915683
128711609
249204847
160089480
140423327
253057792
253058525
253058923
252855031
252872360
242813482
253070063
253058760
200651826
252855067
79126515
236529321
262734329
137941491
260795231
260797715
260795478
152549657
260797922
260797540
4961919
209906005
213676474
201091010
178957552
197638182
77220823
216401075
182149601
113527830
164319305
255349546
215640081
253689562
247019149
261986202
261986174
77917976
263123450
5937997
263325653
263393991
182483725
96026966
242696651
208678828
77231468
249471504
107618996
147867745
208917272
77231004
113754344
202256080
76279855
210418481
192113642
222678953
252079627
262525679
251742073
252079005
191287843
169830006
252079803
252079915
252568629
222436734
252585723
204808036
252138470
93297821
172936200
134621430
257302313
247275059
140579018
230331400
252190062
252680360
217317808
208174443
203285926
214189306
253268298
252630367
259535771
93297512
77222137
127032541
262758376
243244282
252600789
95000795
202529137
159989468
136403500
262915073
198272249
72225430
79126513
243245769
164933306
215641048
176024795
174292144
161947408
253070081
252872237
253058675
252855050
181699622
252424519
260795223
260795468
198123703
217335587
258752498
197625689
217524117
168303314
261986188
197638901
261986179
261986165
160094829
248739465
245770482
222678934
42411573
126743462
249471398
136403524
182551008
177999546
222678942
77231218
179056841
178559058
222716029
120183331
250027651
263443816
188428597
252079519
251911494
252078687
252078952
252078517
109876803
174604025
249938399
249937794
111650709
198585445
247931433
109641010
93296956
252575146
252387323
138465199
102813031
112101109
102784455
160082683
251274545
253094695
217480921
252583138
222677548
248640651
247797083
249389891
201308232
252582972
249938045
204815470
72813408
214189831
252600002
129518900
177988352
250062645
100298991
174292152
173188834
173189118
173188979
252871881
252855053
253005218
252855041
253059172
253058432
127033285
3802145
79129193
255612000
257759587
193513081
259748643
225957555
216450578
168900874
207852853
252858307
253071180
253056962
176024919
252855039
170294795
247019024
215640043
138269671
172218849
212580601
247019151
214933064
203864190
208907172
198824759
261986186
208591357
261986240
261986151
261986220
252563681
192650449
261986196
203512283
261986149
202529171
263391241
261028196
82026939
263443880
252079699
253145869
253195742
252079558
251742097
252078137
252078035
140627636
255630295
157073427
96812034
199965103
222678925
115254512
120183599
70631023
178527607
222678951
145658161
120183572
160048227
181449444
187778495
189337132
215381363
249016770
93297714
252636653
198587377
252605546
249648606
249268308
249566889
252675351
33577958
242452562
249658251
252675332
252679781
230331371
230331341
230331509
102817657
102806552
242075384
249679581
216296905
111630728
262036432
93298000
248773990
198914764
250372906
249204849
230222732
95501756
148856340
222418179
194588019
137941261
253686597
248801414
262656209
74811573
165615692
252858253
252855074
253056892
253056852
174292117
253058380
253068873
174292134
174292136
174292120
72225420
212951920
248092926
207403035
259748644
215254552
214893584
257759586
69660317
255371190
209902383
255371066
263309972
263319943
261986206
93297672
225215679
261986170
261986145
263325710
192396190
108770159
227164761
100947279
178604686
192862935
118419923
118582478
206205114
182482293
216462203
253197854
251742214
251742108
252855037
263416127
201846117
249212603
201846124
251984687
251262763
252605488
217125825
262042715
221282494
112101664
160098343
198110393
109340912
253268289
253268285
214189381
255371204
77221920
252456355
95250461
93297946
249390013
252633102
248794330
254079039
254087347
204429385
93297709
262636240
248261026
248912788
253317888
262075569
261026034
261026032
261026042
249940788
100299113
162327526
185965842
253058368
253057402
174292114
178957522
174292150
253684329
252054726
248089735
171022637
248230917
208739125
79618037
216154513
76049857
257759584
180902184
99056619
253059426
252871782
252855035
252855047
173188756
252854146
217523638
196558147
193771281
253666001
132182826
207502901
77221703
189189963
195702448
177315407
251942830
101256219
248083449
247921217
108564239
108770174
261028192
252078922
252080274
252079525
109876984
109690787
109888859
176168484
77221963
182111035
196388314
99056508
199706081
230222730
205218124
93297656
77230866
178528431
178554398
92002663
252078819
253275031