191778968
191780051
167600277
252714325
1616573
102133185
116398346
191779048
262653407
87045050
103475295
32196831
217721711
48555379
2184125
116903778
192174004
225195215
2502887
73492174
192173816
192173868
121089351
489825
197388079
192173987
49274077
198285235
125507018
15842330
15908431
262706743
198889663
111003143
12621931
32196801
103475105
209389163
167784580
956604
103475223
106997668
55286829
105664991
29357182
191779217
198562200
198562192
206248660
198562305
87044993
53806170
49335496
49336173
263208916
263097788
263097822
263097480
49335365
12671491
195696975
202961867
191780243
206248726
49285723
49270279
262045928
111201777
167737798
116190499
110999162
167613506
217722039
248741593
58710168
73492202
48754810
263097492
263097845
263207523
191621072
191780003
192174014
191779555
206248752
208056344
191779811
206248732
15842319
49335230
49273424
116194923
116188974
115941673
198562171
2181913
217722830
217721938
2184491
206248774
12671826
49276360
263097519
263097777
198562348
49275986
49274825
87045136
121678292
116190238
49334940
111000074
167649637
174011174
111002394
102758396
173866256
217722703
103475052
263097875
263097888
49285455
55287106
192908905
32196815
192450765
103474989
192173826
15908427
116190485
167937756
2499559
167659290
168042356
122273725
217722691
217722874
168005673
197530420
263097869
263104382
263097515
263097475
263097273
192173778
192908892
198889638
191780609
198562354
68984804
191780497
191780505
198562285
55288947
49272259
116681813
167615731
111000408
168004926
202961916
103474971
31516236
263209661
263097666
263098029
263097525
263097116
263097105
263097721
263097729
263097496
49334616
49334776
191780405
191779473
198562344
55288467
198562218
191779781
49272634
49336525
262046515