114228620
58165559
182465325
40774181
75432186
114386063
130390308
58165565
8293201
49745074
62648448
1938697
73816290
167421547
43775515
60693347
43775511
209878758
12622546
106604998
60783687
4327485
53955082
50607319
59262646
59581189
11368891
36335759
173660578
23346620
3143135
437682
1938693
68062166
40959672
155416165
262815836
42325725
80959870
43775517
252388203
14378812
19250070
41073709
67088653
71076512
606657
21225579
11809459
250230567
21603098
137481858
35308553
173660338
541520
541519
75337532
75337789
169576255
252401989
48658389
249532279
45255512
11809437
60700792
609457
59262638
59171040
53785494
41071538
252632582
27863426
26091738
11809441
83857110
59286396
119102575
173717153
19999322
49600545
248932073
75651537
43775513
252389795
59286406
59286400
59262642
26820710
29356941
252385995
60707053
58132905
43775523
252637262
43775519
7280041
1415641
68169449
73329493
1749193
206784524
77151202
173660389
174299927
130754983
68169435
75835842
252636853
74943391
68169441
252639234
174294568
548595
11228290
505831
173137642
60698715
177706691
25249427
26589824
11228298
10281638
25249479
1217917
58723522
1056768
10729739
27798125
162844411
173617400
215560905
130390636
1600093
173799605
29357058
1256493
173717352
57749162
130751398
173701000
609467
92551667
26589788
60780365
177117482
262427122
8410691
69219927
42596497
71040214
41131107
217124848
10585387
46837058
217124609
41016273
20424656
25249119
41751916
821071
217124640
1694141
20832790
252387788
7978778
198799258
173699226
261151734
60777425
19292330
23242550
579505
242076145
29591066
252784787
95249917
59286398
41749438
20832754
29348146
20832782
19476593
70624988
7083011
217895102
45255585
50379062
104001602
777540
53184033
22652571
74622412
62648439
74953487
35578797
42596621
95250390
103281810
75337783
29211991
169572602
70625119
25553468
95250025
173718822
68169439
174294378
169615069
53955075
199631770
173664889
68169447
19841994
249156620
35611533
70625191
29348158
68169443
12622552
11368915
44273667
421018
95250393
42847325
38460757
1535535
117659413
117591870
117640627
259310974
217124692
252632969
117640315
260795407
468256
252643828
217124720
59488350
9688954
71962283
249143319
199898503
252633868
505863
1938695
19771782
252400981
26690772
70625112
252411408
217124650
26588583
202529078
595703
8306257
169578609
1820063
73613547
41015535
43878346
75835774
252386386
201209996
173699764
75835830
173717267
573955
36940068
217124606
70625067
582025
52877090
152515916
32726443
247937053
199946857
40773260
199948191
11649069
130394486
25249472
173716898
42596296
169577687
86866101
10597928
24390359
35218784
43975346
68544634
2366671
26589137
54675397
52219368
11306146
173716921
173661657
2801999
36336966
137241274
15492463
51198742
461415
50730497
173718945
14378804
74953481
33337875
1535203
217124725
93297093
174262365
56670480
42842900
198732879
59378667
92551903
22368965
538814
2406289
74622772
15123636
573954
26588614
971943
42847614
10421610
95250217
54976057
27861080
506558
26676989
536591
161023656
75835768
20832758
37216803
10019282
41747593
36705460
76125993
213960976
19297963
40959928
199900904
19908791
252389595
10804851
253089387
1563589
26822776
41933158
185006349
247465392
1367091
41369741
95250599
59588051
43866035
29357063
41935406
26464773
173716995
179980042
25553570
173717177
36319763
43878412
36413014
50607192
14051451
26091563
27872513
39292466
26672523
217124749
15490871
29356680
42594840
56586381
95250181
2406261
43878372
44618903
56116720
31515402
92551838
41933059
113117255
41549146
7732152
42194626
261975058
69219925
20699298
191057333
259387773
206331194
20821448
10694013
23436607
253300347
41015793
41369853
6622907
2666165
154028861
20821337
74285778
15637082
26589112
56586546
19773153
10411534
7278185
506107
19783408
50607501
25249451
26091555
130397998
20821226
15638202
108231100
10019284
41126668
54973099
199621994
26669520
41751394
136482815
25249135
506104
252906249
210114585
559103
42201424
252641210
2301021
57705036
199639574
225206144
36313207
217510717
1563587
92551904
15633264
249153697
36700919
38293740
10576728
50607313
505894
252633321
249220224
19478879
36563692
41072744
26091730
173717371
26598906
1826667
183524123
51854375
23313596
21707976
1697777
26822354
32328927
13798394
20832756
74624313
634790
82386273
24999808
58932959
252638007
506111
506571
506106
25553558
23352945
52756688
33305060
32192185
30156556
25249488
15640170
225206156
544824
124250345
2458569
1734481
95250701
74548214
103325115
74622731
86803175
253040820
181923889
225206154
26575518
225206150
15467567
32424750
26575475
2345567
605604
173661715
105739187
556835
208907384
206474191
95250567
8121464
1600109
74621822
14059084
74622473
33650177
55282247
605552
41081171
40960464
173717120
225317983
53917850
59169803
26830358
557786
214908825
35128066
33395561
77015849
90521948
1938691
35788737
187224573
217124604
42843028
15624232
199974094
36407009
15474624
26575473
26830514
56558395
49716254
200616680
146569164
36312692
14378808
26052047
81939004
189644572
157073392
74622904
74621338
36702145
242411344
831788
10806573
76125995
605620
54975914
35469525
42600270
25361807
686452
21188856
17049680
95250353
27861384
74621778
74621565
217124861
217124846
217124674
217124771
217124646
217124761
217124768
217124665
217124617
252078910
118593603
249170276
249135577
249170787
249169763
249136345
26052358
40764962
16199813
221701855
91544358
86741830
70625316
173799877
25553450
25921317
25408187
27865052
41611072
26589728
26835569
23313588
25249133
1709191
263209695
263208252
173661166
101931392
43866452
51990242
42325951
77015699
24955394
249772404
153468340
26687490
25553464
75835788
44618907
41932793
52885249
16085680
15631944
252078808
74623014
252078988
248414087
248956924
248956361
217124833
217124731
217124621
217124627
217124662
249168169
249021557
52669440
74621646
74625205
74621712
74623103
252078227
252078052
262453109
9771450
263207465
26024630
25322468
26835200
26831000
26091750
21609851
26588542
27864160
173701111
27861561
26822324
32889980
59583461
26091559
73816262
34752133
199898442
29357208
90521651
35311671
263272958
50884207
25979768
21465807
3173299
19773585
26091545
252078569
162350533
15622900
249168612
252078541
92551480
217124797
217124774
217124701
217124660
217124728
217124752
217124667
248956580
74625039
109109508
208566929
192074217
217124608
263206780
263104626
55911985
113273106
40960070
40980111
212214061
20821623
27863979
15474148
26091740
25416791
26588527
25553528
29348164
26832694
25553514
27863422
26091748
25553502
15387787
208415039
23424982
157834718
75835772
41373963
173661603
190502314
26671997
212214559
181925516
214662006
35786742
12719232
48758160
40979936
48876938
95249823
35220044
207660637
252080038
74622638
191478132
19751702
20832748
20832750
92551932
253095025
243245206
217124677
23242890
252080154
217124753
252077923
252078092
252078385
7435659
20832762
23352959
52273103
36568984
41107876
40979662
40940131
34471330
41369688
1651899
25921324
70625220
35786752
35734950
25553452
16255211
20821046
217124798
25921368
26091752
29348162
25249477
26091569
249823427
27863602
16257668
40980408
77020829
137429948
26575012
90522044
146564256
90522165
2345569
6932299
207660635
54675106
41932977
41932555
48970434
23008370
20558289
19766416
35221436
183415455
249937954
252080281
248939486
248428942
92552216
217124755
217124641
217124727
217124679
217124730
217124812
217124691
20555544
74621879
262453140
262453323
249199881
248695914
263206752
263209021
252591754
26091746
24999326
27862232
40849481
161024600
252870565
26681413
32409701
252858740
21902818
181923887
27864664
35708490
15205929
53936041
35579508
35786690
35785781
26588649
27872414
29348138
26052920
29356945
35675341
41930393
26822062
60703627
41227540
27862659
29208945
27864106
59170478
212264439
2366781
253043581
25416801
191057617
27869688
36413706
40980420
26051064
262453239
217124829
217124843
217124832
217124826
217124668
217124831
217124689
22437082
252079667
74621412
248957095
20832768
95250576
252079255
95250067
92551795
249143509
249167894
25921334
27863357
40764616
41227637
34512540
173659344
213886864
36940215
21031349
32422248
41107801
15125463
25249123
25553538
25553498
225206152
41931233
59586753
42201593
26575009
50607495
32541676
26091571
23520781
40980040
30156558
192289525
199901049
137419734
1535537
153539688
27865266
25553510
199947239
21509150
90521614
50906919
19793702
41072301
23258174
41127384
16242246
136482531