56750844
198198477
90480255
201846116
197920813
73409627
59082952
198198470
197920821
198198491
99681450
23224027
153521908
99321602
197920816
90403230
249392708
90480568
47280043
90480504
90480319
199999463
47161881
197964305
197967699
98239415
197960241
92096323
199998961
201120753
197966940
200000049
3343897
197956785
47280037
197920819
198198497
74616446
95011251
53870535
172069382
214773790
6822831
88998879
132355750
153521892
106362123
149653474
174588795
10640765
198898960
83680363
153521906
57647465
262035904
118202197
70667465
90404641
198816942
204880985
26618933
90481305
52806371
32638319
90480679
71898423
196858198
66686232
262033750
137941490
10761989
73735667
540527
50379010
507231
540521
83790846
1659975
22143427
212992682
242492725
167034141
33543683
77221075
26368822
24823004
198822733
190142319
198128692
198128198
54634350
55355804
149688903
2791025
53875091
84932848
167043780
167043782
59291593
199520282
194155162
189635536
66686241
572555
262035900
167043784
887809
1669699
602479
47273263
153521904
90212097
190608372
47280041
572554
262806105
257869290
198128656
261967357
201307999
2791029
230368366
33543725
205895175
262569845
247436596
186493909
56722650
166437326
158706608
98938874
263057544
262570474
214591740
242484920
203765135
249025942
104908286
188695911
214196000
48586367
54444337
167043772
165762606
261967397
113528767
262570218
230012434
173884886
249885039
179063549
262570340
186091871
262569821
173878691
262570383
178058721
202510749
153521900
251998785
188214011
74295738
257865696
106153852
215381730
1724807
100105811
196926095
167043776
217467033
242378925
45613738
262570336
176831135
421832
171095917
242620514
262569939
181170535
196901566
93070776
195665587
637728
166463606
213936283
166474481
2791027
242991953
166438291
172160504
149574597
656855
262570252
262664386
201568621
197592890
213936509
783898
106362761
213936484
252354529
166455225
127899393
173882419
199038641
261967215
198128669
195938567
259575374
174215049
125740008
262818544
252040609
153408642
247335490
173433206
252914235
261967371
261967339
181131182
57747147
197603574
230368362
252004551
248555117
181502732
179687118
167043773
193564791
198898952
190826595
248758253
33543719
72751109
252648351
262035890
242389257
191542701
177142582
37945991
217862889
261967269
217125632
248294771
198898972
77059005
3931179
249033852
252039883
248757745
12605519
177280228
215381724
92551695
158745353
400537
186494666
192309245
173433113
197593038
230368364
248741614
262569855
248757871
195972867
166450023
230049689
205930523
170295456
169127185
102806213
102805569
102799986
73777645
149644225
249853693
173864198
518512
248758187
248757972
213936448
252039157
192148661
209404002
186209829
259388998
215381782
261967447
9838834
198128606
261967347
230042047
198898962
251984599
195919217
159974538
252032582
248773404
196858151
259417175
24823008
248740165
252039247
214594370
235877693
262570456
261967329
213936531
252040870
196859739
158492454
113527999
102806471
213704096
247336148
200981360
177933560
182300583
198198499
66686252
262570298
262570153
262570262
248956949
262899505
213886061
262818380
263293100
197603709
217862891
180585349
246397741
248523209
79320626
196859575
249657793
259575376
191652344
77222541
173884685
217143525
191654211
92010766
212992691
114944387
242201492
249866925
129138533
197593980
214594390
77221721
197603832
197594667
197603606
242085598
262818399
259575381
249857252
261967453
199977800
262640395
259389005
113527746
262569945
248740066
262899615
262570448
261967353
247302564
261985971
262570244
262570266
262570155
262569923
177886653
191525824
162841597
262034374
178776855
259568400
250017493
197545069
216285785
197594846
15149865
197592903
201308104
197603674
859153
174263283
262569982
262569864
262570240
213936414
205829650
180987134
56691185
198128615
27964166
212580383
149531839
180585351
248904403
249866930
262035896
197603794
235877698
180864368
209400789
176831148
262053187
262053133
182300764
197593161
262569877
262569998
262569992
261967318
72456239
261967275
26368820
66686238
252039224
247446303
262569870
198128649
262899637
262899512
93205537
191544188
247335488
197592917
249963244
197593800
197603762
537514
127033508
203783681
242707644
204874983
197920811
2791031
187011629
248739980
263293488
262570316
262570442
213936515
261967259
262570210
262570280
262569961
262570000
202604249
215696129
177315553
177254289
261985950
220670022
262034512
262034240
198128737
260930318
197592915
235877695
251984832
197603765
250077191
182300668
259575372
242085611
193909508
199999596
261967229
263273828
75740582
213861828
261967312
261967233
113527888
211947824
212554030
198451485
253271394
191548328
195873719
173878394
77221077