72818335
214656182
188381614
107560838
247662476
182805205
99080840
155430513
250363183
137995474
55503839
107896775
111608682
144637707
162825075
104860940
50372969
155707136
153545553
132103293
110921462
112816191
120859605
153545604
26216868
214775551
11194348
242627844
94955800
247707086
76121117
137995469
57477329
137995334
198889148
248682144
15269660
144637666
103576849
81932501
48099869
162825104
113069585
162825164
48508393
162144739
213793232
602606
248683082
104109724
104613043
196837861
253620754
162825073
176549184
54585736
163677515
206862128
126306255
144637656
19239142
194395762
82836712
108877716
102522376
136383469
134773539
146399310
78972507
191494265
128569045
103388416
114251221
203093811
145302183
37276905
109269335
108745451
184082398
117219041
243082549
654725
75964215
225236249
180964659
117556767
148810089
153545723
48951454
107539361
162140328
152741271
155435392
111607447
207313535
107906759
252668236
137864524
13176507
152636159
122871023
191494214
102898028
169846973
152028868
103588169
137995434
119219041
141996514
118083082
162825126
155282737
178831344
162825115
155703235
122868933
202905368
602610
48158753
144340402
210133461
162143752
162825081
106893076
53639590
153545623
144637684
180993204
6638451
174279414
142441414
252649410
53639596
107632047
252649363
118989152
172840396
132103505
102379295
134773562
48093461
162825089
215160770
152636165
179593024
9723407
253390197
114648524
73550836
114647973
263293065
193124258
235608802
155702787
107902933
123593365
249005948
94955841
187316952
153545773
153489673
190119077
57917830
153545756
144220840
192216290
162825041
72213809
247838001
53650344
113060928
211299184
112190655
103789259
155704134
174822530
105357386
46130609
143678628
5893875
105110489
251966599
115847273
11919466
54393385
167146806
150938939
918632
180868606
114795876
194182004
137996709
142441397
104353447
217102110
137995489
249946733
144637701
153081209
183910663
160887479
144468747
150929642
102736544
103774356
155282256
203505133
144637653
195845639
602609
243082639
94955716
53639640
198888528
217145501
146780492
122869265
97925525
122871229
174550747
53639632
197879831
102008010
174537031
206239790
149383270
172205818
252627501
480853
117918067
17382181
161954127
202337834
73592033
73281077
172936096
138323733
53639636
144637695
153545681
179799702
174933337
104843529
52027051
104851664
203923496
53852069
107620124
164539321
126866994
141996502
180951436
83743165
103789783
137995658
53639592
174273267
106816052
77626084
200817012
176478290
170136858
155248821
102897710
175110796
164536769
141996503
52050276
241748970
248431992
704668
217085034
136868600
252106131
102899992
171612948
254036916
181117762
151659370
206662457
127879858
150602540
117788924
142700270
144364485
107640619
51687266
148851213
20805017
105685696
142441408
183533573
11180474
235588568
152341765
174619848
137995591
139079580
164541881
142031747
250341430
77625067
49194337
204217828
191826678
142441400
52812917
253185274
704670
53639598
176475486
144637732
153545562
97925394
206270099
11338868
247838763
184082169
140004729
49194377
137851820
107194933
142441385
206305151
180945927
117221287
4628673
129432364
142419589
102891057
53639549
197851724
196190562
178776657
213794157
149917027
102895928
169553385
128516017
141986163
625478
2156985
262696095
70184542
175784985
173889101
97925608
171934791
179238042
215151688
251734342
86734594
155278536
97925502
143114647
189151922
179550684
248578834
251748624
191494444
144757682
155201349
148934726
250173743
136461624
128327518
163543737
206142548
180943714
207025842
105700275
249817972
177631471
175143135
133811478
178776632
168461840
252649313
177631950
253124339
260827756
253076520
103772871
110121416
138897838
262741519
153545527
262912108
127880942
193889940
263257885
148850732
10957230
53639602
235882903
202595952
243082864
117817231
172936289
253190357
117104082
254142132
17121608
263357583
20804094
155707324
217145632
152636449
17369862
105699877
152851857
181423376
132994897
144342570
204731859
102726059
55468025
122872854
156688094
146254964
166071247
155340369
174279416
76774503
106560814
142441432
125604624
213491012
214927544
174273265
112191264
105224346
151611517
203146612
161246168
145717080
75968787
251014348
185149730
174537042
106791512
138559168
142031086
253190330
52809978
177613831
137995903
259485352
248559631
153631123
262598659
183728286
158883029
157204696
150602239
83743709
141905279
189458372
215133386
181461607
14941608
235565510
32327495
122193079
153037841
146491824
191494746
19760942
251734110
198777322
148808901
168900423
109276792
147012249
205102403
153545791
142441396
251323718
214873116
215152213
72689634
198184616
217568633
155707386
155188556
203912266
73507690
6888227
252626703
177596293
109668186
177564246
194442785
132953944
156300897
156676801
156681713
17333677
157568421
253164796
193927256
137555351
130026092
107630536
112769261
249583659
206662359
164602133
214873127
136165390
122873633
142032175
114772673
85479147
174537080
124639744
253244831
195462454
253625649
262602244
252649296
208526212
174537018
141014727
170265020
215129157
102891107
53639626
149193759
163645347
235665282
137246511
104397935
111859675
133811917
191494670
259614373
259612881
13876568
171935168
216966855
199683242
142441389
149493681
152636254
204217679
169075996
153989308
147919140
206142544
118989130
155707370
133005982
179717844
176024402
147918809
153545759
144342475
144340607
77872470
145134152
17538165
53020499
215119390
26216870
104361304
259488973
17360416
170316550
109666087
177595600
177609992
175143179
175143023
194443565
249938185
107424562
204217811
168563192
142441413
109601545
153442503
106806034
205957644
142858190
250341398
250056827
116135671
109269375
17510110
138903443
109949412
148700209
97925366
105699533
152636456
243301254
162825068
171934758
261873031
130316371
190352111
257925155
263042586
144364460
235879513
181116835
59440955
259449445
260917425
34817605
253662750
103660263
17362672
15527816
206134561
130026103
142031325
144330323
131421864
147918835
122871551
183113807
210164349
138156985
251324252
153545642
13729916
177627286
179214907
177570038
198300934
252614429
135547618
195623221
193926029
194504554
248936465
122871873
107424526
250341454
229700704
177631879
117556731
161246266
176873680
122870433
147918430
127654575
217292457
178945370
148699084
252292910
119501626
198894072
205070255
213773575
122871942
155220553
156274422
156233281
252623257
249087485
253625938
112791084
179550187
174537038
164540357
144756982
217284994
171934365
158810666
262599498
252649217
151611548
215736825
171013280
262718668
263030152
235880449
235633968
102890831
263198958
156644205
172372924
115819169
263348085
209603127
109425903
259530549
150179717
168610129
137995296
137995861
263400239
152564803
133005452
107561087
114250827
144637715
142032527
128325291
114251145
144613722
174537386
208680013
198077282
153402899
143678788
155188679
164541653
150929405
247706538
138558712
77654976
261820440
73548002
146786141
180947600
177212550
144340233
170382029
207491681
155707384
137543663
251023084
251324336
246232870
194947400
115223951
155200977
133929568
170263951
235884942
176478246
252628964
172483662
136742391
250497320
188175318
187328851
225173301
102891155
263358517
52003095
260916503
259533498
259450760
222656182
22401350
144200067
19407601
148809392
113641472