116567042
116567191
25203200
248978286
160402430
473658
462958
116567159
25205331
213789974
29355145
117375059
37794702
25201115
213793397
213788834
198996201
192173949
24594769
215608671
192173926
190868943
107001891
342601
29355720
58710876
116567229
37794616
455971
203422639
24594775
489732
181567272
456005
25203468
25002328
149781158
194183606
213788367
118522573
101262539
35869347
118522609
36316118
191040135
208056385
181268208
3280057
58710992
118522798
8357946
213788704
253182229
192989190
34752360
83749916
555427
3768927
66229279
401546
473648
116567038
261157172
258673179
181567266
190706676
176713894
262895810
193640467
176713830
262783470
250339374
193109446
34756178
263067676
181267985
214760176
181567301
2688001
262871808
531757
190790855
213789292
213788643
213787889
52381877
197897315
214760242
346577
250339792
209388013
3770113
200976893
262706926
116158805
213789748
200976719
102758238
195696933
116567373
262707060
58710958
416410
31516387
51348754
116567375
263055800
36316060
262876773
455983
116567165
197388053
56003957
54660874
55286645
249852874
213788495
14970166
254087881
191780622
116567051
214759210
342772
455978
191780338
213789144
25205445
48755285
262871684
214760660
190706627
55285736
48755842
192174044
198996090
261157791
376788
73385136
200976826
44605354
221517205
2462759
262651497
198285539
191779777
197652422
44605273
101870592
258673201
193878314
198285573
206715254
213788298
44605234
55288236
109765385
213788338
58710172
181268195
253350325
198285505
55285192
117984678
198495137
2499563
181268210
102758417
2499761
108748243
250059219
181267981
181268005
181268088
214768013
213788786
190792329
87044991
45461997
193640482
193101495
48983842
55286699
193737134
195696979
36316094
70805257
191780815
251983727
193102157
192988641
192176503
213789115
88809572
195994070
101870806
73300983
29357157
192173774
209379608
192173830
250339716
25201800
213788303
51991132
74035904
36710959
262730514
213788742
209379632
191780122
213788232
160402359
191780355
25202453
262706818
102133101
262469219
262871814
41876175
190738059
73385439
193101714
195696907
58711418
196579668
25205742
250340605
117375170
72527239
213788666
192176447
190759733
44605350
261157182
72050764
198996227
51120350
31587399
37794765
116567063
181268212
2684725
261157789
116567058
117375150
31622461
198996276
197897279
213789528
10714021
88043439
73492377
74035830
262704801
198285589
191780028
192176429
3818701
191779105
213788743
198996292
181567303
213789671
193109298
253040917
209379628
197652420
192173989
262707100
3782679
198285434
213787766
35539578
73766502
215293633
73385114
73584955
73585110
198996286
198996306
213789465
190791272
3818641
520299
58711450
214756633
209379578
116567146
195697031
192173874
49379156
213788516
87045167
2499717
193101992
191779448
421238
55286732
242718251
193101365
213788387
209379600
69323362
116567163
193109296
253168677
41876169
213788220
247902557
197620742
206715271
25203782
197530383
197530396
195994121
198285517
25205997
192173838
58710248
116567510
250078940
2182045
253182199
4430993
7310841
263085278
73385134
197652426
118522813
213789548
192173844
198285609
200976873
197652321
191778965
192951472
192173752
193101628
209379572
191779932
74451584
69323337
29357467
51991079
29355347
118522764
117375140
149963595
197530465
193101362
174182878
55286787
36710920
43752005
55285812
55285467
198495141
198495157
209379594
202961904
192989115
191780379
117984404
122522002
29355669
193600496
190707712
250079034
2068055
7574711
248703408
111030714
88809703
198996176
55422974
58711157
25203943
14940229
198285288
117375033
215540788
263179572
195994077
55285444
122521840
88809716
66229166
37794798
102133162
117375053
117375045
55287034
263104836
263099012
263078788
263104427
214936717
263209037
263179618
263098958
213788365
66229748
88043509
55288386
88046044
55288409
25201330
52112617
55288206
58711446
213789943
198495159
192988815
213790058
193102081
209379624
198285332
191779494
212607514
263103233
263243965
263098925
198285476
198285388
193101927
192173796
193101451
215599523
263085385
263085317
147575680
25201750
25203138
263179505
262707182
195505610
198583726
249853840
250076589
21089752
3765737
3819027
3770155
198495194
198285440
193128774
58710381
68463259
193748296
263114128
263208922
7311201
263241951
263098529
263179540
70202827
263106871
263114057
263104781
118522715
215293627
213793483
193101483
191779572
196579657
198285255
206715247
198285587
263085371
74036016
70715448
73492448
44860362
116567116
34757995
74329968
25204137
55288313
262797104
25203891
25202324
102758522
29356791
263085403
48755466
209379604
195697046
192989288
252714352
198495119
263098508
190882677
262706637
3782661
3765759
3782603
262971422
3770087
3765763
3765717
3770063
195506666
263395040
213788632
75549194
212607532
208778590
55286743
192989072
251590787
55285406
48755078
55286655
55288171
48755817
193880551
116567046
198285326
181567268
198285247
193101513
197530430
192951428
55422953
25205118
25204515
117375122
48755024
101262567
48984195
117375112
209379574
217130893
213789310
213789476
25205820
73668431
118522615
102758355
122273670
197897293
197530379
193128700
197897368
197620665
195994132
198285491
197897306
213788653
213788562
213788205
263246267
263114763
263105078
263114496
263239762
263179509
263208979
263085401
263243576
263208602
263243761
263208574
263207607
250059052
190748015
198584044
70722319
251983721
262876439
2499767
3818731
3819063
3770149
3768863
50239052
213792526
473622
252714354
3770121
262706877
193605214
190755804
140629663
190708061
190755369
116189101
102758439
117374997
122521836
73385119
263207805
263179574
263179598
263241732
213788318
263100184
263113663
263208924
263209686
263239861
263098433
263114370
197652384
193101734
193101933
209379602
76152585
25203895
195994125
262706944
213788499
213788209
213789793
193737144
197652327
197652472
193101545
202961984
195994083
209379626
192908991
64453424
58710510
73385292
58710536
251590802
191780752
195994042
55285988
88043550
55422859
116566932
73584949
122521995
262706976
5408631
3819097
110999588
2499565
193737112
213788748
35537961
262704988
262706585
213788322
195697037
209379576
213788277
248703453
213788299
213788534
192173971
190705743
191779475
198285265
181567291
197620621
206248716
263243852
263099044
263098466
263179626
263085428
263209548
263208296
263099075
70528669
14957533
213788676
213788255
263056061
263099026
263179520
263241983
117375190
74342660
263102311
193101841
209379570
103475191
102758217
48754944
117375021
56003844
58710415
55285062
214768155
58711442
52112694
35446149
58710774
55288367
89481155
58711018
48755565
58711552
29355003
191004219
250078840
250076673
263202799
263202736
3819043
3782651
2182015
2499801
118522705
206715243
263098444