253213647
261038020
248957263
212992673
247838135
249156895
207301603
230036519
222679465
248380457
186237324
195187480
212567558
205039761
196394972
214075599
251885266
173364636
217535055
202853032
149573910
214757466
204078070
155880591
185340443
181699688
194959173
186237333
202710687
174444190
85242387
197964585
206607121
241803353
205299640
193206168
177746995
251762737
251762729
144079756
260847322
169621664
144451595
185340441
257845372
214075603
202466690
257845351
195190105
160585764
169621657
217148634
162837790
196284160
117002702
196284164
169621652
247806777
241737934
193895769
260795219
49365848
206847854
188767663
122336553
169621666
194471830
122336563
160931492
174444162
97075764
182736912
241803354
122336552
157955619
201850382
199195796
185340449
178483756
134846265
203211985
205576473
260114699
185435307
111981249
169621659
158812932
157071616
145634338
261966305
196851826
101932550
248416055
167600182
89316009
38433931
212567556
212287901
182709679
241784474
161383542
225934768
190238358
213863186
252066413
186094200
251762733
205576470
198198495
204825131
216406926
91104638
249935654
450156
249935706
213863189
189035757
158866414
202533847
159004131
249945457
261829935
234948712
257786707
124863831
99410911
398537
156821176
257846803
104744325
193206153
160585762
213863185
253555882
248575657
198123674
46221917
480922
248524566
103477219
198127671
88999728
184861034
215402048
249130048
261829937
252208945
82702643
262899551
248167583
261829969
261829958
247878958
257846832
186309372
101933232
262899573
202012269
248703256
214824981
207461264
220823394
161026915
248805707
248738336
197635663
247777897
212981750
197634917
249202974
197669508
116947308
248341934
201106411
212287888
213863183
262899543
136425164
193206157
253555889
262082307
153815206
262085584
557519
248341932
197635855
95250057
253394111
253555965
249260555
262899503
197635105
87640475
249674273
135322600
181893
249693708
262454782
176143087
253168765
116947341
195472232
160346923
249794978
108652743
90981413
189556188
254139264
214915863
262084693
87640481
108716729
249135594
212982020
253168757
159482817
91273176
201592094
468614
262899571
197880057
197629362
196339362
504858
225217198
192588653
191920180
248230386
253168768
181998057
253176282
215139999
249347376
250052404
214516406
248360157
57587819
138029695
206641694
190647816
192387478
248930336
178056242
87640596
260795265
252675760
245766834
214771389
225935202
243033340
249972759
248546475
101931279
206103978
82529237
253555917
189556177
101683235
225216866
253386417
247776051
87640494
248802096
98242705
195928151
101933477
242344522
80937475
245766843
262907214
262902123
104743109
78964876
249347380
198111806
112321528
232720093
185435314
206634398
204438893
191493555
198127616
252768704
249260079
260794044
198123539
262983796
198111577
261835236
249349430
163831410
87640496
153815199
249349433
522720
195801647
163831386
167029912
173364639
103901277
187300430
205472224
197669732
101683173
198081866
214860371
89315628
248524935
198817353
262454757
195472187
262454769
101932025
248802031
225926216
247666437
206643296
177892208
195286801
207730327
188831251
197665910
185433587
212981386
1017113
198188959
251999023
138396005
87640594
198082014
251762731
202495209
253364889
87640590
249962281
163831388
204766253
195927535
87640471
101933480
87640592
247778554
103870594
172476736
248225819
506560
178058614
218748514
10396942
215798478
198380027
225942679
207732879
250002619
198817405
248241413
249972648
102412523
262899567
194960029
173137652
214930564
197623288
89314433
89315687
248223198
262899607
249347378
206674323
208119632
262902139
262902125
194794279
252400370
248221182
248179584
247778594
249772560
249971901
196559815
214915761
103807644
262454778
248546415
206663864
249693741
249772418
250056192
249874943
152517833
248185423
197629737
87640598
197643920
201874478
252794284
178761098
154528748
249646487
197626485
262905601
206676968
250017640
194794274
546594
245766838
245766832
249872740
172476609
178827368
214908474
197634832
214915882
195855786
214916361
50254533
89295106
225946981
250053180
197620522
145130768
197629294
197621604
97483598
249531952
196021707
89314800
107366393
198379904
248523282
1613317
261835295
248583370
179141980
248214867
248244122
189702434
147938106
197628002
215798476
215798474
249874814
249654014
197625189
250017621
250017082
215797553
189684599
178264057
191493616
183900703
189462841
248238127
215798472
248519086
194483325
197605142
197620526
197622794
197638924
172475773
249767735
249653987
196560154
195236063
190461247
163831458
249349435
208590111
248235751
197647137
235577837
98038003
262899635
89315032
202854316
190461318
188831033
249653040
248575904
197636752
160356285
249872704
202854334
248523341
197620533
197625655
215788610
249769557
247823542
101932979
194483109
101931376
198380863
197623544
214824964
178502490
195288464
197635863
197621869
197627003
191422746
197628308
198127389
214932961
195928162
248573039
249768134
250052862
89313958
197625329
87640473
250465287
249654011
250052885
247944560
185872892
152519771
262899599
245767759
197634222
250467225
215788606
201874425
197636767
195136400
249874945
87640490
96301307
247346459
197622744
196152819
206669505
195288447
164273269
196152997
249767592
248978289
260114673
186591832
262704608
195134322
197623887
249954944
262899531
193702144
197665883
201874492
196917437
241784476
249653997
249874683
215788604
262704549
101932098
89314147
230203551
249532010
214921002
197645243
202855283
251460652
160585832
215389418
197628477
213710595
245767757
249258046
215739390
89314104
262902121
101931222
195237450
198127468
195286803
249963051
229726907
263339023