50357283
93707693
83396665
155498031
126733781
2582233
105653684
104415770
47469935
6868921
113116416
262637790
86049349
135350970
34616135
85924601
246969336
83400933
262051424
248608077
6867747
14312780
39324041
708520
196202678
79359950
3972829
124894164
91836093
197964803
249787490
2582235
58362814
108240582
79203592
490469
130211189
250549034
250549037
84482647
241779345
109552248
39312861
250548938
84737848
31515230
84872784
262053191
2582237
46825644
10385957
136676504
72188948
158811181
76205710
78286761
191421765
55318685
262605384
207811596
214916646
74035639
43094198
38158403
170268192
204425378
133775040
203982806
105629960
39324443
252009283
95215010
251984665
108243278
186640339
242693636
262052776
47469934
14992497
51433881
47110486
76589673
38158409
96476443
23295662
73475064
26618935
203982858
225940663
192948934
146274123
46620800
188057650
186640432
249854319
39324644
9105583
77329818
125011777
76143498
59264380
69322452
490578
196148465
77329767
192949370
76129367
191418761
214189399
57040634
214933050
9110425
431485
580226
225386504
179967732
550053
208778475
10303694
194787075
72890646
508630
200848771
435633
58361572
208073802
199109211
114895562
106276784
195551228
186590387
72946586
550059
550056
550049
47469938
159886880
262300572
194595536
198902510
550036
550039
51509015
84479181
202426486
210156106
84484759
217087841
193011546
75376729
103703551
191427172
194451545
249853892
431487
249853998
207811598
194847713
208073928
126851666
654091
225386494
213997322
543593
60896889
180846912
76250780
253318987
36493663
49066851
177989428
205318847
58360477
250743099
253318991
205972994
194493976
29354458
209882032
262913065
207811594
194477417
263097095
262903771
196157826
225386529
215560772
205812971
70512090
195187973
200005606
191427185
205514536
1366725
194848032
249853738
435346
193007725
84496030
251984784
171580952
1366723
192288144
253169311
171584212
248354228
194848213
192167703
194847875
410140
84475991
410139
180864375
171580610
550041
194785819
193012025
178294109
192287783
187860238
250548882
26057683
198522453
192949732
76250046
225195081
208067486
194121044
262903803
84487732
100029893
192288081
247862390
196148841
76251015
205812416
105619735
53668682
26030875
180316866
210155896
180354334
580232
196187314
492750
84455293
194847417
262903795
198898609
77057220
45662998
80978973
193492810
816714
105626415
253318989
193008434
249174161
51712182
252658504
222638951
22642920
162399288
197337618
193012906
195551248
35859590
191353911
247256673
196161458
195543959
1643393
100033795
25663592
194502903
216462267
249452392
550038
180375795
60872168
147976928
192945855
109641013
252079872
103723533
249452533
174215065
26024493
550040
196188643
102949742
200848966
72946590
196161462
196188391
177056796
194787538
193012339
196488110
249457274
138049766
492741
76126289
77058822
196161282
100029874
191769422
120183770
178533825
206362992
160305068
77058813
251984586
101860043
250077311
50410135
194847956
196163405
178957531
263098279
120183461
250070898
204269382
124893129
42838947
146954147
263113022
214189227
247855722
196161284
182300633
23424523
262903773
3554931
72946594
260922652
77057263
194562647
108716723
252080203
196470537
192951066
251984750
249480482
247795111
77058612
180933949
72946582
262755680
248789821
160304310
203982758
262841039
34747256
43815616
262451677
10303702
136599882
129138347
182755969
117315795
188927396
252079709
252079446
263413034
77058533
196161218
196517331
248789825
248789823
194845996
103474883
263206754
262903744
127031467
203401919
207515297
263045010
114945576
6308487
198193754
195543957
196517835
198522861
102108234
263393345
206362990
252640222
91010780
201308114
181773853
105617911
180963518
115124579
249489557
127032374
248789819
182300865
100025322
263105049
262903777
207345918
139498037
262056030
254036911
196163409
253169394
263046278
219151956
8189476
109862123
146226348
178313321
31690659
205808197
205573813
70520561
196188369
240627049
126317622
105617546
137941354
250077205
168181419
193012816
194786803
263209701
53258371
198698499
244332307
216010162
262382696
262903810
122521488
120183189
181780109
183332005
197419850
137441731