203702164
88089876
105356995
23788452
105614601
198340268
179219025
184283143
197922709
248641691
173628046
193465389
25056874
106795990
13780668
205709341
20361534
744403
12661711
190180145
79551731
120539872
25056800
195882136
105367923
24189540
10696290
25004210
216227273
23257508
191314021
105357526
134360031
42876196
953883
260114753
202643822
110877039
44753827
173450145
149133273
57917796
89491924
189604213
124040746
70411315
88082815
253357095
84566921
34357764
158777282
106364781
103867760
144756517
144756336
210955711
492590
33457393
203122594
135454938
187837545
48446288
82006785
202644110
175843787
283431
62344463
125604028
169209457
173358138
191314183
1726203
12661726
110876987
149523120
103776244
173628020
197419707
179218626
140184493
198384210
159946668
193564575
197576221
144465235
94705155
34357540
25981840
96584704
132829599
106805970
225911155
23785662
191987257
188710747
175845335
248358503
20574111
190214172
24423954
103867765
96585248
92505854
96585265
96585296
98298385
92870244
55131390
36741915
175950270
208100744
953841
174834826
216916825
21285258
188711123
96555886
168730896
212256904
97480012
133923786
120423923
173449651
169380976
20574566
103799298
122208
166155122
112441416
241766913
116937793
14583443
169380668
168732980
720543
157273132
110875475
154184244
100948760
147010312
2004079
172906338
144465965
125967430
169514226
176789698
205944014
160061350
14979093
95090742
216197364
75630626
173389719
95295520
188103064
95295871
73402007
254712110
141358761
24424656
51519410
953881
150374565
190214191
91089871
248740140
195695607
2435653
202645602
82389314
58245612
159915652
198057664
48886659
120549043
170487192
33013080
82938804
91868787
4486871
11038546
29358426
465974
62736114
6753347
176715273
205729730
1994243
51519387
21049645
192139211
6965261
106539781
51519370
170524239
245787240
96353196
7344403
247730714
82389110
83751098
168731122
133563609
171063149
56098291
179374003
116250238
23097492
608931
127881105
52106276
106539520
199036745
95864368
140192421
207555188
73402064
96587021
174830601
96572837
1606967
201477985
202642350
144758815
158226507
145563187
152831088
122872554
193461712
147838603
110875493
187836952
14677153
174631181
160492114
36319212
168726761
205412460
263265389
48446707
195985528
106539123
151483610
252796633
173450025
202643101
203145289
48119618
48458532
23411085
105362917
253095084
114572135
70803280
105614570
164537770
95295478
106540203
169495081
129728535
121414575
203135701
19290408
98085344
173624178
205814003
492571
164542429
100957989
47028270
144758096
21302604
12661758
176951637
263040812
216732434
96586297
144757903
190172003
169500178
123442552
141764345
247730819
168733979
73402252
2736343
133562771
200003959
163906410
82008610
193156385
133718714
145311007
202475720
253212470
117270371
152789123
166119485
189169351
112056346
145563646
52393948
197576105
197063968
32223300
140131149
88253715
106540133
106539148
26046215
14677188
21389741
144465504
95862765
252796670
472951
167644530
198893768
704064
247730690
197064540
198384638
74207954
247686066
168734655
52402458
144342399
140103520
149193228
138824525
194819171
242630184
73402735
145563884
52134385
247303729
73402383
96585583
153387449
103822114
131270258
704172
4420137
187838951
21303205
144341396
51120924
147588008
145563372
25057009
127554077
156937571
91868743
104039926
252790353
147011071
261952449
209389758
152457307
102759821
96579282
149188734
155061650
127554616
102759818
97486173
48119591
113930146
248934471
242204385
127554156
1606941
242204357
252497762
34357762
263034669
242204435
1544281
242204445
144464296
117595052
113671853
253495122
55995915
193487156
253043981
472950
100460151
58243248
23792339
187837192
140202687
80931759
99139946
83750748
144465865
168194159
202642832
144464376
198545684
96544582
209408984
122874090
212580549
205727729
92001695
49917595
49924100
154184651
36318531
106539294
242144250
78554453
253185255
229804742
104110053
167890758
174631224
192358782
247906548
122228
149138287
106539014
129712385
159909057
174631175
106539744
202644228
189604701
201641308
1012632
608792
159891285
58796661
174631185
142328921
199034832
1657755
187839432
103565167
1606971
202644745
4502643
40923688
156950756
189604520
194183761
175468356
207891528
217563152
2359755
173674377
94704870
73737482
168231548
112056456
272310
147937750
57991780
127554181
187156601
110875545
144341844
11406898
110877174
202641797
48044250
198554704
203147423
96586010
119026506
96585346
145562876
272376
1711743
122870344
96554080
108957458
31634654
160050421
22047939
96552749
248645959
192952238
202643832
20542199
96552738
185920513
156193505
33409111
216205212
187837433
40923014
187839113
21381390
117271388
96557622
209409814
96586103
122068
19962225
194452301
195129435
92017765
98101856
144463505
249795806
136366681
744808
198554129
25056937
109775005
157292773
149189062
58243232
96545977
95295619
96552539
14180981
140121668
87052511
74036327
550621
198554911
197064468
217566909
99466687
197924991
80968003
252774413
154184181
106539008
148699771
147977490
96556897
50216460
194570318
160835195
252496413
32722685
113930145
7266531
95295666
162406039
34357704
144757212
154454089
67041457
10073898
174631218
187184265
94700744
152780433
137980709
193433731
261952350
88254496
23411937
83750904
145562838
106364684
187839519
12661754
193483955
198492232
186312565
48886077
187838616
704414
32223419
50216352
68820095
96552507
197065045
106730827
198537176
11038046
109654950
144737925
148809820
52603762
52235356
149765680
144340161
197675515
146781111
115972691
73402503
145564109
57452507
59536342
96587138
147695719
203145436
247277044
189603672
1606993
13446446
71967633
96579294
744071
492586
262674908
45129394
203146925
122870695
52236149
88092468
101592092
1606989
35449822
48756067
71691011
704101
247906777
465965
85241564
118262382
48119729
202645767
96546897
205539983
198384607
145388303
78554082
209409629
82389880
12661732
51519310
50216132
162247080
203146538
187838851
203146367
201853960
202855274
249575539
174631028
12661756
248646252
175757
51991206
100993277
24312020
197180796
148699008
144341089
106539638
97490258
202645072
32223477
16875063
24223266
32224660
113930052
253210057
191996326
167892369
465968
196209799
195514979
132859177
187838987
217177286
253889582
198967266
169349189
190214163
260921782
117270807
212927985
215736377
24255146
188709975
567990
2055557
24366637
148809206
208742072
51519354
205945077
229803381
118260983
57452867
198857430
23623129
49961454
14508527
140192100
187837873
247730552
249290612
190194327
121228246
75514386
54416228
56097752
92867926
112058545
1606957
153593430
247730965
12338313
51511733
215736405
12338166
181998166
96553709
152384801
2152881
95295734
123150807
197182693
128325803
88095844
106985957
193737179
197066307
4510211
135053242
203149979
145371604
260921789
168194523
202641506
217567386
109775030
139559256
73402321
208277421
217567299
168194814
119501441
111694398
122871157
189153045
200619997
704195
189603518
175016
115224785
98300931
151509602
175182
259562340
136080883
51031303
194452303
248646101
51991362
149125889
113792217
152705329
248646309
138147984
209409679
140995471
73622590
492550
36711103
209409433
202645967
96589181
466134
197179530
198893736
197067578
167525160
150929433
133561555
187837869
1606975
229805397
106538977
207853684
6965275
247731107
205218020
73402516
24250051
89492957
48000839
168587068
248646238
149717283
96580244
51519670
202644819
194452266
24312051
492573
492596
608912
720603
198553692
198490044
217539875
217567121
195515074
198741339
73821846
24201341
52604351
32224216
249575250
203146083
187839191
73402322
106539568
73402240
106539800
106539488
112054902
192814338
247731008
112058088
203013259
198057567
202645152
87886513
174835073
175949157
96546460
71125524
49961601
33454114
31517314
151483630
188103704
249611160
563156
198487117
197183084
197068160
108957372
99139283
84873902
167521209
75514384
47028306
187838209
148851184
242204421
112055154
187839047
203144007
212581790
248783124
12338170
201854810
192951628
51991889
51519318
96546886
51519368
21303216
704628
168608270
272299
193485846
82390917
159954975
48004238
242442273
169219551
144526427
88079244
187839339
95864364
140981815
6965235
1606961
169266905
79554065
174631012
148871770
242501186
21950072
202643506
262674696
272413
179805760
82389108
26601853
29373665
50216126
248647400
272392
91457777
36711091
49961442
82389112
23399891
743729
208274891
197182347
197402480
177626411
185920296
472934
168194202
169349232
133721696
162976683
164541391
73402716
229803431
83020971
73402224
704444
127554121
248360194
76070323
198057712
127554229
272388
122589
24312654
194183706
140995433
1606981
33456914
67041472
48010228
743837
743028
206659374
55409857
196305466
199027334
198384163
253188195
197064908
217539733
198966688
198964958
31176370
39776522
24355459
169210563
203015810
229804554
180853184
216452870
216205443
187837594
187838954
187836977
148074815
249289372
106540011
187837867
89054661
127554116
122873030
187839447
199175956
122868724
197507037
148076816
55520449
58017475
214742092
249287262
249288233
52402059
106539023
106539848
187837367
106539306
14346912
31517312
131280846
98393374
97490118
203144303
99267466
249273724
131960776
171157130
153884980
151509446
151509640
151509304
198435761
36573485
97489093
261992297
6936975
140103347
127554146
137017814
248370806
201307519
207279023
127554539
151499730
187837001
101592153
109615878
55410465
51511727
199009906
262797690
191347033
252796607
263076559
263082123
242204312
31517339
262674655
172906237
31517369
88046484
23412289
96586422
168194238
51519283
105232227
82390941
48012427
49641767
48008200
96585364
115968729
78957513
37153169
1993363
96586002
168608184
31518346
25002610
262674313
262675050
262674729
262674341
202644809
209408885
202644050
197388190
195029010
171652229
194570301
147977923
202643760
195172776
96578918
33455032
48011727
36317591
96587037
23416131
96574099
96589465
48011669
119026524
48011802
101265083
49961659
48003461
96588803
96554104
195028821
2152883
202644520
214742242
198489660
208274911
193486879
198486874
197065318
198547407
197180102
59393540
14156935
248647954
128203107
263316818
31516569
51121217
174841533
14979478
140758886
198963610
197182787
198490179
217567938
193485327
197065740
198963420
197182097
197183114
2692403
96575437
201100643
2055537
51991616
176583759
27820221
51991614
216146455
147587458
192074373
158208126
140199424
140192133
58817909
20579961
96588842
117008081
187837309
106539388
225957811
151500142
202956852
217143505
143174061
92811253
199244361
187156693
127554374
214742299
216461933
144044726
85241476
112440970
144463972
176673331
48119620
252102016
147010989
52479388
127554314
216216007
199199274
195932408
48964603
97490043
175977619
175977907
57668131
242204447
25123948
203150507
106539820
164537471
187839068
73402108
127554513
199246508
106364853
205300356
252796667
252796734
249574961
249574424
253189644
214742278
173877996
127881196
133829027
5734075
205548486
187839270
36573532
214742051
49091810
249575416
168231811
106364369
57453778
57453156
80991013
127554114
167525462
167525455
167525499
73516793
22760434
19382102
12338152
199026615
262766136
262766908
191372221
262640605
262640608
216936345
95090533
263080879
263208655
173450114
145624820
49961586
102615591
51031570
96578996
78554063
99043023
37152880
31519283
115695126
96588196
108957402
209410030
209409617
169380140
248646132
202643672
150929533
262658340
202644420
262674647
262675038
262674299
202644301
202643362
202645289
202643582
194452263
147593280
192952041
202643399
202642373
73622840
248647649
248645987
194570330
169380483
195172964
194452307
169381739
209409566
248646320
143253769
32225062
97518120
48010584
76822262
48007847
49961450
2408691
39778362
7266535
174830105
248645957
248647638
99139932
2055559
174839203
129143774
24416721
148958876
208274958
198962797
198964839
165631598
197182015
198554596
208278457
208274743
197068242
197179233
198966807
217567427
198551660
198550250
198554938
198556618
160065689
254711276
208276157
247907332
186312902
49641748
174631109
47521422
37795606
92867654
214742121
150929559
167896565
207719789
158208310
140198795
167513750
167513305
14979153
48453264
54446093
248372356
216206126
153884791
249566097
197506725
50216633
215947280
207853760
187837123
127554183
187837894
106539378
144465339
140103670
106539297
216199708
48119733
148809221
96578243
122869848
127554468
133562933
203450004
128327423
187837561
166429957
56580790
203003304
174631283
174631317
174631059
48119731
167525514
167525459
181979165
167525516
167525562
167525665
248643056
133563569
13816375
95863792
262473372
21950080
253210019
205852510
216868051
143467973
252102020
92866942
144756698
193156380
242707655
203456968
109775007
251536409
189341339
162577543
106539670
52235523
135547625
216199562
208101130
217225136
95090368
263266504
262674716
262657684
102759823
97516548
208778609
262674607
262674651
262674230
262674290
263207469
263208510
202645363
96588507
96588779
248646197
209409723
202642104
202642799
202645738
209409231
202645220
202645846
202645713
209409004
179805752
195169828
179805746
45150239
190313591
194183763
194183673
202962173
149935746
147969215
49641842
24312516
59077290
42838997
1606969
206659406
2055561
202641893
169381051
248646250
49961605
70624897
48478752
77328724
96586418
32225016
62879872
51031558
147977935
169381047
248645943
248645946
51121063
78957377
51519379
97482796
23628673
77754342
103475449
48010586
97486139
48010281
96583750
103867886
68668867
1606951
91089964
67967176
20542402
151509496
169380285
45146785
201240325
201232367
191998675
160393623
48489342
159898409
118997359
208275727
197064376
197063186
217740673
197179736
198551769
217567082
254709768
198892928
198966287
197180480
198493325
251537063
253210042
107553892
193483046
217714146
198490614
198963129
193485013
198967248
208277745
247906693
188106295
10704519
140192469
20161673
75514382
173621895
139741438
144737690
96588828
216204438
207400802
148077574
169266896
247946958
187837325
205218599
202854466
216204208
216870387
52242775
171558666
187839101
202885778
15249808
154181945
148809663
51031307
247901206
127554080
115921396
249566666
198078443
249575847
253413874
214868030
73402263
97489312
97488902
242448055
174631187
174631061
198889260
167525631
88073157
181979210
167525476
114571988
102076103
36573363
261990868
153885035
151509381
151509370
127554167
248378283
187839094
216870415
216871026
216936215
249287954
169273727
125604577
106539258
122873903
215224669
198057484
203063094
106539367
187838410
203122779
229803411
150887145
5182727
126106459
247931522
175781900
198988294
249573536
57453770
202999973
13453438
23102602
7391967
138386003
154184596
1606977
188711741
215748234
98084330
263022719
114619447
51519356
49658160
97470959
76822257
1950721
78554086
108957400
78553963
96555013
151457414
51519645
117071363
68463344
76822266
102133641
74207976
49961588
78957658
96588160
48458724
23413334
51519657
51519256
103870022
96574088
49961459
50216804
49961555
48458125
145371570
96586414
36318000
248646232
202645012
209410118
122829081
262657678
202644838
248645892
96574898
37153175
96552659
96585322
122522086
13453414
145309850
74208004
96547402
96553589
202644901
202643326
209409190
262674739
50216913
113005952
202643016
202641678
194183759
147593292
169379727
248645922
248647696
147977822
202962163
194570307
194183679
99139865
197180819
23790280
116878138
465636
174835187
140107305
2055543
2055533
2055555
208276337
198547155
217718876
208275288
198547552
217566889
198961744
198892778
197182582
261952345
140184431
140191840
169219223
170524142
263373195
198741234
111518934
89482928
160393699
201173957
201130462
76469718
162577718
198057463
143010685
46600266
47028230
201296319
203118020
73402511
187837428
148851228
187838040
200631338
187839514
187838898
127554574
91412738
144341489
216214380
216215407
217286957
93926397
149195974
148698695
127554625
137593107
127554093
34156993
197515540
50216169
57346568
117218175
207854142
12338172
154183115
253292360
249575779
252496695
15611869
149192836
249291099
174631124
97490197
97489492
175978232
175978246
175977758
167525490
167525671
167525518
106539001
252496671
249575064
106539672
144755479
147817112
106540042
216451002
106539129
111297799
216917161
217144927
115223274
217173993
122871906
217145732
125604312
164537053
203001034
144342103
151500279
192970797
106539171
54513543
203064648
248070262
248069835
49076575
146429260
216866992
202888508
122870891
32224187
217102312
216868836
150896720
127554226
200651936
139064687
187838513
98134110
262505696
252589188
74207945
14150914
107394246
127353691
199023329
48011373
252496454
242204325
1606947
202641445
202642001
2055535
202645122
48478727
258215860
34762013
76822208
74208000
248006016
262674599
263102369
179805754
202643448
202641996
96588464
150929640
209409633
248646091
179805748
172565306
262657682
262657731
262674657
262674867
262674680
262674226
202643699
202642530
202643023
202645626
202645720
202645215
121107911
174183056
177703766
192952247
179805774
161246558
248645953
33453464
49641769
51121114
38110922
151457880
77328810
96587017
78555121
34768704
68820109
26604301
76822235
58992713
113008034
76822268
76822009
96588527
40723966
96586993
96552684
76822264
76822270
119315394
96579138
242076507
117590576
198962523
198555016
197182118
197180130
208278669
217743306
197063149
198893628
198966114
197180314
198553773
197182508
197063146
198892805
193482285
160404661
262674741
247906385
203013113
272426
185920294
96584456
247906521
169347347
167519535
82389590
95862718
127554079
197513918
187837515
169266897
32224734
144465990
198995507
197506172
187839507
207810326
214812931
203456778
187836857
73402620
185439256
187838930
148699471
106539236
75514379
187839607
252102018
187836839
106539445
205487558
106363676
127554413
202891541
148850938
216406666
216217157
202884879
187839474
187837977
247309598
228852970
144464627
216205103
217766218
37783818
248359401
138571678
249575640
151509401
57452943
248071520
165034929
214867744
214868089
12338174
175978202
54876171
198057754
133563674
162990187
144464147
180853176
174631074
51511719
252796669
203006047
145311166
99140159
1341987
113887302
252497060
248430770
167525667
167525689
167525474
131280774
89492685
127554252
187837179
144341482
252589634
202642344
202645151
202644210
202642747
202643792
50216128
194183757
168182061
194183710
248647678
214809855
209330946
194183677
209409900
1606953
248645923
202641833
96588916
35447057
51519383
48602315
145393893
54608742
263209707
171652289
263104200
262675012
150929466
55289877
48011369
87045504
140995160
248646162
24312125
37795580
48011483
25730392
262674631
262675018
262675022
10703817
262674365
48010103
97498419
34762387
51519286
48011104
96575008
50216620
96585934
51121037
78957379
145371869
108132975
55553079
50216130
96588884
96578347
49961596
96579212
96554119
68820093
96588906
32223882
51121136
51991634
51519672
145392836
149093416
96586006
151457983
194570275
96575012
96550172
222723872
169381735
147588620
242504973
19962251
81319585
193484314
105614648
108957431
181563622
20574371
202645214
32861705
198349976
122253
89224776
248789639
12661762
51146784
37795134
105614649
248788436
96073211
172671073
172906266
127796702
58074678
100993582
48010668
34250375
1606997
24855384
12661716
21144050
197068807
90117888
117274405
249038526
208105322
206714647
173515610
59453728
90070892
217442652
466140
90056894
90587996
76273291
202473262
26277658
186567883
77461818
127554275
37795813
466010
192714663
73585243
32224575
262656417
100947039
169347278
184779513
472907
242204406
103330067
472935
248813339
200693027
57055356
272437
90072059
244166355
200684480
550614
272321
121181131
31516790
76272535
194570299
187837946
13812700
21154680
34558509
1606995
201843018
472933
187837093
198078649
272380
12338299
205963682
466135
87393552
196337936
21173627
89482949
140995585
104110094
144978916
117273573
200693025
198966191
9844732
195922907
172841261
90072481
745164
200693032
131280617
144758297
140192211
465980
247948800
202467662
25981012
169266917
202859485
76153646
187837101
203293709
198964624
145562794
466139
26046382
149065477
143888711
73402305
187837136
20546483
72769707
194769178
14980536
78555592
465971
73402622
198057269
90072805
249273061
550613
272333
262656355
492547
39772317
197065042
217742434
207557127
142441392
704316
100993615
704152
198964357
196095765
58885234
83750998
472931
176531026
29358594
466137
704607
195342448
242891020
262655091
198966709
122868769
57061277
208105289
704450
208274731
208284213
106539570
109662188
248646366
84567235
216866943
169266866
192811675
216870782
202466585
248361878
202860329
216867718
188723424
261991934
202454273
247731251
188831627
127554149
249587076
137176188
249576506
225913128
55410760
249576602
205416327
206252547
31517011
120472344
48000550
76822130
34768491
194570322
194570285
202962123
202645031
248646142
34768769
51031514
70805606
39773876
2055525
48010400
193484789
50217087
198551837
217743329
217613616
217748764
198964623
58956749
217145564
187837377
192691459
214742346
76469585
143888624
187839017
216916308
169266931
207364348
249286009
247948068
248383037
90072587
54447791
145562793
32224454
42839075
74207941
186567887
202645644
19962230
54902338
31519180
31519195
35451213
31517686
35451221
48756079
31517684
31246856
54624419
202644848
172906263
140995754
198966932
217776680
217539994
198492915
193485652
217740197
217740552
193483979
217540441
160748981
89481849
201211956
58074689
80968173
103475314
216459652
49615008
216867032
198057525
214867749
252497161
249576542
249272652
199251558
250807777
217144464
208012333
259637456
249576447
199011045
78555574
51121134
99045659
77328788
76822029
12491328
77576549
262655093
202641548
248647665
51146642
48010530
217740610
208279164
208274850
2055523
198556396
217740581
217742078
197063864
217776439
195979417
172332656
216915335
91457516
169270463
251577036
249285873
76378953
93043522
197578142
51511737
90092041
214868046
175978545
131961122
122872241
214863300
192584290
112189508
20837296
154184659
114441516
249576405
194570303
169379622
202642231
195171329
179805764
29380165
149128365
33457061
37795783
36318550
29358636
29358625
39774526
25981644
31516662
123442289
80960715
198966238
217776584
217776534
198554867
217776796
262655089
248262159
140103634
248261699
169266889
12338164
249563847
24596580
187839619
127554367
247949077
108956436
262640572
212580898
144034926
106539017
2055529
202645120
248647038
141729836
35859833
194570305
262656357
262656419
42839079
122522096
35860403
35860214
71005985
51031533
51121286
247391099
58074715
48010666
198966597
198490301
198547788
217740041
217739963
188831629
127554106
249285453
187837109
99185391
182297847
77461899
144756461
249576325
175978388
216405989
249575922
114571935
15972475
202644682
21173373
10703852
163148710
262656359
80960701
31518364
19962184
17001787
17001785
249576754
199011247
198967064
193482927
217742782
217742879
198967072
198966550
197064944
208277138
201221823
201180848
4486877
169424825
2819327
21041208
127554212
106539080
103707748
23410283
39773867
9844728
125967570
73570540
209120115
202854128
8082703
77766975
472921
9844730
192584040
198965272
2819333
85754586
13855864
103735598
249586757
140103649
68978763
48011068
189947197
202643744
32223962
208277251
19962193
704468
23257506
472900
93045250
169266978
169746975
203149751
162593378
58074705
193486343
198966854
216407238
142441384
144339866
25207780
25206080
19962235
198555881
122870003
216461124
31517720
209409032
34341768
198964120
19962217
197068837
249577006
88087589
133785574
38110954
24855550
31518257
213521356
34344083
58074674
217538030
127554203
249588633
252589701
249576828
59102915
21044310
202644012
202644236
33117858
34498699
92868916
193484081
198966567
472925
143886488
92869578
34355339
151438639
196081717
198963955
143889132
153546817
48012187
97890950
205945051
214097259
36318364
34759248
216407072
216459827
88826088
198965206
214099091
169266873
35860752
34438100
175978536
249576855
134243200
34426358
20881614
198965151
249588558
110875738
198963294
60168298
249587277
216408571
216451576
24193560
31890673
198962182
198487726
197153765
9844718
66663459
198966694
130206737
24855611
195340855
32135596
198965115
197066975
87412434
251323869
58439069
204680657
192931465
216867105
117444195
195340465
203992811
248596936
247934437
72919707
195291850
195291861
203810787
193709743
197068695
56525870
263259152
261871165
198964511
263258407
261870146