22881852
23437828
22878271
23437685
25203389
202510986
25679183
92905655
202510975
23437658
23439017
80366137
111108913
519036
519008
518990
80366122
137854199
216407064
22675838
55285102
94260674
11375505
22878299
519016
70440886
94260565
55284984
185863510
25201694
77702366
50434026
110205047
58705898
49359984
29355741
317264
217502969
29355123
11375839
162399392
70409985
513736
128588929
37403711
46781720
50180605
73880236
56348294
70497901
262758506
50179984
70448963
24490046
56348414
262758660
50179596
50116883
46779438
70497592
46779711
46782120
50180460
181268204
192908976
367841
189432548
70586189
46784368
70490934
74451763
50435238
70502031
203843908
51936072
46776296
165024024
73879545
51026040
49481301
70464151
201424541
190502409
70567504
21128421
50116039
50392696
20580066
13944795
115695074
51939920
124893147
248230382
46781827
52330504
217722846
70598453
21113577
50116593
13944781
46785110
49481341
193924739
192988890
13944773
68134044
70771503
73879281
56348502
155906498
170336543
81939899
50180161
73880097
70568299
21201482
190864067
51938962
197852021
91010237
205580174
50434965
181267965
81507270
72554844
68371152
56348136
20577829
217721627
217722563
53806168
56348266
56347548
56348383
174450285
217722651
56347328
68377790
50433442
263208290
56346944
197851574
70173377
68390882
155884575
56348524
70424603
197851791
263202930
23437797
190745837
217721960
56348569
49477966
68379316
20581365
205582578
175445501
56348551
132303885
92436570
142442503
46777751
190732174
81939207
29314124
68369419
190863779
21113523