106997622
197652404
210514088
261076200
161394618
197388163
2202881
221271810
197620693
2209087
197388099
103475131
167833564
55285599
198562163
2206801
109878795
2499547
197652430
107001715
15837743
183364715
55286008
101262565
197652448
197620611
55287158
197652350
197530481
2163415
2184601
198285241
198562226
197530365
122273511
193128744
210514110
196220990
197388129
53806129
253393044
210514103
2163105
122273690
122273682
122273639
261101613
55286486
55286693
49961245
252563776
193101660
197897285
210514028
37152038
2248683
197388101
106350079
106997429
151967198
2207659
197620554
55288270
37152148
490138
197652454
210514050
197388097
197388127
107001864
107001749
107004625
197530393
191779424
74678164
55286435
74207851
41514356
260801629
87045324
25980626
197388083
196221002
193109462
197388089
197388093
2208757
262747973
214599258
257869318
74451870
260808366
253134736
192951171
210514040
197620709
197620705
76153036
2202961
192951229
89481539
191780550
260919358
109945634
192173802
193128728
196058204
197620729
192470540
261113167
252582904
257925213
109860537
197530414
55286777
490093
197530323
49379160
197652317
519825
29755409
131245609
131245639
202961972
2208267
210514048
197897335
74330003
122273686
192951345
191144443
196220994
263098527
263097660
263098476
258604978
122273748
192951139
263097864
2163535
210514046
210514097
262784595
262905646
262747901
262904922
262904813
262905606
107001893
116877787
74035997
122273577
29355065
82387582
49378887
107001844
197179016
197388073
196220835
197652323
197620619
197652394
49379051
70805309
55287224
122521899
122273581
122273588
151967119
2202829
262068257
262790344
198102638
262790663
261995000
261075580
262859983
252581895
252581671
252578774
260798172
2162381
253393058
109860558
55288557
122273661
122273723
106997743
192951271
122273562
122273518
74036097
45164257
55288357
55287802
74451708
263098993
258667278
263097503
258666899
263097837
197652390
210514114
197652319
262891405
197620738
197620711
197530436
193102165
192951181
122273560
192951400
263097510
263097676
263097143
2163315
2162425
263085367
262905300
258666924
202961974
262748352
262783410
262758372
262758413
262891551
217289897
261798557
261798584
14944107
261798320
252583310
252582241
252583819
197620695
252583609
198562356
260795261
2248717
260803603
260729087
109878804
115966287
131245651
29755413
115966573
109852119
115966466
263209076
258666932
263097779
2202735
197530452
197530426
197530416
106996572
196220922
192951191
192173975
122273590
263097212
263097785
263097477
263098461
258666949
263097486
263098539
263097743
102133074
263098500
263098105
263097855
263097668
122273643
122273570
192951213
196220841
122521812
2163341
262905380
262905962
248789417
171653833
258673195
87044900
122521893
55288382
55285001
106349786
202962042
55285408
74330026
125506993
55285158
74678020
55286481
55286578
210514061
192173961
214599364
262701600
262046384
262047136
263208564
202961894
252581778
252577246
252580151
252580522
90527734
109878796
143226349
131245669
122273615
116567036
263098492
263097774
263097674
263097461
263098490
263097670
197388153
197388068
197530410
210514129
197530432
2163419
197652376
197530422
197388154
197388085
210514131
197652428
183368613
262783567
262784743
55285138
76251137
55288234
74678204
106996582
198562131
262748074
258667322
258667314
74330013
122521919
122522022
55287807
74451701
36316106
122521879
102132904
262905048
263085373
196220904
210514090
262784323
217287524
252583655
252581299
252583569
262790145
262068269
261996596
261075607
262068280
197620617
74207837
74451697
74451720
260807746
110126352
109945652
131245665
131245656
109945641
12672492
2499543
136545840
2530595
2208169
197388081
197388034
210514044
197530404
210514065
76677340
69838772
192951283
191144410
263097454
197530398
197530428
210514042
192951408
263097749
263098047
263097891
263097658
196220996
192951179
263097715
263098072
263099994
263097847
262905810
202961811
262783460
262784845
2248723
197388155
196220843
258666995
262891881
86424464
2163635
122521809
55286932
122273522
192951313
196220845
262891762
262891952
122273651
49378815
122522027
119699071
55289420
198562133
262790227
262047039
262799195
173946795
262860232
87044906
252583076
252583949
260803387
260804585
260803459
110126387
109860532
2097087
110126359
262904988
55286107
58710403
262784052
262784439
263209630
2248693
122273575
196220986
263098074
107004727
196220924
192951505
263097873
263098480
263097757
66045027
210514127
263085418
263097637
263097494
263097182
258666883
210514055
197388087
197530450
263098429
263097886
263097544
908259
262784392
183365537
262758363
198562143
122521739
248789421
76152818
122273572
88046408
55286081
41084741
196220929
136546381
262851811
262701690
2163021
252583143
252578223
74451703
210514053
198562222
259485196