124639646
113583126
249574511
44911506
105231434
262783981
249570739
181454047
145092110
25073118
152789562
205005129
58067806
152740746
1007137
202797470
195541265
192949998
191630775
44911496
72000017
197639036
183554269
216090600
249570992
74332664
252595840
145092101
181453866
8090333
195541264
4327469
4327471
4327473
155049277
152740751
182821676
544815
152740750
184226856
195541262
430848
188576645
251546313
258667304
181224489
192410617
8090331
252000113
354260
3306063
170490712
203494516
430856
217268955
252003977
535100
146271555
140740488
5023507
133962358
3210775
512733
4790485
4790483
214856873
48659053
25888399
45123839
89762089
250559438
53467583
146271762
146271562
459138
4790481
199706223
192950739
192951050
192951048
192950293
192950303
2624289
505511
47242754
534844
258667280
52796356
181224326
192950695
207317611
258667282
47242761
181453860
192950767
192950709
192950723
253627573
5401823
25980424
252080191
185903117
191410851
566479
253621509
254086704
204057524
11747460
247289995
196516215
253468321
181453857
74332660
181224540
1007133
3976841
183539115
462361
198285069
6914097
164511574
216288893
41134231
254089549
1735817
11809439
22531911
254078549
216288924
22634363
181454076
535153
2340499
566164
1735815
253090447
10005267
216288963
200651493
35670776
511563
246161820
25557390
11368905
11368899
506057
252135989
1407649
505821
254085949
253070572
253627501
49179680
197639032
100105926
162100208
1915855
74332658
254123494
175105126
1664519
20444622
200771995
197639028
252662822
185903114
105231155
777456
216288768
181454005
50322332
168925381
247358553
173423918
200772000
46749903
207559549
32921204
566438
199904035
125640325
49601464
140743115
180851015
251999566
181224839
437393
50782102
201088107
19410193
3976849
200771983
50319309
3976853
3976845
549835
213565393
214856695
207332433
200771987
200771984
201088119
192838122
198697354
181472649
430860
242504860
565988
3976839
181224886
355265
199650368
199650378
181463447
199650366
199650380
45123847
534912
566176
184226854
7626371
253627520
566283
77665074
193900321
165193128
248830170
173420541
181224600
23432479
29830424
74332666
200850857
7902329
55648020
566317
532273
129911450
22634349
257859356
197639030
82072617
212463204
87446983
200851792
215591280
50782092
100105928
4790487
106712635
247792757
212463299
110061471
247565468
216288824
216288952
146271571
213998069
216288811
205697336
535026
191444469
247564780
136539480
215040183
200851989
207566046
204071466
1408963
535150
437374
3976851
200771989
200771993
167631939
508003
171058874
212324494
181224933
247361189
3976843
11368909
10639984
578100
180850998
252601100
253071370
180851012
4790479
10005263
355261
534925
199704472
213998077
715616
208217761
168962627
355269
69980931
144637019
566026
355253
134956715
192950811
216748497
355250
192987728
196180806
212324478
247938903
215040171
205697356
177703663
6180593
151950484
208118246
89402949
190502292
10639982
181453813
2465695
50322756
101505057
198458251
1574885
181453853
114944509
214731928
175105091
11368907
167614791
5845167
215555495
148866361
214189172
245774373
511298
1661225
216288994
216288764
11368913
1600111
181472504
192950018
597044
10639986
195741846
200010691
535115
47242756
889764
201088109
10639990
192951074
253585835
10639988
247939563
64316640
430846
2438617
253471996
705144
10639980
207317605
216288878
190502288
216288914
11368903
198894906
216288885
2939787
10639992
11368901
11368911
535097
172997955
199650382
5845095
201088115
205697331
190502260
505838
190502257
505898
186613692
2340495
466997
777429
201088125
534918
41932796
74332662
566149
563128
23432491
145092099
191410849
566270
563142
212213128
566095
212213129
506080
566323
260795277
563146
566114
566116
346217
566089
566076
247060877
253720642
252406006
77627212
254078536
3953701
507051
507091
46749897
252764906
59262648
197639037
210145446
550103
550211
7245859
136021301
3308393
45123841
535118
26505601
566659
250548980
252041161
185903113
181453912
249778319
206667808
566362
188576649
204069149
173488117
566085
22634382
181224639
2225133
566152
26945935
252597098
173488088
173183420
6479543
199972454
215643006
563162
25208491
434430
252079339
566461
22634371
566162
887199
354831
20459938
249574164
1408959
155531930
868929
705174
549877
2939769
2664837
191391184
535170
2916529
2234109
171852672
206861375
84736500
862727
566258
344326
230199877
205697354
188050638
4077717
506060
707158
49640988
199551758
1735819
29164797
535040
225261515
253096022
215646106
263045849
262783963
2225137
534916
42689427
252765316
259310883
684826
206334900
186088437
4890797
26945890
193450828
777411
215040207
216288978
631389
707184
534949
199039037
181224876
361355
11510235
252166884
11510239
216288869
534888
24155194
468258
777480
262526443
74616146
251984642
262526449
35411923
242693556
253376065
31658891
11510237
138183893
566150
535064
137440323
2385285
62289678
908619
566335
446267
215555652
77665078
172990016
406253
253471982
216288817
192949004
680801
249768021
505917
71682161
10367908
506025
216288791
201565224
87940930
180851017
437784
549868
206480572
42690053
217158897
862721
1255713
188059544
253059894
225211791
252974907
217158899
25001647
56306571
205802223
534879
192950422
534869
62464328
48980150
247792733
777443
208778425
182306165
566268
534911
42689441
252079633
252856986
212463047
397059
22935010
20447461
3619427
181453796
115794892
181454038
3976847
170064517
357782
535046
24165960
216289009
180851011
3637415
192950453
515463
177703604
191823782
25557384
4995529
163815985
10005265
205697346
1664521
566312
25747650
124887617
563341
631401
550201
115694693
251516233
194793805
22634361
354826
4995527
1600107
262654341
535084
163739113
5835165
160793292
50319323
2385283
91296005
1525331
181453902
160793306
1651901
777425
194199622
22649771
260797952
103400548
195189119
549824
566127
213682360
3976837
173449306
22634357
252975131
383169
42659746
396614
535004
242432962
252973048
442311
6932271
207335032
77665076
566286
262665986
2225135
251984802
535147
566292
164512372
197856342
694903
252977650
252602618
190861739
213936027
203494402
217511431
403875
195186554
72862914
515466
242739231
85065841
566276
566483
260795516
490049
62011634
691779
566110
506470
249036978
4995523
73773604
257846537
257846934
205808195
199181015
194044860
253070600
505876
1664523
22634380
205808189
203494470
217511525
242693568
199536487
123897323
199650376
715570
191500954
194769213
252964319
260795474
25747641
195190365
54917257
217511041
194769454
197656226
214516992
205523548
213682348
253322215
213936145
36389355
195953410
207317621
435966
777422
199543526
216288828
566107
260797980
430843
160793377
710673
702914
16446939
566104
566262
36389357
344311
249237805
214753084
260107650
2339375
595690
42690047
252906548
1057792
198413719
22634353
137503484
706317
566140
195188946
188044071
260795180
29348444
55282085
605291
183539074
435971
437506
51711494
181224359
75983578
37866684
195188789
876282
242693564
221703844
175105089
160793369
437781
435972
181224696
198871523
31209681
1651897
908617
101825538
216288767
566144
566291
191823846
146273836
449747
534817
437509
535164
180851002
4995519
566221
566112
253071214
213936003
192949368
160793353
191823810
146273810
50417045
167615497
10367902
435967
42690045
253161496
505771
205707537
11750443
706089
437749
505919
777409
181453878
5743639
508066
253068950
192838131
414690
355554
430855
34750256
61499267
262083091
437507
195953409
172422193
42690049
252357153
262383711
42689443
252969598
5743635
535133
89763776
1914385
170063325
146273806
213936279
205816906
5743631
565975
1754729
42690043
194769384
42659717
204009117
252976074
173015184
35733681
344334
705091
192838127
89877576
216288954
172422137
506414
606605
181454001
2004409
213872148
1367133
5743637
192838125
691574
566148
705529
6622967
199549695
217535302
31658895
212992608
535027
187536721
215646325
252658516
36413047
192951117
508831
105663913
247939539
253071337
252973813
217258182
706375
251984827
186089023
216288793
534933
215591271
252976147
165686622
262899507
252973598
242693552
138563540
568325
186304852
5743633
262936633
125409713
262526441
216288860
5743617
48980806
252040922
260795500
160691509
202961313
204302122
26945878
216288789
186088938
566303
252975809
263045281
203840301
262734051
507957
198258954
3157655
35244080
252640986
217124740
371172
199503123
253068935
260406202
74613683
223733641
173617318
206360839
205698612
252184957
192838121
191823983
200851486
103404677
437985
208566848
262526510
76696873
22634359
73833415
2624291
181224394
47242763
217577404
506370
260795470
408726
260791945
22534447
484329
253470346
535117
242693554
205819381
3619423
253119546
186139590
225211723
160793341
199705637
181224346
214584869
262450217
177649763
2385273
248206874
76469373
217577398
260797768
262526422
43950713
1914381
260795492
64702017
247938415
260795510
38191269
505806
566346
185654051
95071203
5743619
216288946
202961675
61549825
506397
176024861
252928753
1935087
22634345
199970733
42659744
705176
187535957
42659739
715446
208061960
35224813
247310838
215040205
146271706
260797536
172992645
5743621
440793
189264034
260795464
207749393
92905409
255349617
26517381
64644426
200771981
2789615
534945
147976330
198419619
247564809
59556798
85065843
252079919
180850997
706378
49868703
777415
216288949
186089202
535007
1315577
2939761
262792200
242693566
65030363
435975
350467
247239978
192949007
193976674
185005965
175105122
160793359
469488
213936114
252871679
253071333
253058756
2664833
251516271
165027515
260791223
257290953
23244189
691542
260795514
181224845
208734434
1073236
706067
7387327
199701551
181453913
35127269
51198611
247935581
346206
777416
346207
101497004
247060727
216288996
455589
115694638
48980870
2385279
71682304
578089
172422157
171581123
196058072
355551
190669899
253057010
192950271
49377688
253071195
26945816
183538827
160793339
260795227
253119550
25124123
505763
255389098
249658112
247059570
249290213
508017
181224749
198128733
4439893
777418
195742466
343439
437990
25747643
42659716
199705468
181454028
181453946
73865918
355266
862725
185654074
862723
262790011
3637553
191829003
442301
216288755
63538258
249869004
253322184
2939771
435970
179981508
194769506
247939537
253057875
252849055
20891925
355614
355790
476963
192951115
350465
115694618
25980284
691493
62461349
160793343
160793379
160793291
252967869
248199269
253068964
253070095
605316
173800678
601611
535080
201929105
578205
578081
248098106
169986622
260795444
181224784
1255719
100285142
185654066
566147
186087558
534896
250078437
215634833
535113
160793331
55284263
247239764
191266496
242693560
190502204
260798013
262654394
195190317
61546342
1040996
55552191
255389837
505927
437786
172422223
214730867
23195791
31658899
87631896
115694691
253621915
203497416
193967856
342783
200787967
230054059
563343
900658
1935091
24165299
777407
707333
9689047
348222
206784514
5743627
707480
566102
566092
160671769
216288927
525328
715458
506376
1617491
62473781
175105131
505857
253058935
253068920
559211
260795530
225959111
251516259
161245802
437353
535055
430847
203497102
560634
242693588
242693592
242693665
247792777
3665137
213936049
252043809
115694697
437751
77627262
235288921
217641756
252976155
262383548
262383216
213864477
253627563
180851008
25747645
578199
193450826
591934
140424502
225211719
193724265
566257
566118
216288825
715443
431490
94904252
62479868
252040513
252871755
252872685
253071168
262383596
195188861
195188656
253057666
253059148
243045427
260797643
370456
370457
534969
31514665
25980460
437750
22634368
192949227
161245808
260795520
215643089
2939791
194098860
87993231
346208
26505855
8318007
1524347
1255715
212213008
217387172
11816112
252078944
137129508
225211714
206334910
207566552
206483319
2939763
252640857
216288969
216288867
216288796
216288849
216288992
216288839
206235525
260827265
252849446
249938013
199542707
199549809
35734154
35412070
153466045
246886053
246163814
253700771
215592092
246162442
246160844
215643083
215643081
215635123
253148443
246161555
247060848
246304025
247060694
215590674
247060860
215590746
246065897
215643008
247059605
260811724
252968277
252958330
262383167
223658003
192988027
253058477
253058192
253057967
252973367
252963499
46837050
21090192
262084527
252763747
229771311
203945356
203945291
35426789
65034854
160793321
217535297
248361344
505775
191757025
217900614
196219883
253262527
4273009
171585329
214730873
146270698
242693548
241667757
196058074
192950000
192950028
192950123
247931377
2001015
97810017
87632167
55552229
31514689
87631887
194769317
262655263
239163230
253070580
253057390
260107654
260795446
199969385
191258871
260797999
243043324
10639978
213681834
212557805
252396729
10367880
200616618
181224558
214148567
191446735
39840994
21090126
210144848
254085698
29348474
42240096
247059922
160691629
22099698
230055063
241779430
223720073
247059602
254085905
208734461
29830552
25747639
199909902
199916706
4248913
199912231
244303335
199916647
263324003
73865896
73865891
73865878
2001017
181453855
1524351
1255721
6180601
140416335
142416781
187184318
185851699
11510245
204302118
137445946
11816116
155255498
185405692
205814132
73668414
252079433
137485722
206375017
251744839
251984772
252166930
216983007
216288879
216288803
101423004
215637268
2385275
252649042
246163325
42592028
4299283
7245851
247059948
246160640
215635080
246887521
215634992
262915718
246161881
246163794
225211799
247059933
246160750
215646561
198724928
247061021
215646419
259512978
262934540
216354095
246282322
215590683
215645421
246070193
258628322
246308563
262934896
188057134
212484427
263208884
246282394
263104258
194769150
262525481
10962894
26598926
6479067
87631881
637580
172422117
203945340
247939559
247935763
225907469
117720282
161245800
185005961
192951123
48592484
61789290
506369
72863243
192950258
215997706
215997678
192949980
247934619
253071233
253071257
252871570
252871481
253070593
252962341
253071212
253068888
212484439
30989859
146270686
214517589
103404628
217535313
262656541
253620265
247939571
175105082
195304605
184226846
260795221
243043751
230055268
260795524
164584370
212557104
212556954
213681847
62287945
96927693
262383074
254087426
25557486
27875984
42241621
35670790
253713148
188059853
215725914
31658832
253666022
246282288
507962
247060052
215645515
203945348
197624410
181224512
247246156
10367876
213562627
181224366
181224701
246160601
201929213
2454851
136482620
182300384
181453898
160793301
73865894
1255723
146224554
7978786
35579050
185654057
137445941
29348502
195552848
185405674
35604893
11510243
206483314
252077889
203945354
203945352
200828190
258628452
137440320
5743623
206560601
207566026
207652792
215637274
101361894
251984862
25980273
187548817
101824948
215591165
262458151
24984565
194199733
216288899
216288976
216288813
216288875
247401563
244181141
215643010
215591977
246162295
262915197
215591293
246161295
215634835
247061030
215592097
246282309
262936611
216354103
246282415
215645323
172422169
196180720
192988062
203945344
436396
263206802
198424761
164502720
194773137
186704348
192950012
214730894
252968456
260795508
260795476
260795528
191256241
203840287
212266279
255317132
201695304
254086575
215725916
254078698
27875207
27864532
172997212
49960753
48754320
48592480
73668416
55552213
20440468
115694699
1537553
215997723
192951072
249089760
22634339
112334877
208078185
72862932
175105105
64221896
5743625
253305007
252763380
252871901
4439897
213564263
253070065
49620235
208078183
192950054
36389353
195190449
208078197
246162916
198424661
213875520
185925223
246162248
246014388
215591010
262779093
207566561
4248915
4248919
230051193
249114768
215591829
258552413
215643097
199646858
230199761
199909934
2001025
73865889
181453773
146224729
160793318
215645168
91471503
136482636
8115853
185654061
204301973
22411663
50322346
11816107
189035727
198436578
4439895
200816721
181224388
181224849
4439901
253152727
146274549
146271516
146271578
146271552
252973054
215643095
206335434
247401539
114946718
252179239
101456367
186089054
260827923
160793355
216288829
216288843
216288977
216288990
51568418
217124614
63538265
246163399
246889088
130754979
176752947
247060066
35308360
246161533
246886082
215643079
246162863
215591290
253148479
246162306
246162347
215591207
247061040
246161520
215591161
247060701
215642167
215725912
160691515
258567202
246159712
247060897
247060765
1826655
175684315
160793351
26503705
61840987
505804
199103032
242693550
29348551
221716203
252871463
252976144
252871576
201490689
206267058
2339381
253071351
253059642
49181281
253258972
262526447
192950010
252041179
214730884
196058070
24165590
26970254
52286322
52286309
173364659
47242758
263045135
207332206
262745641
175105113
253620261
24457777
217535298
262383460
263103903
254078979
42325850
25557611
215642127
258571256
247060686
260795512
246305959
246068329
249766388
2939785
246018436
206784516
959153
959157
262916011
263329664
199910720
160691518
206472111
181453927
181453895
216176648
33151249
160793327
160793345
73865920
146271567
207636818
181224629
11816109
185405680
146224686
185654076
146224667
140434692
138049833
5808801
181673725
27867792
146224746
185654068
180609888
11510241
263396111
206474485
142418727
207656355
14295997
207636439
252178535
215637272
246889082
247401492
216288866
216288888
216288847
216288964
93296974
247892254
215591071
253681656
9771444
186089251
248780814
187542280
2939793
246162800
246163800
216354166
246886651
215591832
262936582
262914939
247059914
215591038
246160622
242202352
262972798
160691580
1822071
252043183
194770150
24166036
253070015
252871564
212560357
252958693
253068984
253068971
253057810
252871496
26507027
208061905
255317240
2340553
240762028
240667366
160691554
15281544
240715980
253363418
263209678
2340317
214730888
48754608
191258302
214654600
207749391
214753082
192950014
192949996
192950309
215997732
37794061
192949978
202961557
87632119
8318015
4995525
87631894
52286320
1537547
9771448
208078188
72863139
248600990
31658830
252871788
260798011
31658833
213682350
213681873
215642248
254086609
25557589
50417041
246161254
181224402
181224815
1935089
1935093
230057760
253148183
84992110
138335262
42659720
182133832
199910238
199701428
262903766
262455970
215591205
35309400
35311227
1524349
75983554
73865887
246162575
207566010
73668419
185851707
146224725
140423444
33321097
204301977
868931
140436671
252079135
260926050
206335438
206335440
207637176
207656357
243226479
2939789
251930952
161310103
80142837
253365659
80141516
253237308
154245459
250339500
143172597
80141519
157054867
252385478
32155084
129672282
180226005
160375101
195954683
59293803
250335067
193895775
76737958
216090601
1995037
253089555
216090602
257847628
161245852
44859938
216090628
187934043
112332742
253621748
175721568
4040663
173383467
29591064
6926849
225210800
27611050
23956857
365780
206491167
463727
8310494
253304410
196516211
198342219
437380
192950006
2267699
437397
73200139
108261354
108261352
204627213
78631497
58067801
196516218
154245451
76117849
216090590
114937980
25553104
190642236
5829737
126131355
25914358
1661227
19297941
3906209
48364410
252595811
57037224
82072620
195954696
59262644
77928485
34750490
2268213
95249997
23227042
184101377
92901038
48492233
178035286
179372231
192195771
257847626
3908963
214853716
11718091
77730766
753333
134006685
190502217
90331558
195541260
45123849
104273044
190108457
253141194
194026742
77721047
253361065
403641
37798687
115795520
101905130
206491171
170330475
252714180
124859158
48364409
253621839
29349214
8120020
437433
173420799
195161919
252602439
50367677
58802094
138396012
247361768
24594323
253621825
253361067
251546315
195283616
252032066
252032301
365791
1580403
425094
367828
59556813
173093696
35725258
249854911
173084731
43981564
15932774
2225127
250335036
24765585
195255266
777436
435425
48557718
138111006
251514734
578223
193758287
2326379
208415656
173973552
36368651
437482
5953155
37946843
257901322
7431457
22047740
33116368
173383123
181454030
205183562
58209254
35445937
262792295
35787004
99039335
573200
2326365
30989781
214818123
76480258
525928
206334902
526720
46749905
365810
89760774
4538053
5808789
73323668
5808785
472188
252632198
209282013
403720
74992394
468447
694894
213565466
247566110
534897
252606866
225212207
54455172
525925
74860234
73408980
605888
36313092
253070027
210425342
207244636
897789
39290652
73632348
437422
171580735
172381809
181224943
181224502
16570758
102779441
48981440
49564294
689360
250056277
17944708
58209250
171696129
183251642
92492874
212212202
216090642
26970545
165021229
11718089
204063080
4327481
437968
250362817
185351739
190109584
154953468
6925305
187600385
174444172
71990278
203770408
252596380
217353267
76737960
159050455
121337070
518169
184101368
534939
90679261
650237
74451256
53128490
192194236
50319352
7978782
48364407
92494210
435988
362406
196516210
27973492
36704650
92492868
437717
421868
34747367
196150468
391676
205254815
189587047
185715617
1453499
214853179
29348495
206491168
707150
140948052
74855015
250055369
184334854
56021313
73230838
206491175
247934632
437705
897753
27868347
197618783
4719833
30989743
11338098
23433003
160793309
59432595
190556449
181472766
213565439
52393321
93003174
173196031
650236
199706270
173674070
437973
247937066
1409489
80141527
216288848
171070332
148541355
3715853
42459032
194787161
145672021
68612048
214759096
196150480
433373
366511
147220979
214590119
14983734
192194160
168222045
199630785
37946847
48557711
3052005
2267173
365800
3715851
252606946
171584589
42459030
403761
49659774
57037226
249852116
526719
1217923
437379
174256400
421869
74416874
204056624
506087
22099984
426276
97815113
435144
2326363
137481854
1353101
173033322
5731915
192410791
249573967
196579618
23284987
250336662
3052085
189366041
547048
25553116
154880543
403775
223538132
418268
650418
435978
52289805
26949494
203497339
173382912
11253058
88000560
4327483
37798866
36337150
32899146
173399076
199108882
195993453
32907929
437531
77730768
23478513
115794690
2326373
14242076
11368919
21420999
118582572
19297943
217535301
249875160
425120
247566071
27868575
205232045
357777
259568275
25557356
196409866
48557725
138110985
445700
202016568
168962692
209430431
354830
252275428
418262
252044944
425113
254093597
184894833
715426
534856
715614
435977
69219935
48557717
534937
173137624
92010035
173399460
881076
198731735
4538055
344047
48574493
105231718
105663887
777475
158868244
44433400
167615000
252973767
605647
69219943
115794886
190455492
199503138
527322
715429
11809455
23285291
446368
216288759
25130518
706156
115494508
198562015
19907806
706766
497525
706066
218754787
645674
437723
115506431
178708821
92492877
247566124
572828
247566104
217387262
76696729
48557715
225212216
160691586
51564785
262057353
25124166
392575
534943
689155
32901467
23477160
407581
159974171
45321634
68984111
392569
512256
2789627
3257563
512775
1217935
173432464
33305210
243245185
3284731
1651931
421871
172989466
534909
175105118
4732439
253468631
200793293
26970147
568803
566155
707364
247898282
24155190
173617068
191506226
5869771
191506220
216982856
11965574
534772
155110809
437477
706870
405634
48773246
216307341
253468599
715595
207643052
181224466
437471
252966509
392562
373889
451703
209603425
26502387
36337000
253084193
169314372
44858542
252078582
17944712
115795367
175986873
199552275
76588967
181224649
49994425
253057337
252765044
185946610
252965863
36312959
189492461
21844431
253444076
222684928
14378820
252276402
173358624
25000064
73513764
203982768
13604184
2789625
225212218
188785146
172987848
39371148
208917644
192020322
155049275
214753076
95250749
82385170
170330477
77576433
52678831
344273
2326375
46772928
9811219
172422035
251924846
262748282
10983095
23464890
2789623
262971969
262797380
22047957
228848605
154155900
175986645
777393
437387
154857472
25552988
50492650
768009
217641431
437462
201630400
2225131
252905785
32955105
68169433
36335940
1315581
203458334
199705361
253665954
252387118
2225129
14458161
247931435
418263
26503008
216288974
28282981
50417039
22399943
178113416
253665950
777397
215040032
184497940
171812132
1651929
2582029
187595360
96616362
715440
205229140
253056973
213681845
392565
253070004
707417
10379325
26292893
209349577
262836457
252973430
2326377
26505717
152924357
215141197
262656153
32410542
16199921
243245144
243245218
418255
262664361
553955
192586722
19641204
23462255
560629
828643
205187753
252040651
203945199
534871
407530
437390
177747005
252976734
206293565
194451549
249775502
191506230
56086356
204069253
434946
544736
777403
76117860
248238175
197618768
260798021
216288966
225212234
36404372
253068952
205349550
445711
262387181
59480189
252970239
178957569
173399582
195700830
430835
254114679
72851522
215637211
206244732
84583401
247938077
392577
71693986
262748348
534977
247409091
3052043
252960625
215916985
255410047
200941643
20891889
26947121
25557578
171822834
2385287
437719
25553018
27865050
506429
198889508
525129
215914832
24822997
179736570
50361638
3140859
263063970
247906110
175105129
407585
138342125
36319794
16869919
208067258
215642325
228989219
106362254
16564385
7843280
216943583
252658508
235326721
373892
206295034
9687405
35957459
249934326
217577359
392561
540620
437715
25553010
550066
35445785
248762151
425076
706166
26209000
196488084
4940237
418265
170064300
481204
235682390
192020620
262082769
416759
437454
205506413
260795459
76048925
247938115
174256655
33338228
23196782
443241
191823780
215174380
197337592
355254
208559381
445695
76696845
34817181
155880581
188299186
209905705
506026
41556329
2664835
173230691
433380
204631060
207566038
160793357
39359916
198538411
32955113
777426
225212236
45902243
255427279
243083081
213676602
195969710
253095187
146226269
715543
190502222
26078789
407555
103474836
4704903
889640
160793337
191354558
181808927
437721
3725155
198020568
32411454
34823592
41934125
505526
206480570
32415029
173422362
173419213
705177
221222651
262590310
253068903
42242929
871396
49377670
206205158
193723639
23462312
69219939
2789619
36370088
23462314
94901349
208643705
41946918
138396017
44335827
346205
25208473
213519215
515993
160793293
92551517
189035761
48557721
4215395
104272697
252079290
20743144
252973781
26945773
262666096
706976
260795480
30989863
58709227
121313191
208290354
48557712
403771
2582027
407586
248619715
208917244
262797673
42459026
173380881
55877124
207244634
253070067
25557362
30989753
260107641
1826649
209905684
32411046
260797822
260107640
205294117
74393013
344214
173359869
34745852
252671748
452330
49377813
437695
167613745
253058166
253068912
198230093
185715409
146272156
344272
76048923
41870066
137410449
9949538
437712
437708
176753051
253058557
208682478
437701
715605
706047
437710
715540
41540727
260922740
466987
23956855
637674
713881
704675
686444
250055629
437691
466604
777419
252049461
23477584
448377
21090118
213681056
212961700
207332198
10202457
44812552
253059286
201308237
706233
50361619
253070104
27866743
25557370
425118
534691
65030357
200016973
221229388
253005196
209867846
247938402
253720695
20917695
497524
437716
225212213
344369
41934493
26296962
189035824
72757835
425114
252970315
252647745
250056877
188299217
57349250
25703760
344058
252976906
252975603
193723580
173364067
25130524
47438229
6932159
50693516
209294399
205229634
26505490
253068924
31133757
67651636
1915863
171877380
252079939
249149937
39335865
1826647
15269780
252966212
715615
253468602
86756291
15511593
35220508
214915778
196219859
50215572
252078920
30989769
178113889
212314876
21091097
207336642
93296715
154719399
262679714
180609934
243245191
253071218
48557709
35412000
26970232
20448131
185709795
173224787
252671508
207332216
213712860
160793333
253059807
183718196
196150461
181224374
252079739
34513707
36428831
106057979
102140037
253468313
215147302
252131089
29348519
777431
163831362
160691631
10281642
262656179
6926845
26078769
222723756
39335928
36337134
208643604
25703776
47184484
253068973
138313219
260795502
206485829
228923533
214816313
2118777
207640326
19907792
694901
253056980
27875918
25557597
204068750
160793370
228717296
77231157
243245195
216288948
225244428
77875425
73408982
34812190
26970177
525934
97810184
178957528
253058770
77875489
344055
118419944
184217313
189365910
199956088
251551218
248329013
253059400
37569112
260797620
34823335
252855043
202217883
247816004
253005031
214601669
253580660
262976083
253057443
51990203
225212211
1600105
6925151
43986351
10005251
229806806
76526985
204537535
216288858
250548884
253068962
175464645
206664744
217640387
2582025
146272103
29348462
41273860
26676033
146272047
182111074
57768295
214818153
193712852
252976064
252078251
205241053
242000659
192838128
200726901
262057540
25124110
252973588
253069977
2848989
254089575
715601
178957495
49347506
25322657
209295342
54924219
170467284
200851586
199706006
173409400
253700414
584837
25552994
29348594
189035903
252078722
185718514
39375526
116048986
190619119
167613973
261989871
261033777
213936169
213936014
25000324
92551986
22039342
346647
22775007
74409404
210964957
260925348
216289006
254089960
437582
215637238
26078807
215636771
199503181
258646478
192020703
262516868
49069009
176165076
2808665
247938131
262676958
259568273
217577446
213936071
41552150
22410309
255349760
254086348
181224723
103439651
433386
7948461
7978788
112555157
215040030
106058322
218729936
247222055
35473553
25557572
260792066
185225521
253069993
715434
115691826
200793484
203497307
247778552
25494701
12523097
173418646
21748645
20372591
19943360
190455318
173360666
1580405
171810872
249573441
213711591
253068937
73632439
186877014
241667636
54629227
4953177
252961040
24823018
262514592
35604551
25914362
252078794
199591897
249591114
210433251
253071372
181809040
253791250
74942912
200032477
167613999
777408
252648374
9771446
59200984
242406009
193724149
707396
215643459
175986060
753363
7610142
637576
472691
505796
175105095
252040942
59510032
262664395
506058
247931413
253058654
246168091
36258453
255349686
29348507
25553042
252630585
194140133
497521
25557595
36403630
252974956
336102
36094595
214949349
206205156
199705655
10005255
34512280
3870539
225212238
225212220
214189153
208917629
186600076
214150610
207904500
36852921
148063698
102140426
206851434
173093784
253068860
253310398
247561468
195969717
195527623
196936999
707392
463735
225211753
225211761
181453934
706043
550225
777433
715462
707418
216388033
154854287
41934104
4704907
560633
459468
216288826
32217824
48872758
605855
346649
258509137
153409172
173911235
192950649
212213075
167614207
253071171
252970835
252855045
252976936
252961062
253069002
253005220
253211660
27864693
29348529
371152
253621964
246168067
178113309
55669406
208739227
10983097
29348513
184588555
7245855
206480531
247059834
41870955
247570845
205807482
777413
15897956
777396
777412
704859
225211765
1734465
42842876
254091320
252354685
394886
32894862
262590324
181808943
253059191
252968118
255317246
26946145
215636905
257765631
140948083
209905214
213691885
472189
3085935
252041185
204627018
253068988
252973544
252973628
252871689
253071187
252962407
158868248
30989837
216943839
259512953
33407708
261005613
437709
451696
959159
262636974
115660554
146272049
437361
22039344
25124118
534934
214829154
27868615
255630722
178944380
178569625
208917264
195527611
706512
209171398
715437
344377
715534
41932622
37875589
254114650
3576467
249852222
213857722
253060129
252977661
253058859
442328
1217921
497522
88202429
50319350
71682301
425119
497523
262676937
253071231
253057005
252853932
252354645
25407148
35472336
173432922
184218415
335435
212323445
497526
345902
575989
45321641
190155309
21090521
173406719
2582911
192949202
261989612
221229418
55282640
344393
344390
437438
777417
254093560
260922642
2130771
251548185
247060593
247060588
173188991
252976058
252974657
253069989
253059836
253095023
209905129
41926031
32591260
32424823
25494703
468558
32412429
176784941
704676
212314886
191823901
213935989
54455166
253068922
252961153
254086499
23194182
58859680
400622
262729704
262688396
215089984
12622550
247059809
355247
172370376
32976058
215620672
205070423
167610700
165864797
209171764
591859
252078001
247570814
206483177
212961228
715562
715454
715584
777486
715548
210425396
199591734
715537
154857439
252973521
253059795
19638756
19638614
253071167
253068875
25557360
262757659
198521050
192950641
403776
430861
525140
525102
637570
5369055
252044694
185285891
24165050
26945819
39839098
254093321
777405
404769
499592
15897947
24823000
707458
437988
252892318
215636899
247813954
22099919
21090707
204537560
214889687
36705132
77230802
261962562
25202808
437594
249937896
252162243
41019228
185889752
242430498
216387984
215140218
225211757
23463882
262457325
249156355
154854414
247060597
246278884
260922691
263272763
55101309
170063938
65086956
213936285
253057426
253070098
253068990
222723736
222723758
190502325
160671787
170063619
205816719
208739310
160793313
20373142
108956712
25688468
252853934
253068877
253069000
20891883
33285863
25688461
26503263
254092806
172362912
253628808
253665868
213691903
208643703
38944969
22973925
262936619
263101221
95571008
263206796
263208598
192950410
194140072
263077733
180399949
95576521
33299207
252966849
252853920
29348450
208648674
260795518
214823459
39370701
24788880
204878452
190529622
260798023
138181196
48557723
262517729
230098499
262862340
11258142
247059836
192948976
35675254
190700597
32901475
235878771
215727128
68463031
204000714
102140923
20427086
205694840
195561470
160814510
22383834
208403354
58802084
30166653
36369192
77231317
206488301
253318284
252079040
262813090
192949208
262862336
207643127
207566558
261962560
221229408
138184064
243252545
215643752
23414598
23474869
42843931
261798503
216388062
24766312
36571371
72646515
262458057
194960934
29348460
41774147
27868565
37875474
25494697
215643565
262972564
215636901
77753692
24999274
50215935
2789617
23956865
50215776
208643721
209900542
27874624
213714420
192988050
10595498
252062263
247933420
88197056
263085305
35244015
207317601
263100178
24588405
263098134
263207793
15269782
65088176
808917
253053842
253068916
253071368
253058316
253071259
208078200
160793311
253057688
253059188
252972468
205312972
253068960
252871833
253058686
253095321
252973574
252952793
30989783
248413439
252040996
160793295
257759943
251392317
26078640
26732486
26503030
25553110
25557617
254086778
11303516
255317157
246265084
172437069
54778649
173401112
252070355
35786727
209349499
213490513
213598852
252853922
41873018
253666250
253629253
212962053
260797711
200941639
254092779
254092820
25703802
26078674
35787074
21090108
22099551
260795522
262813083
182091470
216288799
206480557
262795746
262457204
262679083
208427598
225212209
127654499
3210779
215642587
21859581
33300642
43875636
2939781
181370190
176437903
27632164
202062582
172986562
228901949
190558256
228989217
108934394
185903851
34749848
178605049
33343477
202032710
181673950
176932704
190701476
171464550
208206806
207644458
207566828
197062950
248498882
206480527
221229405
207639492
206334842
235878617
251547155
26949226
200849503
197605446
257907910
246277503
242406005
249092268
208642252
217124722
26949082
243245180
243245238
177751298
197629509
176029760
25703766
43362815
448404
247238727
253148438
215636903
246857034
253059474
262062086
262062088
77231565
262934436
225247107
89415342
165092043
27859346
253058517
253069979
253068901
205335432
157432544
249960247
106318762
154245455
12107379
177569697
12107394
193177952
48212494
173650547
181379116
199706090
131475873
27611077
78631501
170466633
241667551
4362289
4362013
4363337
562546
392568
604338
54433520
208206802
160997378
53303190
196005879
252714222
252639232
3052713
417721
23943911
403757
562547
58134518
32221970
220663057
74247029
203983443
249775039
5812797
54672825
365794
195801317
252357101
19364035
205610030
198644537
3052703
193736998
214915152
724824
74247023
437782
57350380
1453497
46332522
261970756
1453501
205613997
81790989
77868360
403745
533356
715592
59478507
95070171
179736554
181224626
25000189
155356576
73854880
201111179
98955608
16306356
31993279
208198119
105231736
42459024
10202453
159727216
412212
141757458
412218
412216
31253400
250334911
49196805
3840809
437697
967518
58624948
405649
177321523
73219577
437698
107711393
10833206
93848166
215136568
405631
752329
177321525
885834
403793
209388637
186495663
198342230
260922709
209388639
564834
247938079
8469865
208779747
204068793
1610161
204631062
215646747
625647
4718543
248915714
403734
181454000
196150459
173137628
52611842
145669181
192987058
216435665
206491162
11965572
12292719
11861532
342521
59553862
109488201
415831
715526
91444412
160747844
571996
41161739
73219815
171677989
10202455
189169418
75697501
168881355
68446018
79539093
442425
589419
217641545
87579397
32802807
189169078
4751143
154224345
261989722
81790991
15282633
58625154
48330693
154157968
445696
173137657
247407849
76526983
57350378
391680
46332530
2733079
437350
198858914
152187718
5953189
43751718
74417737
392567
179764599
777402
193900933
59478509
177973963
439907
12280739
206144687
526718
437993
10595494
6925225
466745
94906583
25557372
437693
4363833
49181321
190539552
9949536
10697585
205245415
572013
94172871
32855257
247938412
189076562
5953131
197618675
205606354
23226723
146272158
466738
91277131
425112
9949532
173383347
255414130
43616979
425098
173137659
248188006
3483099
412177
366508
23416705
152187716
20957686
466733
9949542
54679400
192986779
443253
205611713
392559
195189528
1344917
137410502
6414651
180609961
118582625
247936381
419610
187600379
706173
452300
248554156
195192047
828641
391682
73219868
3840811
218754690
243245120
405632
433348
427639
252079000
252079365
7948463
5413739
262846123
37794068
58194137
724736
257925108
188834099
435959
206205064
403790
216090588
481213
243245228
263084875
427637
73323664
190669540
172176207
262812741
437312
16287906
605949
192949994
116397338
65466371
214651503
255179329
172988396
13325578
262904486
28726912
365829
403727
49745408
243245122
815210
252631944
10833204
440901
192333234
7948462
50730761
7435615
201613995
180851234
391674
475941
13325689
48364403
108174858
204302038
262812754
200032402
534940
1020628
218754753
3483095
209349596
871480
116961306
403755
170064558
195573627
686431
262812752
262903797
253446022
11965570
589922
362417
365817
3483097
184781470
249574291
14458907
106541481
44812540
167614647
248191506
249144939
365818
23462721
262830430
106208727
100285037
2666183
243245140
3483101
203084055
204867033
192949514
48492191
437725
442423
33407469
192885799
529363
21090190
540612
247939575
215646749
95039329
162025737
253057016
68564547
247441867
200941642
254019762
214515206
403741
106208729
12117367
218754751
206363021
263208218
247441871
106362618
346204
137478244
186271351
978832
216288877
108130489
192950524
353900
118582533
175847152
204069251
173084632
247933414
23226994
57350382
433352
253523740
828639
433350
208917285
185006423
253660543
212324072
250337271
192950494
95039279
706091
127852579
90414348
46332532
715559
251392903
137133489
3840813
207658005
74866085
225940850
208118281
159728929
260797528
715598
10697589
196280105
243245170
242175087
262852688
106362100
777399
2326367
36391953
253071199
218754745
249610726
205611478
248880616
171810129
201111252
73717908
403781
172177483
58194616
48266413
118582430
391668
779073
218754767
158868315
484012
200793356
216983126
171196803
715431
426270
391671
407558
512245
715556
437711
818272
407552
118419940
196048639
200719166
437453
243245245
249593345
198858920
53988238
177334565
441727
11861512
253068879
253069991
403707
707397
6414579
262454600
394953
247938418
486605
20882852
9949534
407566
568788
253069008
412165
204302036
178944222
173084283
251264341
180609932
437707
528299
36569257
23092079
29591072
773727
4719965
10697618
107981563
253113506
521179
23220232
172176168
48773430
252040944
254093594
253056944
196579557
208917338
62330212
26296992
254019738
477429
209904958
31690633
116030465
262055831
1059518
247409981
196049861
152187720
242651032
1344915
210163723
212560909
419613
419590
174933118
184781727
248004675
254089760
109776160
144740885
182307809
214933628
262812038
262812054
118582429
252040841
253059380
253070590
249592578
90414355
262085923
209905779
180609924
141757457
179736575
249129890
249199612
252976246
208917552
503957
118582475
187927713
185991841
200010589
218754749
262055844
262656163
208739251
253691038
262812060
179736556
215646745
247302570
254019183
253113411
16570757
127221883
249050838
108009142
241905913
184801054
169473989
242076151
42081432
23227128
54455170
10694532
537562
262055837
253059621
197618648
33343475
33411365
192518902
74855770
111491778
198342218
181689540
144743318
25979749
173419099
177267173
254114241
254094425
455314
208917612
448839
212326118
466748
188300644
53988289
74534003
190732013
185288136
199640075
437467
247816552
248208362
252079331
247892305
49994423
217577416
11861551
260795450
197618702
23221948
208906999
260922663
477969
437718
260795275
218754765
218754762
32901469
7203973
54455173
260922688
715460
23414232
194118587
72692289
215040227
192355118
249145003
437729
2733013
218754769
248208021
169469476
247410219
87055512
249149817
253068942
252974883
483505
437405
247933418
184798622
195573597
540605
260795484
260795488
208738927
184781889
403780
262460025
184410519
138342799
116961294
198815273
243245237
243245141
112534755
108716705
491676
391681
475930
412163
483504
247935587
392570
253059110
253071173
253070083
253444082
216934612
255371088
437683
487164
415828
33587348
503781
415822
19749716
200016840
186256493
32976068
36053240
33360305
215646712
343539
381283
430836
486598
391667
184495574
481206
205259299
253068982
253111641
216934592
254093329
542683
437694
509986
247410084
260922680
208566283
218754692
137484813
179736569
198902053
195528731
196887486
208917649
251741865
194118947
217124655
243245207
437984
260922765
252641316
253068975
253058475
491710
200016932
247557277
253619337
252962360
253412896
184589282
260922664
253622083
192289494
254019603
403715
205609677
249607401
20373361
196857726
106362114
257767906
229725280
215647834
871694
53980603
243245172
183725549
443243
503773
253757780
173903853
13858077
252960360
177751201
198584747
3210781
27875134
255605412
254086207
22643216
177330199
214937505
260797533
214864165
260798001
185796361
249050773
412170
715572
137504496
248614409
248543242
199638226
249663048
355316
173422548
176470848
194770020
205573682
74533866
248421466
243245151
42056373
403767
253057464
253071261
437787
491678
474770
217207440
260797859
253057488
253068881
251393113
715553
36391951
193723611
106362273
178603967
195107785
107980416
201602925
201630409
137478246
215647724
137331208
201607039
197605522
74533747
243245220
243245129
225212193
194118982
262812578
262892006
262812574
262830071
262830069
263104556
91295803
95585557
91294443
192987891
253059580
253056995
253059201
253071189
184241168
177334977
247937018
24165260
164454482
247270865
11339529
252871407
253058300
253071203
253059663
183727287
260107646
200848979
251393084
184799927
208779555
208917049
208643572
186273040
186693075
188783862
142212017
248004319
74855029
35221250
26732460
208779547
171581039
7203969
206488652
262504411
33337524
152318135
149781042
208061948
77231311
32899148
195523042
155925017
179742042
204537429
198894842
109776189
203293697
117399263
208643687
178581368
196936273
80896028
242405443
225212197
242404797
229805149
25202404
174122533
74632220
243245145
210138349
262812334
160691544
247376191
260922736
177456933
177466600
253444070
253444080
10833202
230322992
247931431
196561768
196877544
196562146
116570127
196522028
253058485
253068856
253059698
253069004
262812048
43582654
252968699
252957735
208917251
208907174
209430422
208779551
212961695
260795486
186693174
92552199
262846124
157073424
252550197
218754747
43132094
218754694
146223958
198868754
175847137
106362893
196389346
117399053
199541563
191812862
200719172
247061135
248554122
262904457
206482144
137260087
225212201
225212191
225212164
81939318
249050986
108190103
247411189
247411327
243245226
68431228
178605761
262812332
240511529
262812580
67261071
262830067
208062883
252550201
263085178
263097954
91300721
191266846
263207580
185860530
247935589
177468933
252040549
195526258
247750929
26078809
255371132
198641242
252648353
254092773
92551836
208906602
208648792
253444072
10202459
208403362
147571077
196560163
253059472
252961799
253068956
252872710
209904920
92551993
205707696
262591976
247750985
252641915
89908596
46170493
247377014
197014042
240392251
196579396
214829340
213681664
210283549
207019089
200719168
253621959
190502345
198698458
205695416
206360653
257864912
96988492
242405861
73527823
249659398
225212160
225212199
193724099
242405873
253469660
216986232
243245214
113038741
229805019
248989771
262074849
24806572
201799901
29348410
262812344
262892002
262830423
262830416
195523051
61574652
196869201
252977104
252974964
253057779
253057495
253059336
253056800
21090101
252974716
25557585
254092777
72284350
15173382
33129463
209904967
209904893
208906638
183726258
180999272
248586324
192987993
50215010
195696836
50215001
263104087
91273542
200023620
59398993
253700401
253660508
247238537
229805146
194024402
11296818
186165467
100383095
181927400
178944228
210878234
198897964
168919143
176119662
137485259
181423432
206762570
175839792
190738230
108009974
177164056
215646741
247061139
212324404
138342801
80898314
25553012
225212195
225212189
225212167
215090191
197644382
253626140
254883793
173890855
173890838
41015936
254148826
247410151
254883800
177817663
197638172
262812576
91298955
253412731
177351688
263047243
178957505
262839375
252872287
253058897
252959228
252953285
253070017
253059134
253057624
35683379
253071220
215136578
1344919
34752397
253089431
196471255
253721580
186271212
209902408
208739233
208643623
244331875
254093023
116029688
116031763
252886948
136483014
206561004
197618669
247410155
209867653
10697616
54680807
206722344
147662724
176466239
210276088
195528766
190725757
106362274
210878250
172437043
180609926
99056599
184304779
202222271
209905783
215646788
215646743
207643012
207643016
25201676
10857710
7775736
225212156
225212203
193724093
247411373
252645860
254148803
253469642
253469654
253469658
216982949
217124607
252905631
252644288
262457373
262899651
252871636
253071216
181973874
177425299
92084532
121221107
89430026
91734795
252957607
252965611
262664349
197907083
183718705
213691825
209904869
208648768
213691707
261957928
252648089
247935574
247938398
257767944
81510357
184235107
249592122
173410366
208218905
210252739
210143559
254095122
262891997
262972582
262812351
247240141
262055853
247901010
252550199
189255117
262590435
263368580
175956467
81939227
92551676
192948672
137484841
178475658
41934376
186080497
184614644
196885534
186369388
192363991
185887893
24193747
175845361
73408984
204068775
212324480
92010299
247061131
198057985
109505039
10325548
54433518
95997783
10271803
241667922
28292286
115483166
106700958
199121552
5413743
1686729
553989
219157238
176802894
195801294
136546357
195161640
192927410
192473960
75454165
136313449
437740
650363
200938532
22373018
198733372
10209969
145397299
195188737
56906067
715617
184242536
72635970
195801293
209174527
189170188
196280103
12293500
74458470
193925281
257835545
11473824
437700
32155967
11861137
48364405
32551162
155646635
9949540
1686753
552888
176245483
218754739
160755324
10595496
214921419
187341868
187012047
5812741
49640363
21373742
216097690
198858906
437742
650356
192333236
16564276
195255574
111017155
3840807
53013542
209876096
871692
41161743
184873828
22979457
21495608
54567410
94172873
11339527
219135829
23226959
192333232
189076560
253059369
766683
261984576
340624
68497171
58181507
1703183
23226938
185367170
650367
214584853
44812542
101548454
11861165
138190089
715464
253638616
403758
35957465
91419389
53581170
246772899
49994421
194085867
437722
967514
225210809
36413182
110235699
44812546
54455168
247934483
22373016
521147
195528818
59499084
2805527
252978176
1733231
426267
196548120
247778325
23220539
262792184
4364039
217577325
23224097
183718460
91419381
77122331
252905851
35605507
190231477
258509126
885624
216987350
91273240
429487
44911502
250056823
44812544
91276124
116148088
252537646
201111164
20997188
230086489
10271801
192948960
42850049
1686721
12100408
84321122
247719543
547817
206360901
39357643
437747
254093445
715450
257766875
31993281
250055797
163021164
90143946
25994611
83432748
185755357
430863
14807796
116568703
51111135
54512915
253059480
168110162
184488418
216288863
209904860
49564296
255349515
183732002
176522592
58444921
262082281
50215482
407582
253627554
22633152
20273850
195666956
248799305
437732
53988499
164443018
181224874
415835
47242765
259310972
177844144
214732018
7948464
185340339
254113605
12290193
247933410
248764368
19907816
392563
248797298
206478869
169379519
180576266
568814
184894941
177332332
241997608
80877965
184240665
248994577
457274
36339706
437703
509990
455315
154235671
707139
76838074
77214396
253058355
113456361
207643830
216986267
62223251
34509673
177496402
195528816
203467658
106058398
413919
491674
100285063
59177066
252962089
43590953
34747611
39376929
186457441
512230
184438499
253412720
253068928
262456475
7456637
59397716
177117487
100382905
262759233
94692645
253721350
212961298
260107652
177435878
74633439
252768786
182981128
262821603
478780
44182856
252973748
213936151
208906547
246100366
197531041
185331306
200032424
20977115
10697587
216935462
262515798
195664845
174608331
173084671
198889477
260795482
568807
184492435
252872697
253058115
426266
484010
198889573
429489
177454891
60007298
20424658
185357272
202010922
21585122
392573
196342322
199650418
184489126
255317161
26077774
160796458
196280109
491732
74625924
62226006
196553398
192949306
209867808
91729214
72637268
230202436
205808057
72283851
518170
155592489
448840
509976
503784
199978743
185339440
253056942
253059575
182980683
121221410
152769234
205707887
207643014
155646779
198858912
186691962
197529633
253068871
196854449
253059137
31127935
192949886
146223965
67254695
192949316
437737
535831
252961189
248764156
183719660
177334914
503770
218754741
180957599
46172641
252972483
253059831
184486377
177443186
183719160
212963815
95250284
176127343
181224417
14811638
253005213
509971
155785908
184775623
252970199
252973870
177335756
26732498
184247501
486607
216288775
17902471
74634329
263099961
116145526
109166924
177845201
155495655
109113800
121625199
109957468
253071355
116148000
111704788
177328472
184244552
183728062
177493768
185862232
185804861
116148015
184591840
85373297
260795228
73541252
202025517
247900204
121656246
184497335
11292223
186692415
26080645
200617450
263208678
257765864
206488478
152521428
159733686
194114713
108190112
89792745
74630681
74636859
152524548
215591084
247061396
121032543
121269898
109861770
109134852
121027145
109176859
121975113
111470166
155061627
182969836
197529717
186691829
177368385
177518931
197119505
183727656
121607890
253057648
184243430
121715102
183702139
183719761
209904889
177325666
121220802
247061403
262821598
203852936
10411524
196048512
152205193
215141235
59988053
26296773
263098588
155786841
121635240
121026383
177336996
177308146
20486891
121073567
177403448
60154450
192988056
262901575
195660682
184886719
85375012
260797992
196554395
26078656
196854447
252973940
184602580
12030062
136596493
26078608
167613699
247998346
117972140
177495388
111485859
216986299
186090720
218754743
262423435
59498415
252281900
215591140
263120139
108843313
121269881
155884195
121604849
192949894
183702739
182804549
177467671
121221856
192950157
116144305
184442393
121221591
121222028
184301851
85373822
262821590
184802853
252872348
184245476
5884053
254113577
254092816
253720956
121221095
121621938
121222222
26078594
26078584
181224781
192844492
42834250
44158580
206359962
152522216
253197502
214829463
205704735
182797489
177496050
10708303
216288871
193714721
76142474
60002395
59995867
59552500
252973827
184817818
183728468
121026563
32844878
260795454
186693290
225205430
121026476
155113743
121614005
197529444
121528257
122227013
121610171
183702479
253071222
183727401
183728644
161541514
121615416
213670940
121024282
121222541
262909037
198589494
33304444
214828522
117918075
196048740
263327365
92010000
247061400
262457234
216288846
217482934
74636258
263295075
185809276
197530065
177462078
177347956
247934467
121626879
197529874
116143934
109138701
121032620
121074434
109886027
20447012
197529545
26732451
74854777
109864024
91649950
121622198
121021144
252967640
155656497
247270705
121020771
26078793
31813788
92552146
202519715
201423175
202656448
192833921
187279375
183539249
22110513
3869871
95501038
73219635
12277776
253365432
140948171
650226
192948950
253621800
184913698
12288564
5052279
257835549
437744
185816510
54143527
23222667
250055878
10271799
433349
257835543
77730764
11861583
186464788
435954
55186879
250056673
23405601
568804
262817727
262792250
108190143
14813659
14813901
503787
257925150
109776191
41264287
54122463
177827638
98870092
186692187
116148110
11110119
106445320
116455527
405651
262898031
73219881
262822133
247238492
90144256
186501960
150805411
113249280
177829347
177495579
185635679
36569278
197231974
183702836
54926227
197334796
197336597
109176485
248224245
22110511
11106441
74417743
184314758
36371780
68421926
115749712
262846129
113246091
51990386
155600456
705246
184476160
186692100
45014381
186467263
248762211
53982720
26732488
197337437
177838847
186701378
98870917
32156577
116567840
186497819
184095564
184414455
216387952
184095128
177833753
229805186
166389913
183727819
186494004
705201
186745252
115749796
166397040
184413279
26078642
35220186
183719376
41139527
196378026
42194360
35539890
75324858
36320136
208917259
192950516
253248010
50215961
89792631
65102837
196343222
22980608
155642547
155780989
109162591
108587997
183731799
184093905
177838260
177835315
260795439
32894906
177495141
218754816
152780557
229805191
155650932
155769126
166389388
183731921
177830944
197219017
109959842
185755215
196382330
116506899
253057672
185816190
253058502
39295565
185262500
33035607
212961750
109913410
110023040
46614436
52585350
184242702
197336809
184088697
155568300
184314846
184414933
196343042
186691719
177518593
195657301
184243906
252830866
166391635
251393138
186270907
116961293
152532394
92551382
186470206
165943201
177830747
155592549
184476554
183729996
116456123
253070061
195449150
116567610
248544509
20486784
146270258
252973441
184466051
177518919
155498066
109848084
2210547
108003923
173890569
152529194
197899981
26732490
184614840
177492769
186239691
177835825
108831267
108842591
173727616
165943195
198733476
177835833
254078666
42834969
16215702
204322827
98874291
216288785
217124656
218754812
218754814
73294577
197222608
34823536
263197171
155636620
165943198
254086194
186692317
20882978
68459943
177496144
45438055
168367080
60910620
195161184
155049273
73261110
186192684
26078606
207840467
262694900
96806312
58513503
185278547
75346129
75826797
22978980
243054264
166159616
10402977
61465359
115754298
192195972
196217788
253468586
68612044
204416971
249001059
66589468
23223334
115754396
110236870
156192996
13325845
248982869
58178977
185630244
144747984
179736577
185637109
222697078
156189118
116452417
146286808
195665620
26732470
121635629
74866089
186744970
165161008
166000442
248797063
37732090
121394287
247238450
165998016
22642483
156189768
32744436
204538065
183725279
39369305
107987419
217124611
166085707
202256102
208206737
121625917
166085883
155631143
260795281
248554777
205232165
138313949
255317242
121065835
167019463
26296996
34249715
121635204
186271116
68279898
262387880
249766716
230367268
215636895
155630250
186745300
175445603
255630131
113459495
195659375
177843811
116571788
92552232
13852259
196765067
217124666
230367272
109981595
111560459
108593370
109890530
109960467
121233916
121235676
115748402
195663396
186694269
186693938
195665693
254148833
230367277
213846716
166154191
166156405
109958987
165120257
109910906
215636897
186692964
121059194
260795234
186693628
186690940
186269706
13120461
50824988
60736163
68422835
229804976
230367274
207782198
155642834
109980753
155624609
108830972
186693752
186744901
186694032
121635442
121063725
186692629
183726073
177844643
155637296
186744540
31691132
32899356
39370174
186270086
247409234
247409362
37737064
117379269
230367280
166011554
116145173
155630223
109962135
156193987
252978629
121636205
121064314
156193056
156193380
35786076
33337836
26078644
116145713
253058697
13193188
252080016
229804972
252162384
242645118
111362974
116148062
109913587
184914001
215045892
121065545
121235161
155623439
196387928
255605505
26078654
254080297
156193492
185811789
205817967
216982822
229804981
109885902
109936232
156193896
109926026
108598226
111557552
121627045
186273665
260797593
36413209
17004250
116145005
62716883
26296972
21292947
247409371
247409239
247409323
206785105
126075508
23227942
215150490
106701001
58936120
184670082
178035278
69157643
70665934
164445947
23226894
12284667
66417668
215589701
66633161
214871912
185625732
182816392
195658253
37726602
58979241
195666645
564485
214784366
195659320
235363885
117379266
253071248
53086335
196858157
21168819
181224759
10791732
66617898
50442445
248986567
186745334
260797007
184878597
195541283
51506262
184475583
116569591
90146913
217124695
155621498
184316187
260795458
13147637
121078350
92010896
68429956
51506265
252162232
58445489
184314989
2202159
32001953
218754756
195531181
186691759
155645401
186273886
182813482
42833577
166322206
218754760
166156998
165145605
39370744
38102636
42833845
163021279
218754758
252648997
195456113
197106543
257846448
21168774
80142833
16238985
59395403
11861338
115521147
136679796
58137367
187308339
58133428
199978240
247199411
171891480
11816118
176814106
184242587
102517880
228943385
184240879
217509940
54439445
184241884
70636379
92002614
76841910
215141430
195660620
253068933
229805200
249570551
20551441
113459399
215045894
251393209
252872264
247199305
68429163
27610986
59233741
114895839
185035524
195665298
247199423
21257438
247199310
247199402
229804994
229805000
116144184
68423563
247199314
114895654
187024116
184314022
203213498
262589809
79118077
185903111
229804991
247199426
247199418
13402812
55179349
247199290
247199278
247199282
247199393
229805196
205236953
68562367
247199293
247199307
247199317
229804996
68428573
51702499
193925930
160100034
192987510
249667960
34361852
184832834
73633042
11861653
177752933
184833504
205236441
184829896
11861117
175833926
184833352
34362360
76834712
196341199
116583493
75514561
262605380
251393293
177202389
210144944
34380904
32836796
62311853
209293872
68282054
39358311
184415314
115789985
73219900
98875885
108190142
127901484
195658361
189658936
34362752
247199543
66654459
214490774
34380546
177563799
66654812
247199569
182975920
247199601
247199523
247199541
247199486
247199496
178944214
247371211
247199565
247199430
247199597
247199511
247199434
185174796
185096380
185052741
179736557
247199587
247199509
247199603
34380796
247199562
247199525
247199499
247371831
247199519
215040491
247199488
247199479
247199579
247372563
186272373
49019543
248915718
136684902
182783784
184831286
184831116
89059101
195649392
184831419
195656918
187316087
98009216
74865713
115692365
37749674
248915716
74180822
195452913
199638887
195646736
35905787
98009340
66636308
185032142
173382726
214153924
58375957
115780462
76834742
253068977
195247607
186199798
159717990
214499114
117492469
155593568
262691974
116143676
115787342
185821260
115778166
115790151
182745379
184820156
75557938