107363911
189630374
76099390
214757666
185574555
101255724
188548587
111150424
107277795
169302732
141649029
150220700
19749392
202242990
176688057
145812734
31616427
47500800
41589472
104844951
14849666
114680455
217644345
19748820
190631214
46101449
47321951
13824502
75660003
7339585
13311467
253182367
169475209
52501463
81867375
13286293
174666085
570909
201114635
60028900
162405053
124275434
196998177
206294380
124294916
52852523
180951196
145812347
208680011
243043425
117490608
56410004
181270648
24765320
195317682
52251956
185852210
197879545
32974922
46099267
206250973
197007617
178302383
56418057
141648853
132989156
146480135
254186291
181218050
252624244
81867549
7281609
80947664
253075646
6019589
86890393
94106760
228988241
68535201
58269955
56031460
56256837
42489388
131306155
243088642
115933352
180937879
107186668
52852315
166352279
145812651
251999872
192678377
189520461
252386619
262709156
207355152
44985024
17907944
239660917
261840138
243320039
189520555
152380137
217742165
58269566
52887120
67620803
107277688
144505573
57815641
150922992
35763553
23147697
217719825
56998825
129140750
197018398
186255583
132987606
158816296
80946617
31535250
6201923
203586233
160888140
174175334
189520597
14919763
195317595
145814087
106906865
95067341
207748506
169802742
106907190
153404280
248760050
115761101
40921465
6417177
143973398
110862308
109854063
199008125
16557331
217570603
196091317
150922758
55707695
205287685
180936987
56453746
80946766
174666087
7826681
13018324
180935388
216464516
117490118
570876
217719902
33111163
208684295
149227811
169299841
119224357
145812008
136398851
7316003
186255603
201567911
107186642
243322718
214776094
137834730
50263090
56949487
171734580
189520478
203531436
109968334
124274794
58142419
189520547
14639112
60031725
164059509
44708366
206250803
169476386
119448184
199008130
42267464
51854623
20264623
6186381
52852317
197222617
48951035
193968115
47829554
35413567
168519189
81868002
8336030
94106549
199008143
201927303
57855588
163790858
118260877
177202843
146492064
58270448
144754973
217645209
7241195
252672635
169478372
193978477
242724861
81867426
119633136
199008339
115760871
145813540
56031526
160073331
170727699
199008040
81868135
129140756
58364014
59358444
150922886
253074485
6711007
106906982
149710338
204053529
13994296
184489294
56999236
62221067
217708618
170848059
172381294
150922927
132986790
196897632
214637866
161540407
230054279
252966946
169302210
20821441
15058513
81868320
242502638
191495875
180942458
81868144
202244538
16872510
31925601
225939480
172012830
109853522
206250969
52500992
201105098
14319023
102161658
52852327
32946875
180949162
130778352
55598942
53992999
132987671
202485936
205827809
15479516
181218434
59318817
59314665
206294329
52414296
135725171
76815583
261839955
14321083
20264634
202603771
46100956
174666083
160296964
191682544
52614647
94106532
119224283
208684270
198957984
169778599
52412689
41621505
217322718
81867716
193978522
168496086
81867656
55967413
113055305
5370815
185857238
81572557
59200990
81867497
189520473
199138699
52253988
146034113
58964900
51370748
80946890
82458376
52275219
252627446
196802176
17929528
35831164
201105136
6018827
80947730
118985479
201105069
165639096
20245819
22095785
165243037
81867569
170848767
72861589
119224520
169117266
7241465
42361226
151659424
56681057
161540565
169782040
173711497
14232845
145811064
115761051
145812191
53307449
81867678
144251429
50001905
243323577
171849205
17009363
14312631
261870877
225920748
7099065
21768017
25621280
7099015
107177349
149461261
23212977
88801523
195318146
170751954
81868268
127701099
169475197
50339757
52852329
198607959
94106805
199008341
48951524
80978700
169480172
73578415
81868282
170848631
150922748
241129760
174382640
72313330
111385887
81867410
52288989
115761086
180946180
59319532
6039139
8008700
80946820
203458095
10205896
261875612
141901502
160819672
180940276
169475122
90852377
168495995
58241499
627026
145811950
169474363
4368155
56681194
14638913
14334956
10692494
175978555
145812593
195317506
81867418
240938255
169475975
81868252
230082425
214887684
176681282
102415876
96407207
34968915
25637109
143872452
67016862
261877511
20911071
262049866
259599215
33406681
171756265
14617081
206123380
132016552
56705391
56048880
8378750
169475184
169475179
84591517
81867442
152565002
199139263
196901690
150922783
136874230
202244544
139559537
81867984
6022639
144621041
627200
57878409
130780938
54889760
60745568
206667744
20653819
20438042
8073649
145814120
149774937
170106388
185857551
627135
149523092
138110571
81868255
206105159
57129459
199008230
19879959
195318351
180952213
55967741
22940437
169474552
81867550
87585257
143975044
81868239
150978531
160297020
46359623
69459341
257867058
259482446
253619779
180954032
145813450
199008312
54550061
168292669
199008132
176465167
181995488
5370831
111385666
19373725
50260847
180948017
7581809
169748320
96028698
170814732
169476403
44091391
55844274
242721621
6022711
52121662
50698351
150922994
81868308
88041555
164069839
150922920
187140555
199140160
119224532
50490982
152380087
55286730
50263253
88029462
173653315
81868034
56998131
22281888
164048495
35602863
119224272
176132908
170836548
193112100
143959767
113499515
180941845
50490133
176002027
195317531
185857212
197016991
171735438
22095302
165854304
81867415
170872940
199008067
121208293
199008145
88041014
66638479
33107100
52280196
81867610
197535035
189035365
248262174
150922948
168552266
170165444
185557755
8378630
199008185
80947653
34579517
251552583
251552350
133246843
58362771
103467628
53992956
59049842
14617083
172026583
178339413
144084799
15212754
220656622
249774358
260819121
13895139
14335017
249353563
150922840
81867383
102552419
169475135
172274957
170299357
180939024
170836959
206294559
253397340
6443717
200940958
130164643
38207270
160296674
204928146
205111149
15970318
251021825
141218024
208423335
145777588
248287007
5370875
53751287
119224273
165911004
180942273
19772329
34967656
106906626
52852349
172379987
198888130
201105127
158816395
155218027
201687600
115761449
115760981
115760825
150921825
52335374
57138305
35602865
115761351
115761018
253163358
67621764
25617603
174128033
109403808
109403793
262566624
110862311
33109877
169482636
261875971
261877962
261873389
261876833
261868389
262902724
60743832
192715270
199139989
14168208
5904411
28727624
263263251
263261989
107553995
263262970
263260242
263260225
8027591
172817371
7339639
82459203
263188501
252720838
257859634
8112804
263354743
169757883
141014040
127957939
115897530
162777773
163568029
146491819
172157725
253087536
119224412
176261707
32842713
187140549
199008155
627051
169299351
169476288
195318187
199008275
6019655
87377892
183928619
248261545
87377911
198523325
59292909
150922850
59048862
148856618
164070345
114680472
170814904
174174468
137827860
171794375
248262987
13788142
145813533
88041293
187140615
50949425
81867526
170649854
42533556
34168827
183913197
194200519
14617097
57816110
49376789
94106899
13782202
170848539
136076276
63817238
63244639
165669214
249487683
199727965
68532245
15213142
150922921
180936992
7283733
180920531
81868291
163868987
180976015
199008033
52704481
91540690
56998118
144235329
255427648
255410975
158709473
111385605
199008343
199008227
141764921
115494125
199566689
59318662
171773441
135524436
102890578
199008100
180938981
59048388
6025253
205852200
7280873
149523116
185857242
132988980
183920597
170847989
169478349
150922844
195317512
41318399
80947807
150922984
61776854
197212782
199008237
59539124
216870813
209275741
6019005
25666555
171456933
180943872
81868003
163881633
5370803
199008198
197013167
14617089
114457627
59214826
207645896
252625216
207222794
169803136
199139083
160297049
207345328
198648593
115761529
115760971
247657873
252103162
47144990
150922013
106906915
201105153
81867616
51137709
17906160
94107442
170848312
164057441
81867276
141334111
180949708
180914994
198379864
128642520
139558520
214753006
136080762
199008071
172812168
12517040
145813661
172246420
172247979
209612351
253078583
253075094
251454617
254021731
253332987
6025219
6443675
261965501
145811360
21766203
59495890
26168222
28727851
24443873
10139534
17009275
7450617
17009311
10071925
15968611
44939329
6201777
34531064
107363909
202334677
261871900
261871527
261874390
261868366
261872689
261842368
261873902
143253545
263088353
58023185
263262130
263263830
263263247
124276576
154467509
257869042
195623152
195317025
52505500
144661454
19877505
213894909
135043793
261965523
169300771
199008291
181219066
154462422
99699698
221253006
17905776
135725334
50942427
96407620
172387386
145810370
59385226
145555721
113499091
149148728
176005016
199008315
150922908
178310742
169303525
148965371
199008126
6018929
199008129
52852335
229700720
80946680
107369365
172030328
202603839
177892247
171152222
81867675
155256841
52502403
57053147
149880829
81868152
58142602
111149468
143231681
56707074
175553113
52852343
146480574
6022685
57334390
199008302
7241635
63237814
144045442
184794258
41643173
199008219
249290499
211300616
211300536
102760303
176127176
48054894
142876805
57132487
199008221
202605189
185857589
205018317
214937653
199008175
627198
149494556
199008163
199008215
169476234
41610776
170165291
144250640
59360303
111385625
160405582
170848076
57907104
33127990
87366083
169476355
183339122
170311691
143665633
145550210
118259632
7332419
189520549
174131057
129220513
109403787
125751814
109403799
69452971
262600556
262600350
199139349
160296699
174665976
173711526
249774677
115761230
253244574
199008053
249868149
213556957
63243213
170346934
171734691
94107592
126688615
170165536
94106957
16531297
10205845
249883683
7164759
145813805
150922743
197012974
54461429
150922863
59443723
58023510
14617103
180946618
36372793
59340414
250073661
138323543
198102966
261875721
261872230
261876786
261873068
261869611
261876145
261866058
261870578
261877265
143253527
155222235
88800947
95049187
167507578
263260173
263258098
263261867
263259503
76141996
8112879
8112943
124274558
263262129
263261387
263262881
263262311
263263640
6186405
191984730
124275535
141642734
263356899
109853234
181218700
146492725
187140973
14617111
81803574
52704287
94106645
199008181
206052009
6443855
205018368
249772935
6018669
170848589
171734904
205499130
44152562
185449484
180941062
56868744
6021769
43174892
54799341
205555521
54799835
106983756
94998854
205642285
201105100
117595562
170869334
5370871
42532591
88021250
165652445
150923009
142463641
199008267
183343532
150922736
249588957
199008347
50514217
206085828
168518407
150922757
150923003
164553775
164069289
169474665
197534825
176021717
247657862
178570392
190218852
169476396
199008035
180949020
215705724
222416945
6962097
199008162
56058362
170814543
205018353
248562986
150922830
169476258
249773936
253071688
253078591
253073606
6201985
173848363
249773525
33108667
13040468
48952443
253786834
12188036
15971941
15972672
50263342
13994331
17009371
33107428
260407197
253124773
214887635
115760819
201687544
173711550
174252893
174263275
174263281
172269142
50489443
81868249
199008182
150922717
50513631
173150716
199008320
247657629
189466212
81867720
6584807
89750827
171891516
199008258
41318819
169475172
46303306
34575333
63826579
146480847
170814333
81867338
205272274
75827884
5370835
7736649
145812462
199008193
178570279
249575440
49944934
208662386
143006015
14533915
157481771
6586199
165652372
63559741
199008239
80947296
169481816
199008044
58185954
81868064
63558837
43695032
199008102
199008146
132989204
180946137
199008238
199008131
171935028
169334221
115760881
115760999
115761117
248262711
160406940
180584552
214099172
81867536
145555873
173150768
160344213
150922986
96129020
186122911
245075126
88232024
173154640
44875534
261876287
261867278
261872597
263067308
263088346
125273622
215980974
263259991
263261078
263263678
263258264
263262001
263261577
263263628
263262590
145812931
124274868
201606235
263387455
263389133
163569405
171734949
146493718
251538029
263348191
195501423
171734944
81867594
196545594
134651057
199008048
198530480
144045380
150922755
203220364
59539385
37714387
111149622
247657902
81867470
94106861
54802757
187140543
150922996
81868012
52852371
81867630
150922776
163715411
176476629
138245650
43694950
128642440
199008187
48852423
163863882
14617079
150922914
119224182
119224206
171660516
14617115
81867591
199008195
180938442
152650091
111385886
41639778
81867420
128789096
7281757
54764783
199008073
169474975
41231486
164068933
199008216
150922979
198530669
190755339
180952950
106907015
51137820
222656412
41318645
54803670
160125872
59562357
63241573
199008154
201105089
172387319
58363751
81867489
145814191
180944147
125473317
150922677
81867979
81867450
199008308
44799608
171735791
170730307
106983774
252569356
88089914
161540521
145810909
251014275
109400648
186972746
253786800
254184854
170814334
80946600
133246621
187091026
74741878
180946535
144505208
170652072
145551033
36647165
52704267
81868129
87942583
205583080
199008336
199008152
112528771
171813329
197019208
50491729
13715383
215706089
199008335
59441944
68535633
171579277
150996733
58673163
32977377
135298561
115761332
115761136
115761103
115761014
251532595
7164787
144358717
150923017
249794944
194567513
146480270
59216345
143612364
88021715
197534398
148863294
128517122
81868173
55328678
59314908
261960961
11466991
194431098
6025145
53918070
17705949
94106513
12198263
19403447
5903757
7099027
10071529
14026124
174253475
262295302
160297093
109403789
161875071
209387539
242091101
145088228
130744898
117962917
14322411
19852185
217386894
261872374
261870862
262901868
143253424
262709238
263088363
263263635
5816429
7164911
14064914
14168195
263063177
263272536
263259795
263262798
263262094
14384786
90116932
40787035
259512136
107277786
100470993
196802167
152298596
242070291
263388571
181217253
110860225
7934559
146492842
145812457
263401731
43380705
199008076
20269916
180945693
80947724
59240025
199008328
49872583
190822731
176127533
14617087
150922766
178321036
139834573
249794230
249861492
57425998
195547697
81868048
119107975
116299659
248261641
80947503
173276160
57877357
127643764
5370807
63818367
197028189
199008064
180937863
81868185
34971250
52852339
176477818
59442561
199008345
199008214
74165996
170814881
201114197
21161691
142754601
42533243
150922760
142032545
170165215
7281347
96202509
199008103
80947389
190822912
80947877
81868040
128642008
180939734
199008156
91540343
6076891
113478955
128319334
213976161
81867448
81867615
160293538
7282309
167891990
170848307
199008289
150922769
217719717
150922735
56209566
150923015
169748654
145812029
6018717
81868216
61790146
200855042
214197586
164055430
129026795
170848754
14533902
50513659
88021404
63827831
34474330
48114803
50491880
170889409
176476958
170848008
81867564
58469465
58469643
201157634
5370819
249291096
248262506
150922792
164069733
6023647
174130077
172257787
115760869
141525963
252613023
253074727
253376037
255414267
111510516
26168358
10752694
15662094
48426833
59318727
33104937
33102858
17909407
11252577
59314975
261816971
189520546
58270214
160296972
172286559
141648554
52188165
150922423
180939325
177095135
169482607
37090136
249817887
199008104
155021548
41624693
88041595
140212501
115761260
115760838
115761065
115761013
115760822
145811412
33787534
25646161
57820197
180953055
58363254
150922838
81868130
208685121
249578901
44996154
247394139
261868968
261877092
261872657
261876179
262866885
93268411
208685295
262902819
19913977
6041785
263066833
263085529
41590291
15661771
8112903
263260236
263262073
142754695
170403730
242648153
257915179
208398692
140410665
138731599
263355500
150922356
181218073
35293945
263401336