181802012
75379035
166322174
95141872
214761470
130871954
201429152
203859955
204310507
217423135
7941623
125603660
189525091
10714626
154718137
252791937
200035225
120444914
205775938
136042020
106273124
195555701
180401312
192990210
125603787
188088866
178755819
132351938
208185983
208186229
195971731
203082243
208404133
187410754
106003623
75422832
117204037
36067784
188710909
203770637
133451316
187403022
183680590
193558607
204288390
208071264
251544921
177479394
121106755
247461667
193920309
255429699
142782532
65100278
85805843
89427453
254022096
139720579
138383237
118258064
241787257
133450325
261831724
186348483
187512842
30036526
187397508
159695259
75348285
203860166
117207332
118258195
213963829
189677388
119438048
187510837
187513892
253397213
137748505
187513123
156177886
214515122
184216312
201842418
100321775
139721172
163011572
253197218
139721920
247462628
191144075
197865892
177933540
174661023
53897747
53842115
53839787
123435103
48892615
247403499
53897759
53897745
53845375
174666599
208402243
182587315
177754154
194179412
187514689
205003161
37398969
158618635
208738579
230027746
194822151
117268069
188654944
210403587
195285197
206641157
187381790
188710463
204927731
38329038
75380087
170332483
225957663
125604253
208508644
205703766
201602380
129952411
252589481
90021674
229696271
177704495
121164676
117256566
53844783
190842109
53897772
68088664
53897752
248923189
187514401
72296807
188711545
110378504
187514916
212489415
251577349
114791871
55568176
208321492
161258123
208184173
33465371
247906814
194818778
162471634
152342097
215051695
195284763
195766034
198933255
156177130
120278533
118263771
196184155
68963886
139721849
119363184
187511768
215051751
189632113
154441553
24988501
177479924
187328813
121236365
139721101
204925987
68090339
177726728
192990269
165238998
241787018
207390642
191976510
215217565
201602547
133920149
46686960
69860689
139721117
253616204
72535405
212489526
143101258
133783238
20137833
191809962
225209830
191976822
126962779
162395712
191976216
142062089
248224041
120293177
202834634
148699304
139721905
53897774
208008628
212608687
173711864
206294657
139720633
139721520
139721593
225209791
68222668
53897742
206294614
121165165
198128792
140131862
53841398
35221063
194819989
195798915
137918504
119993669
132997473
201429102
188711550
194039888
208184012
252053355
192154096
121180677
124635300
156177488
97036966
177699643
117694753
255079374
177739832
253319100
110378906
117096235
207388041
68111337
114900950
206294622
101307630
153368723
110377620
138535332
139720798
166340371
53843796
53447761
225970896
173327996
110378577
198961735
253324353
121167159
154248010
204930436
135329019
139720693
141764333
150646719
169647250
262757887
150646681
187384112
255079076
202403454
119309598
208322863
187513928
187511718
21280745
152648055
177570303
191976145
156177840
156177663
165747262
188711643
154446616
187514804
215047426
196469891
212608749
212608265
214753986
208738634
193568771
187593149
110377656
68103094
208506138
139720843
141764344
201602446
248762061
11376045
135626170
129623859
189538959
204929308
188710822
180850268
208506998
161388970
127065488
187511677
71886569
119329305
67917884
144200476
215051714
202403295
249686156
152647645
151933703
209378853
195462458
48093349
245764831
178333642
192802931
98069620
120473153
253190391
178288804
106362974
177703552
110377492
195536290
156233024
139721631
168731743
193568988
208403216
207280668
187514352
133829768
41075802
191356784
188708185
192623755
120470378
155832992
192293269
208298042
52625003
52527924
216216031
125863053
207382340
152342022
152341649
205902596
139721471
112092529
230027597
66589044
257789381
188710169
127585537
188711989
152656010
195161665
133450576
145455589
125603631
156233161
49677185
156177959
179911657
173393501
252850721
26378032
66606470
120427228
247730838
118262740
114770082
192293201
257788998
207391598
185245027
126962703
142062640
192290800
195528733
178013805
114772758
43908595
195765987
188708504
177874374
213722680
204929023
119334729
188710577
174933339
171103156
177744115
75380239
21125814
190702300
187511695
178011199
100321903
68606571
53442830
120379380
121414657
136933148
178013870
187413411
214234063
156177008
133661816
177496985
192291100
117702822
208011295
152647375
120426523
82669695
208638918
253616409
110378486
155351127
196671443
126973514
229778982
126961100
48181103
171686933
118259052
213682660
208738659
156177853
66684132
195167617
192292733
76118308
207240075
53841616
174601186
110377389
133828452
185927227
196857320
147770591
89480380
112339450
120293151
115921790
188260585
95259284
255427963
212563822
68683688
192289702
215470190
177163439
206294608
66713208
192293886
145455561
118264168
188710945
120427534
255078727
53507193
218756649
67916868
142387610
229696132
190464249
164602058
247601785
218576885
202176936
212489533
130172333
188447972
208023299
229695662
197066414
191976403
25498148
68090641
143839022
133832489
93178859
132997437
195230846
207391749
156176970
215224724
68111624
171686854
181566087
148017643
124635339
121180766
121107406
119334723
129406154
156176939
253615954
120411670
122489072
119644528
192309377
188708693
177874920
225218244
130287326
119692587
248883939
130083390
215141579
204926733
139720832
262674664
191767337
152650708
180969263
205113476
225908302
118968941
154861100
190706662
207297122
215024073
76119540
72280577
132997504
124635241
183718083
193655222
124716569
112193234
192624272
140147466
160375409
202884797
91421558
117211667
207293999
189595727
96301860
177874596
138534375
164491204
191976469
187862963
190842093
85800320
142061975
121238714
155384583
191976583
55063152
195285097
242501920
192624336
206294667
124635204
195530645
110378288
49993935
177518527
196184091
252060899
188709805
159971549
192624362
179689488
192290378
59198414
66592921
133255425
193892086
175875250
171686831
253324263
117676017
121157112
187305232
194182155
177758369
193570138
188407658
124328742
181566084
91546801
120859306
137533124
191436085
151783618
192365331
181566102
52574886
110378275
133830740
211300349
118257477
133718968
55886075
194958309
68104980
178011043
154854435
137423268
212088152
119334098
178335176
136814486
193724111
191429134
187513978
156176935
168949678
177495311
154442763
92001705
96304454
110779100
195351555
247594073
139096696
212489466
129601370
188847078
193568893
139721202
118262186
124274248
72305366
174919670
244937160
195168949
199582527
188708697
118968856
198282935
156177325
154439869
247593832
188708339
194958418
188710337
257789119
120442218
112140373
119691458
153368626
225970937
208297262
201602216
136982060
175413497
193107689
255428856
185508633
152648809
53521728
119331175
120469404
176825134
162041515
161298381
121163303
8318005
36023871
255428947
188708405
119334229
197924808
118420807
189463534
207013795
121153951
138384241
159887815
154774537
217500672
121248071
192802989
129479912
50277815
206294592
244165553
214585349
138535646
139721191
192327172
204701989
196755258
161238224
197506590
192290473
41073877
156176965
225970756
120390229
206907616
192293111
190464245
164535648
136219914
177608885
124273668
217500670
257859375
130330361
206294600
193054391
248930262
192623409
49367026
120269491
67360689
188709890
160803222
67321011
118258078
118257655
110378171
160846145
120471412
95141846
181566118
189632420
118264231
248799782
36559113
217169039
195464424
121164466
139720926
121154055
68392507
68896636
124635333
253283367
206294652
156178466
206294658
121157609
248883888
120170932
160827070
192290684
206461278
119989534
186260933
192293786
54641779
128327023
212471213
180925256
139720795
139721761
139721318
139721856
141388909
214739726
195227256
56842084
68105984
110378117
145455463
140821788
151783641
199582628
90871858
205817161
121106513
196184034
138375100
139721242
139720476
195162742
172707512
41111833
138381989
192289531
41075883
115006411
248923069
216371107
56771275
230208086
191576238
206294656
117674826
108851249
208004514
225209829
152647619
177702283
194821781
154721984
52347241
110378066
115289519
198081947
136818919
166429854
192309420
202176741
156177000
195329207
202176742
260107761
89353471
177703971
253197274
130390720
208298152
112132950
253615401
152649027
208023306
181566083
182294520
26090514
207301489
139721257
120291583
41725091
139721409
152647128
156178114
192803012
244301261
168535057
177492748
253616287
188709384
188711618
188710997
134761607
196755603
66718502
130699465
139720919
110378226
253283659
148016256
186261720
253615923
212287367
88790239
117221150
200684414
139721398
255429079
225175219
152654577
118257474
192289604
252584023
110377409
212485667
194957588
137919720
251573137
110325744
212256394
195462520
69862638
75380334
121107488
257789316
191976768
212609944
212608338
192623319
177654787
112193729
124635328
191976207
144737799
24988308
176533265
206294642
188711929
252584736
253283753
200684768
133832179
178286360
102006049
208772550
95141873
208738609
206294605
130014370
137551521
177711884
248923153
113256902
192290790
132365919
188710907
68487894
197644759
139721160
181566110
181566080
168951987
199901745
251536252
196725258
212608330
66592960
73170562
191426684
208422287
141765098
185177982
191976357
170336376
181566113
139720753
251997816
133831045
245764828
218455141
112223436
158208358
72575175
68951638
125341929
208734428
181566079
141819668
173885794
75102484
200685005
171686931
248930121
197924720
206294636
128252215
215334861
121235617
96355436
119421931
170339062
68548562
247730356
36236534
191775028
192326109
128519396
184858787
244165862
169435971
253238738
258862946
255429389
118968796
212437460
8016782
192290274
48951757
110378058
191365459
115522088
156178208
247600623
247600044
191427259
184858775
117676960
72305845
41073966
97042495
255079293
208402845
196466425
3807831
179521312
121163906
15394280
152653230
177497252
128518837
75333317
165518860
189631546
188066876
13755522
191434093
118258314
225971079
117207399
99198155
177874354
118331714
67501173
195766032
133118480
185902247
118261057
118261409
121235691
121167561
184951136
136814709
177874689
119989510
247933214
140130986
140148404
206952728
184857618
130064631
192291493
117269975
181566104
215479363
139720492
53897729
118263624
118262699
216356735
197924881
12737283
218613185
118263873
67349659
67918091
189631532
139720558
218484137
53897750
255428176
181566112
198585185
56957673
95682408
188344616
257861479
191976629
118258261
184912892
120379005
192289682
192289518
196226194
166370241
247730446
169270763
218559133
181566093
253616452
156177022
205196057
191365439
198764606
32497648
12420918
156177059
139720543
218667012
213703523
121108202
67322573
119420850
191144688
119989517
96304362
84459135
113168473
32497701
208736251
253616613
110377682
192074390
133661894
21284906
192803066
108686062
112205817
66868281
13624018
72117900
139720724
253324343
120427807
121168446
151933844
121108145
213714334
137922969
121157716
143836749
152653560
55605541
121239835
118261280
118260960
242434989
217169773
171666273
255429275
110377574
10579399
149146495
189685662
75731045
120422801
195285362
121239225
218756157
118969217
212609913
192323915
73379567
162472186
71882772
121178978
185191995
156177057
121107364
214612197
200683629
38236626
161540525
41071445
65099072
36547116
193132964
53825013
199170735
124272765
121220447
212485738
121178689
118258945
118261557
195765963
177502266
198282269
48700705
110326101
68995781
95270657
212487575
206294669
2908521
121157012
257789444
142061695
225209819
152341708
191516862
121178735
197530926
186786160
252136485
147593249
197069099
241909535
255428622
38686416
146492644
208298290
253616260
191428952
192294987
112669569
22648667
201245140
121235440
121220528
121220456
191573796
10345880
195281936
177735275
173570847
122873198
59319948
156177303
52144439
84459032
36822613
67326353
67326416
175977514
225209789
121173371
244301401
133808130
94186902
212489561
15192282
165692242
184858780
140722144
193550636
56956611
191480389
118257582
118258775
178950564
121236537
196361003
160759536
247602372
140130864
156176961
247601570
115535585
137594524
217268753
181566116
247594650
190842095
247595033
225209885
194465311
252589461
257789344
253615503
161211608
121107612
188710446
253643577
146488101
36319250
253104697
109629339
170288017
252585773
68105640
181220249
118261248
118264356
53518259
200685423
212112794
133829989
188935795
177657952
122256888
57965651
160875546
50384883
187515190
247606728
10769488
202176629
247605203
160836827
155356295
53774418
203039765
206294653
139720540
139721657
139721609
196241300
242105495
133828424
213702880
192291731
121108234
196755159
121179362
55829951
67235467
75980441
68975783
115520973
115241672
52347373
52144490
192321972
191353766
192306153
151783660
188710336
253197232
257789385
138897863
206294597
142996145
191044120
189438930
195231211
142062031
262659450
113792682
193485977
196874380
89351118
208735160
156177066
200684916
180850447
146806384
121222547
118420805
202886079
203772886
191426992
191824334
121166184
192803125
247605300
247605531
247602405
156177756
181566106
115546885
139721546
206294665
202176830
171091388
149195189
10780912
112140761
192291040
218157090
207280264
133830065
196755036
177171098
156177733
133832478
230246243
121235505
88257165
213558130
184765749
112984979
105211867
115535430
208185179
207811035
55987541
174262367
192862291
192374505
194182144
252669884
261831275
132711892
169270812
247601564
181566095
200685095
262659448
195994165
242693685
198889697
180395901
114927553
191976717
36020954
255079266
241946060
181218701
188711788
118262286
255428716
261831663
68092916
258863087
187593246
68823695
174601192
193569792
132997356
178339617
140132090
192291668
218443621
212608163
188708734
84459162
119404972
112205855
162025147
122870560
155052993
187416273
214604048
112139638
160057760
118257748
118259715
193080609
121168262
35769270
165626500
56325220
53830508
96304547
32113021
247593828
247604441
139720988
156177398
118262293
255427996
255428132
247262446
225209802
48181088
191976792
49373598
250217227
255429277
156176966
116909941
218657526
215738602
129586154
121221538
112138673
54774782
55456408
152647533
212487082
168535107
191364373
163831079
121176522
97925317
25271834
206874137
195462249
121106357
201602354
136814578
192803064
177874899
225209860
139721340
137594562
118257533
52477515
75414391
247606734
247606596
247600238
247600083
118259458
175978244
67017626
55965947
66868316
108296435
112192822
67919746
25147886
133830912
121220561
193560961
192803233
184765718
168952036
206294613
118263578
118260062
255428001
255429868
253616126
207366872
252138014
156177281
187606088
242693683
48181090
145455452
89351119
261831503
258862779
254182965
179945989
68090164
20137846
68089494
139223940
115276617
121400631
192367910
121107531
169128322
184858773
139023607
80947034
97034462
157366939
120229676
162597201
183119630
133832411
140981788
133828323
205203137
133831329
133828423
192333253
97321119
133832305
183035863
97925347
192290846
188709855
176692182
133829800
133828998
218064942
120460961
119425257
212608698
121107927
205197115
152652220
133832528
218758191
181253317
70780011
184847188
167546426
148850546
180905468
198019052
112133579
160846049
133831478
133831074
212489438
183119635
172707126
132351901
133831665
160836679
191576915
218375844
185992694
218728186
138327284
188708737
129206014
187515028
192294179
195930459
192367667
22922354
196755578
206141919
106986019
198018590
172706279
165970852
248493300
201602294
192291760
131339471
63914464
133829088
218147036
170093989
218758499
121178909
212608285
133831858
178783893
193095913
191894278
154453923
139221817
195789718
218171475
212487947
251083553
119357366
172705665
129566790
136095494
212437453
192293847
132886869
217708529
133828274
192802928
115275969
196839419
159695408
184903682
25051133
218728329
192293943
132097338
70316707
188228383
192321888
121259890
160369130
133829592
135657193
133828993
121235981
192337261
208087726
150646636
119333884
192290989
182565283
161462769
193095776
135718963
121221696
183336201
193643043
192309643
97043933
208296940
160836672
178302028
121236612
80947469
192623665
133828738
253658228
253657548
253658387
181566108
132886867
151967246
112192450
145304745
143857713
175978508
175977790
118262742
109568036
119331042
133900365
255079320
245764838
133829746
133450523
194473739
161268509
140147419
149146553
184858795
155343378
119363967
253657708
253655882
253655153
253654485
253654409
253642984
247605428
183352499
247594882
247594808
247600918
247594958
247602753
247604752
247604743
247604481
247602493
247606262
247600253
247595718
247601730
247601793
247602278
247602286
247594715
247606228
247606897
247606745
247604967
247606752
247601888
247605161
247605445
247606129
247604277
247606271
247605901
247605833
247605905
247600682
247599998
247593872
208056558
251577079
255078806
255078887
255078968
188708844
160297051
173705154
68975913
67114432
110249062
67917589
67916764
158189851
115548667
67325207
75341397
110249352
36992722
36819474
108672527
115520013
115522141
55890206
55984959
68496707
50685844
85799840
66606332
68481129
58579660
68971007
242634073
213558575
137594491
139721144
139721176
139720958
139720593
139721367
139721033
139721428
139721462
139721934
139721041
139721416
139721863
139721492
139720613
139720379
137594540
139720655
139721463
139721092
137594512
139720977
139720409
139720954
253643750
202176676
118262706
225209814
133830891
133777080
183351556
207268545
112139789
138336203
160801123
133828513
138110096
192308716
138825252
110377683
138536377
124635427
100321693
53516239
192802991
192802915
192803004
192624392
122870599
192309340
132351936
150646635
121240018
252556244
121166705
252697760
252692653
67426454
8016744
200683385
206945148
121165428
133829234
150646847
197889918
169367485
183555957
192290969
205003986
197865656
36999727
105824573
25726267
118257992
118260123
97021657
88096810
189631942
67086417
242891483
58547438
175978528
55035251
207521365
48963498
212087984
196635627
196671353
119437462
58698609
68495930
68495282
158208661
104909514
56391700
56391461
68492140
55997653
67247579
67248157
189533630
110325583
112191331
96304619
67290247
67281955
99206164
108253360
115537628
115510413
115241792
95762912
67017686
75341577
74907348
75331581
74907384
74907202
191216818
253283138
253655610
176760844
199576102
257683451
180312105
110377447
247602160
197530583
253197260
253615563
253615770
253615529
253615714
255427859
253616032
255428619
255428147
255428618
253326211
252589382
253326341
258862891
261831532
257788996
257789443
203558338
144737739
253615580
110377568
142991157
141391599
118257754
263028789
263069882
197924974
214232039
253656055
200684783
167032353
110377639
145304892
195766023
89351070
189438913
253616019
197597249
160814703
185006800
169380856
242693681
262660472
186674988
262663183
48012393
23638274
110377932
138536327
242693691
195227553
255175528
195227569
262659347
190234983
195227636
243089018
116892416
262974746
253615817
262076897
262974788
195228458
115507176
197401919
195228432
208402950
141931176
191976928
48093351
195227019
191976726
195228225
191976671
191976279
145455498
191976332
191976575
49993933
195219352
191976480
191976044
191976691
145455451
143839167
140132135
191976687
253642810
48569094
176582890
255428906
255429534
255430233
255428858
261831252
258862649
114779111
255429657
261831343
116906511
183052244
217708458
262709162
68111825
73374918
68105056
57463510
57464956
57993462
57985519
57465032
191765189
191575147
133828845
187514664
136814656
133832609
155829123
212489491
192333185
121154138
192327372
197530111
192802913
111100424
154491962
161464949
173755723
154196324
73496549
184119403
133451502
71291881
170068340
95672534
154684370
92892036
72331965
177456076
154212828
48974154
244299259
55651762
196468177
185888126
94947364
142267872
181780139
48951755
118261025
189491324
72308984
187513204
154720818
115795989
96300938
259829116
115801860
109261451
133450039
91848802
91971207
145467246
146994684
115966540
171101403
41721619
206944829
195527346
146994809
176442364
109662068
191362990
196469855
173729567
144917136
84982687
146994746
107278803
188300597
192289308
70203272
115828436
187514722
146994685
67322658
171686845
190464240
36230097
112193570
108686270
96177182
48901762
93797045
171098115
253664239
24515928
103824108
96301819
133450208
185943331
189632672
198294873
72117821
213860159
193583849
72305172
151544828
165688048
48892617
174319589
38235304
66592095
105105340
76118180
197344407
194524982
50359477
52347604
189263220
262749171
155230850
74012184
199576183
112192335
152650085
38235202
121174177
108851223
112205502
112193858
73282749
36559362
195337558
204732779
67326448
74912650
76104326
108614846
48181118
132997516
195971649
112193131
36991906
169117507
209121640
115821335
115828497
72579805
214602205
170337533
66606539
84439672
118257760
195228202
115820698
171452080
139023592
185637353
253283922
106362897
108253217
67248607
36020958
192385746
35221079
25128403
172385880
117273029
172099216
162209330
152342201
87054995
52462234
72575250
139720626
139721627
72574035
118260678
36824639
91847731
217138401
252697918
184670435
37012508
67028426
96327739
75978375
72309090
75335515
85799689
36548859
199576050
253198690
253303806
253303755
253303790
253303937
253303799
253303961
253303747
253303920
253304038
253303840
253303706
253303900
253304036
253303860
253303946
253303721
253303982
253303785
253303709
253303749
253303757
253303772
253304028
253303809
253304064
130855333
89353469
114789131
45471273
252853471
263373402
173823800
3152335
8700758
170919643
73282351
103824667
145455598
178338734
72131196
254182520
37014944
36994019
95737935
67235565
115520439
115241855
115522068
115536431
76102038
76103909
96304584
74908460
37010928
119438028
53005686
115520821
36560606
146994702
42977797
196755069
215051668
52889473
221702188
177975941
214583364
203696946
118258577
137795428
128326217
194819112
252852988
253198179
97321922
152992605
138336127
190513066
133808236
88027496
178027184
191426015
185165846
214000243
176271209
176270753
139720395
139721081
137594547
139721125
139720694
139721339
137594481
139720408
139721782
139721828
139721381
139721374
139720760
139721444
139721789
139721913
139721724
175143077
253303810
253303989
253303722
253303951
253304063
253303849
253303959
253303973
253303780
253304049
253303720
253303704
253303942
253303888
253303807
253303857
253303897
253303808
253303947
253303868
253303980
253303817
253303752
253303783
253303904
253303927
253303921
253303936
253304033
255079130
255079347
255428746
253616359
255429492
253616550
253616514
253615154
253616149
253615149
255429271
255429379
255429482
253616017
261831598
255429900
255428391
257789097
253326249
253615328
258862754
258862592
255428128
261831580
253615223
261831535
263246878
195228282
191976433
191976078
145455619
191976551
191976628
191976124
145455469
109567812
258862816
261831741
261831498
258862746
255429568
258862645
261831431
255429406
255428743
180567066
121176292
187514620
187420456
159251265
121236628
84443036
173827963
197105553
151933320
191894395
109652062
178027245
252691643
118262575
189632316
255078860
255079157
73462734
36989325
253283172
139720589
139721194
139721139
139720779
139720875
139720678
139721796
139721592
139721948
139721395
139721452
139720895
139721927
139721545
139720950
139720477
139720987
139721226
255079085
253283869
71886613
192802958
207492744
207013548
73480510
210385675
202448567
52274072
3152347
178338624
174918757
115828387
144050372
196755542
178333694
75948205
110318280
36549943
67073308
85741779
74912850
115520600
115519988
115535557
115521142
49367451
199576038
253303713
253303837
253303834
253304051
253304025
253303707
253303724
253303895
204621015
176704524
197866196
253303763
253303741
253304044
253303789
253303795
253303733
253303907
253303768
253303939
253304006
253303903
253303856
253304093
253303929
253303899
253303754
253304008
253303971
253303699
253303851
253304048
253303862
253616275
255429786
253616390
261831415
255427790
261831784
36067782
263264993
255428318
103539870
191976655
191976185
191976654
191976610
253615293
255429126
120339836
139077387
258862944
255429799
258862668
255428433
255429865
255079022
73374955
139720453
41233895
122959372
195791071
170339250
210156137
138335689
181200464
115520713
73356963
68778114
68606533
255078891
255078896
253283145
253283524
49326681
139721045
139721212
137594486
139721256
139721124
139720794
139720711
139720736
139721708
139720800
137594502
139721286
139720369
139720436
139721820
139720909
139721437
139720879
139721573
137594461
139720507
139721023
139721584
139720733
139721168
187513089
196266366
251552207
119327243
145455539
118263480
191375373
89479820
89478790
253303941
253303893
253303791
253303945
253303978
253303753
253303729
253303767
253304055
253303836
253304016
253303853
253303731
253304043
253303930
253303881
253303886
253303816
253303746
253304069
253303916
253304053
253304074
253303986
253303844
253304080
253303784
253303866
253303831
115543223
96304516
76103114
115536952
115509371
112192667
214000153
207811981
75794380
72308666
73753210
72306786
73753861
108608874
108673452
65100986
52519813
207494397
138335758
121236693
92099511
162209507
169693324
121107898
253615424
253615675
255429832
255427941
253615885
257789100
253616517
253616483
253326089
255427759
255427957
261831883
253616579
253615248
253615821
52889496
191976903
191976535
191976423
145455582
191976322
24988397
191976081
261831260
255429049
261831372
258862932
261831747
255428395
255428121
261831382
255428505
255428982
176699052
91864189
212437477
52627733
192673786
3152387
168896086
178294657
99255557
198458471
146584128
146459032
121154772
155996139
146459149
121154640
192803128
215051781
255078726
76119448
75980536
75332243
73753519
67387884
108851402
108672403
37016142
104908977
255079049
255078725
255079458
210403273
185751484
176713541
191767488
177734959
121173578
176810270
189632646
135398428
195788221
194822131
128906179
215051655
115536802
115522126
75980095
75342841
67290375
108881615
252758358
249686054
253282941
139720494
137594548
139721062
139721287
139720715
139721308
139720614
139720464
139721382
139721325
139720845
139720376
139720865
139721332
139720927
139721629
139721712
139721468
139721559
139721649
139720970
139721417
139721506
139721133
139720389
199576562
199576534
181998267
199578650
89480652
253303716
253303715
253303953
253304020
253303883
253303782
253303996
253304072
253304066
253304035
253303765
253303727
253303773
253303710
253304086
253303962
253303739
253304078
253303700
253304007
253303730
253303826
253303818
253303887
253303875
253303777
253303758
253303908
253304029
253303987
253303913
253304005
253303923
253304013
253303994
253303845
253303843
253303788
253304017
253304076
253303876
225173789
252589386
253615302
253197239
252589426
253197247
253615474
255428332
255429325
253615708
255428005
255428580
257789113
253616100
261831238
257789206
255429290
257789014
257789505
261831465
261831723
261831608
255429559
225174052
253615788
253615613
191976799
191976948
195228083
136117380
191976920
191976354
191976316
191976744
191976809
191976376
145455456
191976808
255428531
255429196
255428421
261831440
258863023
258863056
258862819
215099166
162208710
253198793
70780276
178011011
187414376
207244407
138336096
253198578
176761085
207810889
207810457
169770512
104909403
115548861
72305772
72308452
115520661
72689218
253283595
255078698
196487219
253282903
253283032
253303917
253304058
253304077
88815893
253303863
253303819
253303870
253303966
253303830
253303889
253304023
253303948
253304030
253303801
253303990
194465383
253303796
253303865
253303975
253303738
253303842
253303770
253303969
253303976
253303926
253304092
253304079
253303906
253304001
253304090
253304034
253303932
253303698
253303872
253304003
253304000
253303955
253304061
253304057
177874672
255078833
137594468
139720568
137594531
139720529
139720656
139721043
139720747
139721360
139721349
139720896
139721735
139720495
139720606
139721291
139720780
139720632
139721870
139721564
139721575
139721955
139721616
74912690
56958538
108614937
115520911
36822573
75995238
74907721
75341488
75333030
75335417
112336263
68482688
112190668
176270774
98940108
148997958
195789571
195791003
255079430
255079238
253197246
214910690
189538823
187551387
253616210
255428316
255428097
255429902
255428869
255428361
255428109
255429589
253326080
253615865
253615296
263246238
188388445
191976680
195228346
191976601
191976439
191976827
195227869
191976491
191976236
145455563
191976780
191976941
145455454
191976548
191976910
145455458
191976642
253615212
258862591
255429119
255429444
255428841
255429668
255428782
133450037
255428186
255079211
253198353
195971702
68113493
176056380
173758360
241787140
196468284
177763445
187019566
169229678
192802993
188583708
84426058
109643721
72919977
206558273
170337729
137980650
146994754
160888383
146994761
91863098
195318029
204633576
197678142
166428519
213855704
191976649
72924341
57299923
243083015
195344255
192802927
156241838
252690617
252697068
252695967
252693165
252693210
188658083
171061023
199576082
141565888
146994854
195929775
138535422
252698298
171061083
252697681
107365224
252698198
189180158
195929681
252696941
252698950
159035803
138336061
197849103
195929753
252690181
139720652
252697634
252690206
252693893
252693563
91864284
138832159
252693797
253304022
253304085
253303828
262865966
263387982
141807764
156251163
171062801
107365853
215119322
252693504
252693066
100128872
252698141
252691834
252696056
195933243
138143801
122390489
139721064
48951668
252690108
252693600
252693586
189472194
141802271
138536202
253303963
146994711
201158399
48975357
192802963
192802934
252697958
252692569
252691888
252697077
118259946
253303823
253303880
253303743
253303995
262868579
242635312
201081481
133451915
240656606
170337422
169770054
242465564
92876232
195971780
197068795
165685778
243082536
230040946
189944685
192802992
171095874
198963268
103823473
189944749
106325602
263387904
144045220
189943303
197069455
189944340
189944158
192802911
193481551
198962841
193483574
220681908
195317727
146994756
49895799
195351491
160888521
132352386
192803309
193701833
136163255
156254739
263287673
204621504
146994762
255338450
149966678
201700219
122672957
197333638
170981662
122959388
122959395
195351545
252005712
193548604
262132294
121202901
141393740
248543457
141393821
198962265
199630188
249658108
197064799
193485912
195340246
195341900