59010153
109862191
173090922
106788395
172499037
171793844
216001229
14770656
11713390
216001272
112331977
185863042
173092689
198820195
230407440
107970976
472227
58807128
216001242
7125315
112331980
67477617
11255084
142002266
51491977
58931411
69701406
212213141
142002258
11228097
112331975
109982956
107970950
262591697
191926640
205694545
125528603
46932182
263392533
203422865
67477615
263392470
48399097
15634588
51491975
112331969
262590487
109982968
48362492
215128947
506270
107970958
191926693
11228095
230200918
67060012
73978422
216001268
205694540
96491413
197629478
239750634
261968990
261989311
69701385
11255086
191926650
262590907
204895997
95070415
67712912
262590479
242717059
198822734
7125313
67060014
145093424
215195929
10920469
7125321
10920473
7125307
198820199
10920471
78494896
120037284
16085854
170098850
72512093
10638280
25088066
11194584
209388025
247327582
109982970
119955360
96491396
197629473
96491402
129766504
35862181
26593338
248931969
204875010
506273
16085863
35191890
247289994
191926658
72511282
88941692
17954914
75954471
48362486
194098960
192950281
193111687
216299634
7209099
248362139
162406006
109982972
90866365
2500755
129766509
7125305
113791608
15634598
249778313
197628296
10745223
221230157
7125311
1332601
3671671
47469953
145093412
172175789
194102637
247289984
25733167
90680782
7125309
146275536
208124552
2612569
3953583
3408331
25733155
7125323
53253344
2612571
112331973
475393
197628292
198820209
91552268
225267770
15634590
208122189
78904873
208122195
145093422
10920467
109982964
76117322
78491218
7125325
208122211
146272145
208122183
242504838
7125317
26593342
113528251
204874977
146271688
39839170
23240573
3288881
170098833
105990229
7954788
191920162
221230162
208122199
200038997
87882636
25733153
25088082
11502559
11502565
11502561
535660
197628293
67060008
109982979
73531892
10638288
110041645
11413613
46932146
208122204
105990085
90680802
199039039
565113
208124525
107970982
11413616
75954481
208122215
194155198
10920475
20480519
73513623
442284
160929906
249778335
208124530
4940255
247327834
185668597
208122213
486663
199701022
173481366
11599724
112350142
225267737
20700696
248363347
23240558
221230177
790238
114922531
146271684
134583814
5146211
20700687
221230173
209605862
134583816
575958
20485419
4200865
2612565
195545643
29820822
72512099
470268
3336491
589920
26387651
249941599
467489
1817627
217535345
21146022
134583818
59010141
49502459
21146014
248933427
23240577
201390516
252178401
201390123
165996961
134583804
2612573
201390135
119955178
82410536
202851088
249664195
55735577
16085867
164880351
213936315
540003
252606860
209388027
102428510
23240575
20700678
55119963
20700686
20700690
2456663
75954479
259568680
174606462
985282
58931413
249778325
107970980
252178343
46930951
46931534
208566558
872786
107970993
242091355
152517454
73522860
208122191
213936392
242091360
48210080
13624111
20700682
13624115
75953563
146276581
23240567
221230158
161425875
242091343
20700684
21146020
208122181
649961
101800005
26384404
191923814
51232787
204816121
101818176
242504830
161425870
161426356
204880979
59131377
87447651
59131391
149520222
547882
11194591
68826494
55646610
7125303
84981069
50247854
208122203
242504840
185668557
20700680
480150
2633653
373837
75954477
20700694
252178353
209388018
55908719
76052024
252631695
29820816
208408596
161425878
213936123
7378477
427722
192987716
29820849
208408675
563022
11510845
2633649
49101033
480209
14761795
8293541
563009
146272440
20700676
146271657
252178262
29820812
2633651
572994
1057432
55908771
1057436
90794832
563000
12120659
29820803
204815948
2633645
71078798
71078806
11510849
205506523
16999562
31326963
31327136
1734457
177641198
262086779
87882578
11137892
58397029
57354852
11137764
253281127
41084079
78490877
32036957
21032178
1734459
174216892
4529935
73878527
1197737
195902969
19346669
467492
357295
262083062
217535365
966503
57815458
11137913
59010146
191923792
6690763
23207315
195479301
84932887
115706442
584743
80417223
606178
30677720
966505
197085806
867306
343927
966507
966501
7979061
77111820
69701394
145093419
201390132
46995631
88941679
165992285
184425043
155114515
69701396
184236589
14683301
73431567
89204264
1057434
184236585
15634594
199039053
431079
1727993
129766527
252605709
73419630
1727983
35191885
95070418
16422492
197628289
252630558
215597924
248362137
174606471
73431563
87392049
1315603
194098591
88941710
184425051
170098832
109982974
146272101
491596
460509
905807
90660821
249771944
205694543
176831141
3071353
109982976
195545318
1727997
88914957
73609403
201390131
11596756
170098844
440117
198822739
129767969
106188420
201012088
1332605
1727985
69701383
869077
49270566
170098838
863705
20471236
572963
25088074
222414488
439961
222423380
399088
399092
399107
222418664
142002262
11194574
73419625
145144836
573017
249766467
77323612
69954395
88929177
62349862
11194580
182130756
204880973
230367247
460512
69701402
80412696
248176722
145093414
217186283
106188428
4940261
212213022
13359650
69701400
47464192
10866301
120504221
3601381
3655893
212213020
247289989
193771264
1525467
36996315
73431570
248176738
42766217
57521326
11194576
172303154
165992291
194121041
248176725
3665149
185668565
94955579
5399867
46755074
589946
47464204
197628288
16422482
113791626
46930468
35862131
129767987
201390137
36997506
216001240
8388801
32352559
87882582
184415428
184087030
114922536
169818702
16129414
249875155
13359985
24466046
253264779
82495104
215220984
20475656
169818155
185668583
184425055
82495099
11502567
145144918
184425042
216203827
142002260
11255075
235728514
184415426
53253346
24467221
249766494
54684102
377371
235728496
11713388
208122184
440228
1215673
6690775
192949376
35862157
201012078
146272081
197636442
1822091
208122187
199039050
165956835
182851083
199007570
439841
25733165
195545312
201308327
23207188
208122192
2469673
16603406
95070421
7201073
95070417
25733157
11596728
170098861
11255077
980930
373828
244169090
357297
249875144
11255089
90660814
11502557
217186294
249875156
249875147
127061388
248363329
11596752
204001765
199706234
90794820
1324911
82495106
503689
217186333
2363037
109135934
253258462
5399871
3935883
3935885
4940251
205071937
243006525
197208038
124746883
505813
194159230
132366465
199039041
5466947
46789761
219161868
96112539
136812792
51950260
88929173
20392327
57040585
88941698
198822731
172175781
1215675
197098991
8293415
115706436
3553063
77281269
14325180
36996312
2612575
208061833
160929908
829996
236002742
76051991
11728306
129766541
36996182
8389209
122862177
137694323
10738158
506264
160929902
184082382
47464757
194103000
80412702
829924
21032166
3899101
23240569
164092192
11596732
25733149
185668587
252040408
21032163
90680786
209605872
68266998
136812774
10738162
439906
10076116
131138715
53495986
90680798
443217
192949620
204880955
47464755
19346665
10738156
863709
10738164
35862171
28196546
10738168
47464194
129768003
872778
13979506
24466044
863707
69701404
58397035
55592763
225174768
47464753
145093416
26382888
23240580
22649779
216090634
1590647
107970995
5399887
194119000
184080389
185668546
47464187
957744
184086641
138938244
192950267
204761919
112350156
180225991
46755081
11596730
46755079
439138
251281605
3735109
253471960
94598142
5399883
199039047
201012092
205694548
199039049
226309143
47517552
91027752
216203833
23240571
164092256
1197685
559526
438224
113526697
193979577
198296807
468532
91027809
1197731
439132
107970972
204874974
13359635
252078506
198822743
30764820
73783344
36996665
193771673
253284850
91343725
19275405
46755077
6690767
10738160
242504834
1215671
42766873
30764818
193979838
161425880
185909684
7376721
31514983
102566681
980926
2684459
120509478
127844378
120509483
2612567
88929187
219460727
202851072
29820828
25047227
201012093
373825
30764827
1075584
120509476
55908767
339992
468542
254411128
184415414
46849762
32499423
120509497
4940247
106188452
42757595
56407473
235728516
1938907
1822089
159035365
252912210
49270570
42762122
248363343
196382824
242091344
249766500
204880983
13360012
559471
87940909
194096742
35149912
7956528
55119957
198822746
214992557
35862149
204874994
192949614
235728501
58397031
540758
2469675
4439915
25047246
631954
25088103
89204266
3671665
69701398
184068216
13359612
11194578
175149075
50277609
35148948
102020568
56408677
172175787
253284317
17937817
980924
53495993
190087747
13359665
75947803
107970954
185668577
427882
31347346
31323153
73108957
53253351
506268
16043106
195961884
49101026
173479576
176831146
6595667
204880969
198996022
87447139
196180865
438236
216001276
89204251
438240
201088311
253134325
216203830
7378493
373824
16044218
196305470
559632
95071273
212213113
112329429
438954
58973811
47464190
56454895
10920465
25733161
395664
216001244
373832
58169160
4439913
173479584
2620225
11596760
75829057
26384825
73431572
197353224
25733147
26385006
201107024
55119959
76527938
15265984
7986376
185668541
249847698
201110537
1419469
439962
11510839
427712
1324891
95065892
252776888
594599
1352357
13624117
196518836
160779613
1650505
252561539
253471964
470709
136812790
194160736
46755085
157194646
129767961
11596724
17937803
58166240
101905121
605419
574760
172303186
196830269
80412704
3336499
503029
11713386
192694534
56407475
213704731
8389023
2684449
192811012
7986381
70847649
559479
112329425
103110742
176909250
196382822
53253349
53253348
136812772
28057017
449782
155679624
20111691
85042209
939109
75947782
4995641
542564
887094
248363327
75703350
75947766
205756956
34565951
196518844
191923848
157194655
52705101
477695
73873699
49273660
58972761
101920968
7378489
589837
1822087
87120315
198572114
443391
215129069
113527592
16041347
195545390
187011631
843093
1525469
1229793
11510841
59131385
152464639
197629476
438239
20462150
259599395
75703263
129873794
191923818
107216178
59010138
246772972
863663
467497
454328
201692560
7378505
17937807
374969
373822
184080418
184080331
165626663
50416104
57040636
439987
939083
73630183
91561943
108280518
196518833
77230253
373827
182718228
685450
440098
50416099
21032172
957746
201845095
1661205
34565936
244169092
184080323
12107531
9953015
172303522
207256587
713987
373122
188919724
184080336
173479566
75947768
20431684
68826496
201679175
13624125
242502792
572950
505384
357296
503034
4269743
11502563
198285100
16042984
452292
35540519
201679188
188919459
71072216
204816945
253253095
90800332
19724390
259599147
438234
213704721
251281609
195624148
845543
548134
31209284
8389326
68591568
253252809
867314
50421097
863659
863657
49273683
57318127
75954473
72291808
572471
887098
90800319
72512091
1019689
75947770
505663
580816
75947776
569250
203945377
199969287
55646608
87120313
6584891
2684435
348445
887104
339990
377346
572972
17615873
196291945
68392376
67140906
17599326
1568819
75947795
452334
253170593
50416106
957748
29820813
354907
12289236
493772
259542754
58397037
50421087
439844
94700735
244169098
88929185
419748
472228
192949632
12289234
29820810
863653
643117
90794830
643345
475749
542571
195955642
31969031
3553055
645257
94598136
188919757
188919555
50416092
572508
505379
260805283
3336495
29648457
12107521
215297076
199969297
196058106
354963
212463632
203945317
357298
939111
204817059
957750
8155350
151458838
795502
417842
97561441
201307383
554520
94700751
43662829
188928108
191920171
596501
505319
146223824
75703447
12289230
542570
175965035
357301
7378509
75947793
75947797
75947788
77281079
55646606
439126
686392
71072211
339993
887108
242718228
41745035
105990075
173479578
479969
2363031
68267005
25047208
216203829
186136477
4529943
1669915
262083701
16400603
165992282
73878529
439991
252671589
84992105
196292066
34566509
4940259
427704
34566491
418909
980934
70847645
173481611
373835
38576141
184082119
7637151
523260
194121114
162140210
19662173
262870657
262870534
860752
10638286
10738186
194121165
262748038
4690125
195545802
374010
59511807
115706430
72511286
42755242
193979578
1042480
251281611
201308345
69107166
464203
69107168
32352546
417840
42432110
78975583
45873956
16603412
4690463
253235365
4940249
225267780
170098840
182724711
45888874
170098842
74225721
3408333
105740354
113583130
250549134
14325200
540281
153518807
4436095
4680629
178831681
32499447
3032007
59511805
2633655
20425789
84932891
4435623
262748044
14325206
49253290
73603946
4680633
11596716
453837
117318177
87447141
262748043
4680635
2633657
169341327
4436221
11596712
4680631
173481628
244306959
5399879
373123
49273687
162140226
247285596
35578487
4529937
132209309
2422657
208061870
4940253
101920972
247412693
120509493
14770655
4529941
32901503
6330747
11713382
6330759
42443352
11904383
6330735
262044190
109135945
27639414
22492388
75947772
119240555
19346681
193770285
91258690
20392331
55365000
171549933
262728749
253411975
249610763
440230
15263923
261995704
178780952
106188446
55365068
1817635
54685823
154986957
786982
8855462
207811636
47464751
13979514
575970
860760
101976271
196021446
262881735
14147647
11255046
59131379
173420797
12120084
11713380
154986961
58209246
20440478
170098843
262646201
242717033
175969124
145144815
373844
109659181
217775969
168293391
202851092
172161471
6330743
58413502
189933554
173481970
198296805
88915053
184226420
87447147
174606473
32217797
147272342
1590649
21146024
192802154
76051993
76688187
3032009
10638282
176442436
6330755
3638037
77774532
13624127
249168778
109135936
194121138
253396638
540001
253411974
137694309
252767727
77154512
6330751
117327269
221225930
80412717
32737036
4529939
46849756
70847642
3638041
242220583
147272388
47464763
57483660
50277615
173481878
132206384
201430812
193758289
196786811
168293388
2684443
3638039
208061854
71072213
77448408
6972823
73630179
197964587
75976806
8855460
8095604
539985
217696698
69613844
209388023
219146855
8090973
201390124
22492381
195104345
260808768
55138480
196292044
52726664
193736750
40747040
196423796
110091029
185908807
27639420
242628155
1704253
58268303
193979582
152046709
257759848
58942193
173481631
209388021
440224
40747036
11240831
487456
230054692
96112729
192950209
136116178
262464250
91561975
72639913
186277115
252591788
16683167
91031919
10805979
20486431
498122
72511284
3032003
56339541
192692889
55358263
57811714
576006
73954858
58621864
191923872
73356681
193536546
8855458
196515231
431496
208306462
75983560
181379137
262746919
83813042
1405577
69107164
215890747
11801219
193770746
262526445
49273685
25088080
417839
75953568
4533927
17032462
101920970
203499084
260435023
91031912
76542991
101981624
594538
262385849
472232
118796403
176440709
85376379
998363
251281616
173477512
185668593
87940904
85376381
439885
215163095
631945
215200728
78906634
134583808
214508755
45873958
252604846
17032460
1197743
186165953
42459016
27639438
358398
1704261
15263926
255223192
562965
49273666
4533941
795500
1057438
55709221
247982580
254076870
254076873
249054629
36984374
253411969
185668574
867318
546060
21582972
32499417
169818611
1938905
91560927
186165391
262744877
173674064
17587138
1415393
54684100
27639410
162032127
85376377
212213145
113583131
2684433
790122
4533931
69705114
1734467
11253630
79008827
141496796
20458343
73437499
570979
17032454
506709
259599451
252239488
125400356
1817633
59511803
129135794
249022065
54685827
73952776
77916293
58413504
173976005
892679
141501886
194105547
252043848
192950465
192950475
192950520
73438249
82409522
73437495
201843628
262464207
253059455
201569233
77281271
50436573
49273652
54684096
32737028
47799388
11240829
253129180
252604481
216296804
251281613
1197741
186165393
196292014
91031918
253171256
13979510
546079
203499086
195479223
72511288
31972587
77917402
26412714
11240827
214591416
109633482
19346659
247061435
172161461
4704899
540282
73438257
192950459
4533933
73438253
17948447
165021298
11261446
58616762
9811221
40747038
19346663
77448420
173481634
79129127
217696783
84932885
184790658
58268215
86586364
197604254
479975
75947336
136540020
50277611
175545290
27639424
173477521
56511853
262646218
575962
468537
418914
105990227
154986963
202851086
180225993
1019687
498110
101897981
55171095
262886279
191926681
59010157
395673
3671663
69177749
160394494
17594999
20460905
173477545
193770889
3671669
202851106
198572636
173481618
173482234
216203837
137694319
57483666
1449953
565632
214666714
262870494
261989309
575956
10076120
57220055
25047238
13359642
196021627
112350141
214614237
154986959
152464634
193979599
25441347
58807126
207754441
203290212
87447655
253129078
1019613
76542987
253468315
207811592
348847
196394985
253662364
248363339
106808559
198521182
71078796
714296
204816018
173970060
89593964
262646200
240626813
177635254
263033842
73726149
192694104
191920156
373833
82036960
112329423
17594992
263029249
135552446
10146206
193516654
184236579
203945366
28266324
193979857
7953313
195961852
216406928
82495101
252773428
49270562
565170
113060811
16422484
49270552
214592820
120509495
46849772
6690779
68267009
196382814
204874987
77281076
157194660
207754439
48362490
176437567
174606464
193045266
54685825
10076122
197337562
56732819
201390518
184790654
13979494
36335786
25047224
130743530
242220599
58931412
24594424
155689981
3492355
13516174
191920157
540429
242091340
3332353
225267741
173481372
106188426
440232
95065639
106188424
506581
213936476
225267736
262057051
212213027
80412698
192950089
16683187
7953309
21146016
77281077
106188450
442273
142002256
209379539
918704
248773608
193736691
3032001
195104348
106188430
248363334
259599426
225269672
208061806
196180816
195545410
985274
57220059
198124247
87120317
252913302
201390513
606867
50277619
193979839
235728506
193736980
435989
7953311
259599139
201012090
82409430
190608684
29820863
506609
217567942
25047248
48314960
56609165
55358277
191920153
196180826
40722796
120509480
147272394
110092967
968191
106188448
262085699
198898812
12141180
253410307
4719869
555496
262388570
198898842
46849758
41123660
105740352
7823190
66512242
337943
195545344
185668549
680882
21715938
58136087
262388616
13624139
196021647
247786019
69705124
1727991
104028001
57505842
134583811
109998068
4439907
459552
235728504
55358273
57220053
21032142
201390139
198899326
4439909
204875002
869039
47242752
10076118
216001256
146274319
34565940
253059028
170463582
897016
204942497
123236564
116835635
217577344
204874996
21853795
20699899
248363341
171585504
212484463
434866
253400294
152464638
137694341
72668422
203093937
147920907
213915353
565645
32593153
565647
191801175
42259825
99863101
247289986
569276
213870761
193558328
1337735
120047135
74217673
205554800
184779711
216001250
103475367
172450973
249019719
74217686
21853808
2449681
253656611
196985652
184080406
48592472
7959221
235728745
1337737
235728755
104732038
191490396
25088116
213575696
249778312
8470228
152046715
205694858
10566743
7959222
253058889
48362500
197085807
142212302
204880991
8470214
32409658
8470258
8818469
42334976
191422635
189643104
244169089
29254205
26112331
196292046
204056757
102627652
7775738
8470210
99075161
57521320
38417457
208188693
57707235
55881496
252035401
160081246
254019123
396937
25733159
179531169
176443194
201679181
1734455
184779719
206308042
225267743
252854693
114447401
105085752
43700182
40747043
111537682
2071487
63448524
153518795
207830898
179952629
217648275
173977178
55881494
47295250
249569664
31969021
980962
247661418
53293051
545964
87547354
252635212
3492363
100296705
1337733
249034759
253056957
122141323
565643
176291707
42279449
253271647
54813049
254076877
1337731
253264660
257770241
57750516
253681184
208056252
36996321
464199
219157239
249610772
249034757
434867
255466251
30792950
464198
191909058
253056882
11081041
66471627
57707221
58890689
191315737
217648343
196830259
262464181
212568922
177650161
249610768
8470224
113430071
2029991
205289331
215039891
190608683
487701
38436474
173420791
77225340
11810799
507147
535780
7959217
191629946
262878348
260805900
104739197
179795401
210277383
166653471
74342184
251857353
249019187
252561538
12120883
191757598
116125290
6543927
20673379
117324442
190826839
24467226
193584086
248788813
74492818
173673955
35862117
16256547
4257173
7959218
252578772
120509485
8470226
173977876
255455630
73511877
10076126
71072221
32592999
49549964
249215767
30764835
31861770
217515574
193584088
198562869
219134823
83878787
204875000
92994541
204880971
152464652
108716668
988371
58751181
196785880
56315585
8470230
58272295
92862560
439154
1352337
434863
13602398
49253296
188408945
50047592
980966
137694330
980958
215462477
214493587
247287424
25047202
13602749
479143
253058452
637740
252162841
205756929
96491409
76443016
262568210
129767993
222479683
49253302
19297925
201892536
3665153
573723
262568038
58339450
92862467
186599606
85923526
191919689
185027516
185027506
20700736
58272308
8470204
252173967
403553
130785406
2039533
646294
90624148
2393061
53249478
203865311
247287418
34554018
213575694
54682254
85029041
207565674
159824200
58441147
11413619
201679173
78904397
980960
201679861
53390527
207830884
242091363
20702473
252580702
210277401
193584091
152464650
253058448
249017163
58980864
1817641
252575170
107327590
3470189
214617642
252241978
569303
67270966
207563566
145367574
257863298
178240517
207830861
10272819
191391595
1817637
434865
184425046
76542989
107216181
16102496
76283136
165956837
15269380
117323883
10273651
252035380
58957720
69177757
752476
19691966
7978955
207565676
162140205
249019182
21051421
208122578
3470909
252561534
252580448
57707223
96029764
51598547
160929904
77281265
166525087
42350735
40052624
165956559
205561842
213575692
5464715
248176734
253305015
434868
171549998
211924795
71948006
217648398
869075
14645355
183525512
251268976
215705453
5731525
2891849
171549996
125528595
578139
190608703
249017693
45321596
249778308
418897
214836973
17937801
11904378
8470186
251532907
142791753
253393886
8470208
980964
178240508
166133445
24466048
196049671
98804739
76816544
75440555
207290024
5743641
242411223
77122339
201679172
49253304
560576
25047244
217480933
56516581
19662164
7718727
214989440
209349472
206850438
83878709
247239997
217648280
20737984
192113438
259660381
247287417
53728796
177662722
162140240
159814611
260667994
16400586
4301541
77122333
181750445
568546
3492361
1734365
199693041
55646604
120183464
46755091
71948013
203222183
10697072
59133527
56339539
247446424
152517444
96309897
254260753
67889302
33590906
77122335
253253281
576197
3665151
215221472
217648410
141002537
44976202
197620473
645259
87108580
650566
3899117
71081906
193613622
253471974
626927
249092228
345765
49253286
10737027
197516233
189573534
215221566
5907381
468754
887096
4056401
709361
2339321
71948017
160670347
40052150
190096849
252035408
197084473
37134798
205471681
253058345
103808383
197638816
197085820
49648501
166079532
33034995
11683675
158647166
55507552
1734339
213571974
174896137
171580974
95357532
166529594
208056316
105739824
155550594
166529607
57715389
73510561
155550590
146273605
49253300
146274616
887106
205291717
172450598
155438115
2422655
109599638
207830867
89250814
249827402
221016457
74301138
35862113
28199667
249025105
213575698
250542233
252611974
42335004
155439082
10581329
261977247
262800285
191808653
191808354
263108549
577049
49648958
49648979
201426552
262837104
244309162
76283138
98686572
207754437
110593641
249778331
51233899
1610053
252854695
178334354
248363349
511633
248793722
98697586
207830896
115747787
69177753
49648461
316225
1734343
657391
8407888
11951799
22482229
253047938
253047577
191911053
368901
869079
259590057
2438577
115796473
11253909
91552270
13637701
16102492
97821650
157833251
115747400
15371791
1734341
54395187
252960659
127032636
47508025
207565672
199952737
208226499
869013
137968583
48595012
54753335
418872
30792960
174896160
141317942
26106256
115798849
73119270
215160575
214502570
197085813
166525095
44822676
68252788
262731045
222726401
261945851
38481692
1038340
174896129
614930
55024878
48621454
242502283
54610800
169490158
198934310
3665155
196932337
73108418
345887
214942689
187759876
72878800
35862109
215152349
175431809
130743627
202475553
76796335
203927233
125004989
176064169
3470475
260808735
116057137
191808472
12141163
73609167
570827
91031932
25494699
887102
40052035
194583735
252632257
98678595
138260042
235856249
209610793
213680230
71052482
192354812
189558645
72772422
174896108
828615
59104281
113430025
71072219
191632831
77222899
191808476
191808332
191808552
189573466
242797916
262066001
253313844
19843062
138546127
191808478
57750310
155005475
72710644
250078011
217648386
253268772
253136290
153518790
197084467
186598898
752503
247320847
253237379
25088098
24466042
207493329
249610766
197085815
253057248
211923655
35862151
32352551
869025
7125301
494162
262464177
13290504
205928374
16612171
200727202
74278659
171821041
141317711
171876671
229732890
354862
213575700
55881502
30793211
169490154
48035331
251885310
2422643
263056434
102834595
2592095
173865092
190109331
403494
253059801
17533157
147570625
17533161
869047
196518838
241776566
194860830
262292769
74278657
189573375
200035471
74496278
49317829
52726661
262451744
57750007
101037450
6010093
134283656
249535321
93862418
177886296
263063891
218761553
1085586
15350501
165189474
165804949
192391403
141808003
198123642
253264803
15350505
194794368
215094814
38417459
76542985
162997623
50308354
74496280
261808868
68255212
8470206
213562805
71051851
164246667
200035332
49253292
116972227
14524633
119151478
208188699
5464663
77281267
248468023
196515319
569385
252576608
414698
141333742
197650248
24999530
92168072
19691976
2438597
191751869
7976724
116188658
8033613
17533163
21674442
91343718
195962704
247661420
1036538
17373719
20286813
4885035
198618722
259678204
148008765
253068815
189170993
42281261
262045842
457214
205414491
49716262
472336
49304361
253281773
217511194
248498734
727155
112790197
493479
19765331
103475400
192113585
38145398
71948015
58902467
221701483
262451761
109135477
58890623
262656173
38417461
454279
242865084
57707224
418900
199548405
196831954
55881492
8408532
74405071
1817631
42966082
229715629
616252
204988923
178240499
57040120
113887134
190608801
248432374
259599413
247677816
21308469
69705128
173488109
244299387
10581349
230983810
211309362
212484727
108676275
36996309
211914509
454241
12071768
962929
205967019
752484
996015
98732858
49253294
262387892
253313912
365991
166529603
253275157
242087706
58890633
136989176
208319394
417241
171581017
252762198
186210021
253057411
206117755
568749
32917640
162514300
262781613
37134883
138602273
54414716
1036542
262057163
259599434
255466148
253629665
406357
49317832
2624103
73240266
727223
253211330
16258504
74634804
17960436
535841
215978052
57909322
247786103
217535339
7569695
147341626
3256723
197620471
200844862
253271293
2455627
77221466
181726653
440743
217186172
242411207
365842
9843960
77222472
157073372
616244
457300
189558604
603315
31040365
253268959
203909533
178736628
36340466
144252503
173449317
22492385
112016306
253252889
58972757
259599411
19724386
686351
887092
120183659
201849961
3577365
46995689
174532114
217742788
262085736
54568730
146273682
191375597
74201124
560255
137968652
203084335
104629671
146273705
760045
250076093
19691972
217510996
4301539
217149700
104049769
161383833
10705794
2676023
204874991
252573289
262646237
42844798
252577493
34750363
257770229
259647010
17373721
197964597
36984377
54746690
70441018
344546
253297494
198572639
13780966
250408186
248787170
169490165
51374355
249092597
353972
142009172
403496
248645216
16400592
198934470
39787183
89261461
207024131
15371793
558727
262451730
194769557
203290200
109776158
201430920
167528261
547052
253211383
253252981
94348089
262681464
177056794
249176451
249111583
221517179
51841317
58972763
209389384
206123655
242410742
1024052
194465399
1650395
50308350
209904940
251268945
252035436
252035399
216244640
138379272
262838780
177659986
253253339
262745678
30793810
56362834
106808561
97887698
204004352
225385675
247320828
185668550
195939433
32581486
122521443
94347326
262798963
262915956
262687394
262905046
152517436
98332697
103498449
161383830
93414376
20873553
48759339
15062735
78904163
186313819
11493760
7833190
22492387
15371787
261945436
262877273
262905788
63473601
178779307
184495852
102834599
752489
28056997
204068811
188126551
173481382
262904874
262464230
91561421
37875387
262734371
48025791
262345697
74823804
77122337
262936716
120183249
335560
247320316
6932191
1019615
214188165
58272300
253264766
85029043
167549218
154852245
216007083
643502
38496086
373363
110627963
253238326
262664301
157073395
190582275
207754427
11194582
258552454
3024675
262655288
253363920
49066819
73603938
263044650
1734453
262726212
440744
249277140
5495339
184802468
171584522
147568368
31030582
235513121
104628439
42403154
17533159
253313978
255338989
3492357
863681
205967375
217778394
39521365
50047681
6932203
253070788
418882
25047204
14716183
8470212
147571039
255368886
260113181
198572102
173488113
109641018
178831407
250020199
102566686
249477106
104681425
253057255
259590086
173673959
197604248
73956627
207987943
167019681
17928644
627801
202604294
253268774
113528179
261825861
175445641
255455628
207831768
185882613
197337510
162994389
189573436
217648290
252857822
25088092
205407804
222407294
34819254
114459434
253402682
253058916
260668218
251537168
253234053
242483014
72683278
248499006
240204627
631935
208056250
194583387
176941282
207830870
1734441
192987818
205967023
32917623
5495347
247991946
204056751
186598890
202331767
259599444
49786833
208118268
253319025
502222
253228068
54395189
179944548
184080397
216213486
188043666
159824391
116189300
260812421
262590318
208408702
253363444
253275932
253704013
97553219
184495899
262029585
709354
58958095
58976241
562603
378856
73948180
117832459
376259
760047
752481
247937534
205409216
262388120
245766167
124944022
440947
187829816
186369157
253285151
160670343
1314001
262654069
260807189
2039531
129132704
253136124
14685142
258897532
25088090
177752419
56315583
174558153
249686899
54830093
201828989
250100408
249871306
253107848
77230263
468543
186703058
204068861
4301543
344548
35928085
136978467
74492816
106457520
118326080
205290119
176080865
597513
597353
741564
201308417
248930235
242263685
195940935
215978050
115706440
16246690
115706438
11419490
253282142
253236473
253238342
253265786
214597713
191981210
595758
217648407
198825232
252961663
570831
259599432
259599133
217780700
2624097
248586175
918740
185411009
57841158
14293333
191315780
118326091
369669
204071463
35010875
181714259
77220790
73621689
131139978
252035389
10146198
741562
125790539
214189328
249145659
535833
100913871
184080412
147349520
68421581
114459431
104628486
254260766
51491472
252861152
253057483
193741988
14761759
253282521
185909003
98804785
98381067
193979842
261946678
157073420
179916031
479309
217574896
252597472
16102491
418890
190608759
262656910
262584391
188900817
15619189
207291433
217778084
253056992
479289
5743609
169490148
215039886
196517622
1650393
147574888
110670715
249806249
77111765
61892338
216213547
186313010
249806678
257787211
215039884
476547
191920167
253298771
253304949
30670868
190608767
192948616
57040124
50248466
54797778
262388674
204288523
252305573
260795283
5457865
440297
260940060
19739411
202609562
259599407
259599409
207493331
203290202
119188541
98300792
98333390
250067642
41571754
195929208
210878222
58991948
3577377
151457890
36299153
603331
242874512
169343801
137694315
19662178
246208408
58932955
94777926
1590653
207257142
247991369
253227370
11494012
253070634
253058578
209430397
162140224
207811641
259599433
174403714
261959338
225205204
72639494
257777111
217314844
1036534
72668420
58268390
210137892
253319029
253238324
180400006
203084312
140221927
179941645
192171007
262049697
206123789
253896256
173481378
177312555
53466924
760049
355103
164989988
431920
201679867
248082501
7718729
189558514
189573556
1650391
59342301
205280952
217648271
981944
217316073
247302182
58974364
188043538
154447363
252949069
252040426
162025758
199106326
248325691
197337588
49304107
171585096
2438591
46849768
191753107
250100655
253300534
253058642
252632219
205472370
209349379
209609974
189706717
259590059
259590067
253273173
11253632
185604524
260922949
202507792
54830090
518260
193111690
502227
397889
26382862
262696654
7142201
897128
441241
193606515
100113260
179916220
191572729
184495721
169817877
3492353
179951175
204068778
196518837
141798933
52188300
170964069
14100922
138891062
141792608
249535883
201308005
248636400
242791345
50047659
100916957
180230959
130784899
147269820
247061137
95500880
248643265
252170750
259483156
21585241
259482837
257758593
249570314
244306762
188919225
248930340
53701000
200851117
153382792
261072726
104628447
175555278
141142206
102412688
14923945
69270721
252430993
49337916
222724093
250077380
249026317
48362496
207293061
247061028
215767305
222726453
15281569
1590651
614890
252187344
182300708
182300302
207263340
262061801
216462262
262061813
263101066
262061806
242821134
253298758
191820518
263104561
201017919
262664381
262692760
3257917
179141968
252062304
11227936
15371789
253253212
262904815
253254045
253238336
253238340
8470218
208408706
253273312
253265903
252040454
11493909
49272266
49302341
230323723
177775109
262915883
262800161
248731989
54748627
211309405
49303936
42459018
110593624
870561
262820644
225907324
262656838
262665975
208118266
192948610
49273120
1063842
248325798
214584827
177169290
262590300
10102915
32499443
202333708
208408626
248523292
248523221
5743611
253228294
262054999
2624109
249893612
7378497
204288569
178240557
217440862
160067453
202610657
1689491
205509863
217510923
262648670
257770301
262818546
252765293
209606209
73108955
208118262
249662954
263303940
252672171
262686728
263208989
262729357
263354926
244307661
178736632
196219959
115078647
127844374
107993778
136539755
194583841
249092417
173085545
147272168
77230248
94874103
174575969
157073380
188692118
127844770
136540010
182295624
186693922
191314269
188692122
191313996
162998228
131886998
109661787
190337195
36700945
147265306
178031687
225934435
178711214
246161348
206205094
176226903
263293091
145145292
201679863
205113590
141800740
248444843
249806060
103375756
160756072
84696727
53664284
73108444
252098349
252722134
249208059
252079582
252722525
16400588
77221618
202333626
75510989
53995012
225191671
75510985
100898364
100899623
188374763
217154451
252562851
162360340
255175495
32976153
259489572
195742071
204056741
215977817
250078050
250073564
79366554
248767506
248247321
102566677
52575586
15619193
185668591
249038551
215085747
242216806
222726455
182300235
182300329
249822707
207257160
262822131
20841235
173673967
263100135
263069207
207503012
253300522
253305812
253305863
2455625
24862991
253363473
54756890
262904966
158740889
1361667
253237707
253264447
253257987
203084471
194563165
919939
54748625
247798243
146273726
188902629
262464242
262037885
1732889
59403425
2592099
262653990
262590284
262567781
205072722
262387308
94347670
104273031
259599440
253314028
157833959
248550825
209388183
253058125
217549696
205472528
253142186
198618446
217775112
214599268
261945683
68826506
202332142
203084136
87447657
15619187
182849281
125789945
188900553
262388632
262382841
262350252
262363156
253059433
113430082
68260810
253298681
199600186
201679091
36710634
204878393
262934431
249085212
261944465
262696786
248125235
215344609
180722379
201911405
100113256
130178567
177772355
81224329
114259281
164990712
179444765
230144204
31205993
41294606
136539761
186591450
250408341
178325152
177266903
204068747
187237163
129594680
217147960
190322200
149520397
398846
192090610
249883303
26112327
195929212
5494049
263372560
262731029
207502925
208200528
174588971
248180073
201308015
252721773
221227080
252722462
249471932
249536048
54003813
204615783
6563565
12383679
253656602
32737026
204879053
190582587
89204253
1020669
57325281
166079528
56498619
147988202
197164195
72544074
197653924
56226627
56440836
48615642
120504457
79409111
235728754
122488828
47530628
193979584
250371761
221229949
56224889
472337
174440921
252573145
981942
253234685
56218484
56320011
157194668
12230615
115794782
186598460
201679171
79117383
11306513
35862153
535859
10732746
192297071
192303652
173481363
37875478
77111560
47454211
196292125
56416450
175458321
262654123
131362048
37874876
155463018
56742720
56318325
98733259
1069544
112550532
1644901
199952464
117832528
44808470
59480391
145134924
56799913
56323316
78490452
2805789
225941099
110627911
10271797
128939285
208122580
47242745
137822808
195797671
192586941
16400758
184779701
136812786
56452784
173481380
56390117
75356193
126796910
254184780
49716268
48150214
196292106
58163075
249017746
20822748
10920493
44808468
56334025
56512957
252035420
51568392
56445439
75439476
67889297
173481374
207830888
79409221
46930935
56449097
181233024
56427824
37873534
196831937
191920173
10737031
198614073
201679183
11444329
457272
56433224
229732790
10758580
219160921
253182763
175688105
253264141
73165401
213301580
197922891
10920477
253298767
204413381
253044108
16478259
74858846
44157092
56804044
59235440
196559528
261948037
243093601
242862270
48615465
72682416
2455629
28724508
190608707
204874982
6580739
132206388
56814902
157234106
457289
146588188
56322083
203945319
77151192
225936495
249854250
102431654
253471986
253058712
213464306
962806
79409375
52852539
214189450
213704980
79117377
253058174
27828467
27828455
72598792
889135
251885279
261949413
68612036
232465419
61892314
260810074
161947306
173135249
12113797
212565194
251537166
191757594
95513239
196292080
154219133
176752846
20463209
39370920
74461118
95070203
59010155
213715231
14056318
200035259
262748037
56430144
186600205
53395804
87457182
8312032
190517216
177061027
172946871
33419683
10758437
16463347
120509489
10271795
253057018
167969483
20596434
74278647
79126532
56443197
188409791
352800
95039298
199708059
14056768
160438639
167600192
52852535
160849793
255334624
56801014
77448422
53577642
49002476
53395798
55404917
184492839
53469400
20820562
108130577
186636187
11646921
182300608
59235442
183503863
74858987
217316809
71072207
17448068
2634423
11443993
188847064
59010143
175567334
72680311
16257053
52402446
112550542
240671998
57716481
103499431
67889305
48623454
201679843
260805594
56801021
35230220
144317680
152517452
177633837
105085536
22367778
235800721
102579615
173836853
58087968
192847277
255325617
212956317
12501849
147752009
69585268
58807136
117331411
101779306
188409581
255338256
457253
49002499
59010144
197744521
117832461
253420580
56510795
195800691
70372758
194033284
28718613
217561353
248764423
251742791
104049767
206860480
102562796
214487383
199175649
176291089
96593990
48759214
152517442
114944654
58667143
56519025
53831728
195443853
51356499
247786021
200727076
198112589
200727086
253043956
217314635
49002487
6471221
56317406
253057245
70372675
29810932
210277786
249765041
96309912
177636660
186598501
253058212
262796566
127268807
262067467
176903062
186599729
28196294
79117375
184281992
211951580
154155488
196292148
41123668
252070231
36339026
918716
165092035
173420789
397294
9808252
213581195
35862115
1229195
205319385
131139986
215458771
146557004
242101994
209867693
447016
260795629
136902509
247786090
41485258
180965980
261949622
9957164
19808000
198900228
253274607
206636835
253276567
87457187
74391950
176752843
5464659
260797429
354924
262464232
199592709
214492009
249085347
253306623
253284325
124892970
249019179
81437590
145144851
186683899
56806881
188321042
56797408
241968085
56809251
134236459
252658525
200727096
11443526
53831727
49002477
174301596
71196546
204414535
103369173
252070199
195774242
103730506
457257
253237893
457279
167258777
157234118
251274537
57716509
253238310
215297084
253045435
31207240
241297770
70441347
174444201
187058661
160922186
49186315
141132440
7775761
6010095
241104184
6580695
205021662
217123553
76728327
42594707
176903545
115773014
32917648
261949283
249271721
34752041
215727506
247238764
173481625
22985071
22492377
185991871
189474607
6580743
177060119
263029430
199175183
50047655
145134948
190608635
254113503
184318149
188553905
12386040
263072339
263099263
262842612
56692315
871072
799059
118887256
23542066
125353338
2449679
253211574
231080326
155619354
215430674
253134814
201643583
202604423
253626705
41480518
57841216
102562801
253721754
43837133
36788300
48622720
175445743
253620241
36340078
121223607
203945373
34706144
176902960
215621195
11371369
195774132
251448473
206235421
28434598
123447206
257779960
56518064
161253526
184080347
209604438
212906994
259482824
191429686
215136559
51652883
255338260
253412341
251279266
242727546
175798768
249771525
242713336
49186388
214841011
217154584
253300536
199034542
49186476
74436761
16336532
56509578
838736
77222024
204008090
14057776
214487451
252070195
24766386
253272877
203397768
77281033
23490225
249802293
176902477
262651425
32351578
207503027
61892340
174760495
180724071
102434147
7775730
214203555
73604470
205966815
214492412
253275265
49502463
253274545
252390000
261947260
185851686
196559399
74988565
56730560
207360812
248610724
186599551
1011395
16146610
141792499
214204242
138667635
73720514
131139984
207565668
249664175
253298703
219160313
242101968
406383
254078182
262037824
176427615
195656289
175445733
70367162
116142952
208075144
243086100
188320496
11443524
109330997
56506875
109310775
257788189
194398799
262734563
689681
215221555
194489367
117331413
248553513
32903381
201652689
247653570
184475639
261832158
219161779
109661247
41134223
207256503
245774295
175445786
120497050
51644703
221231250
261947383
253236139
177169152
147568318
50047671
195800686
73878532
197964801
77281031
14698611
262676962
249646528
207503043
217519768
245790386
175567231
253420562
195823078
215560786
431648
44640191
49930700
37873536
68823240
243083170
184415462
195520134
77230247
43176195
194803539
185449738
3665157
242410818
207831782
50047643
56516832
155507653
164467754
248207452
242101980
257847840
252184555
225909925
123445082
199951808
245790392
214203516
253300524
249007390
72753024
182711655
215221479
15286178
198584556
138669512
214487401
16564351
263085477
208917716
263074798
10786925
253277160
253274849
177280233
205018760
23940431
252070217
253134861
217207345
12221357
37873532
160082714
69657720
242482631
242101758
249688356
186600070
102872904
77221739
263053652
249218486
12221359
11662734
145266128
141789629
19801510
263394469
222638936
214203305
76471497
215978089
201308425
102834603
102834593
262475583
12401357
249576866
247958160
68420236
215727504
61890990
56693368
197595213
147866506
53579950
179075900
74458581
184634255
242101819
251577181
34745023
207292602
12119723
49745312
182300317
182300553
182300667
182300696
260924934
260924830
262822331
263099003
26046229
17614745
251740379
253258069
247796262
262679682
168561943
202662058
249714316
202660114
260798084
259590061
185925221
248461078
248541597
243094650
208739103
262464239
189194112
177280255
153879341
251998995
76394830
115794816
192804929
244309166
263049730
170095148
213971990
56743910
104268061
58243787
116904706
205985163
175164700
61891169
114895876
177266305
251534469
36389359
184484217
113843055
248767513
262475740
248794434
72676937
79111870
179073123
217123669
174586404
131139997
23940393
173672134
101975096
260924928
178567023
182300278
182300631
32352177
260925496
253253323
253236751
175811877
253275833
253620025
253253590
49270564
56516589
262822185
253620282
178831692
261946790
109862044
242101822
252399203
253237634
26210006
249802295
184794752
168272929
253057697
248643371
213553706
125937935
246397889
195624141
41233854
195772377
47141832
253102430
252861047
55709223
50421093
56516591
100113297
173449319
1229193
250365647
178567503
208917290
98760086
184476067
94700760
263277660
163030739
152464654
111190127
251933839
186802584
179074149
100924279
74460113
197595215
215978087
103776481
249576869
162525316
217154502
242102041
32917627
252078406
6875455
248543179
10370675
102575862
56801017
248462099
208371194
262473377
180531089
37133044
260924926
260925484
182300943
182300445
182300430
174440500
260925489
260924918
262822884
263071799
263072292
253252904
252070227
252959980
253275478
262934515
11339977
30989971
257759932
259482612
257770216
247302561
253237613
262656159
253306135
263274073
262692374
252070209
263118597
263099016
254078884
261946396
247238783
199518467
177637651
253265892
4944655
189463551
115852476
181750835
263100861
249934316
222690591
19583204
170095029
34751530
247655724
207831771
100113258
53221224
197900142
102552268
197655008
31207523
58134528
62370180
146272068
222703406
52434112
217648294
225251223
242760843
188544226
30165516
92551633
249854818
244305411
44163845
109346727
213700151
214203235
181189253
100924115
100931645
258509427
242101765
242101797
131139979
16015253
216296793
257781407
177061053
96112727
71026280
91399246
91121403
210429880
260924828
252768479
251535133
32686686
249007372
260924845
153037148
191920160
253269105
252070237
23895986
262037818
248643987
177280402
253116750
208643576
212476338
252398782
253262127
186165945
51657203
576196
35467920
26209989
258605079
198363015
177280257
247444187
186369484
186080611
51652871
263311057
59403427
249218475
215417343
179439755
176891217
115754249
184476006
184779713
212796032
195800663
72540049
72711225
61891373
197112186
203457024
179438848
179951162
29643692
115754235
262464349
174119180
210522592
136816234
52408350
114945594
1984403
201308388
58547347
143631343
102834605
102834607
257779286
144448550
143145558
214204466
190843251
215978085
248796793
141343591
214203526
248541306
262516117
32900064
192950832
198113371
261803808
20276050
213562345
262691653
146272114
253412115
149531873
262691661
70372507
252390789
242482657
213691914
112550538
192951119
204414418
68823230
253129212
26209855
176944445
194023499
12482441
11343443
181202666
174528827
182300524
182300525
260924847
260925486
115851070
262891378
262871855
252672127
99193175
170345843
119448298
35575763
105366547
77222903
116141810
196190329
253235476
184829447
50685547
16111214
173135243
169825414
53095591
252607083
10738198
173789266
24201961
108676288
252857468
130230750
147988206
197652234
49192364
916900
11443673
109876905
150006788
201390141
207830858
127649075
51990401
72680047
109982957
143655813
198593183
14657798
116145686
4221971
205642758
185668569
196932303
57220057
100975174
198900166
207830892
199027898
143665261
680877
102144044
172481673
33421418
46995651
14844328
33543687
200725367
260933008
33420906
59369354
248542174
641902
106808557
217511546
53577389
168293395
113253113
191926460
104271515
196932296
181998004
201012082
123445545
254089551
184468911
175567208
114459451
193524497
419708
252041447
213684270
92862546
109640982
96302078
59203514
16256274
252566249
252566344
208738911
252078516
113824599
198364525
207830876
99513997
154160763
193858796
174896133
112331971
125270789
242710689
75364046
207831808
204672020
188320975
180848459
196788496
95509760
144460584
169343177
709350
262734280
96362173
188286175
209282001
253420589
216476364
191353869
186884040
13452265
186802713
58615673
15685060
190608674
137753033
7775765
177633490
116190142
216203835
74992387
192909262
90929019
72679748
193895824
244169094
260807128
203996914
188276073
105744915
248085306
46995633
103780474
177930417
54485921
81576219
11444666
213684126
5065907
262746892
213550921
55510374
166089111
193204830
11650520
262734349
214162951
196802349
260927339
216545368
16256078
19809108
56693672
25361593
116145624
73522801
192909255
247705866
215124776
188065863
37794004
215123379
232379984
108014385
67270970
27532540
20639354
248247973
215642103
49346906
46995629
215221591
262734247
262905417
253258062
255430452
59324308
59131383
176752986
262745649
159824546
251909671
85627091
16256925
248791963
185027512
180576553
712712
194399041
48759022
186369371
104148421
173789168
242315423
176063715
171550000
73108422
166090639
195800714
113583678
87943980
216476194
178708191
82076913
642292
15972339
253298686
152532396
219133319
51286715
102140409
157073441
208307501
249085366
177638076
73164918
177060117
216213297
86016902
217481018
215641880
202961453
130032893
197776204
172370040
119196576
198119546
104294406
195879202
196190351
115754231
194020156
17029385
246163761
248931855
129061468
21050494
20889679
48652780
221234982
208906585
204610076
335551
253235347
109861950
12083143
250068893
95511429
188043878
174259488
29820799
20443443
213557104
75792683
174600354
35572331
262061130
188282659
76449141
214841138
115955823
54353148
263101165
262679754
253058994
263089429
214916601
214608686
166090775
251324774
205843357
252127873
187853169
177736596
249883308
193565917
248787208
262061138
248931703
257846836
17028689
143145774
1987815
102834601
182709160
75792596
141502363
206239785
240627195
215122918
51030847
263209780
263266583
242270394
122226785
263089266
253237761
247799344
202961533
21674440
195800688
175550174
263272817
261947001
72511280
213702342
213702180
261945350
69675450
208780699
205071192
15281563
173979735
252846039
260940906
240627190
240626612
180576644
1534625
177633681
193858756
262061134
104110435
44369808
253420551
51044598
102834609
263100850
153409208
262822103
263272823
262656817
253258173
262734365
208373278
158747828
189699852
197776685
10759544
112736411
209867935
213561913
213701506
213556721
248087802
192321816
56019883
173085604
193565681
263401344
263274623
246168095
16018238
51088287
205692345
257865405
261067533
262061128
179954054
11649444
244307487
23940409
250078307
208643454
121269891
121269947
121269887
253232065
208004884
204609857
213787679
49253284
202961471
262655913
222704532
20639217
262464203
250079840
206907932
213700657
188375036
57443551
137129255
177141850
263100020
263311063
200849316
240626788
215221471
137228109
103776623
109686821
249038574
87672593
35572658
252404365
187182732
150656175
27779378
225322303
121269893
252635584
253059376
253253402
248541624
120789849
137127655
249085303
205707480
179439838
119692819
195800721
136804416
225258831
169342115
115957227
215089350
240626762
214841119
214197672
51657248
54925863
48936853
248162055
76448814
177060115
203085169
250078484
242101844
263266599
262734712
263089415
213789332
263101065
111498884
209610535
252855032
208405639
253088973
154986966
176733783
30989989
253631483
15281577
263303944
262643466
207274102
263278421
178519376
221699851
77665388
249697050
75313090
36470292
48890579
213703515
214856899
211654723
53598638
1916471
51510332
210275012
195961394
249486597
195326477
916904
355046
195885674
52890834
6471225
206850416
21032176
58904610
39304884
16592262
253018831
202477245
172093977
100113299
147988190
21853769
207033008
248541400
149534387
195993387
196932342
75378046
147751639
209876058
242857682
16591353
142334830
74890883
216113774
207830874
71089489
201293003
208739164
195472196
230963509
49192084
197600238
253233399
51232718
113063337
1916473
19750480
250078355
174259422
15695844
174588997
21146035
68823232
262522450
100959646
110593631
215126135
68432667
194965715
48166613
174830014
217515920
36340838
59529449
176059711
212598396
262526455
74535885
29254207
201308329
56305828
255306252
2891859
197412216
17459787
15682068
153409223
195560363
259599449
181683064
117327364
253171364
126775672
208682511
207754425
109545441
511472
194183519
34556960
208387270
199168116
212598398
15971159
253236612
16233510
208686218
72308659
159824706
221225599
202784272
136952324
248867510
174116977
53469193
174829982
56736735
176060010
192802439
162541043
15974288
35226683
263295235
121221669
54395194
259542736
160309772
252135397
187652389
242696284
252752994
178330047
217613383
68420506
182299028
2891857
5144133
197747425
253254481
247238749
202610865
253134761
213953051
263338329
136590598
205777379
141823066
24582772
72178335
124992618
222677579
58718142
61892352
240627172
68437634
19842637
29116635
21853765
253253736
213788366
68431481
222658024
241332092
253142193
15690109
213930879
248634047
194183517
213690878
213690793
223912869
147420921
127844776
74389901
109340369
72544335
185816185
214496305
252960711
215698253
263256004
111362822
259599424
147416460
201679191
68439035
160628407
189462259
130773923
16998143
119698043
175151452
248869122
248100638
204068799
51233609
56736974
182711558
207830882
34563487
214493102
186229737
253272047
262859080
253136388
212484343
263099925
181681843
201244347
24577915
201244322
184080345
19797474
170094970
423480
155114517
36984387
695272
195716102
253318489
51971512
44156683
704707
214101430
248781499
12455141
191809931
141061024
215125661
168303300
54898360
214637632
215126410
253043527
174300175
210437375
213490457
187601147
252858870
16255534
44934334
191816597
115754216
27618600
59133529
11647670
11445412
207831800
166415363
243035178
185479278
253671400
212334762
189462693
28434610
251937253
179126146
212564947
39370910
215946842
104682175
129501113
205508509
194769901
41931311
136991841
262566544
220682065
205086378
216296901
35785875
1987813
189035948
144448405
51659625
126768289
262724419
177736593
136988280
58243772
39305189
1987811
156113291
225907148
255338953
9723170
115754229
33337606
242788710
55508555
9803534
208778376
166413866
248092715
182460359
75378025
215221523
35870767
263113391
167018730
118180665
27779385
215945922
53830461
194024646
253412073
36155389
201679185
262822149
205086390
253238192
213787785
153880357
104908728
189529549
197264332
136050126
72587842
192308618
176695319
263195623
110596312
111376294
263074997
262664425
262733806
215945574
35670374
178461288
216288892
167017956
262767364
167017922
118521260
30989966
28434570
263310328
262679593
192275870
263277545
263277547
253468593
191576134
198495046
20244197
4310917
55503130
204056739
115754241
160671670
76826948
161711980
216476503
181215726
197084470
217826170
255338965
97708997
100965369
220679310
24560074
174829997
193536673
340430
253285272
197745057
9803522
217826168
247238791
162350441
253236416
262386508
131908462
200010629
188565221
174829987
259489594
196548595
36373186
73890269
253501927
262516005
209386136
26210022
25168042
195472337
201913980
262934439
262934181
253257953
198111762
173945244
254260758
190195108
262459658
262970954
221225122
205008923
179367790
262916073
198111516
126298178
82866643
196530216
199692593
72308661
72176443
200694483
54433548
204885573
253142199
249392410
100113302
262386494
76828075
170776765
119411784
215947154
196517629
197217856
198783669
214837343
252635444
198516137
260110272
72337075
184099218
148008761
247238747
115866639
205414417
253258003
212610616
198519147
262656859
179211183
188903561
253236429
72174815
253258020
197655395
217124778
82410582
95039309
187805834
126092021
73598279
160151115
242504267
55508373
101650365
208917631
202052313
247238751
198111194
196456078
181210100
209614202
208779632
242804457
194769103
73584653
217826384
55505773
137465355
175465738
79408811
214508795
196454271
59350791
51699878
146585867
252871686
253057453
28434634
252871696
263401522
82487224
68338174
72864636
215034629
176694677
208122201
215034633
162342352
208643574
162355201
172217685
174315478
148008781
208917330
48751821
263246700
115794830
78490178
30989969
48648022
214822444
35725588
33337833
195710949
208639496
262817167
217548371
103566912
252679716
58893737
186602688
36706645
30989995
263297196
23224284
252070205
247880046
162514623
162241475
162238698
472338
260932744
259389012
262083703
259388917
259366527
260811937
260942408
206255072
262725540