106063719
168964835
156790088
159095573
260040917
16671778
168964405
133931105
91457818
97043423
6706735
205931260
247318723
95090315
171558285
186291180
153380602
197514923
197504070
155707162
132355290
106545247
199983051
96305212
128325436
106545313
109010580
171558234
102379447
2042109
188830696
53405513
114572000
123861426
162507410
144342454
144340133
109010794
132354572
252568578
144757843
216280564
144178824
130978340
197011727
156680000
104406458
144339863
6840449
96315755
144178047
222705072
137744745
6697647
109010869
249144979
96304244
207421332
144342782
108206489
119501181
140769046
129233491
144341837
138331479
109010602
144342051
171557921
112037725
177202343
171558244
101614657
109010743
121228710
144340694
174207338
109010581
188831331
197502384
133931137
207765353
188830982
109010682
14023002
133929426
73191526
138218080
144339567
174510701
109010839
144340537
95090894
117512314
197503916
69507765
10037689
126743116
109010784
176080975
196394873
195237408
175985872
155707206
173611011
96315283
208393795
109010981
138148056
197502820
174144382
140131164
138335137
188831490
2042179
169077174
115765647
197501804
170660956
201390003
187837695
124486122
133930659
142237569
129233408
16854231
138554587
109010796
239196287
214742348
166447178
171558388
144339408
144339554
117069919
173943716
185990779
106045806
133930126
251394730
214742310
109011049
147885623
91342736
144637861
144340579
109010734
217180465
188832404
174145287
110585237
109010879
243005340
197512962
80762884
125240713
108206468
109011014
125240688
251257802
91490588
152737756
6706899
109010878
138218941
156789105
138218219
140769360
197501546
158584097
168610613
95864097
109010658
164965885
109010834
168610824
127796710
108917539
103850666
156680040
133929949
109010726
198983044
123861454
2042151
149191657
247447417
217180503
207400384
199244194
205257018
116200034
171558094
247867240
171558465
216475995
247730230
216450378
168610675
128325128
54474922
247886938
134918281
247718228
188832222
156789715
246854940
37152643
214500776
225210515
213930249
155707313
82008144
138226123
34768957
125603880
242149320
263042875
34761944
247718217
199972790
250122146
248071041
117577053
132354490
144178415
152345592
91774016
16854439
104406335
248907323
96313692
156641299
106544935
104406356
156789183
50725010
77754409
216204850
221826074
104406611
68527202
33454657
2042197
119501099
125347249
48602339
202643976
254256870
252793602
144339491
197515518
48602341
46486381
14023023
142009277
207763133
122869175
168964511
54058026
109010585
97922719
152737758
156789184
171558315
54067344
171558196
140769363
79460082
202642379
2919049
144339799
230027544
195858493
144178490
110938089
108206391
205792990
165033800
16854747
155707180
105652111
109010813
117807577
6911317
16854686
171558264
186352178
188831541
195975505
16854509
97044403
171558314
68544957
156680014
106544973
156680016
216280197
184318108
250122119
144401615
91621346
164839303
142009291
202643083
1403363
202645734
155707242
133831474
104406748
144340062
144339513
197514732
10833687
171558461
130043291
167119816
148706374
160270191
96313848
168730852
103850636
174143540
69500262
171558477
50718994
160270005
14022995
195237578
216204824
208399444
101543091
177564251
139565454
134918211
155716124
141739123
96315340
106545228
174144065
205989296
171558032
10675355
208400146
97042743
142063152
147130794
121228626
96303494
144178645
165206822
208306694
156789984
104406713
156789232
3679599
117076562
208677782
171558654
188831369
25691702
175985819
171558457
197514611
125240714
142009275
207562561
156788981
24388630
134918274
144178601
128325049
172488755
16854211
76469482
142009311
171558382
187804233
96309617
168610384
171558348
198944719
3679601
16853718
215982898
144340702
96315848
95864083
69498967
150855594
202642822
155046588
225958143
96557552
144342247
241978461
14190523
184944383
91773737
216464379
217440252
16853940
16853951
33454958
214819911
215983269
14875028
225958110
246532859
197512774
188708943
76213431
16858127
33455590
91773692
197506334
156789848
148732982
54474462
33456756
171558483
140348020
120154948
156788945
156789058
3679597
190622508
113704849
24545493
147010149
89697009
197878532
54074518
202641382
262658970
155996436
156789139
2919097
148074702
196758115
105611064
216204906
142009325
148698583
175985828
248645971
215748615
106545369
109010633
211314217
156789995
202641404
164928867
258168390
2042107
171558458
144340148
140768739
189641247
172667962
125280049
158788284
164941783
109010875
6729371
144544087
171558174
147125759
81733401
85241482
156789832
171558053
103850874
96309796
79459944
14343632
209409614
250122148
200685558
85241633
188830863
139565333
142009305
137744721
144178185
159095217
16854415
10675466
156789098
14508512
116199987
171558308
68544959
175985870
25006136
171558243
176906761
144341712
202642133
3679595
104406641
77845918
14388458
2042117
171558338
156789082
192936242
153546714
96308740
197897440
139428490
14604585
142247528
171558340
184944554
156789804
144340657
217777357
25206794
188830759
175867315
199684137
214868059
172671203
137744717
138147192
87744575
14531496
127554555
127554210
197502664
136875482
116200157
251551915
259535950
215635636
16854256
119363953
262659337
143839067
96310031
96306687
169474995
222710555
144340080
171558241
197514437
97044253
144339657
197502821
145927508
216204820
142009293
122872067
103851039
156790060
109010705
216204908
116200078
92810578
103850684
36318225
262653841
96308830
2042149
242204454
244152791
171558479
101497798
101183737
216204873
786274
134918149
184944488
139294456
217613360
198944994
262653882
242434627
202643886
202642577
177487144
82390877
104406537
117207708
139298675
24545436
248582386
218752254
165206198
164539477
87941232
206125924
169266898
103851013
188831530
188709113
119271553
166651973
156789992
196549755
172468553
173030952
91773885
202641814
145083721
197897438
192876597
19729008
205793063
171558155
33452291
137744741
188832193
127881343
188832284
243043477
253148632
73947619
140769254
168564907
172475001
242435282
177340476
24645379
19650465
171558298
124887361
138226225
242758623
128905018
105611813
96315824
164945519
116200559
156788974
171558399
144339429
197502815
197500418
69764519
209409919
104406579
547456
58474050
186708882
249686125
140768667
140768865
117293330
206077525
205988104
10650353
8278399
156789108
85241412
85241270
177271532
156789697
216907840
189341935
197500389
139565330
156789172
162752137
251736664
248582389
225200874
117272298
87886585
210298459
127880732
177271481
199125776
188831998
253127703
96316294
254257234
254256903
254256741
145393322
248907346
128328010
137744742
248582381
213978045
243005353
252568387
247729753
156789063
252568523
117576961
162752153
165210557
144339403
196544999
248582484
116200030
116200546
249033296
116200139
216204877
197598101
242070125
140768800
247906992
262305585
25206565
27928154
248645939
248647569
175985886
248647730
94904372
25206595
67242090
25207931
200685144
262659335
262656343
262653845
121228727
104406496
121228230
91773640
156789814
208395963
208306498
207892588
117799871
96557905
181147202
14708020
10646851
263113252
85908847
214742177
144339561
187837952
169266912
139565294
214742214
85241409
199992835
214742333
168610748
134235218
129252612
152892702
103850796
243005308
247582975
252566580
121229460
199734228
143810422
187838828
156790083
160406260
213860974
133830957
170460405
122870405
214742286
104097196
197513003
216204911
216204910
137744733
142009292
106545143
215741961
252568507
247729933
128327690
133831078
139565313
119501657
117577643
214742374
252758232
116200439
116199971
242142572
242156684
243037675
181979151
96314753
105611626
96315324
215097505
254257081
96314662
96314578
96315842
127353317
214742211
140768642
217528874
209611050
263207457
141096865
169381672
25206355
92907940
75376835
262653851
262658974
202645634
194024750
121979694
202645049
79459950
201807614
49961673
37152440
123442905
263042654
177488212
177563296
175985916
58480416
142842023
263326856
155244682
117577020
208401160
205988380
208395872
156789113
247907300
122829123
253292524
14706958
144735336
142782476
248582457
252911816
154224481
244724000
248907184
197512952
138554443
214742132
108769567
139565281
176522338
243005333
145932682
96311031
160406503
247582977
243005322
105611688
254082465
242131860
242174733
254859563
138145846
253292474
252568514
174032422
243005355
142009299
137744754
140148440
250141618
130041396
153467789
247447431
116018422
171558238
188832076
169270533
116200460
115224370
100505743
214742349
187837226
96309950
252566660
253116397
253292475
73373085
243005349
154488280
6704107
171558529
208527932
138385571
188708886
216280734
172488704
263042898
262656969
104406519
199640061
248647700
202644500
202641350
68463392
54753507
104406377
76469466
258215743
25207740
16854882
175985829
125090277
103475394
34761942
48282649
34768128
258128076
175985920
263042934
263277613
96557902
154176776
24646326
208571251
199122700
139565350
105611664
139146686
173611384
225208853
214742187
139565206
122869954
248582464
197500340
122873033
116018499
251736636
139565314
247447422
171557982
117796354
247447421
137744744
253238775
181979199
95090532
254257042
116200214
116200459
116200053
253623155
253625268
141317186
142009290
168610716
248211742
248907218
248224040
216335411
211314375
171558252
188830846
199176338
181979184
253292601
253282466
248907159
247555434
248907275
116200175
196552448
252566727
253118954
179373690
155242594
262719921
127353417
243005321
247906978
216280809
252517957
209385474
262659351
202644771
262653843
201807235
34768130
153491231
16854126
248648014
262656341
262653886
262674952
262656339
262653884
175985881
50217682
77051430
67242088
68544906
248647609
155200644
171108783
263326462
14388476
208400136
213561004
140132159
10649656
25206769
142062480
127879933
144342052
96311098
199240200
158788153
177642962
207562665
98133725
106545225
127881236
197500196
156790106
207400398
201390014
197514057
126743105
69764693
124887264
174030715
243079450
156680006
160405620
140103389
252568616
171558401
137744731
142009269
137744722
142009268
251393111
165779001
139565400
225958090
161525025
252568515
243005330
247582982
139565376
83020679
225958176
116018217
260920363
181979157
129712103
110943609
97044867
253128001
116200326
247681695
116200251
181979197
254257254
105611701
194087256
253292426
257576823
198966214
96314524
96315826
262720659
253620867
208526849
262755167
148733317
150881467
262780399
263042616
263207489
242434334
202645597
209409998
262656965
37152435
37152222
34768937
68544904
33454947
74452108
76251379
34768142
104406464
202641500
52113128
25207645
203905518
104406515
125089850
104406402
110363598
96557882
14708249
82218403
247906963
10647191
187836885
144342420
252568530
215185234
248907314
205811980
144339690
133828303
197504417
58494083
184944236
96310474
239196157
247582973
246532737
124887372
103461522
156789175
125603946
248907301
248907226
199215819
174920931
253396360
217708148
252568485
252568599
196213992
107405197
253116390
119326355
96316256
253128081
133829701
103850704
142009314
216204904
107936339
216204895
116200209
116200566
116200518
116200465
116200116
116200486
116200443
177754625
248211723
214742213
216463688
156789983
128904733
194445575
116199961
254082724
254859502
254257017
254257152
254859516
127353958
254257014
248066526
170775667
248907370
92907927
25206272
103475396
34763360
202645429
202645077
104406723
104406741
103475398
101876183
242434079
104406450
202645119
125089889
112170910
33457118
194024738
25208007
263119827
247906892
172477118
198942441
158584099
263328397
263316864
14604611
205996119
208400128
204962805
262469696
188830943
126692448
2042099