54614791
957838
58839646
247719546
51618005
189630829
475672
218749858
68065791
81790995
6683787
33089107
84873171
118719969
91535184
4795135
262503626
32647696
957836
55283069
51479684
55731351
125528589
198698627
33091433
102763891
250741588
5569131
217174025
33089081
58709979
957830
248396232
51479667
248896458
248395448
32219191
374791
198091173
173360397
164920773
143175337
2939823
252137449
191144274
102773595
957832
33089100
178733381
449929
436988
56388669
178505416
1784613
197850882
194568599
172476158
207563305
173360410
249679613
171248905
173360406
204879220
180399947
252000097
248986283
102766483
109576696
173972759
189658793
248704641