200619518
442329
573991
548565
416397
421161
462973
442341
416433
253134670
573996
258896782
253328984
254022086
490065
253182657
315922
259483182
416407
556061
416421
416440
254020960
25204681
526253
416390
416430
50126214
416412
58711476
490047
420787
2613719
416413
416459
73584910
450149
560564
248544153
420794
338286
318199
420785
258301357
32222220
416641
421260
253328443
113005348
258133109
15134122
258397849
486640
260730808
48984328
116159445
442482
550125
416438
416372
553491
420783
416414
435095
74744298
416418
485260
170273377
490404
74749956
262787500
416417
262973258
74744286
257925164
481061
263099038
170273444
262466571
416381
490043
25537731
490111
68124404
262787506
262787487
420789
253421086
110472968
258284911
416377
416354
50216040
74003607
260730819
253420671
262787116
253330606
253431897
74744262
59336573
490069
257868801
262701140
74744266
95545901
421162
191779763
129626783
74744203
262787566
260730797
435065
19901157
248789360
258885088
209403375
262787617
210155332
262846225
210530712
253326004
191779906
435038
260730778
553531
74743872
416385
263022945
262789550
254021962
52028559
331575
210530583
74744231
262789410
258420716
262789988
262787664
247447248
209406024
416388
435082
416313
262785295
262789957
74744312
262787599
262790005
262789588
49915987
217318074
190229828
253211516
420978
460616
315775
74553437
524199
253331370
12626679
210527727
210154998
253297549
781473
19901135
551030
254021415
249611087
416405
262655798
416453
63481124
435042
261113157
168163028
109680218
167983329
416302
263200027
263068279
263209046
29356754
91457133
199650473
253182655
210138249
15134110
338278
257835611
3320499
180324928
416434
210154524
34752955
2530019
255078608
190230131
58711276
416400
426604
44860462
15134106
435274
191779301
262705042
209402789
249875312
167657526
209407182
52147583
73385363
416450
210527761
253097636
74744300
74744215
209403560
74744246
416387
416644
253118449
490176
2499723
560591
435030
416391
7957607
74553506
253206504
73385344
253095918
8357982
416366
210144206
192036696
435047
74744276
435255
190229925
210530309
167814701
253151471
416640
416396
253095632
255079428
262701132
74744296
209401016
91440713
210145989
253211275
168006546
490113
249877883
19888624
262871920
209408807
248703411
248789332
190239108
261960420
190238054
416399
37478965
259510768
426406
168180891
262469404
253210364
253151497
974735
258403547
31895951
255078658
253211453
426632
255079758
2532703
263056586
253265123
210145468
210530900
253098412
262787460
74744269
190251674
262784899
7948261
37484584
435214
416423
262068408
180323708
416461
262302774
168032737
199650471
421287
255077159
91386606
416375
144965423
73668519
168016344
97895049
52024693
253118431
253118402
2565245
255109103
138603820
204105507
180319244
129623773
255010540
253118441
416452
129600305
29355262
2613717
426702
416394
416429
248724690
253213539
254771332
255079710
167596492
111177219
420795
167684139
426612
167983315
167683603
168005662
74552059
253118314
249876440
426573
258288283
34752733
255078634
435061
190239479
262701285
153975926
116189254
74744221
129754485
129254992
50391800
190726704
51970483
74744217
167680199
331588
26600581
255077040
253210310
74743868
262302341
263057069
210144979
168046095
167939563
168005022
167980445
116001204
167653090
167615633
129789544
73385336
263209516
248580658
74551991
167609339
248722670
253213498
253264214
253118307
167680289
262789515
167980962
168054647
167807378
74569145
210145701
210143739
253097582
262787495
170400881
262785236
168054809
173973578
262785205
2624945
110721149
481108
262730695
249875413
91440853
191780725
263103460
70658275
180320691
167653032
167684217
168046884
262789467
168006450
255079739
263080049
263100875
263118474
91441784
253275798
253220040
110999863
167683788
168006007
262704791
190229760
263239457
263077575
180320195
210154688
253151485
262789519
167618953
168003477
262789931
168005995