187827003
26114399
184466860
46240929
143217512
124767703
13419678
66619715
77774625
113530805
49747007
10095276
108684605
52584834
72882553
8835159
49180492
90985718
173748415
115266692
54422942
45663008
41299108
56445333
103640412
186080463
92859698
80628929
44433397
56218385
10397241
68585576
160081252
213861836
3737963
179735872
208206808
58695343
56697257
4541057
37411897
100931418
906795
174267565
198204746
129381090
38223395
50723822
207754430
23609962
124767712
109982846
116158321
92551369
112333133
249693336
257779920
171212880
51215567
175956866
147568390
200765426
185909477
182463032
191529453
92551275
3640421
3732975
2289999
248936936
8461637
3732979
195545266
73878873
85763211
10576550
187824619
10282075
73553846
48752755
5067169
120460868
191148794
57870426
69978860
147571058
193555557
177860568
2619499
215123440
39523655
11347711
162025756
194124519
174444168
174272290
205010298
40052000
173763066
991732
248716954
191529451
84950236
184629090
110944248
127599460
53301006
213929712
6915413
44151082
67712891
194819071
242084236
202895290
146272370
229707049
184787602
76181976
139296704
100947284
54422996
247884822
809630
242115236
16271426
205416984
74860166
177312713
71553549
215123437
14683295
524438
28284051
50240864
178311057
58969015
173515426
28285288
57587909
134677179
173515946
151712455
197674667
115323121
192950693
204473043
831435
229726912
208560326
105664072
213929707
160222559
213492169
28285988
196142106
951573
173515434
90135309
67054327
187575543
4978895
2186179
105374529
186578995
216090608
8149335
180223010
45613723
216125753
173515443
262772749
831437
198724915
13624088
3750477
74415935
116158416
108239940
174292424
127560887
10866307
21543286
241746533
1071538
181699602
41549122
191089542
1475793
173764549
147220976
248923465
159814710
16269970
248591350
216406453
92007400
14455524
31375305
189336445
4105927
6776025
216406455
21543299
194819079
200851589
130468019
3640427
591353
439220
48659055
14475271
48210076
49204111
178305683
7100487
2012569
197667534
216090616
170118173
8095598
212961210
191506179
119698636
197629358
196001693
15867078
34180326
180851019
248957270
181699642
176753008
195545296
610680
5458331
202961491
106362865
103289010
403578
107447737
189642784
180230641
48210086
192048653
51833336
57498209
115017072
195255268
150553700
167422446
351179
221230175
2012889
221230181
7821998
113670559
229726905
202062320
176549131
69764541
230009469
204027457
164932521
121374828
10577301
140204830
248380414
36727159
398558
176824435
137501828
126742917
174182712
186578991
10398566
1008715
543874
146276829
527388
109017983
134584041
174558171
46332486
50475529
76066537
82936273
192048659
8388113
206145359
31375299
480040
92551614
50416088
2290001
108280510
42686976
104269229
1475801
196154163
91471505
11856440
216090591
73515859
46621528
139294113
137592663
104315085
14683303
4216293
510919
100383611
169640941
253621947
253211484
198724917
146271982
540284
486664
173763067
7278091
248591409
173559433
208778533
192950945
140466926
2120667
16218133
24188574
3283831
250015379
253058419
171651791
169377689
17961451
250743356
580999
253211476
169377691
174558180
208126948
175526739
141421099
252004396
38545291
13528495
247921007
214013045
242441009
10373196
137941275
130995905
177736624
189937790
208070504
116033302
28289452
41870159
6177083
197544429
46108503
248591385
251885272
87982400
34521189
248536847
102075118
91120168
58734708
823176
216387995
108130846
146270423
186860914
207749389
214199388
155619320
199243449
162741730
73668294
81224327
36855316
7435661
1725015
7986380
109135482
49204097
193640176
1938899
208118278
7718733
36376493
197120437
1939719
178481732
578262
170118101
176118778
250052978
252357085
241748791
48888537
140129166
162399326
92551847
171581084
10271874
481169
32192499
202961587
186165424
79450380
192949471
225947109
6547599
10594242
208915582
260806965
1252541
248522979
27594846
4438291
250077437
225961693
208056261
181197201
92551693
216387917
10606002
8075388
92552070
187011619
829147
54423010
102075384
137941313
134592177
801721
1668759
5536869
137444908
253396374
56377195
251378684
3123889
193640394
51426132
198724913
52665715
79129140
95005778
79129142
58982895
261974480
212323828
225210700
106749675
48035329
104049771
158868288
257844387
36300311
157118105
170119802
101471079
21661657
32002206
147570634
198898860
242656477
30886061
2784389
37967307
9754385
196154164
46749895
169377699
58132909
216462141
217521201
74035632
176132387
73463756
196283480
59535456
205538436
195545278
150615483
58709159
92551741
173515458
216090612
191694811
242995010
72225304
14430477
75829055
5460029
1639671
241746539
241746525
68437863
85350809
107798673
24594381
170706985
173515418
199964969
252186165
198198493
63924617
250058617
1415385
583317
6634583
136939580
188574879
10405776
138049956
242995006
162742669
31207444
75454158
176903570
115254462
70851273
1736311
241748802
202036051
192950601
486348
196755830
185909444
346564
55093422
248591344
170708217
23956867
39546745
41131985
212993129
213997326
51132784
237582452
195545274
212249935
49204095
1629489
36085778
253395433
172067123
136939554
39546846
39546753
39546872
11259255
169640935
76528023
2107167
188535632
216406449
119698873
11255050
48980779
918134
46755087
585139
3640431
2149533
190755680
89691011
585134
186265466
173515436
36336977
12502158
6620863
78976748
7902327
140128993
90135313
87389629
250339003
197120435
109765190
391054
58125464
242716466
39546813
745277
48314966
10589739
253396850
1627925
169606792
214189443
1645641
248591331
32530065
252778111
44876222
105378731
53831723
241746535
950923
3640453
40052042
53599482
50475531
107802181
13833464
41374929
242425992
136939576
214598345
136731557
75490746
151950441
8458248
1619615
21435644
251590720
4438309
1367813
133860079
96806351
261969100
1581877
202529703
225961691
176024797
1825403
1941505
206675357
2254431
117720240
250078060
13316246
2107061
197745731
251520761
252185441
4941511
1702829
195545416
2254447
215544674
337867
14684970
44860083
548072
185006507
39546831
257855895
195573549
35129920
252176235
100105844
8390355
1667151
160219915
7601893
1591101
250339380
158812907
11801227
4438297
105794398
9676345
241746527
150997916
41294591
196755828
212323909
385046
43340951
103807645
106349011
205947169
436158
177652027
247328675
44858229
2071481
3640439
19616193
182149646
127032915
173673928
681862
13528493
49459951
15155521
248595203
251345295
257759979
78289216
203318634
57866234
35409665
11193214
107707588
9431348
6216105
85923370
138183499
165150443
565415
220684090
123446650
1660559
248956130
95500268
192949970
396588
27973517
196142085
199903594
195545276
113526972
260806969
22400993
80932837
76397469
92552324
230301108
27959939
181752725
120183569
11819287
3653513
69162885
197920700
551563
173983911
31207496
39546806
10075763
7050299
168115611
260806930
118685651
191693479
100105828
72540051
199964926
73259689
101257384
106362460
193614356
378436
242703121
4464995
4947457
250339005
191692783
7371485
181224763
249053012
54624818
242718225
36560766
249652459
77328454
229732936
159012105
208634737
253135888
216115005
10873400
176522750
144451602
248978046
19879470
7326881
14683297
41867313
346722
26003620
8163708
105615573
249825651
242504828
7902337
81035302
36404600
545116
48108628
558116
170118736
225211675
92551337
208134014
7822000
197120433
72032652
140128866
196897427
3748585
248567922
1341871
169376020
214731894
5797125
196180896
247943496
40818893
10406594
584873
248591403
177340644
9423421
106744503
87389689
173864200
248170522
165150349
174216908
510929
385240
92551309
385239
36666110
149153650
40752451
181500438
252649232
10564012
45073541
164092136
32352207
170118155
187609499
33543723
33640884
46723652
36570212
192948700
11253860
626884
155618826
919987
192949419
192725695
127033411
172080577
50269856
44183109
35128168
1660561
78042388
24391329
66698781
52685517
72334214
110446327
4503881
32916022
161903965
199021810
253291690
20455546
164323200
431194
149520474
146272374
257834542
25049751
23619306
248591334
193309615
147415616
176522728
160814487
53250815
252184518
229809610
106150838
114944713
170998807
165261616
82386392
86517375
72040810
26524132
215637979
214075040
48363446
25072611
595715
48895908
107707575
36434036
82499698
102031706
241654049
170118528
66698777
48753696
48372581
170119887
170120007
1660551
25190293
27594842
2664839
14522405
36830521
151440104
175526768
3640429
23433207
111017000
11221388
127031841
72542501
5431763
192688933
4438301
247935593
908960
247935754
210134616
3287699
172374421
92552585
230078949
159484594
515850
369267
1660563
242076196
242411239
51833340
67040880
2783445
355153
248543741
33007536
177632168
249092406
32802801
39546767
1660549
192364748
46275985
410667
691903
355141
11265268
102140801
7760915
164092122
207565801
105281590
1660553
189560736
92552235
510922
92551738
421809
29810926
197628150
168283404
350276
243050682
173093871
2853653
69360616
7902331
7601887
35785488
192950840
190454508
214079735
170120059
507316
1660557
610918
74174358
356296
16158713
20476610
609475
963065
102075021
107428614
173947540
357944
117926917
190502286
2388507
164323155
44183107
8095602
92551338
21543165
8855456
37749189
574802
82386578
242794865
92551733
36399667
73346745
198224541
626849
146272284
170119911
576536
170120412
214517830
412742
42180465
884446
248651276
199705145
181990907
208815404
195962851
67871329
138183606
164092113
24593176
183332574
228992782
6831823
1667149
155619184
97699728
14683311
91561426
47161883
194183469
1475803
22367462
53247447
196219977
3653515
66227523
8458250
248683680
137941246
11683679
10570551
162399305
195283658
9993390
507290
32521593
445217
263104214
1689651
51200024
222677601
170119155
170120099
584548
210758548
249220913
253285126
39546878
195545294
185005739
185006509
207749400
44225206
187149821
7973251
252004165
57811712
201055579
7821995
7821999
250743324
8121635
262646212
45814370
1044752
215946997
196154168
125023135
17458186
248591383
170119796
45663002
173882335
70524103
2449667
224185489
192950727
13853094
361810
52718102
7832991
87108686
251767107
24364029
172936678
50742511
48980452
177016759
73272541
45321624
225908003
260942898
81225014
206483250
248644526
252595932
20349726
212213177
208119621
113498225
545218
52332575
251446784
68124284
251590761
151448653
161903984
161245752
63526732
237583290
217387255
169377666
41299100
11259251
248257035
241666559
51903724
199012127
967526
8835167
95995253
45370394
77917922
176024676
74345162
48980486
155618769
252357093
19841342
1933173
216462230
199571357
90116374
95002655
11313169
10118602
253233361
114275083
160814395
8835163
177661504
599037
28923886
92551340
15415618
250059539
251771730
8843510
153409017
197832471
72040818
91561030
178514169
101933240
195855308
338821
41263268
7916685
44044693
248521589
10212843
242406197
50440318
20743151
92551793
161245742
129355972
92551323
137941333
203843856
564330
209379054
251984751
3644267
101931509
260922713
249824806
77447877
11126562
35127687
247418732
41017632
192117144
32701092
950925
19841724
196152928
44183121
36984381
1667147
150614688
79129185
54482248
195286659
177644621
176522744
255455615
1935353
77231527
100383015
15966190
137454926
431250
262899529
225211669
431075
12628537
157824563
212212780
225214461
576578
165844314
253471948
170119207
431072
194183449
44812550
248540905
242724268
113498245
198562117
92551305
219157273
204417030
1700597
75435226
243223603
157824561
120539062
194584067
69360614
208317403
10563226
106362291
158868149
55171098
16631730
170118307
170118185
3859121
11193218
253211474
170466595
170118748
2069087
253197924
210444703
108716630
248591364
163476556
248767638
250077043
1911561
213490351
10133809
2207931
113498248
230301110
229809630
1582093
92551657
151438589
207521408
2071459
92552126
170118647
85560392
216335229
214598210
104268041
545085
180009567
253472004
184468840
52317309
262816987
85560390
253905515
170119861
107428503
149520343
52381173
153990524
170120035
210145955
103474598
170118204
225910613
66698775
165244265
170120323
196372725
24490044
1938929
92552317
248894215
169681312
249921234
2071457
151950508
184476641
106362592
34825171
146271720
217171980
170297939
170118179
507361
178476832
94700764
21054302
31709744
181927693
117002700
49722937
233023696
102140545
204317926
136403556
253134090
48523412
170119907
253148544
48210082
92551763
32975719
169109683
173879314
48035295
4541067
180400040
150998402
11819283
92551261
253198117
8700330
29559649
46622655
242702960
92551925
197352634
55617060
194451806
65005282
107707578
106362272
230200711
183488704
260806887
78598391
15444773
237579000
69624548
694094
6594275
103474618
261834666
3955683
203227997
1353615
160082478
170118163
216001262
1353613
138226270
192950275
4438293
507896
252044615
241773344
181997991
378620
193708856
110204597
127692515
25914360
195696847
113117296
173745197
76053217
41331376
3640433
194824585
79129145
113672418
113526353
3732977
92010103
190755671
195472148
137375226
215739454
243090200
163875976
228990643
218738576
248697679
92551844
199544229
205694869
82499700
170119221
249060456
170118914
46749909
247778337
247936792
459122
249652452
242661554
57768090
574041
20421682
114895799
254037117
250020076
198390902
176766562
161256046
186991202
161929411
46812045
92551837
195696647
262338111
36258368
32352219
94598140
214598153
4438311
175526742
251590773
160684697
210145963
36363192
77281252
22648559
10782653
173093683
213704977
71683050
196142108
242702941
36031711
56218389
101933383
252202276
127649070
85560403
551290
252769252
192374595
199529722
251521118
178307427
183375630
253179828
45966734
225210698
137454947
242750490
181783106
247936389
165238617
218754673
162262379
8835169
242485454
609751
51573030
217412582
113498228
419596
217521194
248772545
79129187
242620045
5537783
261834627
203840781
2388505
53831731
260941703
110097336
31511350
66698779
178511936
36777931
170118130
574796
216986233
253621739
7436387
27887453
197352410
483776
170120372
208056257
173110106
170118542
74862932
137374828
192790586
253195153
253058414
215040297
170118335
160814506
193619402
7821996
2066555
154186088
73284728
214610184
196561811
124483659
217418254
4215441
154080240
3647725
55514209
178475469
76071337
79129191
218736643
72459688
229707040
262646214
152105064
884634
216001152
225263743
248849275
249012309
1732951
137480805
225210706
196622975
102032056
213886888
626786
167149918
87236128
14762547
252664514
25072619
121414073
221697013
185991814
191434052
250017410
71967344
35473655
15415625
146270662
72527119
71353255
51564888
223918816
195288815
192845206
44808488
48983427
206331312
200931993
10396983
7491417
360832
53247453
1535495
28232018
198414893
70524095
92551901
1709189
24490030
343745
230020348
10299613
101931341
38089615
250077869
22400975
250740010
155619072
51119880
77774567
13833458
205149849
252869799
245787164
71125360
1820065
248930169
175811914
216124771
32895618
508549
87224817
52421923
242702976
51563507
33492462
41263272
490348
4541065
140947412
106362302
195545290
233019597
216384510
197624166
209269470
43950737
123895191
51903726
14523064
185006503
80938238
2209761
253211472
612878
2316587
153960207
253151838
611111
74811078
181142188
135092857
1732777
859047
229809686
102075109
253319037
170119841
55725190
52685515
117202636
210758553
7902333
97550318
87568624
712865
197623377
102140261
207563165
508405
247777214
57382176
27594837
77913155
173671878
207501442
249347299
20477938
74731943
2071453
196141897
215389069
1083380
360418
49317814
92551472
100384152
36710429
24166054
170118756
85375473
180230977
214115519
921346
194465561
532661
369716
206659691
101933228
92551489
48928920
249693735
21543309
7000483
581062
92551271
79129136
36335953
19841352
10070287
225210704
137499128
184521849
193976670
4941509
178831622
175526731
32638460
242484117
681833
102140714
475808
7191113
3640447
199532594
92551623
100384361
32895634
114436401
149845056
249789664
246852887
38115153
174896127
184475007
36337050
77916190
150998753
160684967
72040814
2077297
193715182
185889073
193619470
4438305
164323192
10864118
213488424
170118291
351054
106362467
262456012
114945804
208907132
3640437
19833680
10070289
216115562
3284735
174510282
106362763
113498320
1938939
508469
195993377
92552020
366149
202961427
590929
203843818
38738746
101931471
541141
536112
249384029
207596572
171580822
193555555
198817238
46772944
111498888
545296
595159
216387977
581052
1577295
344011
8390256
92551411
215637621
54119368
100382904
85923528
92411918
35220617
129138227
32529188
35010884
100382881
19842022
175533624
36995869
207646271
92552061
417630
394892
92551471
8980771
253621754
5975123
362158
73345191
170120297
170118690
180399945
9326310
555425
576535
92552175
122909054
109515302
215122752
192948596
1069528
129946065
197635967
194595336
437457
544913
217130880
253271693
102132820
486955
35604664
40754433
92551300
214200214
1007176
169375466
53501162
49464547
204473112
541138
165962201
242432020
203783769
107429006
215723216
343848
114363133
216121688
206481196
197635976
92552167
195328352
202724339
21543139
552135
185006469
508622
170120193
241666933
170870088
28078851
7435629
198858334
215775419
170118339
195545328
471325
33052530
431575
102074790
29676619
432552
28076365
107802179
162618187
56375153
106749682
38363510
230308987
192949015
170119217
508491
248684272
7104865
195993457
215292800
369126
348715
449739
102132757
165338420
611271
27594840
186693011
8300828
251773649
197920527
214153736
194582989
53301000
179584511
183334926
174321346
48873347
195283624
5431755
56377201
102074841
235363131
8458252
262646220
58932528
596923
221225960
249610674
48210097
52631489
253199320
38302924
35010940
374579
262906842
192155706
19841348
253197944
34553366
248591339
106362299
1204917
251585228
251534691
7034503
195801319
260941689
38436468
262044354
197644085
82936386
490422
252563927
249389439
249919537
155619288
140204872
191604152
75631093
186369313
242654041
197627778
203909499
6214231
202515646
69226428
1580409
170119176
101931510
92010830
253396845
196142103
254037822
511372
253291692
248083565
253179218
638854
235856770
197828319
201386007
175526766
173889208
24947704
72165445
10704098
247938905
207195992
15155527
55066553
188487257
146274104
203383647
106749669
173904479
215726906
195545258
217523684
242742824
195961162
194770147
50330232
72917596
170118329
2783441
252868129
170120511
38436472
102140408
222678260
49640080
170119808
92552302
261974472
106362821
595174
139973269
218738578
225211673
195804523
170118257
42230121
199216988
189643105
170708233
205581885
10005245
212356652
167940010
106863963
121635152
179546070
47342678
107802183
253194702
168234714
76776245
50475521
13833466
190238356
179063564
138107485
139303869
198296788
130233544
228989363
195545304
112110014
66712456
205973484
124767704
101296988
173882437
179546078
229714486
2455543
7718737
5808805
214186194
165150439
105483727
191782162
167301575
179546074
207754094
216124178
90622579
84970841
199547421
102629318
32490132
205576403
74460137
201088143
179546672
159644659
205815553
147058065
78598381
104651900
77982982
192950378
52597663
77323488
195980676
143186001
112106439
102629342
220665663
249160352
187619074
173882436
149180057
244169820
170490710
34501790
249161094
8848897
195801321
145300494
186434701
7435647
117681065
161930883
187933654
170708219
252795775
106809246
173865570
157255752
101897983
131843987
202796284
46107066
126743464
109998520
199547419
9687403
168662558
262589850
57815506
555504
169546325
173763072
253402958
216001230
70016676
5067167
22634351
165150441
8011021
248428840
9687409
193736891
173174175
262663924
30156560
107802188
130233550
54616131
90679276
186265462
262746232
216204611
249374008
206675362
77717434
213929678
575215
111271564
48035293
73323020
198644535
262862569
109505434
190214568
205851873
78015053
137741275
2628851
213929679
13624086
29190890
176824194
205574129
168373800
184101370
252908571
138226285
199547425
192692432
195545284
253642361
100382935
212213039
20917699
34340291
10767515
48513049
187934222
567897
186876107
187933551
262836774
105985514
170298038
246167954
253642364
129766803
198707246
81437584
12141178
66398387
249156705
200877611
190706494
176550199
189326212
184101375
1694077
213997308
69764545
178502495
128635781
69644746
138107483
89293439
195545282
171817391
1387539
97561438
244168841
2012491
203958084
260847305
116406726
216090597
196517620
36311444
14508205
22472008
74362886
148750882
207752597
85923342
198208145
215438141
189326210
8835539
247446852
174182702
247401914
192949866
195545322
196290947
192951086
205879303
45321630
253642355
196831940
113351050
80960198
208778368
197337637
138342170
214160514
217320670
556940
143185990
242411332
89593985
38436464
40752445
248619211
58864689
262907993
252798569
172024878
227269838
19349136
174558182
82041440
251768887
37568249
249769093
205540675
244300107
14692672
177747013
22383622
111153121
165150423
603712
194103545
37699918
41299102
113430219
257847636
249373998
214186188
196141126
8149365
40933971
178831572
20824020
196337124
216204607
1574611
242087708
248650694
8155348
262681170
92488044
15416797
1534397
205745313
58732189
252138287
225236888
139093769
140459916
127672068
57767468
118124351
143217515
260847306
172024875
192048661
222679651
217320667
5412667
71148761
196142087
122868115
81419795
176752884
17881046
195879149
134605012
211965963
217521197
207194304
202895259
170297937
110694737
31993283
191148787
1533429
110696155
246168001
137152908
227455640
229714495
180609857
260276541
200628215
115873770
250020244
187622581
102513019
214889696
194205620
102140850
167149888
200780115
103569998
113529169
102832722
242425994
57791279
197687540
3641267
262745320
105231346
198889602
191413507
225911132
36854641
198296796
53771999
216226711
74362506
200677547
10724112
10371573
217696325
161383540
241746529
146271875
181453964
77105728
216215470
196411152
260847318
197964595
167940012
77733318
262525587
436386
38363580
261834634
184101367
184466858
36312990
243037368
198707247
146271621
539355
36312870
196201874
151950474
102411866
248936939
102140401
197212830
100383100
21315541
144531369
253539366
87457185
84595863
199012129
82936751
26272210
56377199
203911352
196518842
229714496
178240547
204009099
209398582
251924931
70202693
216332808
251395712
151950534
203862819
69196015
27605626
2380007
214101667
78032199
194102291
195801696
191925652
186237327
76531748
195960772
14378792
212326832
106362616
13579551
70642653
191413502
203116811
188663318
252934457
4118051
190506526
53301432
75630589
3957065
146271805
68169437
251532543
253058424
119330790
173515993
121410060
178078178
209385997
36399672
173882432
188229217
35473618
230009482
199012133
170094963
187934204
41549120
194783172
3643493
185447938
195288800
251514775
13579553
1933177
249773527
181656860
213929705
262525564
74793291
74342182
205574137
184886721
251279424
539148
4762411
160392796
249854954
187933666
204393892
247936782
253361078
11313157
204874984
194451625
256511168
339920
181783073
95039297
5904643
167148811
11232442
186286173
253470351
173093792
145167507
49549457
1008787
187933180
251395711
11509792
183930334
41540515
217536284
209885942
110691599
247291772
252962429
114271474
37412196
127984257
10576548
97561436
53982483
137569859
146271826
263021078
262066012
58810060
243090393
56047344
247862911
46108501
115254388
146077352
222051392
249610791
114578905
100382944
195980779
12422005
200764122
83619850
92552051
177341640
208608165
205417002
209885967
191148802
215871680
576362
212468530
214497220
10118594
108716640
100205826
204009100
196516214
220666219
225224424
1928361
7277553
173357306
102832719
10752047
196411135
171625656
105664065
14197768
195801667
41085109
65443434
191077427
212213989
2254437
1511363
105231445
35761355
4795115
70529836
177117503
211924960
11683671
212977492
160081250
10971007
249408345
192949302
1590661
1676079
138396015
7816704
253357791
44335819
203701748
202964168
207521411
184634324
195545307
95250342
37572403
196018789
249768861
251395709
1662793
200719280
198208139
1067982
50742515
67491392
12138654
77036504
185909450
176969624
250229327
247439345
212562845
21170977
10401545
9732061
138226261
196411147
36085776
4540793
14447036
166192600
186237331
147564345
217320676
178502499
247649403
190827321
1533435
199101095
543197
48873345
252126692
217696335
252755665
74856421
193439349
249700435
68347534
171063549
247446849
10562427
100347903
202961459
249156710
196515478
3718841
49204120
10366395
196897386
249156703
94904272
342370
115702575
214599046
50493238
74331841
74332608
10379317
244168742
38038927
88998877
5975111
217500564
91985053
79239547
191148790
135322605
217614089
71062572
181131190
199544138
207754101
161245918
162530673
253444147
248590523
17495302
21543152
73838985
73410751
85396168
253113463
170118986
34440750
33420141
53870538
165098408
202042381
195531247
94159126
155200466
202961439
50441575
169546327
248656094
46759443
1699251
116196846
217320666
177747002
185067344
189643106
253700760
167600175
191541108
249488229
4086385
208198129
257831429
56691191
253470341
197352629
106362509
257831440
203294912
221223624
157084133
167614193
214493348
196411141
73521479
198197158
208198127
74332656
173515972
94347552
207749369
106362586
361677
84881509
187934186
32735942
170120135
146223693
197584725
144584666
249935055
524399
184878550
39523651
215079313
214515111
185654029
147570487
92552280
183540852
19719607
22367399
207566274
43070997
219134875
406568
163580188
248085843
179584525
89315104
175810126
252091555
188574880
215797364
257846768
215797274
37890739
10118600
197117224
170870758
54002545
243086187
250229325
187827394
8087378
173763068
32218813
248656090
70817144
192547217
208126924
186080451
254139270
115254294
197597367
474397
72622021
160324716
5536129
184878518
76479335
155618936
102140910
214598291
202040294
188663313
2014915
108747331
92010882
11336581
32056827
78290768
100382896
348718
100382907
191410859
171651769
106362820
75373050
367807
17795684
6980643
119330782
153045613
170120629
17769685
186608774
215779723
139973455
193623100
41549125
261971168
192948602
595914
188229195
49811015
48873333
249610621
207427376
72165411
139096930
246852605
217333397
230207359
759024
263021090
6168293
195879010
253293562
184634318
39854378
195962846
262525576
262792226
1954471
213951052
178831425
51851872
249700436
249856793
197352628
86417789
261963228
263041093
10226612
146270233
69322475
169376013
66109635
235523034
167685123
203499165
207754451
175798778
262862939
172581834
249156709
113004373
21574183
100382884
212213000
198692520
10694902
4423759
25072798
229698517
196280095
106362882
215292797
107798667
244169817
59402602
255175023
252753300
162025618
257845584
147570783
174315511
161245973
198692636
216215468
205988595
9948027
248414619
137423586
252612148
103870577
206908522
219460774
207427382
257786850
599052
210145959
197547680
170119937
108130826
201892713
37975729
193402523
43342173
202891564
247930754
230223087
176550211
173135260
41274081
92552034
195962741
116158401
203291169
165030806
102140703
486349
184466856
201856169
47438231
249050990
512557
181924247
3640423
137502649
195472210
218761382
263077637
29246137
10638278
171059783
200765345
204878431
127599456
202878206
74953485
187011270
22064824
248652746
172450632
106362555
12416740
14188200
192949354
212989345
186495276
57791776
48040545
259568220
1826119
109709483
186265455
137941293
181453936
85551370
20547369
7833005
1060852
170120112
215543986
204317918
218738449
66698793
192950659
7958730
195523350
255763153
7955035
31205943
198738763
12054148
253134059
6580747
106362424
197388001
37134913
6543943
102140629
174444188
263076576
262656116
258668675
249682246
261839892
160814508
247887795
222622186
261963224
76012193
146226225
212314857
206715189
197387969
91833023
262066841
253235570
22482320
246773007
32715955
248499099
73521481
102140971
203583554
34746168
208195691
32561523
192950621
67807177
192948640
187746314
258542999
6214731
249391850
171580696
215725820
75637283
194819063
253293668
92551917
57489985
248898466
14378796
105366557
58709784
197620475
170120016
181267666
249347301
170118726
212212944
194395621
248896573
106362378
196488071
197645535
214753142
128555308
175526836
180866048
195510642
207477124
255611688
43881907
214910030
116120077
257787144
92552642
207640294
51132741
26412712
178524059
192948620
202475495
197629706
68612038
199571355
8300826
179139460
192949587
190238353
1005148
93251950
173883249
160814514
252589020
193450582
6451131
44074136
170120559
252714168
262057301
249918814
76176359
147568360
108716632
16218131
192950916
67869931
72621993
166215502
165021246
24193761
146274700
170120197
194585750
202771595
247324351
248000092
367232
260931544
221231243
190171417
48579426
242716524
58209256
144079763
155115305
102075460
174321505
165685915
36775033
205944734
67870654
16603377
247935748
214755651
216936123
249271132
205691423
165021275
249160360
9310480
90887866
249469440
253284504
50412492
3658331
38419973
139093772
1019482
242788600
177564112
200765349
101995190
195472154
10594090
68823442
2069357
179214462
163578546
74608739
85396167
85396171
44017483
199544137
7280021
137941406
49459958
10282787
203230274
196464090
190242078
93374681
230009471
162771594
191069516
253344818
190592911
158622140
160082480
199547427
108695442
100384206
249693350
74855017
95289181
4794037
137555852
62349854
190231502
249527015
160309632
8299836
140411017
155619278
190701635
6201209
50028206
177744792
57771398
203095255
212992688
68059466
36495313
199547429
36313111
50475710
242504804
118582480
193418843
199040301
59594015
181453862
38076031
160836550
174248205
188534650
82465088
204078079
200752403
205576399
106362461
251407086
163283489
177117501
106362685
193895765
39855266
109982965
181224911
204317917
214889704
248362141
167146640
3577375
186494692
192950223
4898189
196284158
254187903
21054300
185888684
196155188
205293493
249570062
1890431
77627186
177650093
199940035
244169807
106362255
87834252
189761264
6756517
77627260
205973478
48035291
251274514
177703770
41092864
87898926
190706492
169375993
253470343
4995517
66747359
44017485
96550393
253402950
1817629
1938891
210766072
196424381
200628213
199705147
174449876
120065848
48313527
20719728
193116257
149177096
253099210
214591189
71090270
184629088
208288782
249796320
57497245
196154173
215080284
161541366
248947071
83664133
235466486
229714493
249693330
204317932
188487818
110883356
146274222
104744338
38137010
165943479
211965966
207427377
106362239
203945283
195469951
106362111
213705451
191136678
3483091
93070917
58299382
204984871
568131
6512109
115795664
192950240
90374716
194407395
253545398
257835523
215779725
20934344
212468185
260934802
203905214
213705281
251545580
106605307
140635214
56801011
195190101
194790418
707347
199547423
127219136
207754097
197778887
206837291
54683089
90135265
217336261
75454261
1572633
216124176
195792253
254132118
176080883
192948718
141304984
222377743
252165743
111579995
48905222
25072624
60692106
16756609
73278026
258284679
36710439
243184746
208195163
198889479
242979547
25914364
247790319
163661527
119698647
242629735
29810969
216102598
19841767
166529592
252674999
123573891
106362188
200627658
5491727
203878386
29812162
242488465
186879841
104741690
38074234
4438299
197695174
204766262
146996530
55589740
16609925
72459684
67870649
196018785
241755877
75630581
11987074
178032067
260933152
191584835
158973415
160836707
116396339
252175042
195822527
247797305
248591401
176522754
57965538
205506567
92551375
113000523
198390907
257787109
22482312
146273853
245765064
146225022
151950626
196058135
252161779
229714499
195255264
8149403
1051380
203499145
199544226
136919437
158868223
202042569
253227756
216215472
186265449
185711321
194584060
31207346
230013293
14462349
82413537
261815364
15248815
215745970
210155875
179794448
253187938
182464517
171585840
16970115
41092278
196360904
196154175
215374413
242504846
15592533
3705559
156275613
206673080
3136211
249089809
57707233
91947687
196517625
207335661
47339151
212563570
97550051
198198485
182456188
46723662
1954475
51286686
86540950
242488496
229725647
194773068
188536929
68774265
32735946
183930330
250020681
249681308
251531494
184521900
3102757
251268890
102430679
71513991
95866407
249532543
177642910
5356347
101931352
162159426
186262953
3102767
145277101
1699261
137421544
249798920
12416731
206715156
117595293
194959691
187011531
200752317
170119161
252024891
176752960
248554154
205930187
169375222
248778503
205263625
51198625
187011156
193758117
102140746
89602072
208126936
353337
32362487
11951797
183335623
255464223
810227
90984441
76528247
147341594
249872282
95039245
71950839
197587848
246772976
49549976
200651467
54422711
104075003
109079102
1954473
35723007
109650617
176050784
242075146
172067121
145548120
3310203
172628797
212977053
251395715
22367134
52122948
249659365
146275446
253420032
12053544
199547431
255175019
199009395
193921264
403086
106362705
205924493
36403793
167019733
146270367
207400592
468738
36023701
242702818
163565401
192950986
52002251
229714491
175977354
173671676
44911508
44911510
172919942
40429235
249896014
155619170
95497637
178100865
201892543
249028666
249872285
195661677
207281792
248643774
193450586
246168055
15155519
596177
201872637
73125820
8023368
216387853
15917116
1542481
80960068
126531628
2071483
58038227
249413630
187779962
205988591
67477613
251535947
206751487
135347614
35720772
214199916
251924915
10281628
20478378
6361681
191636110
198198473
180399921
170118171
59047893
215292799
191080654
249769084
171712948
193045276
167421756
73300156
71095787
31709622
198802717
53258507
217336262
189350066
195701055
36829812
213997288
74174192
196411145
215730455
133785579
179952615
200805233
202796141
49549978
807719
258284630
73521489
113606816
41875967
191500968
10244970
42843108
173449217
185435823
49270556
198728214
29808583
137471881
20822469
225920272
14303655
247267574
251743664
173135244
178708197
188535639
2158551
106362349
55828597
92551265
36085781
37975727
216724734
52889452
252853916
125732673
253134247
137561099
167424390
77917924
4438307
37889049
3344943
250738769
239166405
4605705
213963839
102140866
14143611
100931362
170352966
216403216
187987501
154260589
261961017
174215340
252854124
174933050
210513594
148749510
1653659
261961014
194085863
92551708
252539871
214584851
120183855
160814606
196683752
188784313
70624699
195928118
247444197
204848711
130610255
181448817
106362859
247669031
170118659
225210761
180999713
2070233
199976016
243043514
85560427
51316778
102140227
2542259
203927188
252636711
200765343
12477872
184795080
192950857
262681345
252636563
249570057
220682525
183256688
253305110
142989976
201088202
2071455
204417028
195849866
193555666
237662511
199009034
6683795
181453968
171586133
214823515
257759595
216198440
198296813
248666697
950927
413656
200765347
242504898
252563154
179545525
248591371
51420872
262660756
199145153
6927435
106362558
136941152
6512137
177860518
106362355
851101
207527220
249610747
95250785
251182861
253396855
11336125
184521902
175798780
39839046
181910009
58134524
253540736
102075123
22648919
202781081
210134527
67835584
26099905
124953620
196411134
510973
53870537
37216547
198101945
81035300
229810544
253444171
170120220
202052280
364054
5143339
205576405
77753682
48586887
50301393
102075003
192949567
193896496
160814429
75948573
224134792
206874060
3698473
558078
158391595
15226200
245031670
217525191
10704325
36399722
204875014
252401128
105740055
101695025
3551481
251380080
157073442
7958312
180749784
172476156
127807274
174896131
190490429
116461216
243086167
106348940
203291827
14378810
195465258
170118643
416663
31205932
113334412
247391819
137504525
57767484
249659361
19774674
93328168
22648602
107707580
196142095
66090073
257843704
247936755
259568228
159315715
184629957
94904219
515847
200692968
217776715
73684904
248446729
36092839
249768456
10402921
195545280
444695
32746097
176522722
170120533
14134324
46332484
135159240
201845336
137754664
48895048
252564077
213488456
106996083
245766090
81133417
67873668
102140533
200752421
92552184
192586724
235578690
92551549
214818737
369424
174834905
199969204
551543
142388295
31207400
185863047
97821133
262046171
40981436
106362195
199228559
77917794
207503121
156199576
197530279
146271854
169375382
43833727
196518832
176549556
253113423
248643775
253665694
118522507
206239637
48362505
77151200
2014913
205807395
52580817
212979586
261808248
225197265
574582
23930107
26099868
184918787
68145772
247931417
247931387
106362183
31207310
249471724
181224805
171581011
200673238
248792015
44183125
106362880
194343359
54512870
71345381
72459686
248541389
253360429
248264491
104741661
177637709
381234
176752838
121372698
147988216
36363381
8965213
250086976
49722650
253393981
48323805
109793160
48481763
261808032
67040913
145289356
50322710
8121633
15686499
199544136
146225297
261151722
16631728
92551416
203401766
115078652
207941003
138143167
88229100
252098916
141472420
126742911
31219037
13312178
262461865
112333130
137561095
249573910
253129523
206673078
198858933
27563476
252098937
83432000
552393
262525581
173996120
176733220
230009473
206837303
198858935
7982626
86563909
186088879
260860858
201679848
206266518
207427386
147988208
155416328
93327797
71173520
91663267
261025343
249086469
195288805
249768859
222655553
184886563
251265664
108232493
152743068
10281626
171103376
182541449
209885944
248644103
72649752
249347303
1732771
211965960
189641242
65786287
7278095
175956867
50586033
17879295
72291018
257781350
244168307
31206273
73207098
196422801
253361068
146271773
40933993
191413501
180967458
205695151
190592939
37890741
170516640
77160636
69764533
242425995
58462050
174860075
247862232
192949122
257782038
153921328
90480205
152870874
2542281
208417723
252558093
261834631
165701465
52749673
72868610
245769550
11428231
985964
195815321
262871303
72165331
190592910
188576647
244168837
195472369
257835603
217489197
195854055
37890745
253057679
35406206
118582633
66959808
58079211
208615261
49997209
262019135
195968294
197464909
252714091
56338578
193625130
250338151
68620091
247776509
198208141
253468591
10697628
74857623
80365822
251924922
49749898
210762359
35410612
58444774
200997680
86155931
190592920
155619068
199969171
106810063
184247906
88206888
3941479
392605
253444157
180749864
68561536
250087602
202343617
190592937
100382950
262745553
57887998
253468585
215380566
176080839
13312184
251511865
75953566
57043615
11499503
13797248
203864184
172997989
7081201
79373958
178069240
262512790
41093515
56730241
216001238
196219930
184218365
195960939
155618556
210145956
10866305
184629953
212993256
207427392
10111367
54987785
8022483
20297984
143063000
229701796
48035287
190592918
212597878
183061944
262746043
20613850
74292179
249019419
180591278
249092492
60179877
145522388
28570276
263028533
411321
35716359
55213786
170995161
187746417
74823808
10226589
155340735
192950643
172025020
11970840
165307092
11499499
20355956
92004143
11715351
139296420
252671746
184878622
228631178
182104210
57445818
258215808
192950532
214859786
247402424
11337565
83432795
253271437
215733787
35283869
22760033
261808864
74487050
205894111
7458315
20620831
176780769
252041006
94712781
225972004
46450300
182149656
106362836
7593344
242169595
149781048
249273336
160788413
7910910
15428298
6933633
68572708
178286128
241732242
176752904
184879041
177061843
187619400
470891
163739511
246161504
35411938
213942666
247540076
14197789
77719038
173854193
192950838
186234929
177860562
177403539
195573526
182744880
253468594
170766406
106362213
87389093
242405892
87393944
77702322
248947073
213707057
249414251
21508679
32742522
200982699
28731261
191354259
191148791
184918799
25123897
182557532
253617265
15309643
254022362
215774094
3717003
251395991
197628882
15309319
252854660
137976320
247937068
42838866
125724935
73795387
28931058
191354252
115709329
155618833
87964486
205696278
253468619
80960088
213864733
192815820
48567355
155618726
213971714
199009756
31315042
191892821
198523883
42843201
252005439
190490137
11728449
77149352
248766794
39363661
146274690
86151133
208615257
208615245
195801687
36923141
106362479
203422543
258215765
210429987
247287366
106362160
177754259
188282978
183338633
205582151
107277537
206145323
34746333
113083551
10365091
200851434
200946061
155618679
251405983
197344447
9961719
77231696
13852926
49180428
257532328
219460703
248538649
241339395
37157866
89984305
32352511
176715399
175840933
686433
242410805
41132598
146488309
150705815
20351837
188494833
170118499
217708736
176064389
10116849
36710230
203864263
155618732
253284235
42807217
155619266
206310909
14956063
249524174
180591105
74380438
48774580
127050870
574638
10562124
50082025
340640
7649387
48541755
87054361
143144253
184766291
199595814
173093753
221225315
209603407
173093842
253444151
152705146
251281496
89291843
46698551
20622872
248590535
208677834
68369916
41881548
201375575
11508322
53902993
9985547
250075776
254093524
213965733
34746392
149781067
60175288
41887185
185909016
253080926
89298248
192950711
43176199
180394391
195288799
182851053
43899828
129138333
11427037
146133627
217525183
23291779
194819095
186070435
35601688
172998290
35411227
201055531
44889264
249775151
25300739
107447976
8845822
153364291
158745351
22113806
146273481
213710158
192950935
14813383
101502463
56018001
106362428
20861089
230009548
74624934
170118135
173426018
31816185
42843050
41549144
194586183
16220539
246853770
14763472
10646858
1559503
201114818
216387935
206987993
250076074
185718751
176902801
119330803
99081546
155618646
10684918
201055594
34750399
211025602
38517943
215727770
192949265
81884465
23031421
202226409
191093233
254139793
76777762
31817676
162399297
203069260
403652
105740316
20356125
246161877
87447158
14447467
221243316
253166130
16984525
80941338
155705208
177273263
51348526
38075735
102140108
192863111
10382852
221261681
20700082
42546465
191672303
55880141
56267216
155618904
96805683
206125911
145551622
249513910
37158709
214841241
67110626
10562121
249696145
77577363
5412665
7467869
99506823
14764285
193512506
190592935
16272428
36650043
155618603
253237287
116245931
8458694
189689654
15085444
139050884
32613971
106362745
54088801
11422750
213864911
55843722
117315703
188579831
11716744
102140561
181713533
207244648
207196511
169697565
197388023
87166472
50378902
167059696
253113465
8461489
140221868
252179543
106362210
7940955
11951795
108676259
859043
1085396
145550921
242653939
32744649
253248350
247309814
170120065
247944744
140101007
23790662
205560737
129138419
14378798
202475486
37414129
21484178
88212857
108957013
263044434
52585356
10002420
16336151
171547538
178292515
188786003
11602016
181903091
262654946
86152383
102141069
262651705
100253419
262902119
260967958
11718858
167613865
198341974
253236201
248893254
249089762
34845338
102552334
209411137
127654482
192158787
129748482
11963073
30156562
43781122
50277314
40848432
212426342
197887901
29354221
192321181
15499818
155618865
216387950
85553751
263020061
176487496
41881502
221232789
182603743
216285801
7950969
11960039
125434134
170118808
173712036
262782611
181777299
53900029
20702603
262065989
258552296
252470835
251924921
257845288
205694862
35920676
197062931
102074770
54672402
196219936
215914357
11602019
172157471
184629080
32530122
828647
24846545
89492851
37164235
33052419
34751345
247935051
205863718
35916168
51518964
34750897
181097637
85551364
36522051
70636790
11355592
6756513
109873355
10672313
36853905
171126677
248432954
248086000
219134725
201114060
41881630
250230369
10419614
221746493
176710941
246164947
249917715
179512934
191319742
74534178
249169261
180903638
14372220
137976166
117926909
109015609
203204589
171057752
83749231
207301480
9953606
38545817
30886023
36328211
189371895
38080098
35021340
22648785
11427658
37159307
184782098
42812600
170118639
262903857
192275730
116244837
51059486
146271255
49337731
184784805
36314484
68864470
437493
92552097
74370767
56693141
5904763
180846597
117379455
44888285
194011311
44836558
204277095
117073822
41886966
42823100
89623509
163021174
192950177
177293235
216462236
10299611
53281500
32412997
192951008
135266752
249526232
221226387
72020717
53978371
104308817
216384514
170118930
39363652
105629266
41039836
137484498
14803265
248896780
22022013
34748468
3858595
49009058
82886105
34922931
252099114
113459572
75622034
11499495
20721258
177001370
92551462
41092521
92552088
253237318
213866790
87959834
1627955
191446001
204302034
12234747
108716650
213712872
217385601
15095675
215475668
198858918
159725924
195863589
74953666
41887323
17001340
252871758
127649081
192949824
191767735
106362270
106362709
385269
182603706
253501562
109958227
146272263
139508889
37159740
102140345
20595688
71052195
253444124
115254250
25962276
140416375
214824130
203499155
189060346
187746407
155618592
56267234
248592420
4419777
182316755
186256366
147763348
155618954
54789503
54778149
68210907
242075375
14384609
174015615
136150596
248663909
106362563
203945263
212580123
188961507
10775279
156285800
200851405
203023918
161947350
200751333
48981799
215733103
94278037
10281644
252099046
230368368
42843024
22172685
217317950
208214617
250106980
183337083
20600289
205574130
89293731
230083863
253168890
214081773
69229102
207640321
250079992
41241732
64256608
84884702
7599491
46772973
171924358
372293
84623591
102140088
16968772
171468797
247322647
215727772
74571862
20693527
253137813
102874408
229699844
10295361
192948722
263104245
72103224
42177986
170119041
50495447
42550426
217776385
263207775
262841980
137941659
215745921
54617379
69236674
250079188
199597406
216387844
199965029
200851403
252011595
106918444
247681074
22441822
18030622
190592915
249220905
102140373
118114717
149249460
197530301
215733785
207311055
137430423
196856575
188940989
24711899
23099739
5763661
124182993
51198679
107447711
92552053
165242255
192949406
249526642
157095584
74568577
67040869
225209566
59142801
197636932
137941519
254139401
37157364
92551395
228988871
242716236
247820704
188321407
253620296
72117935
182295576
167685122
69706280
261943102
177652940
195560349
24842341
194583048
35410989
92552043
11259008
19383853
180591707
262800198
184410277
262767667
11275472
189064601
137978325
137788068
95966335
252162332
203433584
196219934
102140365
251417360
187746412
137425262
51577922
188959810
257859367
38986131
73515323
138049764
68833684
170615087
74956760
180864265
242499438
186741645
199869473
122834595
242810736
38110532
182292193
213965593
206331045
247879459
16998345
10281139
15382569
186256339
215141183
191375833
74385342
204754528
246852435
37169600
41886245
186234941
214930682
240931881
243808014
79410013
185448355
34993401
253665592
184783195
202771023
46772975
253344927
28730081
95250071
244309200
54882916
217258377
39173483
179445320
14058527
1572629
47891991
102552375
247952550
46687916
58209768
95249856
263039391
16563000
22756866
51061282
190792477
253104734
180846604
88042618
55137467
248939587
186874500
249777474
20701396
11666017
173670138
187782861
247442526
36608149
175544939
219134858
14764163
11196594
212607485
23744047
186393450
41096694
35410974
247263702
106362140
221262503
217202470
170118926
202780341
262778255
204941425
14464753
68446475
22642561
102140369
20662104
71065147
54815221
23435943
184873830
195528854
182975826
192950079
262386730
170601361
73147290
82499696
137478282
4070543
253252954
57856170
214766633
137971547
106362184
91849031
191092872
146223700
214614180
217767465
106362420
150689292
192949820
31315046
156199642
543363
214012327
95226224
217694281
203023791
214813512
117315671
200976639
33059610
40862899
215197864
180586193
189633876
187626375
53900124
49648028
117791420
213972300
48585846
194585758
194208007
249577198
110892930
205894102
77916004
200854205
104268018
222672986
110115483
20625487
117074749
113543183
16401281
217143500
343303
8090575
36278754
208594008
26520165
148848930
217614139
184878548
53280925
74952863
185533545
154473887
247346481
246161891
61567682
7181677
187153109
205576739
55007987
11712452
24843764
252137620
229804323
67857332
56271404
7934654
38080297
127032270
196515416
181776642
140580508
196280135
125009696
195947854
50495716
102140352
60187467
10379315
34506080
242628005
248540998
68145982
55193930
10226577
249934757
11499479
60184649
113835140
41273714
146226388
184878566
175533636
219145331
197747835
229978117
249391548
155619042
253188071
113430940
196146608
193534754
251550763
48630835
192948998
194355802
95249828
49334662
20532077
53977706
171905506
206132462
213741156
11499599
155618687
155619221
176876131
76065883
172329314
20459390
180591830
112108834
58372987
102140395
40981430
191354820
49007789
202961766
248416163
263056287
53289194
41881576
207358995
11801221
106754127
35411130
122273428
199916560
215123517
72793261
32351766
214597563
92552083
41555985
199728692
188963767
3647735
242704873
253621190
253236073
38073638
152533768
174049275
176804420
170466513
155619326
207563619
214759477
253626178
155619129
52569862
159633553
192950062
208097046
187791118
192950195
107462508
181982659
213971907
34747695
37160815
177860464
40972548
194197788
32373617
221260805
171953779
225917848
259310982
253498850
34750329
28556369
12429880
194098633
207641753
206248644
169099638
32530097
155619192
173854347
91664501
35410435
179438591
200851399
212994225
46041654
106362871
207503063
35910330
212213993
212324246
185813263
53582213
85553245
248544871
55053724
50228890
249921328
117380375
14197804
29810956
193600811
195573568
115254257
187011407
253247528
76452461
260817685
174896125
54366130
172024987
69701117
41094702
164323262
114896045
53977061
194098904
181712441
162350510
173854226
204301179
155618913
215560722
10070292
29815391
235552364
147587474
182479320
111650545
113498297
122273438
216387971
204419795
191476310
149528218
147415625
217385597
182473675
227162664
2299047
147341451
70637494
177782663
119902325
181710157
167043778
230368291
215768512
180591894
114266423
253237316
166559809
95250685
191769406
91612847
36327994
117073751
170120077
161310107
174175477
174039960
156275614
95249843
117315756
32505599
16738168
2299095
205810695
248185419
74568778
50495724
216986249
91096537
248538421
91849097
34935380
85553745
23818170
43084627
173557819
249596467
263020844
192949704
197745221
59245013
243009797
253766704
111959773
46262220
191354247
40434021
137976277
177753985
106362138
117926904
2254439
171933057
20692817
186165856
178032469
230217221
92551724
192950681
198584435
173865358
15561998
162351056
38147132
182479710
182465021
216982959
36370908
178519406
74958572
54889016
197687447
253230433
217510272
212463532
170118670
36327273
222655840
14764275
59199996
14763520
32686730
205553285
39330779
204420731
174300389
253247526
75630704
36710700
242435384
195531002
223985286
68145734
51198687
243223919
207951832
230368288
252937177
262605396
216683235
113183217
54756376
22874818
48774437
243085036
249257637
55352338
186233256
229968634
109982861
33008050
33008044
174039454
22400973
200005033
102074852
113371680
263195935
150492415
248546556
142006743
73785550
183337837
195996580
4371193
253461455
180923971
170118932
163021133
36327411
186369412
50493931
167355378
80940109
176903561
106362229
174053651
11499559
49080580
202064413
201845051
124975187
242628123
87057743
15067273
215913951
179445579
222660151
230368285
244169837
262792158
100285624
14764251
253236156
23358378
41093383
84879712
253766708
223731911
91853320
34749972
82228278
39367212
31318764
197823124
35333512
85553377
11594003
177983541
200521200
215720845
215615582
200843546
28934107
225209539
9496889
215767189
106362386
41093297
246168171
71682930
99056117
32225914
183482862
11725662
225209536
214823841
49749906
173706837
59167091
138119491
206254120
215727774
186369177
59538363
35409746
155618920
253501567
11628691
23503339
14011438
74568369
250078019
52307542
253461470
597621
87966247
77561166
59552735
217440396
192276535
147341476
23499528
34935425
87057708
192948680
15877633
13782653
82386576
170120253
155618619
176872171
230062350
174310203
41098280
219152864
7917114
31825873
204754572
252675656
31698039
57896277
160671644
251274569
253165625
96306626
197748819
186080606
22083529
170120091
253501569
214515281
54930489
59207261
152022567
10226587
253300506
184878650
217130871
262067741
14764293
166093225
208174356
41097974
180904916
253237668
3782745
158098581
205799595
206248624
32372945
147341609
691854
58946898
141816109
106362798
40871644
46772910
11258998
14764215
163021311
484264
871400
67247127
36327009
61569078
14764267
22362428
106362511
23502960
41106709
32428861
41096536
116032229
155618874
174842985
160814562
198452234
21101387
137941385
54625478
252275688
249150940
20457118
183483267
52678805
28536874
181995762
106362189
203433767
259479687
102140774
116566692
199870076
215767187
179941662
191265403
190506403
188963894
242075112
54784053
14764317
253613664
32415107
201157404
10379319
14683307
14875288
249273152
249457521
237783216
210513719
176902393
217772139
14197767
261832151
209603399
207311102
51994142
14764173
253461467
137941399
186073079
13797211
176910048
248687747
92552077
206360119
76758210
92551347
171949473
217772073
16730218
109958461
194451725
195288795
20698244
41294602
41887266
148766269
42425301
180868201
207301616
248544019
102140310
202343251
221516974
192988025
221517172
161863363
248703261
95497644
207752573
195472183
117832405
34745975
106362581
69544715
196579462
178831362
262664389
54637892
182104473
171243427
181113515
176881234
118331694
35859285
113929484
113430938
73513510
145555033
82886149
69498941
50496975
69255671
49026049
32077249
163831373
74196052
82953351
242085156
253461472
54985380
34751714
148807672
170118634
201892548
196219932
217776945
199969291
32352194
261821095
214948978
206987738
252565379
155618948
155618675
14764289
217720463
262386828
196148504
249532971
249961577
50330246
180399904
11499575
36328039
184414345
1944331
215478081
158868292
55319105
89205994
173745189
49249526
88592202
204416863
248798962
262797877
7804743
197745260
93838189
192697068
190242070
214599312
197745233
254078276
215105289
207227308
16223234
15180358
190592917
102159092
136019283
262797861
6927431
252892381
87966366
186111097
244169831
251552302
155618879
451691
184779709
73109087
248095033
184873939
192950849
203864192
5065751
262797831
60173222
188318937
212314036
48035284
207301571
158742022
165342396
146490973
179743729
248194911
212989431
48754589
155618670
262871425
263060865
257846915
57759241
207840988
208660549
253468629
37411737
185941450
41881459
155618621
42969033
24724739
53901963
21416440
174247201
21677571
262856928
42891769
17049678
48462315
46626276
59481368
142343813
249273789
253313741
155619227
41149224
251551535
262797896
163021116
11598136
68399433
254132138
35199158
204302133
113117482
92551796
253397943
10226600
167393874
207359301
253468626
193639200
57887441
67108259
155619237
9949043
174085422
32816148
183563382
217525193
203064277
136020963
10562129
119324696
214841038
165150427
112317040
57759336
77761090
177999989
173752474
196530886
21053410
248947069
41299098
199940839
174085337
226206721
210413295
10562127
214589492
543365
217708667
169714630
214515553
80941231
197751313
187642404
41098561
213872720
228879753
430338
20676941
181358371
531983
216129070
195814407
115977978
207359201
14764299
172992247
153038851
248760047
162025688
155619115
54788856
159725668
170120605
10174543
196280127
249261103
214759621
49650166
198305318
190347857
39324169
155618580
130327160
213562464
177886782
253166350
10226602
170119458
173168989
206251480
250113892
53022855
112321550
198896021
34745602
23300543
177266290
155618719
197686682
91655005
162776610
60120134
187619743
195817073
11423730
38074524
200692960
48970301
263117395
216983012
39366783
205223460
146491296
262801407
30793386
190592919
34745953
263239277
263021056
58296831
70663368
227164490
53834484
67241782
7259335
52284767
52231691
257846805
253468588
173705072
135329423
191478038
225920408
182736910
176728012
109654439
72166008
185941358
261974867
34749180
125535310
73214956
221232960
180730620
146394454
216982915
22169002
191354255
104415664
76053223
249173638
53598966
10118596
33420325
20304701
171134262
7653298
21046694
247685947
50480426
51532340
22634343
8327772
247792758
55062966
68721226
114285794
204083208
194958608
248186005
193689058
192863740
169003341
191892967
26275807
262801134
53918193
106362486
16207079
187606118
263075512
95897473
185504325
102074910
55965942
170118786
247291447
174175892
32746578
54795985
116414048
15249185
102140542
54792536
221802165
48312432
248195385
127692296
155618763
174567002
72647914
8073411
37158016
185944369
145551453
11499603
229773178
92552204
40797447
186233260
56901221
55108122
170119849
23465099
34747203
180592291
164092310
200010615
52669228
189062037
177747458
595121
180581226
58157318
137968669
194133216
14073495
54632790
214050718
176821425
252765920
71958741
246208733
246855497
54432012
263265436
113430136
263082612
55828178
249374027
137941593
262806906
61569153
57759158
216982832
248191136
155618883
106362203
202347646
69704719
74547887
207195332
15959717
76738008
253468621
209885963
248005085
207359559
155619196
215040191
174013049
179513000
155772975
176769683
252250228
211315155
7954877
194583385
50242885
198531470
173711613
55063140
80365544
153047729
42016742
56269587
22030563
130024101
253166352
72797330
192092675
74292488
216244634
53750828
247706852
59245031
41062947
7912361
11499477
221516846
194353615
208403302
196141156
19705255
187011854
37137531
50215030
251773643
192781509
192177710
150689280
35511546
203592356
155618565
54395328
21183029
262037788
206537621
72092487
55329022
181926790
53028814
41092452
155619085
170921904
180103097
190108342
172997839
188350167
106362134
155619059
155619312
13743283
13852269
173747269
194127611
55404819
72224747
82477547
185941739
160371983
174865819
43749397
106348494
42808015
607219
100382914
118685541
160788593
39918919
246208816
85553182
150559066
38492510
64300169
40131048
48586753
155619153
173671118
61567797
93708585
106362177
143176462
39923611
21007947
72796666
72288580
571873
49047566
35591934
188374222
182709820
149707208
42693133
45419549
57759362
53900956
190231461
67817526
172121006
177891478
56672205
66645345
11336809
201963391
262801008
252768078
106362795
42432155
173755249
47500240
248792009
194098799
64296340
212994204
16969559
87913723
248195144
80937541
170921852
214048121
163831425
177990400
55506099
22080375
155619036
155619260
82385739
176663218
208376726
191427797
74991847
248194901
53598822
190846477
144874268
15068047
166021680
217776799
35309901
214908493
69559648
70631971
141242674
174069472
179445734
219135105
113364079
21730293
183678294
127008317
92004092
50229000
247705771
54902146
54811853
173853688
190592913
41995049
42022145
242629643
225972189
155619346
176008365
174039488
254148639
57435362
192153786
187190718
247345505
54449413
69544295
51108228
201439850
243093202
246297659
230368439
41074260
438016
24884572
36010461
54924458
246855219
41625796
22634347
26528363
194125605
67097400
72799047
11306101
122812570
137804467
118796483
34747631
56306447
42848216
253468638
165643287
57442904
263046097
146271682
208403311
13443884
188354277
181235034
253235574
59291843
157118130
48557830
202604333
155618749
262856940
35811404
136082213
193054223
170118966
179056811
72025572
179445968
246851782
135332161
204044768
84319323
241654077
39370152
28934337
24423106
145532905
181234982
252771114
42842873
200851440
135329785
190506087
224769453
14808501
106362750
13772352
150646889
34155270
262037908
28727872
249532247
194350486
42847166
9943779
10746865
59537890
199121520
174301398
140351523
116413899
207854612
173705812
204300345
34746251
7459623
10226598
15074002
179724102
176779859
172476228
213942662
250460652
72796113
11224006
52343694
196054713
15739352
244169823
261036311
10983093
170118481
204804710
145552909
190337025
155619293
4419831
8134103
74861171
55191925
11297483
137805318
247657032
192729680
248800682
199979158
41473436
113498344
219145354
188352872
33008062
61566274
171232868
72799413
107443858
13776220
39367106
247055351
14808574
157055777
33501259
684693
113429855
213963880
185434835
69884314
46447064
95501857
216388034
197627919
73747706
155618898
23485039
170118673
896976
170118617
201623965
197629105
259568269
174291641
173854528
12482450
196018964
53050311
59286922
252079926
174808417
174085852
173859067
84883454
105219160
246208760
246208878
150720905
51573012
185748722
155618691
137114469
14764265
215641839
215293182
5065759
122273434
213853222
158867366
41023476
203511812
212556727
7952033
80365717
53185437
13345278
180586293
216869392
206204994
119703660
253235102
193450844
253468596
14763538
72288278
95895073
155619283
127591335
105628949
248801945
102075012
113498217
214200490
54927268
247290872
194458009
190512052
221225672
224016942
170119814
41096758
118582509
171145603
22608953
247053780
203950375
11499577
416608
221516939
197751017
14764305
15777965
173608808
203145843
197830356
68547806
86757657
57037734
180327345
225211388
212314055
68002459
247657278
221225117
194197664
222671588
42953819
84861461
27955301
217123676
246208757
38120097
72797791
36406957
15084865
195557270
190724801
476157
55507342
172446371
36582696
261114897
43749317
13346131
155618844
155618744
262083637
33137669
147341449
15067550
49726078
55361920
118419957
171097939
192863225
197625682
117073928
216387874
155619195
102075047
153038652
169415431
181249717
58243737
246208731
246208802
34752251
12138025
10316044
77560247
253700919
213855977
4311407
180592164
155619340
176488000
203232395
31698810
88911846
58375153
95106502
143174459
64294117
177285012
59540168
45872895
34461204
119702767
54399907
169716099
206248654
147774088
119367928
222683307
43801188
145550112
173669305
199903983
153037363
247706027
249273518
84320403
42194842
241654067
155619299
61567684
155618552
216387803
11586844
190099558
254147011
246852369
196514469
191354264
192339766
11728988
198582949
204387181
50497180
8090555
171236928
32412467
189529304
61569117
222677331
180395549
51731195
23499511
61568826
147062525
15242362
195704002
191770705
183683397
51994200
180865840
181114646
221224278
173758910
155619249
201106810
181171074
215208607
214512382
246161478
229981073
102075428
180509407
177001348
125732305
39324001
246296365
229773491
254146242
216982945
247926885
85553154
61569074
102074769
74643934
34750265
112083194
7902295
246208848
246208832
173667257
50931013
115254397
40849188
173859846
25118825
61233632
154852134
176804149
178776946
72798154
72795114
34746926
35129988
61567768
188650066
907638
7914051
59245057
59540127
52114305
202604338
80365468
124859137
8073196
213856024
213713178
12332972
222665483
253700903
247050219
92551969
155619136
36777165
155618662
100384091
41556066
213964070
11499447
61569090
128677162
186233279
59540706
64259727
14764249
60047684
67986938
121082655
263098146
263080761
137941577
263098274
23135617
69557335
208310608
252770272
55567874
13852261
36328278
10983091
132789862
14764353
188991250
93719877
182090430
111193393
252566482
61567793
263274065
117315815
229703566
23477076
214818748
247345423
41095579
208371191
68034738
106362201
11628886
55330286
144694191
53256366
21192205
215611050
136081398
173758715
47500292
54753658
23476995
24425587
171145644
53918135
53184987
181938686
69851610
157540007
197841194
108153699
68393678
40848896
155619336
155618725
69675239
188487872
174114919
61567764
86774473
71893896
102140270
56758090
58366611
137459655
136081680
14753647
59307338
119327160
102140446
155619342
195652360
106362305
102140669
199121557
34751675
246772729
246772759
246772743
246772745
113117278
205423608
85551308
225211372
155619126
218736146
22345224
72595718
14763512
20598691
241975214
216982934
79680492
181982134
181171105
51046612
59245061
181361336
127649071
11502380
198899095
127692445
155618628
195822365
176856161
144324317
246294994
49299049
74953099
15069283
195482314
27658219
221225226
179702163
223683797
222662849
179718016
179721762
225978812
194473511
195482091
112083171
229773611
187638042
112083175
216986215
188347742
85551382
50740557
246208842
246208814
55568097
172918849
34719839
67260989
140221856
199978190
54812483
196554764
181982694
20452413
72798562
59540069
230125462
20287408
2299091
16998599
36727950
249007384
222665488
109958825
108280516
214082238
212989433
155619027
155618563
155618912
251548038
208309768
261944604
206907509
117315780
155618977
31123962
21758146
72925342
8073354
11499585
155618745
155619255
24025444
11499613
100384079
155619244
155618545
155618997
92551886
36704077
155618650
192153704
155619269
137456674
157195582
249570453
263045761
249569635
152533498
34744899
247345453
67196234
176677873
106362267
34823501
42459493
77560509
106362474
10697630
102140216
62344261
105218909
16966940
21758124
106362838
199199394
54610063
41092763
197630689
34749030
54813584
69544022
12507992
41241745
74179953
71055797
49650279
174515904
8091121
189533656
20132836
205813877
174292248
195817528
181809106
174240078
230202424
59538047
26350974
21192328
69552554
14764323
177891510
102140065
11371291
59072228
206649179
181808897
42108409
135328788
191429131
203701795
61566120
119330477
11599936
33008018
12001484
11499561
14050850
102140358
34749285
198914357
137375780
186582480
68724540
48632745
195971874
218736327
218736335
174808412
92551949
59537888
61569123
61567783
58243807
43783583
42842831
246282392
246208834
179792616
219145344
54899694
54877403
221814902
215207197
229773212
54663295
179727053
222668591
193450023
201381379
195707812
198900707
36618358
225953925
225953929
61568828
242629504
155618930
217123633
217125814
52659983
59510385
50495685
45872885
24840833
55000958
145130766
188960154
61569121
180585147
46631636
11338231
92552185
215641837
222665481
229963377
263265652
263273770
129138285
171651703
214082639
214200210
51578723
261945332
215040287
36563702
36329615
36331650
155619261
123929871
155619065
123881703
155618570
253396001
146274916
180592088
186233252
54719696
59538361
119330487
42470107
155619041
253238056
252106720
249760411
130743015
192969965
59165551
128555312
191093160
59165286
114895486
249513869
36371683
45159819
34745686
9872173
191427193
77561078
119324759
56259634
39362573
146272015
112106933
54807920
118796504
146271592
189689934
34751400
76452525
86830653
54848706
216285751
195513988
106362362
176773160
160814411
61568802
57043350
119330553
106362650
85551358
59165344
23742464
23239262
56270751
209605794
112126756
174291999
174294432
23898740
242628020
16999360
167349628
189194268
119698919
7934667
194007190
189941994
49648884
176678998
20134788
247441873
249853191
112340925
173533763
249883297
88222443
246772766
246772772
246772731
246772763
218736140
155618629
225211378
225211376
263085209
253468603
61568786
180866183
193442500
192459382
193434573
51994137
221225601
179706869
179720071
51994051
42033374
246300497
246299023
155619044
103776181
194456634
248191579
47500282
155618585
215480964
74952778
178777090
216387825
155618632
216982918
170768505
73633417
41093162
48574480
50494886
22030283
61568788
166101728
165346842
229980901
187636960
102075078
54757933
35409005
246208881
246208839
167061360
102075458
102075498
155618784
9185665
161257067
86036940
230125685
262801538
26624003
161533094
61569064
113459595
14763510
263195930
205494501
253253277
55507338
171022507
35411948
54442432
36703462
9954325
21126666
253258476
14130745
253271589
190231494
214048132
20276167
209863521
193535750
56721105
56271481
246855595
155618993
10122567
92551415
61567715
155618622
173128877
155618823
155618955
201679337
192971663
182107815
11427171
128910554
205136458
205031568
198415486
203145212
35973708
61569171
262782382
155618800
155618661
196141146
155619302
21997507
19735592
202510828
247345508
225211384
155618781
246772752
246772761
246772755
57447023
155618863
61566300
201293682
28910224
49858421
42599168
106362164
34750267
205582130
34747423
119617838
198900297
203853449
52668399
69699632
36019146
20132834
28727442
95249995
211934525
36615605
169916894
51908574
189087073
14197796
180593479
201623528
192903298
174756884
136082257
20132842
31315044
67241329
92551696
20132850
170118591
20697928
47500119
158812906
173859807
48894692
112106639
174312373
73483998
67247208
44888454
95226205
97714265
155618940
91849277
197625501
225953927
225953921
102075492
59539940
229773632
35411121
54757086
61566284
61569096
53552498
61567746
155619279
198336000
246301656
174240092
4311401
198858904
35859413
216388086
162969508
152472776
12521905
216384538
134749337
180865481
192862471
47500268
28680297
55827766
41092223
194125137
192779482
219133568
248800598
190512220
191428881
189959817
222655813
46158801
189673428
210273831
173859793
173859878
192459715
36776238
72092231
77560437
113456358
155618992
174301140
262456614
50330747
67254520
127315914
195702934
15259136
229963413
263118647
263084901
209863525
177887030
61567791
196554770
188374826
213680779
213964792
195800665
56269799
59540129
16386543
155618741
92552630
155618927
106362174
155619039
61569149
68996152
57785439
59540131
8432263
14764325
249680929
249680455
10397245
155619075
180591643
14763490
66104799
74774872
206641391
208186078
225907676
121614084
190555954
202771633
155618709
196141137
206781443
155618967
190231475
174037492
249513585
262689919
43894744
42892071
124170689
106362544
8092138
53917854
20553122
23131468
106362878
95071233
11294475
52137114
68570898
152473176
158868290
19700492
14764229
71056910
201965138
173874299
34749227
20134786
225209561
23241115
198894989
20134773
248799555
201844621
225209564
174215721
225209596
41098757
117918082
194124958
7886819
225209568
174305540
39336046
59245063
177985993
85553180
218736329
218736144
53276839
175167238
213970429
39942985
193535440
242734893
247843970
182736915
73631962
189190235
25123732
202429191
88779167
187156506
56793710
117802236
34271371
10671296
210762357
10671298
98692370
217894322
190506524
107448150
21082739
112228088
179546082
54762817
262344690
72290739
200013516
113041981
262903850
189538035
252135635
184521841
85666949
10671294
249935423
196514605
247656338
10671292
13740514
184628869
200844543
176048356
79837628
102140891
52233307
146231937
189069729
253284574
32413721
184895620
54761201
15163844
177270060
36328525
23499513
180995689
11336484
168464143
113186366
38385452
185855452
206145345
203144262
54640677
95551493
22443825
72622295
51616509
28928566
92949017
21090144
216285763
47113133
1577293
179129765
101989122
11658918
213886802
178784269
40425010
208097093
262839881
262344687
74401323
42240731
66090077
39324784
72025568
15198009
217419208
180721191
164340770
137133328
51731200
200875412
38385460
202764509
896646
36376504
34749945
116566074
48117153
88197081
13455308
122273430
248522996
53900254
170118824
110892246
54390782
8338695
11294990
192092664
111969643
111930398
73785829
83604294
253019052
262060425
146592414
54755717
262975012
68140886
30163011
200617377
250365627
182104391
122148387
10002428
253166336
117459624
188428524
155618667
173999888
214589494
41098228
155618919
191774268
208615264
20696799
252854167
249157863
157127457
21484742
253235194
155618567
189945837
68139534
195667852
23047861
203065348
65463652
188428566
146490838
155619013
104744335
214083413
142118637
113429818
241666690
54744876
102074932
188428153
213562516
34823366
184878562
152017914
52285075
77558891
194585495
178461346
196554780
229760595
206205148
191445850
182726490
208219036
225989758
194473300
261986244
146223808
11609852
178785813
170118176
47500093
116510656
221516848
102140080
179444830
202964136
197720682
213865907
145550296
252302303
199991937
50943273
177962556
152781898
21878119
20846949
250067261
52876083
42687684
226004299
155619187
110152360
174321523
150492361
158097746
173748391
13931688
11302500
257831451
57747093
51063949
176726439
113915355
253620267
41062726
254093538
214614783
103870567
195715378
116505795
140742151
252858300
13346462
14647553
248085944
187614718
177890691
53835999
188429077
173879502
71682202
7593228
72453868
54456681
247293115
223623773
193637776
42230645
10002426
22137500
141755465
102140046
189938594
216384515
180715226
74038443
248066847
33651709
80875232
34928499
48585832
249952888
253166030
118228821
149253086
59537892
120553461
193568185
242629514
102075315
213865406
76212713
253166312
198415772
151950514
169768808
215767944
127692406
216388053
20703321
11970033
208289360
213680288
253166132
32423931
39366879
34935408
8095988
106362853
176674687
200875677
35409648
183503691
36310757
197745225
252854122
252566266
187618502
259537431
127692514
145517113
195912557
199903597
35975069
39366839
40798532
190109335
248090480
24767892
242443774
80365428
203511660
42356241
241653960
155618806
121412514
102074798
187617056
187618373
202529540
155618678
42194827
155618852
82939661
208555452
155618655
263117193
173742746
252853716
113429776
213573997
212960064
117813782
11657984
205148393
155618558
39358379
52334106
8088879
196554768
230081218
35591909
119702771
54670496
208307493
174215103
34751573
184878510
67695085
246772200
246772196
61568846
216384524
216384512
137976526
216982845
146952366
116487712
247930092
247291963
176734430
38133237
198899226
222679205
137941430
216986290
184878552
263265731
213964386
9856785
155618924
11371965
190096790
205123155
36396359
21246220
15358785
11527491
262842583
121089345
208097042
242424155
145771897
197218352
107985473
7991223
20134778
35976745
155618591
155619167
35591924
34917674
176733411
204398929
145130742
20132832
47500224
144324404
20534007
230368425
230368431
217640132
102075185
247290192
187610388
173758127
54805101
14335020
147058981
77230987
54472890
197638864
194473386
206781231
15562098
35404951
222679259
86754068
262824000
155618918
11422345
155618701
36827313
213972604
70613573
35587736
249220911
214931320
155619305
50704367
49522513
252858298
252854118
155618717
54926048
247792785
20884600
230368301
102075403
21148697
20134784
243047210
20134792
10733976
102140237
188322692
173945621
246772175
246772198
215767975
246772181
215767942
246772179
200617584
247657196
31997471
22882031
17049672
248186905
54711688
127591606
67932281
9956581
217123604
184492148
230368423
230368429
230368421
165644172
102075148
262842622
8432310
262797666
263265729
119325697
250980981
262337681
155619242
143199933
178776835
155619332
197775609
230368299
248090766
248756691
249655432
23482193
106362284
58213082
119368522
204044753
191757596
249023639
217123647
253807378
216384521
176815815
247657497
179687041
46693697
152534474
102075161
155619258
167615048
187616501
252566935
262453912
155618539
248164421
34749411
35905769
181992230
219162157
166558602
47500264
119111457
197836312
51574836
50214776
35593613
155618822
23485177
204044727
217125815
102075028
100384234
216384536
141718061
102074816
195708611
221231738
182742920
66451131
76129545
135399904
36586759
59245025
155618654
106362679
242101826
199978703
36335111
222679269
222679263
20532556
102075223
10195001
35591938
187746334
68229728
155618695
261986395
123950066
180585702
16225463
197686643
176910444
4311403
230368295
230368297
173946221
59245033
48552289
161245941
183330071
176770665
198898830
35456131
64302426
11300716
198435280
12663748
10571151
64253071
54144149
63951833
181921041
170768421
68728333
34749396
34747661
181115243
49648977
20597682
175532886
215767940
215767949
98037655
53974339
187605479
184895551
52723612
186111416
212482271
14838595
52344116
143183384
170120171
209885961
188428495
86980018
122831713
217326191
213886804
74244984
73110013
74296464
42889841
203402013
55809297
42560122
253319053
92551752
160370216
188687170
73201336
66104803
195547260
97069928
215224684
22067876
91985361
178475939
134222500
10165826
8470361
50328661
106362624
170118192
174015366
208093465
13853092
198335653
174011186
252073860
79837390
40848909
207752880
252073851
252252845
7103863
84566226
248264499
72800572
149779854
261826789
215524907
120550013
205814151
52395430
50493191
210429093
137134293
178831639
188428509
35909608
146491213
58367058
198895444
58365105
73791524
242497133
20584371
252252870
204758272
73356396
147061069
151798831
177775354
221516871
195288808
185411327
52395406
146491416
262662485
248522283
51518867
191753951
72800266
181982670
108501281
206945112
68613126
261825397
125935473
68562317
88095595
201293666
213675699
88091360
121154727
230200229
122892337
173551291
252868519
125348887
113282970
217123730
16209231
248192770
45424357
246161529
113827006
193916998
61566290
40977082
198336690
55061469
248800807
102140516
252073863
261026913
201678486
209379301
84846473
224279187
51740830
41556508
190589694
195482744
114446998
66609796
173663860
187621447
45429659
204424697
176103079
242421050
51731187
51081791
170823470
158868672
35593309
16223177
76129811
108965973
34928497
262783164
179713201
246772335
246772326
247681356
202771770
51840039
190555829
155618836
10772078
48758388
52776817
52670437
52397313
184801372
102140152
148870035
35343195
35594213
176899038
165644112
49858488
8439649
77560978
35593627
216384501
34748932
72800158
262783189
21758133
215524905
246772332
261813906
53222060
34670055
119369010
55826682
49858431
11300229
201037562
35347057
217123618
216384546
49858392
35593322
252073848
263085058
169375293
93838209
261115089
155618706
8460353
146233624
162788575
35614749
61568808
176666745
88912612
42610873
20134782
130832109
35288900
186073074
226431192
248800213
61568798
52590217
188343399
155619314
249679547
216986274
198898891
34917670
229983075
262783185
52703552
35905730
246772324
246772328
172482908
209411545
261989581
253271416
208415761
263196779
20559897
173983267
200851411
178531930
20134770
155531622
20134776
165644120
121414019
162507388
21126660
41241751
20622408
34935436
229982905
229982837
53805955
52523620
48531283
249851524
247648866
207753033
207754539
20134780
35279658
53571326
33007598
35593603
179136056
84287828
37736940
56033884
14334893
47500284
162507533
217775967
247931405
216387805
255299213
61568836
52302913
215095146
246772322
246772320
263118685
261035707
61566298
40848524
216388011
72798417
255299041
169919250
204932055
102074807
21257341
160788527
133247257
53248347
187642211
192182661
262982415
35302028
195136906
42240722
252066480
144250329
262086974
155619168
242707716
51562509
207968698
159693967
261839768
257831436
57040661
120552083
191004737
70624708
84565205
249767870
149942506
252892411
53919013
158622130
195565213
141755701
67251218
142791681
216387809
153506344
145130765
261028445
110360297
116452672
102075059
205991079
114340238
10718734
145553227
171953491
109776198
248930252
213574906
55508657
92551663
135502850
187527193
22222501
261026505
215135702
50884133
216327167
135796343
155618995
36333522
31829078
189533640
243083168
39366983
114945359
113117427
185750805
253002028
242423879
51716043
20132799
106362445
195636818
50885167
213858234
202964115
247936675
51584691
36490003
222547295
217317405
67835795
247818171
262731022
8347812
178943789
155619003
222547247
201842918
222547187
35909882
205379766
205762603
205759855
171625587
199900846
48758047
7964019
91985567
222547362
7733065
263033506
10772080
196411150
67249606
157073373
160059500
120551008
53728698
25643705
212034276
155619010
263310823
127216082
191809759
209300695
73175948
54411783
54407317
173726263
52422286
228827564
248947088
91622972
215119504
159010404
155618907
72474014
159773173
48618925
218757835
143144638
28728608
121220454
252782507
177234525
77294878
53231364
212213330
88002139
148808109
131498324
52151753
102140847
184895630
143144645
8275000
40848159
51728888
92002724
202771719
53143133
52332831
263208436
52669494
194477057
248801822
245767330
215725902
215725898
106362414
249156713
215725900
198203444
174842835
117294028
216982886
51715884
245767356
122488251
214826986
175167414
248896460
215481312
155619007
245767374
174842997
20134772
245767360
59266789
87380513
217520727
42240727
89041485
91022909
203135784
159315721
205640755
206145274
217489187
103855276
157209550
184895694
133785815
134624252
95550363
173015432
26099870
185856752
262527234
214933072
177270395
193223884
202783361
15361719
174227972
66852540
74564400
35913186
117293395
255298733
152805342
148808008
10002424
108675737
189658167
185855814
54893195
106362271
88797361
14266088
77774686
53183920
99039139
253235223
52779779
91833113
262853846
152809328
193223823
174878552
173889203
194825891
174214934
184519438
13419683
22038917
52327175
67249867
115694754
112083517
219132869
216216168
184895713
206659118
10161989
52341771
173744915
217359555
164092359
174890345
160216998
60770703
173885606
114895657
106362510
242726013
69844129
19773373
77982974
181472699
26081349
4316395
106362814
181237806
262663298
561276
70624662
199022377
262663281
155618797
106362608
155619112
117918101
197620516
191740301
176664067
252600643
173039652
32132537
41435006
184788311
77691473
155619231
252156812
250112879
544447
102433826
192721151
89110584
173671116
198473637
48637359
55077325
192721160
27655870
249243260
10671300
14260329
185857005
42240721