180104168
144465540
200683473
248648697
217180278
217173107
26729661
78556037
82007252
248647234
25006572
248648629
115222765
248647252
70202907
151428299
36318685
93926448
187839019
133830687
28156148
248647048
82390064
105258015
248646999
171108794
104665518
144342636
253277907
42470978
248647095
42619612
187838909
96553961
248648687
248649238
248648654
27800188
248648951
122870263
93926608
248649052
248648543
253238629
151427572
248647212
248647187
248648601
96580552
41084775
263208512
187838406
68463325
91833262
248649246
73585237
248647171
96546781
73385450
26864671
248647593
34768889
103867964