2371057
210134641
139283953
142417002
101749784
2371049
57785448
217361328
2246779
191780693
217721948
90527799
249387499
2246815
138888949
116190175
116190156
517986
89481460
26491094
116074118
176417822
160819277
217722492
190739671
214731974
191800435
190252699
217721778
68053797
193007469
32196845
31855205
116139140
209400958
191779483
206248676
167611991
214731966
217723343
36316047
248895208
217723438
217722659
217723404
191789174
111156598
208778574
190254113
710403
217723339
217722023
217722041
190707059
167686631
217721766
190967683
168179463
217722545
217722687
217361608
12118956
167649599
217722553
217722886
138225673
103475057
57784983
195472273
111155994
214731968
217361527
217721957
116877889
55287921
214769691
110709330