203225618
205897501
200842831
202464848
212233164
242105537
204873777
166532618
203208705
214911423
202453023
143847294
203227617
202465026
201648977
208070393
147860954
198520149
202464551
144870428
204001620
204949260
217357450
144235148
158720009
141247341
204949073
217352135
211313500
144471878
204948171
251439735
209387213
144477605
243806655
159000545
251324369
216204913
200842331
261857247
212080850
211313419
144479834
261878470
146582581
251441885
159000422
229700673
203229472
177145652
204948270
254900748
211313420
201834353
147838507
214817605
174858181
251547963
95768392
211314051
203229354
216897761
143613768
143612250
159000465
243805736
207016551
211313683
212934473
204949107
203227768
263171590
207946632
214863307
201648964
136873074
251890674
211313918