22099041
212256902
222687882
36111532
179064117
36110545
209120464
202645986
247907209
95862995
36156941
143164559
206769404
197924942
26054305
209120373
148075679
199113919
20549082
98116054
189632410
195850573
88785242
34761991
195850531
140651140
36103047
88784708
169352246
15279330
98026314
73813417
95863529
36121428
101886199
73802008
113476345
80877133
178013199
206991056
136315569
96554171
262674733
188710058
113220675
198963688
168734627
242487467
82007227
73802001
98026186
82003903
212556447
25907147
95864200
199113704
113066693
247731002
244982219
36130570
59256948
254712582
83021101
48331327
83020969
52679365
20648138
254712567
113476516
214742086
95864054
113061594
23629761
90091507
247906816
197506377
140103311
199670717
73402679
199118297
187838292
253072643
249883401
119315034
262674434
248646934
209409966
197337963
198966213
15293517
136038972
123897346
160176107
140183423
90091165
247718267
199670683
140103367
252076137
105917605
187837864
98114389
117075428
261964274
197512995
197506529
101177055
242487478
88785160
202645681
248648827
163148663
140996018
254710160
167459303
199118148
197513110
68669049
199670115
48458734
117075189
187838583
187836887
249025216
123895479
202645249
26613476
88784984
173449749
252077503
252077561
187838220
107056391
98107071
262674808
163934338
46766317
248646781
95303242
123895070
15292012
56589335
48458730
199118506
199118226
98110060
113476132
88785451
187837571
249026337
253277942
59385011
263104948
248648008
252357363
262674353
202642648
26602139
254711793
215598229
167457617
82390607
98026311
199118613
48458732
253278061
221253850
95864255
98102757
113965838
173449745
50322951
248648895
48282383
125089900
119315146
248646894
248647285
50216584
198961922
198964571
254712897
160176249
123894642