974757
197652329
122521782
58710280
197620615
197652358
202961821
262336076
197620582
171653463
171653825
260804968
262799029
2202981
212266967
261993303
217722645
262877247
253134488
74036012
208474523
197388110
202961927
260795161
209399916
197652360
208474714
209333134
14941866
197388120
209319867
198285398
258897318
105664890
210514059
202961898
259821281
106997369
73585049
261823312
105664736
258666976
197530345
2208755
262734657
208476316
260968061
261820539
213589443
101870619
254087462
208963749
225268486
197652331
197897331
209399343
197388125
171653787
202961815
160402329
217722006
197620628
197388108
209123909
209123905
197388070
197530311
160402333
261113151
262302683
217722870
194086842
197530317
194086826
258666930
160604153
197530343
102758367
202961888
212266970
197388051
194086840
197620565
197388032
209123908
262336059
3765757
258885057
489817
197388131
210514036
194086892
73492155
217721754
183364209
258666891
58710193
160604186
217722737
217722575
217722655
217721682
217722631
160654367
193107134
55287633
55288242
258666911
197652362
193101471
55285117
263207872
263097717
263097804
197620721
106996960
192988526
193101684
193101485
263085375
194086832
102758373
2209131
212264999
209123907
209123913
225267571
260996211
257869010
258884997
217722633
160604141
160402387
160654474
160604162
217722625
217722755
3765641
107001773
107001722
55285154
197388117
107001802
194086894
107001747
262796553
263097713
197530473
202961817
171653730
263097201
263097811
263207626
14941870
194086855
2208731
3765637
225267569
261821099
262874140
197530454
217722723
197388160
107004573
263097842
197530471
192951489
193101481
263097281
263097851
263097820
263097661
263097787
206248696
194086876
197652354
125506977
197530457
225266156
3765639
261822915
261799598
197530349
259786607
217721702
217721790
217722613
194086886
197530475
263208559
263097732
258666967
263097799
263097739
263097793
197530434
197388104
263207862
263085377
107001794
197388141
206248704
74678067
258667018
262796421
53806164
210514034
194024512
262874099
212259935
259735372
263097165
217721646
217722667
217721728
217722683
217722685
217721782
197530353
263097261
263097859
263097883
263097639
263097214
258666915
263103143
192951493
263103083
263097814
263097767
258666893
106997466
194086838
106997624
55422873
107004729
262796295
55285058
55285092
49379247
192018750
259695065
225267573
262973232
212264894
261994902
209413348
212256861
212266969
259770563
109878800
217722602
217722862
217722814
217722665
193101403
171653529
263097727
263098598
263097678
263097725
263097196
197620681
197388133
262796358
263097233
263097235
107001734
192989241
89481453
107004468
70656854
262822101
261994939
261799468
262851235
197530351
259771241
257868089