531108
531102
576356
531119
366812
115303123
197380769
197380484
247799552
247821916
531109
531115
48632003
48633644
1422931
2210733
175445643
189597299
175445780
175445584
194464795
1422915
175445564
1654669
115299152
258068987
175445561
115289882
318049
48633633
48633655
48633667
48631999
1422927
36316055
115289897
48633635
258082980
1655001
48633647
175445606
170268210
48631985
170267670
48633671
48633643
48631975
197380634
115298927
116031181
318044
1654993
11204160
175445776
116032173
170268404
1422917
48633653
1422929
115299031
48632007
260804536
258863195
48633663
262837156
81939251
48935713
48900649
175445703
48633657
29356758
48633661
48631987
175445438
175445671
115643432
175445620
3222197
175445558
48633665
34752377
253134706
175445682
175445494
175445634
115567435
262654097
48586161
49097789
106363003
106363037
262766112
175445760
48945103
91042330
173998334
173992014
173999897
173989714
260805285
81940229
106362992
108552014
48940097
74538194
48901444
1654649
175445764
48945309
175445742
175445788
10784433
114204678
170338538
173998707
120145543
48947427
48587334
49096849
48933038
32222465
175445535
48936519
115552938
174053273
173991782
173984171
81939022
48591945
92025066
98101933
262840207
175445794
175445834
48945159
115553278
174003560
174006972
106363060
106362994
106363001
108552016
48945237
48901148
74538159
48587035
48585821
98102085
262837446
262767284
173999150
99055937
81938994
175445665
98082026
31516171
49099465
115564200
115564481
174011116
174002502
173986370