117238177
247858753
73165394
50072452
195801692
217489195
210277362
1080002
76776251
145288029
247885705
9948025
204051994
229748505
192125793
194960720
260810312
252011888
197464942
87959748
200852592
248755011
210277490
252132017
109135940
92859060
52329758
58444919
163577974
104074993
192125798
199895811
195801690
207933170
163578415
249535155
828621
192125792
184783182
251395977
247858737
198127380
40418434
251395980
262451815
202233374
76217406
149089470
212213979
74983567
196579422
262451817
192948865
150601687
251395974
250339708
163577605
195801674
208193242
163577780
491714
195136964
249144048
50353488
47242742
59043891
149714940
163578282
13901884
7611515
148937782
247858738
242992930
13967738
207754113
10294668
52696535
212582411
633125
207754103
199739994
56432614
179196410
100347899
216215466
183229921
11502533
11502535
213673417
37875476
20750197
58939513
207754117
160082482
1576505
197143593
252755659
251395978
251756019
7228501
875253
192949443
245787229
84872873
53248234
75513726
523847
7774514
58081250
260826355
213702766
24984589
93871195
259542285
251395987
85560019
251999308
251999546
214617628
91343714
472401
131497037
75580999
468737
538860
106078320
196058088
207754428
251533434
247841140
98239315
170466608
11370490
192950939
392300
187746401
107707548
14199577
68668521
71980314
38422124
183111452
207754435
229720279
207754099
434341
138602098
251587351
212565335
3549401
249268611
105231318
38422122
38422126
245774547
46253703
81499980
481515
167183926
63078271
92488046
38422115
210417965
213911370
251773340
210278154
202217430
121073408
98127992
64988212
217489183
252973718
46789749
184240626
421623
55680293
75630587
4363785
2851733
68688365
196830267
204875018
75765250
196902139
13967742
190705673
178483642
36710470
138226278
205695278
205614775
33543713
145832832
72742662
184918816
253498964
200976610
12768384
146271560
84565683
103379152
432199
51693312
478358
413676
13902909
478364
10111722
19853266
4363787
207754089
197124225
10230908
41118192
34434280
20547313
207754455
10278308
214922299
9794510
176903049
170298048
196488075
192948832
252062279
110944237
125346315
192948932
4653407
58081243
202013961
970449
99678920
523870
261966231
849556
192951076
261885822
125644219
68296613
14332764
149752977
84565671
419476
256500743
250230460
515884
138449797
65076831
173479560
201346244
45609319
447384
193206162
4977809
86286796
82702639
69764537
202529585
202343158
179161309
191144669
24490040
21435670
48481753
19662180
147812979
200002544
73521483
85560042
252185809
187827436
261966236
193206161
7774991
225324569
201695652
65472222
11258648
249420339
14670288
129138352
196902141
147894246
129138463
218763126
719935
38422114
12008147
197897230
215136612
207976788
476573
491741
258567469
43109585
73851408
25118468
199578646
199516025
371232
243086155
171466513
252004252
202788437
170621468
224010659
125049253
442199
176633312
5734413
73164113
204987759
250229496
248697172
1955049
259568209
176645507
249962278
77109806
7294915
198520199
2435743
2435523
4977807
109765187
25118280
137941617
750385
719982
176905716
202529627
113526735
174215351
55530421
128711670
36710313
262663938
7680526
20467597
217125833
201354730
262783939
229701824
54002640
3548855
199515610
76052363
436534
71553547
194568628
134419469
483800
165705113
214655630
478351
84872767
22385904
146096196
71980312
146226579
138572032
159814614
185067392
212213991
76181982
201872060
442198
178483718
189671494
50764229
3548813
22080836
52288600
212218128
68832566
193760932
257867253
160672906
263082631
263071784
113528633
253293584
199670977
149765358
262037877
180749718
200002244
253297719
199970538
181895716
151950550
199670036
199577334
1892779
196399272
45609317
46995653
169606806
207754424
185067446
197354673
157118128
197388013
474789
216983084
48329801
76013351
249257307
250339712
23619300
463762
350079
250339659
4977813
160814566
53833222
26491654
207754423
225910749
1464651
195561360
487903
208016601
251275189
26491665
199515749
247405766
146274509
207730029
396794
52112526
152009969
46648663
7021473
201579989
193209820
39175571
36627451
146271917
249286348
202604442
250086180
129138492
176170207
201308203
56801007
196579639
253276899
262453026
212753639
84566224
90414350
178831635
245774539
215123457
158622132
179159608
204806041
199668950
202764322
536992
200851335
217186748
252755683
20932916
438531
230110406
200002504
51923649
248569921
20421670
230009320
197897220
252755704
242818376
201112717
153597522
216226045
249881528
77698617
7832540
160814437
199123465
184243228
170466612
178218983
7832538
206639442
245774489
249151880
362495
205979943
214517753
247953392
440665
202961523
196830252
261966187
114895494
523851
34750935
262695543
927132
262861357
129138318
184918803
214148548
179146229
247719177
116397450
200002880
452147
6971155
81224323
263104126
153409022
206956107
143598409
12294957
252064666
198473602
892789
251395983
250440228
355931
447943
253298094
2782213
38422120
242725891
53925285
247566120
245774511
225242357
247253692
245774494
10281167
193140871
403145
200520699
208438057
193737042
245774542
197212195
198431338
249202895
214658395
261968301
253384720
186369390
47158820
467822
160445528
199611464
246167586
248524994
160445526
204941488
171777613
202053013
180365635
247953685
201568359
202413140
38322058
193209832
107351005
184831127
193209849
76655306
249286045
200002063
900990
252869807
195814674
193209847
253355311
50883904
402175
204267207
262037792
34749519
247960942
212581099
191899118
32429495
262463679
252714246
6512149
196537884
245776334
179546467
1831091
207754086
84270562
58268251
198385918
25728631
54917352
192032369
242005074
170169879
193209817
193209810
151950688
73201327
55598189
248703285
38422109
215136596
199143652
261995921
230374323
151223518
159364610
87985514
200001986
150602809
927148
127032650
251588046
260795066
249825530
170466606
195465565
625084
148578027
201615005
17961776
193209840
253362686
11287527
185395254
87726600
199668882
69644462
253362682
189463708
248707432
73593780
57814001
76820746
181783104
381873
27612075
215560816
1892777
162025599
252062283
55530425
187746427
177682585
202529693
138617979
177207530
247920641
111979751
138466061
2126097
177319642
247335492
217577652
2982931
45609313
249535139
154312417
207754449
197674404
195664035
171586353
261966127
208062253
177895723
201110778
217125683
10577432
262086724
181911909
207754105
175149108
209273409
11150734
241650336
87392038
339653
179143823
107354079
199143398
352182
178831299
534902
252062285
178032538
212476310
32409050
38422118
38422107
447880
53872068
230038196
158622136
432820
138932236
253311031
392607
177267287
59239923
247281657
146272296
242789044
261945681
425614
71672496
37967293
211951585
252755661
263104220
242618833
109280482
114896048
54879183
251773338
207754111
14199516
4977851
260795062
198772545
476581
37794472
714090
190506376
486671
45970465
136463802
190464082
194959291
46772941
157250984
249961856
214840929
180399873
190155991
170179071
207754446
202999640
184990413
252714274
36710057
260819790
478726
212956235
243223412
192032778
230021667
177286237
137936094
750382
316461
185124260
249576767
57813999
116396527
249268868
217125771
202529628
249970656
242504920
214932878
217125800
144380551
109765247
25200428
107363564
242727284
251384744
217125672
195465594
214932977
91395173
167685112
169375449
177999082
9794512
199143540
176170060
247953383
208436403
127031844
52381066
183487384
204880975
2001249
263104622
188783903
129138363
127032351
199020626
201099608
242079373
212474248
191659412
98127888
262386262
24155328
23870392
185434865
187617312
177155735
214614585
242101950
186080488
214933060
209863763
263104103
263085436
180749611
184120785
197621913
8195576
215378085
198203385
230041942
247804248
247730036
53770331
341339
38422105
262695535
242363672
176169981
177897696
3078047
251588075
253151871
95677148
257866796
184284337
247656586
201391321
34566486
400626
127031604
83432623
415246
23712501
168114483
134429002
249885668
200628398
196523785
123090579
181895578
53935554
14715187
253113502
134430929
204621988
405919
248774589
402178
210760796
6139621
244169802
260795064
210524098
190553915
204621807
253161611
242810819
204621784
249149713
201308338
23424467
230020212
171039219
54786953
245765729
197354598
162399372
211951582
259507717
180749632
230021101
248754846
230098369
206639899
231821989
249576826
61570809
136753123
218754707
155210867
204436867
113235220
247948949
138557032
61569295
468563
4977815
179980778
11376871
10281169
77914174
201089878
250367590
249042387
201243050
76536993
250100668
434191
182559148
433679
249259425
242487388
204083476
212551796
201390159
1670761
204621825
179537695
192950436
111176676
38422112
205849004
134436675
176779867
213650630
129138604
197669316
75765025
178211323
201089925
214595287
107352747
149776448
242718532
125289227
107351992
200785669
116904742
249217778
90329072
241947748
243542407
249576520
247281511
202529576
217125612
227292489
127855111
444633
53935560
434188
197687544
447946
196219881
214921386
212560827
204988189
114945019
434189
252795321
198203319
114895488
177207952
183681755
229810561
200672338
19662188
77914177
140620711
181904726
53935558
174534978
199143775
230201854
247566116
177340162
178604704
230110163
215378056
247878987
197635315
90520810
434148
215727633
193146613
107353775
53925277
214189157
927156
371159
53925283
397397
139107141
927146
127033527
252768400
127032523
137786506
413882
202016057
467823
203213573
127692346
359137
203840679
229810567
115801777
186080499
168181444
143144314
202021225
229810565
243246116
217125791
214932967
195839042
138931992
249877548
212212679
200844858
180749683
192949974
146226513
36710543
202510841
355930
248976594
184475633
262453032
128711482
204621793
253069043
197590605
215727554
153597668
261964935
261963942
243245856
243246112
489235
243246057
243587779
249576557
452604
77914184
249092942
249029607
242101834
199753485
195661200
79320616
253384716
253213284
253213296
214932933
215388998
252585908
243246119
97924719
189601583
41023095
444630
243807605
216388035
1464639
262801378
216387962
199669153
252393314
163739554
159881577
263294896
249452503
215950232
263294687
242504953
242504957
102853122
53770225
176893804
153597166
183339054
197212979
250367348
215343402
53770459
179445770
197164926
177056790
212942553
159786538
197675590
252795313
171652170
160814499
159785685
176812858
250098345
206687561
140617132
53769786
183718222
201055578
206544455
243246088
243667230
229699827
197674042
245770313
243587194
243667800
77914180
209863885
53749140
183214061
213860034
214933068
77221276
253384713
193915682
193913375
192861539
186165469
176812447
242101710
206771220
191629857
205614483
249202907
202475510
221016886
179445800
263084885
208187090
263084844
32221078
106349534
850791
207438546
197216477
229810623
252065134
252065086
263294709
146226584
110892927
245774464
263390961
242504959
341703
178037864
201243076
191757063
248826935
183683264
201089915
215378090
191217041
195465581
195651739
197164921
214933012
145130761
46645032
77914157
249217763
251276216
109862039
199578812
202714922
201113533
249033130
247281701
247281494
214932943
245770541
249033430
158755912
195715825
201099233
253384718
243246065
209863890
216213285
176777448
202604438
182559226
1955087
205617674
466689
77221655
4687437
249513799
249238005
263084858
251772737
51518769
137941679
199846998
213653710
111108057
111108039
247945183
242717143
263294817
245774453
180218730
209403276
201547895
263369976
262453028
249107249
127031821
214582341
215342981
242718530
203498052
190337312
127032977
129138369
242504649
193145399
211951584
197162072
252795306
207752564
242504655
184410322
178057233
242504647
215727556
183683434
20931846
243246081
243667011
243567088
247948879
77221479
195303243
199515358
253213256
201385964
94700117
127851589
137519177
195661224
179530865
205614873
242502829
242502839
262551575
262550942
248293118
200844843
206995460
184305042
245774515
247294373
74177745
263348027
201385846
204880961
249033316
193142959
201089849
201089839
77914154
177092932
158622138
216285741
186369367
177284989
171580995
216213520
184283678
3078041
197602465
146271360
176428048
242504662
199143442
263413000
204880959
244132787
242727855
243666284
247828122
178218914
195300720
214932892
247281655
245770259
53925303
253321453
201308294
253213286
164574574
136013084
242443942
243567512
245770537
245770533
245770527
77914194
244132814
243587521
249877505
160922167
230039276
200776258
186256495
201613814
406961
221016756
263241973
158604169
145145512
249574148
217125696
22131982
263294754
180221858
263207789
200844834
850793
106996471
137929944
209403278
10281165
263073624
160445530
201110819
197531393
201089888
197162150
186165455
197165049
176910093
177990235
197162224
200650995
137519138
202345999
197547772
181978984
181473051
120183398
204621966
192729490
203499008
250367354
190505722
263073636
204880953
261966061
261967013
206946005
243545305
243544353
243246114
214582296
217125656
199669038
247829120
214933039
245770239
249574739
209863774
230013688
216333104
244132796
177714121
206605096
206651179
103374939
178212469
106996053
53935588
137498871
202604404
177280437
113527448
159905099
197675668
77914171
210530991
206995175
247446328
242504936
242504651
242504947
177280148
197165053
137936207
242718534
197602483
197823259
147822631
201033233
214933026
163578090
207333350
189475086
174228117
207990688
177267136
197162076
77914190
189558316
261967599