184419723
262515424
3071853
198573178
201845361
225911228
249773417
53703869
261989305
261989303
261989315
220682523
188548575
196001721
114578907
201012080
113070836
176550303
216226699
174449880
262394611
3723281
35283863
166525107
140120577
135727711
202016121
207217794
146846342
138934620
35196247
252918906
262590363
11419483
160779390
888553
35290579
253313810
173536146
257866139
174449882
206784504
64220279
176550309
33543689
177165980
184766289
196001718
1533427
252051189
208406304
71321829
173832683
206784530
251772784
196831947
174449878
213942595
205988585
123574046
138934626
178032049
1717559
44976177
213942591
262803630
173515991
575950
187231188
206840890
104049763
10053472
6482397
207035105
197920655
7832997
105229643
90227346
253358570
57768279
257865752
46825641
130170234
196831943
175798776
253686568
253631712
196831956
49459968
6161641
208406298
253474040
6926853
46825648
177057025
217639559
2435551
176550323
136941163
202840395
160779449
180967398
213942597
53825119
137904139
227659202
142644825
260981566
253070723
6161649
213942592
193605374
194339106
198297215
95542826
177169326
6812603
20954641
92002654
49204091
260968042
10174048
212212330
77899572
574759
168303306
17610642
262821050
5808797
48613094
207502327
191282989
108753138
175866670
195510664
36404202
40884769
6161635
201845353
195510594
100222256
186199777
135322607
3006273
174443099
225264286
247407844
1450513
17960466
215545052
249007581
71898407
50253505
171876669
106362673
207401095
207643242
262897336
189588824
206661189
53433383
716287
35575711
196139650
209914003
253321356
105539497
141730000
253393251
174211701
1527079
230009475
57964820
6214227
261949658
208406299
174605351
137440106
2996341
5808793
252063963
6926841
1527511
8306467
106781488
208406296
1726555
37410507
253321358
150999166
252410790
253234810
253626935
203883773
90353832
171621153
188071544
33758313
137432263
150546710
36564289
217523858
180602507
242492380
3082817
176437863
140012510
249009515
252079847
261005621
109128186
135552437
134983236
5457873
208192641
41217861
41931829
249604619
241993070
51565406
160677477
35575017
1732915
14142494
196831950
106066913
251920858
204041848
12495289
160371989
1419963
652373
48591790
214915847
52805069
249697123
253626937
255478298
203892309
258928702
242316923
208122217
196826014
249157628
184779707
3858765
57771479
904256
206330829
181687303
198900186
249667086
248986323
115668463
225907098
190239054
50275304
160169325
252640859
187644086
151987192
173347827
3750429
191976978
253286197
253321354
91594191
164990688
162355089
89624475
65082042
200850985
251552422
179120637
36335963
252727032
339845
213942599
249031717
163902730
199007622
249009313
160169320
196518956
208291677
206844673
136013850
160142620
195961560
207750945
186702053
252011542
57768051
31357482
161368449
95039280
195924962
252641219
259512039
259326534
247887668
74457271
16076963
236858441
204249429
1339059
203084192
203146624
206483083
251267307
257915204
72167663
207749739
56274378
255349768
15642332
177621208
20161607
46772894
95039243
178832514
204049599
247407566
197601111
507224
260818558
137998990
252011555
192322274
217627647
8461470
188947935
213936466
114945426
213590965
252882948
137440408
101801591
203887713
173903253
188331095
165748631
22080353
262861706
253629074
195521115
141677909
258219090
72314824
1747345
249009284
205899027
263256531
186141930
59321997
33105025
149656745
261801945
260795163
19865101
215296725
263119852
77899569
203230969
262909033
253461981
137997290
240872308
252398324
7283681
262887571
198415770
68002281
262915104
32785894
179745995
257843658
262526945
80186431
207830741
142833961
15260188
47321851
147056324
263028760
127965039
195519946
253321352
8461472
262587458
262936460
251268888
197669504
253629153
7887173
199705358
262887199
262691580
75951353
20134998
137997716
135727627
202529430
71898413
229780859
205973139
253629171
262889751
248792306
190608573
112332857
202016618
262676108
253399746
106460060
257836024
242433304
171645012
160149138
262865652
149781577
262909016
151967478
160788585
251274205
253565324
19370504
247407726
188040289
259326532
242124198
187238966
96291985
195111704
199122517
171022600
216098481
1419965
253601041
253410303
19842255
205380039
204381181
175445464
248767502
248696226
215545056
1387543
198738579
199543810
54616817
603891
195520852
116141437
253411536
215376278
167935897
145498162
12104106
178093065
197953776
143018601
35010882
3019901
181358532
181453903
251894031
57768047
230052803
109926587
252596042
247406195
214189075
219131526
72315998
252040635
262676112
179689606
225906633
263114442
199139607
181895541
137852982
253263706
209388741
199122434
176881242
93753905
249348686
226793770
35573779
200672164
189557195
203404602
57768124
2126087
262687296
263053646
215766391
208650189
40416476
177699757
188229260
206362980
190128203
10604363
186815266
37134830
179518493
205503213
255299456
259326536
125773335
252079378
248837910
208677745
136482688
198559081
197544440
41870836
53253776
249699787
152367070
242433091
252040692
138038174
138000134
253412339
253461972
22367168
179690625
215296723
242982217
253079974
213936257
215296700
127033416
206377350
194131617
251345244
253242475
253411553
253137819
207280076
209932069
253300008
27734102
54130955
215296678
215296711
196514872
253275075
195436128
187645011
36701963
160438832
191808151
22080355
249608417
242770710
205290147
36702009
210137028
200848378
95039248
186815324
173903334
53652815
257859781
203084064
182479689
639213
252053072
201891951
249602521
374578
143010571
208657502
135727614
19770229
147588552
252401055
253665557
253306068
197347193
252078671
260111368
216475480
261035671
208289544
229809650
154125906
1527509
137896142
225380740
142218674
6491375
253412439
54769228
206661410
236854739
253565331
135727612
253234825
146577236
208285335
249649479
137440405
19861607
47321849
168959913
262516690
188967424
160392809
260108081
92004208
215052068
126707992
137852952
247264066
197971072
249033753
181656866
225268799
103635471
151425642
32731870
174293679
253252965
249007378
196671355
248666592
19774804
257758903
203971907
178062826
173946023
201494630
137852988
225209956
139492066
253565329
209921202
141515707
259326538
252674963
137903775
252034918
52317349
6214219
253232567
203899324
95039256
198516438
249578927
176212528
249731810
102802483
180966557
1067724
253236671
173272856
260818561
144483114
55746285
253655037
221254820
201569013
35410252
208652902
147814497
253265398
175445475
217696694
53825625
196530489
202610951
178957017
196598435
11801211
253306186
160672904
262526508
192191693
160755221
36702001
59377004
68389182
215296715
253613852
207244983
347884
32581742
176293126
179219292
243090403
251274786
192547641
207502588
244306954
152185129
251384686
174207633
173879487
140122299
248678857
174038146
106362336
206860346
951003
38482425
67011500
165186608
242628002
137467557
136848941
92004359
174588295
44640185
212357941
30716163
262303098
208064300
73664655
194095413
157073378
200520670
199040297
248788486
260108089
172449238
253058363
196137753
114945041
217159184
124040242
209377853
246039426
199889458
190537931
193565140
59482392
138934628
209612933
248788800
215296721
213936497
207475574
177187972
570817
205695044
36701366
186712058
189327796
247261436
257958200
215766354
206335225
176294371
253557656
253629205
113707061
262656167
252028551
184045833
36434179
137903920
55829404
256572754
212357648
161892465
209303709
53973411
214189070
36701780
261025442
37468639
188318745
160438887
179799454
176168237
208253413
262783237
19843497
252874948
262516410
197373947
184256787
253042757
207657447
147294884
177620466
261963790
205695870
67246913
184476078
182479760
201648735
54763111
214828832
114968949
137846402
230039294
137999108
188161180
177253551
36313234
251392326
205696525
248788547
194130661
176214109
198592252
71898403
196190331
196897138
262302864
248788084
225915478
177281013
208678911
119949029
199006680
52631876
36701931
21575867
262745661
262664440
225907669
214189207
203465064
252078821
206377317
116188389
248686325
249607507
248106845
253557098
35304703
95039257
253323941
252080179
198516523
64226681
95039328
262516630
203094002
262734984
253412352
68826638
210114383
249017815
148794018
176969657
37410504
184667495
160438843
67621415
225908008
153920617
133859746
118887166
203208292
253557081
260818554
249017070
257836026
247407709
52422245
247949047
253237659
242131074
206335001
252561636
144483167
38120049
262648819
213936456
253258198
32894564
137114524
247239719
210163691
255630401
208435754
230201313
205809440
208408646
208066606
215376523
253707927
261025452
253565327
210960487
201089617
110664507
195919315
199615352
55406088
202246132
257958254
261963804
248704823
215296729
204867939
229975283
1471107
53254008
207421154
107465985
210414088
50731545
188551006
256572794
243091265
247407568
48888736
261803351
247797922
183909980
262050120
176728191
196059819
255298921
253253328
213936525
249699377
178035283
19842487
253557562
102639891
137127900
174589132
207773132
159380723
635880
209915199
252574629
160392650
248837908
260293081
72040144
261810707
64228059
37216300
249348762
257759590
92010651
252054232
257914910
184647657
214762192
215296731
253271599
129138525
186815560
253396876
227166058
201161422
243037358
69500591
260818317
195201105
52422363
175085033
195505598
241807589
248786541
252051486
11342048
71898401
1746349
188290631
124328570
1068870
247271249
175445689
209933478
3048147
187865816
249220594
208174369
54769098
95039277
208286104
252078194
252040617
121383750
148596237
36701107
95221017
255605871
204644062
252011549
161458650
152535607
216983132
255074833
213519672
137898890
248837906
37216290
205986811
181505129
178110965
42421578
160392726
214189091
215052070
188066989
41579152
160438935
211924857
215296713
176752866
127031739
249696935
251537633
178096152
207152563
171705112
38075190
253284716
215296709
196530597
260941564
258848167
32352507
248740193
251418769
215221595
197415741
32351750
67871331
87443845
253268997
71898411
213936329
176752868
160677721
107124362
253253618
249220592
198592772
212109188
201160647
253232271
207336002
199168128
253300870
1732913
36700790
248640264
51850328
214200514
172475717
197516258
173903266
145966327
175167344
252079586
202329752
191808394
38108474
247321728
209911887
253263669
11141486
137903685
148073418
247446356
262368706
192155928
196597218
251274381
260941568
203862121
251392245
24765500
160392769
188707870
194096427
137127962
175413243
176896917
174624838
252865795
174586847
202329520
38290456
248880273
201598578
253300532
253263989
197644267
210137196
209929516
215296717
253234602
253236869
243245255
249302336
209608789
41227391
251392897
35313210
212323975
211255802
186366476
116139999
141345262
199523630
109776180
252079075
252079511
36284008
253305011
262817147
253262953
247240117
167033973
183684475
109910770
201932222
208776382
186677830
121201396
242424455
37468655
36701967
250335131
6214223
32423073
179369038
149974948
145959916
17608979
127210984
184633102
71980175
27734070
252078103
247264094
73791647
215914481
201385607
214933094
215766241
215766350
16998388
253134339
247823358
253298731
253363425
186815236
253265446
262734286
58618770
181926005
244876172
201160641
203402437
248978048
203200714
208170557
136943052
127207295
179913056
195520988
31265774
205478399
247406201
252080028
214582288
261986248
208907059
30156454
141333784
196149761
253304980
253265631
213936468
201568749
143144234
196157760
262806883
31265866
178536312
129028195
162517594
12129162
148870274
215485901
181657114
195951967
252078635
201308528
248885985
77220775
176485475
208650234
206377137
208411756
249208063
216285793
215914479
255299322
257959075
36155377
252674930
248362623
260795197
262062403
262062397
261943465
262782323
209411758
42194324
209899890
243084962
121210578
253542406
214189267
247949051
247274640
208064976
94382224
262062016
262062009
213936234
213936364
137902639
248371819
184048419
253629901
52421745
171811939
173188783
253253429
253253263
253265332
212314112
215296698
209923247
209925078
247264054
258567521
193062717
191426497
36701163
263345242
251392925
262909061
176784840
262781250
32894696
261802132
253662405
262394196
205692019
52317283
73611444
209413504
244301048
209331493
214930432
208327779
174808376
173616926
210960267
175721827
84075031
247264069
136403488
201089608
140174042
195866966
204803757
172475978
114944340
183909787
181895529
252080019
260922683
252675591
72173436
64218485
176736553
59445038
262433881
152182611
257958243
257959130
247949049
246952442
247264488
37468682
262973344
246958385
253286000
262875134
262875142
262062014
14143144
253304999
253412121
253393253
262655923
213936197
207974064
204825594
253284523
249304404
41550817
213936537
249696525
175811795
248541086
201160890
188427869
260941560
260941566
253265852
262066907
262066902
263345085
162390614
210145009
248097607
206560562
11633481
246748677
262050123
208327838
261025448
261800167
209273142
40128121
194004214
210163933
194857896
214828845
66105082
181656118
175167461
214933029
262897343
150600657
106362390
247264092
99056193
137414540
261943486
116057082
262044872
177045218
252675612
252674969
249520927
136942849
262044878
10280909
261943479
240626521
257970304
138049928
248592521
216213284
246161552
249671850
215040504
253542458
246956467
168110323
247263063
262875147
248773745
253363481
215296696
186815391
186815369
253265356
211080163
215296707
213936400
262734041
177703616
262656150
209917718
191144123
257770236
201568450
154248673
212314117
154248434
254079095
42201375
244690972
262909018
262086063
199672141
182845387
215786508
263336319
249662625
253360271
251442125
207293723
32894623
24765334
261802146
214200418
34825659
180609841
210955787
39838795
209901280
203902564
247264064
214828826
252887302
159766577
187202824
252080230
136482792
248643221
251417342
249931060
249004540
249007406
248643287
187829386
202329380
253237890
115799031
215221449
235736244
243202478
262044894
262062416
177579551
257959168
255299021
255299006
248906540
249602748
261943482
249052481
16592297
262782308
262782306
209887646
174134897
215376121
215376398
208065106
263195566
179510745
37216364
214009554
36700827
247892146
213936404
253263634
213936488
186815478
253257941
253236412
213936412
193926006
216285779
199111704
174211068
209303698
199168133
213854165
107561578
37134899
208653029
217577468
242629699
262874986
215786510
102806321
58615062
137430596
262066909
252887377
142237874
262049970
209303702
210164104
209177072
241654035
175721726
175721653
150851765
169447894
68835183
202958432
207639770
208223965
181713080
252078755
115437170
263419555
198523345
263451543
262733314
75793927
248912257
248592513
252674872
230367270
215481348
36335065
248087913
41153705
248592459
255299135
257959163
216982914
217123566
208310931
36154610
177884469
242435516
243223440
262044887
262782329
246954676
247264484
179915203
263295470
253272361
252858752
253411501
213936513
253268951
210137044
216462199
262767450
262567712
260110643
210137274
213936333
197516088
199671839
261957774
183901509
160946423
260941562
260941558
253234604
26047581
253621841
262874961
215786624
262066905
36702047
203864261
263342942
253230225
114945211
24764761
20992895
261800208
214933092
26454417
41556340
24767212
59400500
64222500
247265346
214930437
166054019
185435164
84898831
252079796
214582367
252011529
262897338
249258145
188428504
227184125
194182057
217123659
257995283
244309485
262062411
253304953
215914485
215914483
216296795
64216812
208587655
247407720
52317313
248767662
251417344
197624544
181170683
253542461
247264480
1735821
262062007
262874972
213936535
213936482
112672350
210273844
253236122
214009552
186815532
215296692
252043920
213936470
213936295
192187790
196813076
212963961
212963138
212314119
41932179
32075152
253360258
263354920
72177479
114944734
261025450
208435693
104267927
253662409
208174858
262050126
252079703
181895534
176752858
203002237
99056523
179234155
214009556
19857033
175167496
45847043
206483329