25201911
216199165
3818715
216199153
24166172
213863143
3770033
261840878
15908440
116670034
101870756
216199078
216199124
110204858
251276042
202961865
32196817
217722059
55287879
3856837
55286913
122521741
156199768
262903871
58711554
82388006
73766460
170274959
197530375
1616547
574282
202962040
122521772
82937056
193109442
489716
3856831
197530463
217722777
21142610
197530377
209082558
26170004
58710197
217722151
217721996
99838377
193101976
197388123
197897321
263098470
263097513
263179584
263101044
12193952
262909860
220683266
197897319
147575697
101871814
121678639
25204031
198285408
117375029
125506962
55287677
263097465
263179582
3770035
108818316
251276442
261994818
209389712
209406127
1390031
262974366
3849549
192951484
263388445
217721980
173945044
263097505
263097835
263097483
263104274
198285231
87044890
25205037
261840789
191779485
261995833
2502921
209053740
192951177
217721976
191779597
197652325
196220831
74207878
55289426
55286141
198285243
263097536
263179590
263179586
202962026
213710630
193101539
260798094
217721950
73492206
263098942
263104633
263102321
197620732
258673205
106350075
89481469
193102053
125506866
122521993
106351386
3768937
3818711
3818735
86424451
81939453
217721944
9950318
198562153
263097457
263085342
202962018
26143322
102758236
55552308
26143134
3782599
192951474