176654072
247239725
110585305
97553886
95090744
34708919
114572265
142226546
95090259
185006773
253136515
95090728
216198496
242724345
160269621
136942986
95090550
34708921
136349883
120303476
160270129
217181000
34708933
249145309
168976163
160269171
34708926
217180712
133929297
216227183
217181367
253184636
123442793
143676174
169381684
152892866
74452036
99140148
217181511
466026
141014110
199244060
152172206
168929074
35924699
67242226
192175193
164543215
792562
217180667
248646391
58963727
174317297
217181899
31517790
25003273
136349890
109250070
117309859
96546161
169380331
23409515
72944319
105665122
160269224
392014
168956160
160269542
95090945
169382731
173674367
133219343
205814290
96556636
160670231
187839534
169111385
96586865
24950098
171590005
792552
112642672
86628775
242724396
1986745
95038639
199224400
173674363
173449648
248647651
217181549
185404081
144269646
254148189
171089361
162530270
144402741
120455305
169381676
147977423
454245
83020774
215161574
111059095
191823956
217180974
156202330
212471305
114230497
82389417
251754933
147977718
116737763
14692547
171063481
171652268
173449704
193640616
157824744
158623688
158623682
100285744
96575423
96585835
261157818
24731803
262653819
95864204
253264864
217181361
455341
25005939
173449798
62740946
174183062
169379752
112243394
25680303
19421612
150374430
147978393
130175271
121799011
200946101
215902697
96578087
171589797
248646626
117986027
155529526
174145707
171089275
158623836
25538168
96553011
88960574
633139
145563402
102268957
216204842
96589345
156202186
96589497
31516647
120472241
455343
22629341
186470437
14247374
191823944
197502031
131299938
153657385
23296918
177703790
96587843
96554680
176522340
87136257
169865720
215794672
225919320
200013128
261157826
251392314
187838874
253239255
169935558
32225249
25679223
59396011
32225211
57065827
242096626
109262756
117079824
12380197
92000716
75008154
106539518
251983851
110585222
160694002
31517682
96583645
112441236
109355504
23377156
108989414
189341098
83020773
122873102
173674102
457426
104250434
108991141
138393402
102268900
95295641
83021067
50701838
208411372
110583592
217180310
229769109
61943444
177339253
144341134
49961574
157426495
95025964
349707
157426652
199241966
102268896
39360691
247432311
144341125
171258283
54444382
215163361
129712551
129713225
95090402
181998168
146754194
792564
106540256
23407273
61558034
199241535
162408
173449720
97467501
140332423
10820293
217181234
127120053
115222801
96556085
89298193
136007800
82008161
452807
128327005
54798895
144463769
174183109
41084980
95052557
116156260
197568650
206245883
109209514
260920831
214012925
202643826
262656423
1535559
115093714
83020975
230027613
247275815
792556
141014152
153382865
77754415
111422093
109209810
31516617
83020790
219462184
243058579
215982980
190242123
174183115
262656421
262656427
153592597
82391434
262605449
134852207
160268870
33456740
148698003
142403253
114434145
559919
205814271
97651577
54798893
162429
128328069
251322025
113183379
26105010
160270292
53701901
155707200
23407410
117105695
144341362
54799755
641898
180567084
97922167
215746944
792494
11655853
50274263
248646373
261157809
219161240
11655966
50768641
248648735
123481640
262654629
261157805
171258331
217181408
54798941
20480094
154491935
158189102
171590049
25004245
23409568
23407797
217181079
155269245
97043870
109356912
129252261
23404417
160269314
68124617
95052656
349091
217180262
116018402
117985550
14695561
156202194
577954
26313942
158623808
108962230
124526210
160269439
50743312
132042240
23405540
216227340
129711778
138218922
109369591
104250881
197687744
14696434
188710314
35548152
144342237
128326527
76183736
29358154
198942096
54443087
157426160
177478778
199240956
195875451
144342395
127353877
115232845
97517000
127554309
261157828
149765675
169380366
157824820
559680
214762023
207936140
80960549
123442824
20480084
102261499
196480669
97517783
73766980
59439333
154454436
171558088
127353264
248325889
139146117
109209317
104268241
160269664
205709800
104598422
162593458
174627616
125603463
162451
65592622
156202291
262674877
209409160
248325887
162593379
126053915
115093705
104268250
792568
13894564
121678653
100285899
54442843
97517129
293684
122873946
115093720
124273198
181567541
173674332
160446
10237136
96585790
195875367
792566
23299701
104258688
170979910
96553519
158623660
261157820
81808262
85241489
172840399
54386120
252102549
157426560
215746672
25206750
32224185
50274253
144342812
105671416
257859422
108241150
96574336
262605504
85241635
155149892
792550
92963309
214824033
112441379
130436807
14694525
253190305
117194133
157824766
31519403
157824822
160269004
213887366
83021019
253214089
31602843
160269172
217180752
141009745
158623789
98847725
217181632
133563676
187328707
202643907
109010754
154184718
83020723
109010758
117310428
41876459
133162728
144339564
85241298
14188287
95028043
68124560
155200663
242488726
248648050
31517150
1535561
117327286
111059113
242652811
82391824
41877077
96553639
251754917
26091237
156202190
14694883
23404299
56307608
157824804
173449692
174143622
214762020
112441257
114687171
248596306
56259347
457418
117577908
2447921
248648342
14295096
14055959
204634377
251573859
97043946
104261337
262656361
34708929
158584115
139472332
214762017
104250853
242652845
191367413
96552741
160944295
150374455
58498232
217181072
216197729
104268248
156680009
246643784
104268239
135650245
103555009
214762074
11656065
136978489
197504539
136983178
202644028
143463415
157824774
37152470
473703
200683745
158788154
131280556
23832820
95029043
171652231
215092645
102261705
27578667
50274236
85241261
14761628
104268243
457410
217751044
116018331
160269113
117473209
192951984
25680291
202007002
174143753
205814342
82006781
14687708
27846346
130978306
60846803
144342891
148850717
14181201
203911951
248648222
68124562
261157813
37152779
184876050
187295421
133931370
201004201
4994241
205507398
95036159
86424596
102137521
171258306
25005389
261964291
197513497
100157651
183685623
185977067
202642340
157824788
37153220
116018583
11655948
174144565
174399472
160269057
29357700
158623857
173450192
165627407
633113
241636798
177625717
124044966
158623711
182969669
66640901
215794146
148699118
248646656
169380824
96586796
200844824
82008543
102261507
455219
135715994
189340913
168498296
153593458
792538
109377830
109262753
95089970
82003976
104258620
51121054
200752620
72944570
25004259
171590045
261157807
202644553
99717282
31698247
117153067
96553488
50735032
116018220
68532483
129711750
577961
96585809
54384451
108404606
132144613
262862173
141096929
262605453
117985861
96554100
248646473
248647630
262674518
178011758
97499542
156202264
147587704
181268259
517146
31517709
121228488
58074656
96583521
214762016
95295678
85241237
198435651
167955717
115103661
10238331
104612172
127554603
214762053
144341865
104260952
188831341
98724728
26328971
97497360
262653909
248646446
169380894
259568302
120472286
96934210
10237138
102133366
25679239
121798988
41876548
37153264
158623672
248648551
20480105
152530061
559789
144340436
89270679
122871609
82226095
172741883
11785810
105175836
217486234
217524957
217488912
117254455
11655886
143613261
176684003
792572
140132051
95090873
70202960
195697065
96556542
23641442
156202260
248646436
242488485
54440849
54442676
259484957
146491823
13603222
66812233
144463588
171558342
611272
102261692
125604178
194960798
206662566
117324039
262674363
156202258
248325914
25006430
82391860
72314956
248646597
55425756
58140724
91457944
247261881
79460121
23402288
23401750
160834890
46695123
559788
641944
84567237
187839278
196342354
153412297
16554214
230027618
85241191
155215753
104267861
141096727
198436071
248647294
169381067
261157830
72527401
123442814
96578620
97517115
262674922
96589262
158623818
82938771
96557423
96550676
202645863
261157811
177479401
96545893
248647728
21179407
85241540
85241536
89211270
215157016
200762265
111132415
153594674
243008257
200651516
111133136
179952307
186434281
109209878
75335755
197501342
168192627
174144943
197831912
143613771
165991539
148700545
144703775
207777641
187838495
21607210
138899111
247295967
113332017
147347702
106540282
97044169
101044670
128327714
150562311
250061968
195875405
207565385
197514620
197504949
176832515
85241157
197504143
106364989
189341907
254082532
257842890
253239444
253239269
253239253
253239426
253238878
253239237
253239188
253239228
253072402
253076393
253238844
104261696
105671481
157426341
105671467
127354358
131280653
95090098
257843294
138560463
142699702
98133590
225957936
160369040
216112039
186211684
48282471
197505730
141581350
249581245
122303267
115103540
229703696
196093431
252400817
253239460
253239262
119710394
75337217
11655901
11655899
11656060
117330608
245764809
260920762
260920808
5952937
104258518
252819388
242191018
262698868
197175617
261860668
262640568
262640570
129252264
132709524
242191128
263191161
263186036
214694598
35450286
37152240
217500668
112171055
248646692
160671822
171588126
171587937
171588951
26613040
61557331
112170975
37152425
96588156
10237140
182969672
157824816
158623668
173911372
157824732
77328988
82390431
96554640
31518918
124275205
248646413
174144562
97922141
229703127
195103778
262674559
262674458
262674743
121172741
121171920
262674486
170988116
199051639
248643135
148871846
198966272
248323293
248436975
248810254
214762068
116254762
144243385
248314641
141014105
181219556
214762067
76588760
17613767
37707952
181217438
35199168
197670725
187839237
144342925
171091315
145134286
127554483
215166431
196483844
215736827
219457731
82006011
105671504
11655859
116018634
13829049
187838873
199174520
104399415
14055953
187839189
145411657
215093848
115093690
115103631
259487766
253239410
253239199
177737003
207853855
249584433
160368995
132354113
112944507
195875357
68549084
122872270
216421206
201004150
106539997
141581134
23291053
193779176
197515559
106364710
164538825
243057237
187837494
252784514
191346340
253239404
253239435
168733469
168725918
173130502
207565026
35450263
214742048
143249011
20861092
262084625
170337754
253239428
253239197
253239397
253239412
36711075
253238846
253239382
253239240
253074559
253239271
13295003
253238829
48282501
110750266
50559854
247296845
260920555
259487809
116200099
260920746
260920740
260920729
260920722
260920446
11656073
11656067
260920527
260920677
260920569
35213153
35207508
208658183
104396962
104551649
11655884
214868071
253127936
254257138
259488956
116031747
2524133
124275779
20641056
115802333
168726308
191331580
127353183
127353393
110165655
249089823
138383476
261857360
192358767
95982943
127353367
263062579
263076521
263188937
263042890
253238827
263208244
100285732
96586495
192951821
263091912
121172475
96545906
48012527
96574805
96557565
50274232
248646469
25004297
96551920
262674875
190138955
262674898
262674567
262674918
249089805
157824808
157824836
248325908
174183078
169380927
169380674
157824760
142608746
152753938
102133628
248646465
248646612
248647242
248646273
248005875
248325922
169380808
169380962
186675151
121172191
157824824
248646551
262656352
262674476
72527372
25002745
123442199
102133355
96546625
119026677
96546578
170767082
248646696
248646672
253620519
248648763
248005883
171588091
171652240
174144620
248647527
248648565
56636368
31698245
54446441
56304103
91458023
50274249
214762072
248502349
198966772
198966583
198967496
208274449
138821917
198963427
248814181
248642968
95295983
19421620
24914294
214762022
248304972
249193710
247265942
167452868
133450838
247906723
85750027
48515036
84838303
792512
186435771
119501425
214818884
110750225
171558525
197500551
187839451
247447242
136742372
134852569
115225055
116638764
144758264
171558448
174144612
128325281
78633013
141581359
247444648
197504695
189341922
239196097
144341563
171558216
201004200
137852640
189342085
187838871
223759017
153413549
165997927
177625667
11655953
138145396
85187512
85241301
85241487
207854287
73193160
135077913
96588184
253238859
254082755
117310879
73638501
35212656
95090738
131280664
127354077
127353889
254256899
88794192
127354138
98446304
260920681
260920531
260920734
253189632
219164440
215099454
253239263
253239345
253239466
253239336
252784431
207400783
216450942
96588180
253239475
253239280
96588186
59522339
65590437
248780332
133832009
199122521
148006114
115103518
101628654
239196165
87636112
91384940
197501290
104401472
115100520
133829124
199252256
153404310
119719390
259487827
48282490
157426386
104596806
95449724
254082977
196208543
135716532
148698841
154184393
247437512
126796842
186805751
104397396
180252688
230374214
261881080
198941840
198932439
198929611
216281177
247718309
247906583
249220051
214762052
263103884
91457817
262674506
202641702
117985936
123442889
124041419
25005832
23401623
124526195
96553736
82938972
73385521
37152211
73766718
262674737
248646486
214809857
156202262
174183068
248646531
153589578
248647996
157824778
197687762
248648010
160944258
169381666
169380996
169379723
169380866
249012546
147588770
248005879
156202181
169381532
157824764
227245734
248648751
248647684
206378500
198965677
198893813
263167829
142613246
116757821
189366231
50274271
50274255
50274240
50274258
50274225
153821684
50274238
206086395
248815660
457433
248816640
248451668
248534943
248526242
248859700
103400907
139927791
262674934
248453002
195994156
252385950
248529670
248310540
205814561
889687
95863991
42471035
95866956
4655373
215983465
94091662
148700401
115100451
117576941
199235976
247718181
144342375
144755862
125604347
115100259
76592007
252563923
48282591
154184605
200847574
115093694
197505655
187839105
199241937
104611404
95052245
188831991
134511321
136202387
104611310
252784553
219163986
219163795
219160623
253239370
96588182
83020682
73641108
35215552
66481197
253128041
253127995
251983234
104261445
95449718
104265104
95027113
260920826
260920837
260920517
260920773
260920654
131366053
260920599
260920453
260920589
260920839
198537087
127354473
131280712
11656070
11655961
11656017
252400778
112441840
187278558
106539429
225958016
89212354
144341931
85187474
203911849
199244205
253268915
253239175
201295683
143612050
106540231
71744008
129711170
144756574
11655878
251324561
117035918
248435568
252911831
148851424
150160211
73402600
251393188
176832757
112242126
181500667
104268230
158207137
136033478
160520034
127353747
127353231
198435628
140313342
261849677
261869659
261849785
261858714
262862240
263062582
114688127
252401069
187328750
214762040
263249737
248646674
50274251
157824738
262674704
262674980
96551432
153585034
247261622
247907248
96578120
97513802
67242108
147593039
198192639
158623826
158623697
192951584
157824772
169379694
41876596
95866691
262654627
262674430
248647591
248646475
119026553
248646555
96587733
72944325
72944454
23401133
262653817
121172825
248647619
248646452
248648539
248646484
175527351
171587954
169380553
169380843
158623861
61555599
96555462
61557259
96574432
248646502
139984303
56627444
58138037
108238762
96585588
100018206
56744849
56744847
177479937
225272887
121796011
96586491
205814554
106539886
50766375
56636376
54440027
195850465
248438637
248322746
91546158
262605500
200689554
14107417
214762044
248304892
248812715
248811456
160450684
48606321
214762025
214762063
147817001
200847388
153545733
133823334
14323006
106539843
171558527
144340689
164536880
148698821
81807989
112441876
105671403
189203984
48114455
212048391
109209913
215094252
214818293
247731200
219458088
248787443
207854273
78631845
253272985
253239311
220667283
116200056
260920587
11656003
260920379
260920528
260920273
11656057
244678397
104260299
253239307
253238770
792508
253239433
115966462
253238825
253239473
12383117
251929471
133831541
78967261
260920743
117318242
174627620
254256934
127354148
131280616
127354403
116048403
116123809
176522303
195875377
187837286
195875396
11655865
128327234
176522279
162752316
187839319
92959980
78967047
212933931
144708634
104611391
214908606
198995431
177319633
122873150
254082480
139420310
105671510
169898829
187836986
97044843
71562140
109209911
181501572
116972090
109967082
249089833
261853856
255763974
263042769
187328776
186992994
263060311
248646584
160944252
248648703
248647624
103870693
57036484
96586493
206467644
227427048
225272911
96578093
152829422
50274216
50274269
21769222
120472163
96586091
103869901
124041016
101876133
123442490
125508757
96546614
248648727
262653917
209409247
124041270
48005581
151950807
202643966
202643810
191757239
248646498
262674569
262653823
262656363
262674700
262674286
202643831
262674884
209409635
121172938
54443277
56636380
177703689
147588047
248005881
248005885
169380565
180609989
157824848
158623692
249535397
169380496
248646517
37152579
96580612
102133372
23409693
61556034
158623847
157824768
156202252
157824806
24623546
248646397
248646405
139294250
165968883
56796978
229769101
229769137
247906653
263172479
263173083
248643157
262038003
248312893
248318401
262653915
24913021
214762048
12503356
19996978
73570548
37152720
12246908
145411792
147011085
112441644
205240397
104611356
144341912
243011935
76251919
94097859
154279778
248645105
11655951
182114501
188832389
133829703
134507160
109479123
59596916
14325877
187837044
20003337
106539243
106539132
112125959
115100294
148007352
144342384
148074803
201004311
180948062
251323941
153661213
187836969
128325269
198207226
197513355
148809362
116018151
103869149
179549021
187838763
215154030
252064947
197513127
156032129
95449709
257842963
260920637
192928965
260920760
260920506
260920509
260920306
117313345
260920334
104599780
253238873
253239179
239824229
253239309
251983218
553475
253239468
252784480
253239172
253238840
253238842
253239236
253238855
253239413
12383077
151509182
55874338
121229110
76725410
253239406
73185931
137744719
15489761
227183431
11655869
249276983
249531550
138903523
76587931
164539295
197503461
197503864
187837041
196486666
247907192
82007168
73283241
48116157
253238860
96547023
168727234
254082610
21077483
95038146
95090430
95052464
116001330
116051543
253128096
181500431
181502282
114687895
117577519
141038359
261883409
261851056
261864767
261880434
191357478
247906573
192678433
263190541
3255805
181998142
156202250
156202254
248789455
157824782
248646456
175527348
192951626
158623865
204663300
262657638
248647511
121950080
56182776
56636372
91089909
96551412
248647491
171089337
262674886
196058221
262674962
263179657
262674379
262674410
25004273
103866939
39360299
31518675
124041525
125089978
57036482
57036480
251590810
202644128
209409067
157824727
248006030
157824802
173449708
156202272
169380512
158623743
248646543
248646471
248648040
50274242
96554389
153585008
26091438
170687218
180750075
56636365
174143567
79459955
227179193
225272878
225272930
198962325
117473239
248809306
214762059
262654619
248533916
140132137
144243294
168712903
62735458
74330282
141340960
214762051
25680284
114685400
88956897