162507438
162507432
162507430
162507452
189460809
252091158
189460793
162507392
189460807
189460800
162507380
162507446
189460795
162507390
225315582
162507361
162507440
162507376
162507386
162507414
32412135
183736026
162507416
162507434
162507370
162507374
162507366
32394123
162507350
183736000
162507441
32369525
32412771
213999438
252091255
252091275
252091072
252091128
252091060
252091112
252091140
252091263
252091259
252091142
252091166
203898998
183736040
162507402
162507450
162507398
32409983
32390234
252091173
248877717
32410690
252091251
252091271
252091146
252091114
248877652
252091273
252091234
183736001
169621234
162507364
48061095
32413033
53389534
252091092
252091192
252091103
252091120
252091299
252091082
252091144
252091281
162507436
162507412
162507454
124483349
32370883
33516422
252091294
252091267
252091188
252091100
252091171
252091080
252091168
252091205
252091162
252091151
252091063
252091136
252091287
166446311
183736014
183736062
183078279
32389714
31962875
39073756
252091326
252091301
252091195
252091194
252091203
252091209
252091279
252091303
252091074
32411103
252091293
252091090
252091177
162507394
162507400
162507404
35716443
32411724
252091068
252091297
252091328
252091088
252091084
252091110
252091265
252091175
252091276
252091330
252091138
31966510
252091102
183736034
183736082
189460805
162507381
162507356
32369920
32373577
32225643
36359243