88791130
184468967
114572110
98178239
98355902
88794399
114571941
87521731
105910471
150934173
200854227
242724386
171588122
217181648
187889757
169380548
32431383
185006719
32431365
169380265
215543355
105837988
105835879
36730001
88796445
153663735
185006736
144342621
160269957
98572355
210795941
91457961
213721115
198438362
517124
170427912
109262820
123442216
32431374
259748655
119026545
120562400
177703786
198088228
207729466
170424701
199670998
217180854
131170208
160269822
114572091
88791216
210760680
32431354
225919273
198528988
26614890
169379719
32431370
226979454
121656234
169379762
169380845
131170213
169381093
262674698
517120
114399192
257867507
101410796
392000
182969652
127353327
145389941
32431472
209612226
32431369
126734981
252771251
115255498
217166569
110786649
96557632
96585614
96588936
96586804
157426773
37795435
32889106
187328705
96573871
248649109
173450137
96554568
20269698
125603641
120472298
29380054
101872708
73402140
144402721
58221442
87380506
145400322
144340760
144339823
187328714
116135710
517116
188710519
198436081
82391888
466457
465593
14945559
105614545
247906997
103869032
56913154
248647329
133828478
154487439
151500180
133629995
214824025
160268966
207639361
125604629
109005998
160270412
115257216
214824061
252561504
73402335
129713118
144342800
157198969
207640584
114572200
73402636
103823775
126734601
212927557
10761043
130784970
465264
36366481
83021132
253238817
115264663
103867777
10738088
56909849
240937237
144401650
11656146
214868103
115533787
205709788
56004002
190142347
160269535
107341470
73516781
197070507
10761041
10761039
169467828
97510233
262653827
244173165
251754991
91773764
216203917
196283439
96588264
153378291
262653831
187328806
14757646
96568183
115263001
208135858
11656129
11656151
130785412
164538528
262653821
89249736
392012
254710792
96589394
175688128
136080391
192358814
465277
88798869
14057103
175527353
203852607
113930073
217727398
36699055
168353022
32431464
208561274
145935825
213558636
248647407
144342176
185991198
177450038
125604344
54008529
163148304
153260737
96574777
89248871
93362693
52138801
215101561
185751220
225272876
114435124
96553323
1227779
182485551
117006781
217181009
85241141
95295544
55456901
420188
129713079
32289833
35222067
114367214
187293468
20955549
88800979
14057127
154184477
96579581
185751224
248643131
97044619
131405332
202644986
202642072
182969675
213550959
126734922
110205524
169381580
17475003
144339526
97910257
452795
102269235
97044139
14763417
23409537
177436034
192932029
88798687
73402492
102378910
11404125
170995004
91773789
167491675
216203897
420192
216203896
115263605
73402448
117097594
44822287
96546647
208103668
144341909
170432651
159095286
168364632
73402763
46695785
73402609
117092324
145673925
125089906
169381065
466174
225272894
114456085
134852619
73402066
100314133
118139119
27610894
87504712
105639525
139294348
103869829
59536606
217181327
98132860
125750135
2292289
87530348
52111949
32431352
56914358
114438563
130816323
217180791
216171184
349109
68677369
185006717
32431356
14057552
196225373
95295578
56914925
241038940
153665076
466179
225175096
121172807
74036173
1657751
88792319
91457937
67290305
145425131
133947031
66747951
114572240
247402770
169266864
127353399
96553869
198966194
248267871
206681730
73402227
102269842
112441420
247907330
113106511
200685708
32224169
78554630
133830722
113105886
216203902
260827725
136740947
187328830
190467900
14057601
240925088
253078504
114435501
217180601
99139216
217533384
240911947
97042475
32431395
202962110
125603323
188832320
149653640
517123
125603931
131280814
76826033
216280401
126734672
117064313
222723867
87391428
259484531
93245008
25981156
170640104
89245671
91457923
1227777
130783398
39773162
171590677
465265
242344822
242344810
222677707
466176
10761023
89245096
163812713
73402118
144340523
85241504
227183196
246532721
244301283
35808742
114435439
117025505
117002094
101171566
187328644
198929944
547022
75302415
10761033
103869835
25002713
192951889
222723894
209409652
169380410
262037999
169380057
98567117
142651146
189314301
96587610
14663112
196156485
121656413
114687251
197505338
216203930
73402555
85241313
21271051
73402226
225267166
191357913
102269567
14578070
262659359
98132812
202642592
248647919
262037950
158623820
257835762
466456
116159649
87380325
248647327
248648941
187983077
96557302
32431379
169266876
73402509
73402267
67817764
73402564
240973970
149488333
109890632
89261893
73402731
39773860
114688034
48458199
507878
34768432
103869259
103867804
213887362
248005859
185006721
56608418
10761049
191357915
146491886
98132856
58546061
73402330
73402057
35010271
96334913
126734829
73402024
106990615
82005379
163812552
140286757
23175331
122467259
248646846
105643504
198562444
121794429
229703732
96573774
33457173
96575302
225272916
96583870
191367348
88794023
164540614
458223
148851596
222696017
198435637
83020978
162404103
73402307
73402690
198435744
199738686
85241610
242443727
83021050
73402666
87382876
112263972
114685873
465271
202644303
120569664
349110
262653896
83751020
466181
33456789
25206707
213887370
34768429
149980740
443295
35808042
73402220
21060806
246533111
73402114
73402507
117024689
117003587
89253121
88797485
240900089
23970120
144341460
169380357
148868248
105638093
116159599
96589605
113005772
145626870
82391095
177407060
175577
189264225
91457840
82008129
35857073
53297022
136080496
188831338
144342224
148006319
96588698
129232483
73402635
160369440
148850314
125603413
209423007
197503549
112259575
128325612
46695767
144342535
162593448
50584750
122869931
163543623
243046855
143412395
96587267
216203905
188831558
145410489
153593170
14663221
248907311
58015614
21334531
143412745
141581263
148850731
187839517
201126161
214753861
114685753
209423205
145563783
197505745
207854171
35853898
73402614
154155311
252400949
248372533
253238589
253238821
253238612
260920581
116136036
254257105
88798260
89302478
254257023
127354638
87378567
254257065
253292249
73402769
188832386
192970284
122873544
67823280
73402093
55613836
114687682
82938840
114685561
794428
73402686
88798531
208537252
253238625
260920267
260920432
117067627
116966575
117067740
117023686
117024347
117002653
225171198
253238567
254082312
253238823
253238580
253238688
253238863
253077146
35856035
124887237
59376645
189341993
100314414
73402521
262462601
115532541
89262358
262831380
203961002
77871526
167930225
202641614
99840333
262658379
192951837
96555722
169381540
248649339
262659442
262658351
262674776
262657997
262654658
262658948
262659367
262659509
96546653
103475445
103869257
262659434
102133344
25206084
148868201
25005981
262659812
182969665
177703716
80960699
213887352
189492547
2447917
257835756
116159671
33456163
34768686
23419828
452793
125509019
96585438
98131895
23419400
166389897
96574514
113792438
102133440
96578153
192951710
136742052
248648678
199118095
177347538
177444339
114572115
23625826
23636826
216007074
206086401
117722577
225171186
262654603
242652851
262038036
25006516
95295610
189266437
257843093
144464886
217181169
98132849
144317266
21272439
55848364
103475437
75423716
175970358
175976645
44600644
262658377
91457928
91457824
215242451
82008383
145420265
70844018
125603847
58727263
201307870
154184688
196377855
73402037
106539180
112229551
106540122
84982915
144341448
144340555
241054961
188831941
122870920
216203900
244170214
248582403
143612233
72314843
197500852
32223755
182115043
136825704
197514239
205003071
144341468
251656558
102523052
20917297
129309892
71169013
162175759
35839426
119252654
254082636
254082907
149194533
124887253
207830671
73402144
67822136
96580051
73402136
207042186
52523881
171558302
136080950
188831756
148809958
70844774
144342061
248582473
125604006
87389363
200853933
202239482
26601528
253238553
253238591
214603518
253238711
253238792
58727275
117065436
117092848
217728180
242652801
11656140
251929825
38719753
115263730
253292608
208554506
259486913
254256909
101167184
140287203
107340560
205775678
130773835
253163397
242652831
190547726
190547724
116631655
101639738
253292452
155110611
138955147
263076514
127354116
88800040
120549099
96585164
99841321
99840339
99842062
98556289
169379629
263103872
80960379
96586619
96545980
23419837
96586275
116159610
116159758
37152459
68544911
23419849
120562081
248647147
248648739
23419286
262659361
262659499
25002996
262659503
252357239
173450017
36318442
248647429
222723865
248647151
248648831
248325893
173911273
56608389
10761045
213887348
192951811
97482660
185006730
49641798
262037974
97510840
113792524
123442683
96578220
99044141
102758612
96546413
248647962
173450007
120553742
29358919
248647465
96574978
98565290
225272851
140995014
121172171
248647942
248649121
248648749
161527280
206086399
44957433
71969189
206086385
247906568
96585096
33456784
31176341
144317167
159496983
168670622
191367233
216203925
248005861
96574499
35827893
213561326
59417565
16315604
21270873
14664797
230374206
216476652
225171187
124273490
144741275
262757690
130773581
143864664
125603882
192725111
113474782
214077619
122868935
127880479
167509345
214922143
71160433
35854375
240945721
86422848
125604018
46695788
201648182
73402712
164540335
147816603
145400821
216227789
148809368
112232013
206205516
242443740
1711629
187838335
82003890
127354251
252596726
85241599
169898622
144465692
128326558
196225116
257842985
127354563
117005222
117002741
117067791
117092739
117668488
117092346
88796775
258860253
251575374
217764403
253238627
253238752
14057122
253238560
253238693
253238558
185862240
185862318
44822414
253238715
253238636
253246736
253238569
168730901
197502192
141733534
259487723
191367235
95864096
148698059
133830464
253292625
247907171
144339629
164536161
249896790
127353208
114686124
262726661
213558472
253052221
263041948
141096786
214868000
263105384
195193708
198914731
123442496
262674256
262657962
262659430
262659363
99840335
99841323
248649167
103475439
176523008
88046532
195994163
148868218
202962175
136741809
188996255
174933156
58085266
225272844
225272889
138148794
155019717
29374259
96552743
114436877
29358917
96588246
222723849
169381544
222723901
169380882
105232101
96574554
96557003
152410426
96574660
248649183
188383661
248649351
119315429
96579685
96575195
73301168
97479944
96573804
10761035
139294352
56608387
148868181
169381664
79192045
72306483
97483782
96585094
189263945
229769123
57839126
217519131
225175101
201040164
24908728
67817523
38716701
59373470
44600816
38724820
181218514
70802398
30736908
98132853
216203908
91458039
91457965
205315716
26816020
212317694
189340974
145221012
214656539
108711448
73402013
252159969
122868843
43184419
140333216
207565561
197513057
125603726
163812757
216203926
240952290
251392296
148809089
188831521
17896375
249896780
130978291
187836939
97044050
253238605
253238864
253238571
32431470
145389930
253127861
254082314
208529064
114435432
16700543
260920529
117067668
116958202
198436022
184591872
260920302
143808491
163812264
207565582
111287789
160758705
122871254
145563651
144339671
205507357
102523000
53301449
205003080
207809432
85187510
47069770
108879854
50216162
199533034
253238717
253238676
253238654
55848314
114687762
128325872
59260726
187837600
125604621
244170464
147816476
199175597
216203895
97001657
23417232
156679998
144465313
249583081
148699405
164537913
248907157
173011802
214498249
101172992
100313433
144506136
262462676
127353205
191421740
191357890
124274127
263076532
101638257
187328651
198911502
263076537
96574655
263103905
262653892
262659349
248649359
262659497
262659505
96574651
25207496
88793414
249168968
56608414
96586061
96550433
96583536
140356410
116567734
31191575
97517789
96575197
96574475
96578151
91089991
25680198
116159605
96552861
23636726
103869387
209379657
192951535
185751240
202643910
262654615
262659828
98132091
102133346
262659857
102133350
262675046
121181005
248649345
36318445
169380289
96584539
183376104
222723851
262654656
202645286
202642836
202645039
248647117
248649068
148868228
213887376
248646880
169380051
222723859
213887372
177344431
195284057
102269571
163148649
102522474
39776470
23401156
144313068
217180913
146493812
146491787
33457444
96585088
190511436
120553392
121656270
262038046
107034694
175717881
246532689
122873155
144342566
59417596
133830769
247667048
122173159
73402707
144339394
35816752
207562558
108676085
102269828
125603994
197515111
204064833
143864330
114685361
17475520
248907294
204012982
50584551
212606771
114689117
154184498
144479130
133828298
124887309
91399261
74558400
133830968
203912083
125603704
200629563
71168888
59373876
141581305
165968957
198898289
102269575
252400938
225171188
254082853
257764012
73402579
162752495
35137790
79553233
130026105
111421934
102523004
201295614
50584578
187839394
145409886
59376405
21384612
246532698
96831179
191899298
44823031
108880163
14381916
145418108
112266323
112440953
151509477
89253821
253238733
253238587
253238616
260920553
222677686
124899043
117067722
117066338
117067809
117067185
116913207
117065595
253238663
253238731
253238652
253049940
253052042
253238815
253238682
216203912
196768430
137071234
31176348
252819397
260920860
260920640
88797383
259485525
98565660
88797299
95864369
115258210
114288694
217720246
101185932
101171557
114402765
114403486
170432553
140286209
144629651
190547722
125773044
14666198
88794074
138386783
201795376
253292318
191357898
68240828
191357966
198942328
140131872
78966160
263103755
248647499
262654611
262653825
262659830
14758036
14757858
262655048
120563209
122443400
262658375
262659357
262659422
174183048
99841292
176522998
192951564
248325904
169381637
248647283
102133444
32224894
96585454
96551844
71684362
96553661
96553642
122522161
96554720
96586277
146036432
96589396
96575181
152457920
192951825
262038038
145429653
103475443
209409251
171590690
80960697
171588203
58563748
56608379
96557381
56608420
96553648
116159651
96556127
107005107
32224389
145431623
96556802
96552105
96557695
96585092
33457175
169381000
213887344
174183054
248649046
142564735
163148217
199124957
177440558
248649129
23622115
252102524
166538326
247906888
25002914
25004229
253664048
248643008
252400863
247906779
88796301
121656456
114688795
147816442
125604088
96554095
163812405
97044624
73402072
145423347
73402616
73402138
147325988
197513813
73402699
96580049
125603491
182114866
197500294
144327141
144758002
145134449
148809454
112204069
143865954
48146944
125604022
145562501
173130479
148698511
77516384
147011340
73402704
122872438
182485554
148077332
58189762
81076766
248907345
14756112
214922032
55423168
38726682
117023757
117067873
117092316
117097636
117092433
117095984
260920702
260920820
123481774
252401013
261816469
160827736
114435471
252102345
214867848
247199829
253238661
253238750
253238703
257842848
123155090
225175094
253238680
253238712
254082528
253238755
253292470
253238819
205483269
199240755
164538465
251392256
35813842
115533861
144342743
162175754
199629588
133830870
112440965
165844531
207830739
145426112
200851732
124887162
166119562
252159520
14381066
82003974
254082533
253292354
168726375
112440993
253292472
248066597
86581086
131280536
89233468
131280847
107340916
112204182
114402831
100314621
107339722
112262776
112194753
130783443
114688597
1651271
127353612
197161460
102134508
191367270
189203887
263076544
263076509
114689216
124273262
213887364
213887354
174183082
173449834
171590059
96580238
171587979
248647181
96578149
96578117
169379744
262658414
262655050
169381040
120567796
96585616
263104224
14576206
262658355
262654601
262451844
103868965
262659859
262674232
89481771
262038026
23419696
67242092
74543595
103475435
99841397
263103800
263105116
99840337
213887368
213887356
169380835
243165669
113792426
48005225
96584549
89481985
96578497
96558056
82938828
96575217
33456786
222723857
36624540
52865446
25207703
142624421
10761021
120490887
120550948
79191960
177448748
216007060
263042849
216007063
49641860
25206701
96575253
75332702
169381649
110205526
44957871
242652812
189263675
201045688
32223587
98132851
98132847
141014186
146493045
144312303
141014236
53296771
181218383
181218227
59260428
140131213
44607006
121656375
114687857