15631001
254146300
93166896
99698986
263047029
217180609
128594063
109957638
217181068
91261984
248646133
263047047
109957974
109958284
217181628
217181957
147010861
168546049
188838254
180939857
159246446
135455603
217181918
217181609
190670148
217182005
205484276
159018626
217181141
117577943
217180920
170337296
216205433
28639268
195474456
122391978
217734317
212261410
49379437
129623871
465849
26341658
181799472
217181824
21090475
217182009
188838271
25421081
217180868
38447460
167952375
188838339
193640609
260438939
171101293
252950675
188838323
248755380
196468289
121268566
146380589
19531668
190681358
83788287
173393938
109601879
115222788
50392256
247906582
115880111
127881217
125603862
189204086
170993489
188838274
171101280
202644812
248645888
93765641
450305
115224899
170730397
187838649
248645808
466041
169379735
165689113
207011454
217181723
136741067
170754458
169486119
190481233
169457583
178339545
148967670
170177902
169409089
168961984
172029698
90893438
252292916
148851518
190482164
115222996
169391532
207830914
148698237
165669490
196770035
182156442
209391262
170741124
170311086
21516729
198435715
253347548
251503487
214817009
162120829
195224903
248645798
248645770
184698223
248646077
248647311
129719981
137547720
117067194
247907250
173954576
162091518
171067274
173286411
249277008
16914367
146492449
137547649
263047004
133826710
190481232
244289604
159669157
190482176
169683938
220680146
172379071
128325846
190819541
169356611
109712720
190821538
169684349
171167557
153491454
169685149
190819476
172346167
225970939
190819364
176815990
252066198
252073867
252070480
187837140
253295960
253238726
253238582
176498339
157481124
149659331
101044671
49379398
248647447
248645748
192951797
188838258
248646059
252954796
188838335
133713945
162764933
164535868
173616469
192288096
154162265
132247627
115819424
170834720
170177886
138188976
263047158
172364692
89052937
169083651
172316275
129711646
164057423
167675477
128326045
133546336
164060628
190481439
171654700
170154414
170748409
169232395
207565194
169448459
258667217
252073909
253239286
215116394
169341358
148075359
168535457
252037452
155263313
178339427
169352306
207565609
147010970
144342017
133831265
145648807
262727141
110678414
169847798
262674786
248646089
248646050
248646174
202641968
192951659
248645828
205292566
248645721
48119721
102759792
192951931
188838304
169380364
152693821
169685145
138011962
174637614
58534529
217132370
217181916
94802337
100842430
172248016
165652789
122870830
147816481
194827719
170720211
153655028
138904258
169642070
148808860
145177495
170818517
138903804
142393068
193387987
251324280
207564652
198798856
168545831
145134526
170843042
171891723
128325625
161254374
163824904
253238671
127834804
155340545
170399133
165602245
252099906
252065712
170838268
171760728
263102309
31519519
248645814
248645788
188838284
248645792
248646136
248646116
137547651
180378454
138560731
181993811
119790632
170720364
169375959
164070277
174637616
102464141
206450845
162384672
190481225
170330349
187838039
174053406
145134387
253239464
253238794
247299160
215119998
174304630
115223138
198435647
247829706
168867356
171109291
171152287
122869841
82229736
125604306
195464643
157480859
148699669
190481452
148850951
170177714
253623249
253320829
252066423
170186081
253625183
169914870
136023269
217153607
244303148
177191249
242387731
155158438
98069360
52695982
129431975
171654385
160125493
172840606
164058755
112440983
187837446
190481308
165691238
173626050
175784012
173649413
172275350
171886930
173294325
145411590
252757102
215119987
253238721
252075293
196770037
106539832
148809548
137995578
249686190
253164928
248646070
248645768
248646138
248646185
248646195
192951700
49379394
248645796
248645936
248645806
20413479
129714799
136989159
129639579
157537544
57404977
159633409
157028863