11251086
185410021
106770825
186239206
178093810
106764622
194003817
96578663
107619567
28021496
96554657
48320740
98705878
96556588
113583680
25692775
97484403
115730089
39361591
185990954
188043859
184678531
120472237
129252459
121181140
59106619
209115076
262550963
39358154
32855676
49306441
115714356
96556622
247907307
248648963
96550431
102759983
25590626
148850502
190212753
120370900
96556435
13442448
120370898
162832580
58078621
242857926
192452496
119026555
187001113
121228345
248649087
95091004
148850466
97043945
91304796
125340864
192450972
119699201
193008443
202643158
141581555
97484442
172071776
96586353
124554424
172840231
163551413
248649262
191438383
120370896
248647305
149194923
28729073
16254159
170745475
175783993
141581481
202641371
243045270
159095219
63851442
129712952
193008228
190467401
170743031
247437219
148809333
247437165
250058804
202645100
248648759
172069589
19699038
192447814
185523762
145134592
114436869
248647082
121228170
119501242
202644024
202645531
159095131
50714492
193685472
208682060
150562920
44816699
187836966
141733775
248647320
147347894
117374615
133104435
194564747
173388888
125508987
192447797
202643584
118100258
230374187
148809480
162829246
103907020
148851286
112316916
148850832
105644510
207774661
172841324
148808929
247437145
103906323
112316223
28455934
203040213
209408940
122645865
248647641
202641725
230374185
155565693
207564552
66541203
115222735
121337006
110875366
248649066
148809136
141096689
138823781
189341887
61756099
189340761
154184194
115222891
163831832
202644080
197855576
189341433
1946887
248907203
194827266
259485228
259484561
257843368
170741982
175782714
253161972
261952679
253625711
254082676
253296485
217411549
261984490
110875390
262602860
202645359
202642754
259513740
1946889
197504859
214909028
248907245
251021877
2035861
254082387
197505749
251324439
1946885
252098905
252098812
139144613
201346843
217169666
95051262
169273557
217441452
251383985
259485473
248294498
111419525
163519180
262845580
239196204
258752328
258752322
258752381
129036041
263316843
187836897
192714665
242854255
199251176
170744114
251015194
139565509
128326575
170742908
253348613
253243156
252098782
197506184
175782117
198202746
252566695
253624039
157136524
110876064
262845439
263042972
263266494
263266477
209409150
198486412
148966985
184464053
217570386
107099627
166073375
252098885
170984449
252098851
169275841
63863724
63864856
164541603
259484886
257843387
252625754
128801580
111299854
207562701
194566291
169275233
175783864
110472961
145681711
263266420
248648994
202644994
175781347
204879280
204878829
173580506
197514766
158810361
103905975
139565231
175783692
157100710
189341072
170985468
176502257
122870631
254082300
249816722
252622263
144491504
170987060
31213362
169026146
252614369
127354736
259485355
138147825
170984682
181979123
262598570
263266522
248648497
202643962
248647050
248648707
202913827
194564436
197513268
198412005
261818675
165035607
242634071
254082261
201648351
128632886
193685464
196409349
173241915
253238136
262982693
254146634
252628035
208275030
680861
248907187
170742415
198936349