21367457
68392386
186577956
787056
152740754
193976680
185006291
34553368
186862155
184334891
186862153
208118234
184334882
186669701
1822057
206781735
185006253
241821082
199747155
200852588
23207094
247680702
167019861
199739988
186577962
199747159
208118236
248502118
94903583
167019841
194096846
202604256
189336452
199747163
20441187
253184048
248755538
885402
79009060
799879
787046
214200203
208778525
43476276
20479115
199705143
242992948
77149795
249089770
184334894
207596536
185006277
216096887
175526754
249664598
175798774
153625037
249664609
143226165
193586399
186877010
2386715
207596534
216096889
207596544
207596542
207596548
207596538
108130561
167019836
21334260
213864568
108130638
151950466
166084136
194117180
178523872
82386508
200779100
214651568
208188730
36710437
146274135
20489428
56512147
90624603
47438215
262403839
253056480
32168006
1471591
253185322
208069906
20443491
196938987
44172631
106349557
191923811
53805789
151950456
56511985
36710315
196938986
163739562
85560620
163739564
91544360
193586395
46107072
216091440
193586391
242411269
12055610
95866315
208679149
168900774
193586388
196938991
138342174
103865422
77777078
1471597
138342177
197897192
138342179
176522801
167019834
105651039
167019839
166084663
253184968
197897228
217186309
23427257
56512149
166084157
216096893
206477990
175526788
217387254
207658030
146271241
167019859
138342172
197897216
175526811
205810660
206374437
831431
20485370
48166624
244168301
206182090
860351
183375634
215040275
214889702
175526815
253184624
137503177
166084161
137271552
186495771
215040279
15686459
243086217
204302104
137503171
247239762
166084138
12055608
85560330
215040273
168900780
247939565
53806022
215040263
244168302
151950464
1471587
1471585
198126663
32168002
175526798
215040281
1036594
166084082
183375632
1471595
137503179
163739568
214651534
175526790
1471605
702055
167615364
205810434
206477947
249089772
166084159
114945608
212960212
247939561
146274653
146274043
215040277
84872465
20485347
163739582
186495706
206362938
205573897
22383443
1036602
747727
207642815
51564885
175149073
7887150
253056650
189336448
208069284
2002415
253116071
210513777
208565589
17958251
208565583
253056596
208069540
196180796
262405488
242652929
210513775
261028688
241978504
200851522
193586393
148802210
91544569
262870395
36710372
196202795
214493597
212961284
199747161
210513770
1513859
262058687
49459949
10366397
209298761
200673210
137430354
197388011
225267747
189336447
47438243
142418459
146274041
242411298
171651781
163739558
253062432
196938979
77777780
77777087
36710698
10275155
253183987
191923779
119253009
212961282
210513571
2386575
154454171
85560623
24164658
196938981
205694865
196938997
163739586
85560616
136482856
186752990
253040780
77777089
212961278
197553962
253656298
209867955
212961274
205892234
163739566
17961817
212326797
198192468
56512145
212961272
4019209
75490737
194767350
248797274
44858434
137503167
214584796
173911237
262451813
205696722
192948830
242150218
181222923
208778531
201630456
59291606
193564800
43476273
103865493
192704520
192948938
20468781
5569253
37468649
263209905
137134360
253318971
253129511
137431902
166079540
192948942
205809698
194110086
242120772
175526756
205810658
193737040
108956939
1471593
210513801
209298749
487240
175526809
103865509
137409993
1733329
56094176
49459960
245197728
214202540
48523410
192950159
67966432
210513608
137375285
32917613
200673145
204302116
210513773
212326289
142418461
142418456
210513590
58268328
47438245
33492450
253184655
253129489
217441288
206478103
103865445
200779101
208634782
197888322
701971
76118183
210513580
146225840
205802238
253188022
58709766
58708511
173968943
202762429
196938999
21357900
155256370
204473022
168900784
196938980
108956930
192949838
210513582
210513766
209608496
204301987
58709814
58708323
1058092
36710685
205810662
192948986
247930764
87293275
58709066
45713768
137431998
207563803
186753035
2716771
205696728
137440329
138183933
58709091
201815971
107409980
228989376
72555427
210513762
75490748
262044213
105652934
79110414
205695403
194110709
58708223
210513768
192950261
210513764
253444118
137503145
192789694
205810446
213998085
243024041
197147388
200969877
247811213
113791563
108956946
107409982
245197768
146274078
176752995
249940078
198120354
175526813
190519659
204302030
88042754
196219985
178461087
207639269
205573899
137431974
222723672
58709055
58708256
58709788
175526800
1471589
130784827
205573893
58708660
79104669
206478032
102484419
193397271
113527990
58708668
209349697
222723677
72851545
50490727
260222521
103474881
137503149
58708254
41070258
213998081
214818700
200779093
59049710
22643296
197606647
207639437
48541486
194473323
7887156
216091438
167614366
7887152
253293068
215040265
656524
47438237
177756758
208069791
207641058
116566822
203945305
244168305
247678612
201120670
76657523
253292986
161426360
32917636
213971109
206182047
208565591
262469758
146226435
206182034
247299495
82385518
207658095
137130438
214841357
168900768
207567585
38048978
186577964
206360672
205892094
116566818
212960204
216091434
263063957
206483625
205808073
206360680
36701171
246772905
74542735
198126418
152705144
198120198
108563975
137445996
205809692
137430634
207658091
206560648
50322314
180103965
49640110
79009063
130781357
207658097
1674183
702128
188656242
186877008
162025678
181122313
146226420
203945289
108130501
252139031
189948436
142419182
206335073
207641672
85560607
146225836
217500576
200779115
146274125
181809042
207646153
207639405
32917631
146274025
202485940
207639409
702126
217186335
253129527
196203001
207658280
79009067
159482413
171580661
885386
186582333
137941630
200779112
207641670
207641676
248800708
246772909
105651553
205707453
247862385
253185177
55281885
77576344
48754101
204622216
199969131
196058123
167462091
192949944
167019499
217500592
205537653
44858649
253720937
254141838
196219891
205973449
108130481
204473077
204473045
56646306
36710449
214923979
212919944
35440031
167019481
207564164
200779118
252892348
252892354
207564160
212324168
171940366
140221857
206331297
207656091
205807543
24164405
184859033
205973424
68511007
119313683
146274021
196683887
180999280
192948871
247939557
212960228
192950875
22643285
192949936
168900850
51990483
253619394
211926344
204473071
2732759
209298921
208917310
209349381
209349530
242693608
262734956
53258627
103474887
167019475
247924887
85560333
206331299
255630324
207674715
207639267
137440166
253185193
175147122
49572426
246772881
51990681
102132766
103474444
48754184
192949846
171586418
27977452
168900788
206182097
162025714
214889700
249659354
206182039
242693618
209349398
32141569
214578908
108130493
58708817
702015
205809494
79104667
50215298
136482842
178523921
82385508
209349526
207567575
207658087
205573901
205808069
136483363
137431935
205810223
207639433
213997861
205973426
58709762
84873094
192948652
262570133
146272709
262469748
202961511
210513573
193736642
163739560
32917638
75490752
209900532
246772911
209298888
75490735
7887134
137133522
207643528
137503155
136482879
40722802
1619629
43476928
77221644
137435760
137430645
212326141
205810215
142419178
206472538
212324119
207567571
10706141
196219847
217500566
32218051
58708864
246772932
192950151
146226406
209349524
992514
90328968
137485707
205809502
216091442
205695153
213998071
146274208
747721
114945104
10280360
201630468
206488728
207564156
207565821
212324415
137252281
212324382
205809490
205572812
120183591
253656337
1058094
253662560
137941416
253366279
177703788
253129525
262451770
113790632
24164761
885378
247935734
198192511
23425787
241667309
200779140
207645879
202961605
36702003
247446437
253297614
137503153
212961266
212326029
213998075
137430352
207676398
184075075
246076091
109949501
102485099
199547891
253183442
197120295
253183747
194115730
197888284
54512821
195531220
32217342
250077216
192062825
258668072
10280733
182301001
182300387
253304494
36701748
50322386
103474448
55284392
103474704
50322339
50215866
58709906
167462167
252664512
253318961
188229205
196683903
188229177
192949298
210513708
198192478
171580620
171581137
213997290
173673946
171580698
167019555
208634766
189250826
202961597
162025716
221031938
192949061
245197896
196683891
169379517
205537667
262569958
198123661
113790541
43810573
35445336
24164757
76378370
80365598
53258354
86417973
177703752
192949481
205537665
212314851
208778390
215040269
242411356
171586405
146274062
210513586
208634758
192948920
252357079
208634756
158868323
192950717
192950859
192949139
210513584
261151736
261151797
253619352
19342384
247661289
209349792
209297131
209430300
208917549
108130497
1574873
263206672
263207785
181267936
263206762
263207832
171580676
262605394
262605390
169379482
192948692
204473028
246772883
263083871
263105158
171580768
25190847
204473036
192704510
249892770
39532066
205001700
190519829
190522552
212463583
192950667
103474894
137133335
247677304
200672546
205694632
212326276
212326180
207646258
137432726
212324066
138127630
207646248
207566402
207564413
136482698
205694867
205809688
253620234
207658036
207658093
206334861
207646009
192789686
146226107
257765895
47321847
19454455
137430636
137499189
137431937
43477456
178523947
154454489
79104665
79104678
14447244
263096994
206334859
205810679
205809091
205698689
205694634
205810168
206480438
213997989
205809966
137341098
137431910
207642742
205707994
205570288
202961359
212326031
207596751
137254357
137431912
207658068
205573891
206331295
206480442
206560996
206560702
206480677
217441312
10281536
109940148
109957566
184476590
253183952
253185674
50214987
184476698
130780456
240626591
248774184
51518528
195524867
130776948
262890919
262890921
37216285
249942502
196938990
263104494
198121026
248930661
192949467
253318973
130441269
171580808
73766076
50214815
50322357
48753421
40722786
58710015
24164527
50490696
107409989
253619354
253444114
253619346
261151795
210513606
137133166
263105114
263104179
169377731
73766033
186369252
108883376
146272702
242693612
176080857
245197894
248800472
146226497
208634770
205537691
192948660
192987984
247565144
217500572
177703613
196181061
198285118
168900794
208778412
193736660
192950165
203945309
176752967
192948928
214753123
202961517
263104508
263098031
263105003
263104136
263104145
263085277
263085085
127031790
24164630
253318959
217500570
192951129
243808050
200673177
196488102
171585475
177703674
165021165
247446443
176752860
192948966
168899481
208778419
146225819
168900764
242693610
196683875
262569880
169379515
176752909
171585850
192948770
192949172
242718196
247566952
204622222
177703659
146274070
228989374
196683893
205537661
167019477
198192503
198121892
261135216
261028903
204473040
51697001
205001611
209867691
209293011
209298564
197780828
249940483
263209626
171651771
137130728
184075084
38049248
137446000
194115845
137499181
252892346
207645881
207646070
146270309
198057997
114944328
114944320
205707998
206331287
205694664
138323360
137504540
178523853
201630466
189945535
207596696
206334934
137431987
136483496
137410087
207567573
206331305
207565891
206335069
212324102
206331303
205807606
206374728
187156495
24164488
39357583
205705152
212961316
205698697
205809686
137439960
205810693
136483349
205695373
137498734
206362961
137430256
137485584
137431994
207639435
207643538
206376164
207642688
207565817
206481209
137439957
205809498
205696730
205809073
207567402
263096996
212326087
207642736
206362963
212326089
207639411
205809059
205808071
137409968
205810217
207642738
137498877
212326298
205807553
136596125
207646019
252631741
194141895
247303660
109954400
109954587
184476541
109945475
200628651
262055703
253185538
53013531
184075078
182300663
253304544
36570216
36701973
262605345
54513086
202961647
205973432
262451819
192062735
204473067
263102199
263104089
262451767
263103201
263063916
141738624
146225829
214856647
214854666
202961519
163739539
163739541
217500584
165021174
192950488
196683881
146225824
146226588
215040285
171581168
207811613
202961507
194819059
211926169
245197739
162025734
196488106
171586368
195696877
192948674
197781034
197780859
197780838
192789689
190517707
255220497
209349592
86517192
32217221
209349460
209610112
254132128
77051185
1313969
43810576
77576334
44858510
55283719
50322601
243808060
192950631
198192496
249610686
146272333
166084150
177703664
248524519
171651710
208778384
163739584
171584538
198192488
242718194
183111396
165021163
165021170
165021159
7887132
194819056
207933196
207933198
176752940
261151787
253619386
253619360
58708301
43810581
116566807
24165179
113791287
189250822
247934636
171586015
205113414
168899487
162025720
20462922
262745625
196683877
168899485
208634787
212960282
253318963
214889714
247939541
228989350
192951068
198192482
178831649
168900776
183375636
166084153
167019497
249610684
107409993
92905534
116566849
75991338
198192460
249659350
198192474
248933464
204473075
252138944
252138877
216096891
244168311
205810687
212961234
167019541
201616918
263207824
137430638
262890925
262890957
114944352
163739543
206362930
136594630
205707992
36700783
20441397
212324372
205809492
32785842
137255810
168900772
30162716
30886455
32352094
177267134
187191426
163021267
196219875
205697298
205694642
205810221
205809047
205708037
207567577
212326266
205809849
212324364
205810689
212323385
207567579
205694668
207658013
212324042
207596956
205694649
137440508
205696274
205808593
206481248
205698722
214732006
206483629
206474217
207565815
205573911
212326300
138127676
152705107
171424679
207596857
137432889
212326805
212326418
206376193
137502357
205808513
205695849
206474059
207639484
207639488
207658101
207646246
137431992
205810154
207658274
194107831
132303705
252186041
198592941
197907503
216388009
200984556
252680696
252422711
253184184
253183425
253185140
253184576
253183685
262055701
262055710
262055713
208917527
253304534
32141567
248773383
262890887
194585936
188229199
228989165
196219871
206182182
205537657
242504810
192949055
192949950
212960224
192950512
192949571
208403346
186369309
192949300
208634778
162025731
167615610
249653711
192950807
252539326
196683869
192950699
249610694
165021172
247447653
249659356
192948974
206715220
210513758
215040271
202961585
58709923
248933314
49640980
53805822
77576181
116566851
80365614
80365396
50215047
32218720
20478503
255197076
253107841
263085313
262605392
146271329
171580781
171580750
17960416
55282687
262792279
261151803
204622214
162025733
214889698
202961515
208778388
253619356
261151799
254132122
58709931
20426050
88042640
72050522
263207479
183570244
36710187
197781021
11884017
204473038
204473063
198121977
44808490
167019483
193979109
212884293
207658174
205808079
146272419
166359272
114945385
1674187
58708835
214732012
206335176
137130896
212326268
205809976
207639440
249969448
249969296
137499183
205809696
207645870
137430254
137440516
206334857
174933101
114245783
171580940
136482428
77204179
162399295
178312412
180848217
205694643
137440170
137260154
207677344
205809597
198541555
167613750
162541553
30156378
31122106
197344446
205694658
206473926
205808517
137499191
207646250
262477166
206480549
205810219
205808077
215916991
206473932
205810685
137440563
142419180
207643534
205810450
180399917
180399912
207639482
205574113
207639407
137130822
214732008
205708000
212323659
137430258
205698664
137430260
136483357
206335493
207643599
137440173
205694662
32917629
253665579
197150426
194115566
181423181
249934598
253183795
253249103
194116122
160793175
193771803
126829595
250070971
50408576
249089730
253304564
225386539
262890893
146225005
146225888
146273447
171580828
192949561
209602624
190519741
208917638
171360002
197780867
192694061
49881437
204473032
198126374
173969554
253619398
20450570
72851570
58992009
106349021
75991245
24594183
49378064
20456633
50490713
113790656
50322316
263206860
263208985
263207763
263085192
263041141
51618080
151950454
204473024
214851835
247934634
166084659
189250824
196683865
153409230
221031947
171586138
192949210
22653471
169379503
169379521
27963835
166084084
171580930
168899483
253318955
168900798
206182067
168900782
217500590
196058121
203945285
198192484
202961525
205802177
192987988
163021170
171585979
192950729
165627270
217500552
176080859
158868327
192949984
245197811
185654103
204622218
192951016
247565263
146270523
177703704
205802184
199969147
247935777
245197813
48754116
17958241
24594164
35445073
48753229
212960214
253619463
253619348
48752957
58708854
48753471
177703691
178831390
262570302
142433771
209298260
209298347
253631976
263207913
263208983
261151805
262890883
201610399
207336993
253631361
174865421
216405638
196938988
137440113
200779089
207639272
206481106
137337062
214732010
206334936
205810156
263209054
263096999
252357059
249089756
249089728
261951828
205695847
58708229
102639819
262890959
206335067
137425553
206335062
205809690
146226208
199099003
179063945
29907197
178521226
209900514
171580960
222675044
79449972
55658375
140239024
255630354
79009065
184495554
77222075
179396912
197879086
202762396
187156492
187156676
77916077
56094152
205574107
207596694
137440464
206483236
207642734
207596901
137431927
205808075
137484467
137499093
212326296
137484572
205705154
205707996
206474274
207658276
206488730
206560998
206377315
206362934
212324147
205708004
205698703
205705180
205708002
206480562
205694651
137263428
206335114
212326361
214818706
207639260
138183842
205572880
137484874
212324160
212324139
137431898
137485582
207642732
137431908
206334855
205698671
205808499
180399919
253665581
193770134
184075073
178522444
130781400
160797953
252165691
204473026
261151801
80365402
50490735
77576449
113790637
53258623
113790536
23426150
58709896
197620459
205537669
214753092
189492470
146274096
192950256
210513578
252714194
192951020
242718192
198285073
208403304
146225817
198587338
211924907
214846751
235665402
146226429
146225672
192949992
146225675
146274127
263209930
263103124
198192499
204473019
214889726
263104141
263100950
263104165
202438286
197780855
169379484
247931419
205973441
192987845
169379491
204473069
212960184
167019772
252539284
192950815
192949231
196683883
192948766
208778408
171584781
171580889
206182122
212960208
168899489
168900852
162025712
208634773
165021241
249610696
197781112
612295
201816299
263206852
263104210
198593833
77221350
262890955
262890897
262890929
90619025
200779104
36701380
193513751
201613879
196938984
205810251
167019537
37134826
207646252
214841359
212326075
207596895
252755706
205695047
146272362
197620461
114944371
252892356
24490042
205537655
197920775
207658103
205697295
171585959
129138429
32351690
187156697
22382958
132304172
201614466
114300559
106362438
32075747
31207364
213707094
205573909
137130861
205698683
207646149
207642859
205573787
206361181
205698737
205809099
205695049
206335064
212324010
213998079
205809075
252078696
137430649
212326446
206331301
206480534
207564154
206480674
205810683
207639486
207639444
206335491
212961260
212326153
137129987
137498732
205694647
207658099
206361179
137430643
180399924
206335060
212961262
205695400
207566763
137430647
205809488
205809847
205809700
161008715
198414891
155550591
172206434
49317816
246078356
187827445
214201083
35740871
162865518
159484590
195801673
49459956
185873054
149974918
49960204
210277408
185873057
252912208
29830245
59206889
260795323
249874816
249876839
248415205
76127840
214773792
14643407
68437864
45299959
195954748
198302147
41263278
253101027
51251660
90328970
51949398
34434282
248552577
174896121
105140142
203848495
52329762
108501246
9810500
44017497
155550600
14318182
57049001
253101029
17477287
193720169
35010886
23088719
241899619
134628097
44640178
44017504
174896123
214947030
247287419
214094386
17032444
249246553
44984262
193116253
157195757
36560764
203864185
204771714
205136694
47142029
10366399
14645349
213588027
787096
37890743
248325789
1610017
217751011
248325779
56511989
248325770
177312718
200851525
45321632
200673169
37890747
6932287
212438374
247239788
48541702
158235710
241899645
112825935
88917596
174518895
155200611
201892206
90328964
248293645
252097499
55462655
174182679
49002482
35601082
246163515
19913973
25049757
262345744
201807673
210277449
147976281
174321438
186268752
208191812
43363467
95085896
51903721
249881251
53095301
29830672
14168902
41556872
96366402
186191144
227205265
174181208
32168010
41294604
182849297
253360800
8042258
49550295
48166628
185808998
225385311
45854129
44017501
185097080
56102955
49026035
202215286
73309755
246644779
54008176
1826767
25979861
186877004
3480269
181699650
241899728
90624298
138342264
91545353
127692315
262067667
242627692
219134713
194098829
22383840
247408365
161426364
20484954
115254491
77753784
158775130
249092058
1826765
196029361
105613441
249855529
49502464
197638584
247016124
38235257
1508585
32099557
108130563
43363465
167613997
207639300
40121678
113791512
77111909
1731775
49273648
248366902
207914898
28079034
205695142
208591349
490803
46772999
108327039
247815735
131907396
107101591
251267753
22039781
202961361
44984265
68040733
177068120
199593670
77221514
24262767
248498447
91089438
196515670
56199901
19913965
56198981
197685605
148105397
179231847
200628612
254179655
227653121
35129471
192678602
159910739
104907168
195299498
87720282
159050453
193719699
247655525
254897039
31622791
260803525
31622799
197637579
89591450
485391
169324944
79464925
247837972
105231087
247287423
45854126
199747157
171556601
198324102
205695136
43892947
253168542
164273180
183718893
84454873
208428297
225913458
140143864
118582408
217549790
31622793
252078248
191217659
160759002
7887154
1731793
202604454
212049320
248083395
48307678
185215683
262844825
22367126
227153689
171549956
247420622
143644355
178097633
73601152
160779243
214199882
180999715
153539456
42592014
260830166
202780577
253620274
246931612
166343718
2386713
161947363
1565659
194004651
32535358
178055330
242507854
6932279
253620271
242411243
253620236
26047420
202769575
87720275
196409868
246851187
787042
177922632
207317615
194183479
58932531
188993745
37333941
202395863
197120118
5348101
253160951
159484558
76527777
1731779
247938298
163902722
97821656
194098875
203277135
182123148
205697300
160814393
194102700
97096111
52665713
194103530
248498716
28266473
252139095
87603298
205984025
106119369
111115951
242411245
245766161
241678967
212283039
252768994
253319039
205973471
200673250
259750566
252784188
254115997
47799412
57771346
171586269
31517676
39820798
249496678
56020650
701894
217549614
54917312
56102945
249760840
202961531
248896478
209864179
159482530
206182147
249488734
153538122
202961527
208682472
255176190
214815399
202961446
247393359
202961425
205694823
157118107
56102960
252913871
95016763
248798076
252859788
205695145
203905201
176778978
106756769
252892397
241678871
261967819
129138568
252783478
118582612
252078480
22039779
33543679
248896475
56432637
253621356
186265474
253398119
191910448
254897346
224608300
137978768
137453748
248794193
246855891
6591717
229961947
207156715
201913820
215284527
254180876
252892399
217549461
186968085
262570356
137453750
258373904
242657665
171585928
225385321
44914357
46772991
204283389
207566418
53095309
252892407
110097752
49309254
205574099
225200848
166359242
202961415
207642675
14996960
196219957
186496842
252892403
217559328
252078896
196515660
205574089
225212332
568742
114457912
249791418
22647681
247442539
176891193
200728529
41066465
137425318
158895368
153625053
259749534
251419045
72212471
24765559
209900516
199006567
54008183
159484600
787100
252080299
59107035
72639901
204285442
183538983
51653541
36132001
85682253
247921844
243086219
215913835
229962335
203864202
217164844
252869927
202961429
178297997
206488546
207794576
186495462
202961421
260110853
171686204
178605038
177617540
253085575
262679720
262085478
36191429
10271781
249570933
205336010
230246607
57763998
22383796
225212338
249150099
138206870
22482283
834549
205695147
205808595
247393323
15148601
186741258
225195462
252810991
181808998
206182135
196219999
251547658
206480610
207596444
248977612
225195564
180230979
194706431
192950548
72702332
209867762
184415232
183269450
87438822
207732829
173185176
249896667
191299838
239506618
253621354
207754696
249149811
24765454
202224715
171581193
44803361
248252401
200826591
257835585
241678915
249349403
250071864
209604419
141662656
94820294
215791536
249535227
249575595
30793563
206560698
22172593
176898756
34180318
253048266
252043504
207794773
33492445
112083215
77150295
249349443
173259948
183111411
222675728
255455634
129138261
210444554
145130824
44914363
206145278
9810492
199039524
253188064
259752130
1826771
138182930
172935380
192673560
215819069
214922336
40933989
261956975
249855588
1826769
202961367
10281143
160797108
189593025
50215117
215141317
38108494
246931606
248703308
249406514
247878686
207317594
174933084
183891652
181808949
242727288
242143337
992418
212290791
32168008
177340037
47142045
7866393
249760813
248683879
225385315
259751551
92010660
211951592
77221032
171585834
215732929
251404125
101932935
252077978
212961148
216388020
162351053
177630751
259310850
201385680
84624032
56102943
36776227
205802234
210513729
249489407
242882095
192950536
178831511
262570312
253614070
177145383
241981786
215638416
217412541
87682353
198561936
148105958
253181978
207336159
6010089
260108269
260108266
198537532
106362392
216208305
167609855
214756481
179915145
206474231
247261363
207596621
212326406
212324578
50215113
197628966
215791438
73147326
207317596
248766942
93328178
158622100
214753115
27978876
247016204
137474508
127031996
217412773
251336246
201120331
198650160
247924635
114945275
48541835
181422375
192789687
159482769
194568564
205694639
136595957
249349624
43363479
50397192
248468587
146271245
204941405
249972301
209901314
176218877
252638895
205984012
143144370
115723056
27982119
196562017
253621352
146271944
205471985
214065982
215388633
179914078
225215560
194568556
247889159
194583599
31518874
216205191
212961168
216387824
213706251
137479433
143499269
199037446
200848411
182849254
252759738
252854104
194568586
39358728
217387222
992510
171584561
128711600
215638406
249760932
114945270
186110128
94778146
198640724
206480625
262692451
200976570
248800514
182849302
182849253
224925071
253040782
178831507
257835591
250020300
50408218
227164565
130774475
254896980
186268750
126596580
191428823
253618071
194004849
32168000
252079201
212961224
219156904
216387886
160658756
160664948
178096293
180567190
229962288
253275161
222724089
247016367
215791534
247862309
242625923
225195739
261801562
190355223
263117262
263207497
263207653
263101586
163739638
178831509
249883327
263047755
158622105
192949790
242657574
247444181
248468098
194568558
192950542
160671698
171584526
247934606
40933967
56102947
47321845
50420204
5569255
171580601
248461353
253057323
252853806
242114401
27982115
50215023
242696170
241985029
209901318
254180904
252765419
263292066
184410368
249855825
214921000
199121431
137941649
179941760
131907458
115725600
191429058
252314159
249269098
261840959
261840970
261840967
197619025
263096845
136483355
77221887
197419381
137440346
212326379
137375189
243090276
263104727
263088684
177165968
221229779
260108258
166343867
263395193
128711520
123777443
187278818
194568560
205694828
7610140
187646719
171586286
192949433
206560654
243086130
263385003
167613648
196619876
211951587
177935545
137503462
174618560
225383508
263209006
263244310
205694826
205708030
206560652
248696890
225195669
225195671
225195675
225195667
23059874
252568784
225243329
194104722
215819067
174892637
176742368
180381244
181789130
248294622
186313252
137863849
137863727
261994683
137485998
141322906
199177630
215791489
262463568
132302748
253303481
250078406
132304583
96544827
246931598
35445328
263207625
263207475
263029212
194096554
2386573
77753787
48541837
259310829
198462861
263207623
158622102
196219949
207317592
158622107
170870025
106907196
209900521
246772845
205233611
45970475
34817644
186369508
248703274
262857424
253110405
193396033
177921833
209902377
208648800
75662441
207732970
137941688
204283382
205807551
205708027
263303857
225385319
263088692
263179453
263080245
253482759
179584527
199111618
57767482
130776810
180954062
225383498
205807608
159913946
194004563
114209163
204867870
207910514
194005042
188008830
188885494
225212336
243086215
205807555
225383502
214841378
206360710
202762374
202780557
210760815
252753537
206360046
212324544
212324076
206360020
206560646
205708022
207642684
137424148
138183523
206360708
206488470
246853448
194104773
252626940
242411201
141469216
153337644
109979684
130774257
261994666
195218550
225195558
137863563
14295999
141322862
195291866
35613565
240626675
217125593
259511010
55283150
45358902
149844555
233033941
248294620
253303484
242508027
27563934
27977001
215150485
188322763
263040805
225386470
193640398
208097085
208097087
205113424
207933241
263208905
161255746
222676149
1471085
200976500
214584761
196219961
194568568
129138395
252595466
215221391
184256663
242108127
208739300
40933985
171586414
205506449
192950526
50215394
40933981
47508033
108956759
95866346
50215945
207733367
202622944
191911183
2911805
248099567
225385827
252812048
249273628
262895634
253482757
253482753
262875363
200005312
196514437
212326192
4873153
141326754
41016255
185448510
103492109
202788536
263209570
183348221
72316000
202789725
127032938
193643243
196360896
171586001
132302635
179584529
225212330
208191580
206360706
205708025
136482315
113932634
205574097
205697289
252760241
205705178
212323460
242898159
201055557
108716707
215152781
137485027
184492668
160660822
186312851
180577470
197499213
259511002
259510988
249535485
252679689
206053714
229962114
111148095
262636259
225195560
253303490
253398281
247862179
120183219
201798655
32564333
239033851
263207354
263295119
263096843
171585836
161541470
186369428
252853841
45115438
262656107
98128549
102757880
55282834
252595475
214908481
252605752
142242846
242695771
253115977
253165977
205113442
242487218
116158317
249493115
186967989
263102295
203004233
249760817
252906648
137863610
242656737
261038067
261068573
137863746
253265072
247016325
263201154
179750897
263096847
50215476
250059462
205708034
208915591
117662113
212326324
205809933
205697284
179799230
50215083
91553063
137503460
208186220
91985117
179584502
230246416
40117937
214065984
178519379
34751615
199595477
192950992
188559727
247475003
212324423
205417553
206488550
207652742
138183967
205574095
137415750
205694820
205809117
205810690
205810822
138183521
229961983
229961651
215819168
215818438
215818565
249535686
242898157
247393325
137863652
233036930
143644341
162540527
160649526
141469337
137863669
137482114
225195464
225195455
225195460
215545235
229699848
194455103
180567188
261994668
248950053
248294618
242658004
225195743
248294624
189166015
214189181
249827307
206561233
262936147
225386502
259310803
208097089
163739503
147570983
247934517
146272169
252043578
113791268
17960462
42459010
1731781
102132857
20090678
252287743
252777036
167615246
157118100
242626955
207732722
213691923
207795334
137867600
212438486
212438460
225385821
225385825
263207336
223490954
200672453
7522295
212326244
91553061
263201148
253398121
215770302
263342015
263340992
49575020
263035611
260108261
253482751
214827750
263395129
205808200
242696214
208097083
199747475
205040876
249794693
202791842
178779860
192950976
113061444
192949445
257766469
94776831
186069427
120183320
203985875
137502226
252384129
95016398
201816067
202604283
207642720
212324040
206334838
201643960
207566209
207596615
205574091
212324166
137503458
212324421
205809937
205707457
249150174
53107716
225195457
225195673
247445269
233035471
213698819
216296798
240626520
171581162
50322532
199177732
11994402
6932283
229961599
261994685
155622041
160660858
259511004
242657821
253444066
22652516
113429732
247239774
247939567
242504928
259310801
262729787
263084933
263104085
203182550
182849299
189769547
252892405
213489231
252648308
214949097
205511576
202961349
249535223
196219967
248462174
261035653
249939948
263208193
249687611
212964120
117926955
209604444
253303477
242507824
253398278
261801566
174440540
198957973
247016230
225385823
204051700
197782155
206537565
263292169
249085160
259568267
37880227
202604443
138183917
205808102
263088688
215770198
262674030
200672455
150997928
20134768
146368744
137485711
212438536
202805594
32192518
194451541
95039285
198246037
159974374
52788076
208063178
141660097
138255220
197634262
183269448
174588386
30009932
188584378
191428905
124893163
179445318
202785915
141660139
137863406
120183287
72174817
41263279
210524752
199751690
207674670
212324112
251734415
253618065
253618063
205697287
171585924
206473922
205574093
137502675
136482326
212324590
206480612
215917034
153521878
42189697
8306438
152743081
125724932
198414191
217899813
56679741
41294599
201045772
205928390
49716258
249714124
95039259
214637853
109592682
105664100
249664612
253071250
253363469
247858740
186635262
165700192
254113498
74628930
36700862
252862123
154160980
32192508
147564403
143861675
36061934
154160968
189461041
171549980
249876834
53641120
22172749
45854113
1610027
188727210
813931
1989625
242086270
201892292
185965985
12039545
84454871
249791389
150683651
106033001
154160972
253297668
253069849
261963339
201799019
106243541
251999838
188374926
249091740
248250886
199106305
262516828
48873349
73190736
195231400
252794863
56737405
109489136
167614522
166037731
262705299
199106260
11370512
205984005
176728299
37134836
173837569
73687709
73687710
166647288
36083772
252892322
253268331
194065234
137375711
142419176
128711495
11982003
202604368
23449668
32208906
186165908
95039253
157118165
186166705
73940307
38517945
185964486
210143417
96366368
207207902
161426368
253555851
195240355
242132473
253444128
252794853
186636389
262056583
202052875
242693558
253058678
249985933
168106145
154126168
193773141
87726795
252985340
248687329
261942171
79409010
252080402
167207536
120161811
36702019
36501266
197670723
177312711
36701734
252400347
252855120
202664371
215136584
32901544
195441372
215202662
76175422
191377884
252794613
252862145
176943658
94347317
258805828
249373614
51030971
201040193
180396458
193395222
262302914
191814110
173704053
205695371
207794553
77221442
160797898
84457159
106349748
249205072
84454869
261072679
178566173
247889161
91553053
252648286
249051409
200768656
199569721
20421698
262061262
31206232
102487684
20134766
37468812
242411241
228699880
262066881
199106258
249273716
186348674
212463687
32737035
249763305
202780633
1003645
248542354
178011756
155555983
29812143
248799620
247925805
222025226
50214892
260158666
249150421
248066949
253047191
75490754
105366563
1731777
179442877
252854198
229696057
248069286
251335738
207914888
84457157
87632137
11423350
40038349
207829765
222112048
110448024
186166221
199969184
137941500
48372657
206620393
157118167
214731914
262061285
68553735
29815365
62707064
181998080
261965030
251451464
249872776
248470595
58709768
250080019
248547302
253150104
199544037
168426469
252768713
247939611
247924195
36701961
51707110
178555032
262732069
90527617
251445991
205346736
208273232
214113314
214096663
242076137
77702131
105171095
178108490
111051476
77702166
56732821
78496674
249696725
249488590
249029648
168959778
127032860
137432834
77702159
248822496
35612094
199106301
252043706
249535094
204000628
137375098
146276781
24166077
262066883
207893441
204615503
206845356
77221318
214732030
29810082
249373844
262694990
258668273
257770220
209604417
203950155
212468445
208652826
36455300
164457259
201047338
206335034
174240244
253318981
252801071
249026606
187940740
196203069
131256074
262679241
209866514
157118171
164458976
192833219
208780557
187785950
205831854
138342204
186577960
119692796
252080070
252078710
205808193
37216795
202224564
225386538
258766459
252863042
253059071
208648798
137941401
173360417
205009856
159482665
204631085
208776466
180589436
195954693
262066885
22172818
35910296
37216387
35910262
154160977
6421189
230038229
200767548
54924275
97327815
251983696
164458416
217321807
212964075
248799328
224017078
229972905
171050349
248159526
148870133
37166854
66413773
166315131
177703715
36701079
205573889
205810170
248542266
217613202
205004942
207252816
226895068
248292758
213961139
205926641
176737583
108943109
174122522
208070588
166625675
262822459
243037572
200010657
253318985
247442527
252797729
2386663
1731797
247806873
255349795
249945552
257845165
209171160
252770245
141990258
205030601
199569710
199569625
258496389
209905993
249659511
262061253
262061255
212323955
141501932
41227603
136942577
36701063
72308966
20134764
11734610
157118146
92010521
128711706
36701414
176296186
174213410
263453750
205808249
205807490
244330807
215727510
162350430
261993332
171238135
164017346
162537232
131905108
225906672
141318023
141318151
249607287
181998090
146272429
168181448
197464873
48372655
224280052
252803679
51348677
213856151
199547746
194103351
177976040
208643719
247302614
192692530
224030297
199569726
249910706
253720801
117315685
72176450
154160974
214756326
28076017
48891633
36701724
37468676
186636033
205694618
169615158
137374888
186204576
249272513
259786612
176898784
182300882
15888000
32352499
263085190
263102323
263209969
262972767
262414266
246397558
194110060
194110064
214758650
146272579
199106303
176080877
212964022
248411860
157118148
101844857
36701949
176752913
36701888
249390746
51061414
248087869
204932636
206480465
186273122
206331038
204804435
36702101
205082309
248472497
35344948
206361022
205694614
152046728
249349354
137254367
259786623
182300745
249393440
209389683
247059997
262973519
263085158
253089371
41998968
196029133
249381098
188727150
249795567
191809557
193062680
249535153
252574370
206474547
72177917
179367994
36701520
205899573
87446787
198414181
159974427
178004460
205810207
242075182
216387837
216296769
259786610
247958078
188374417
259786614
248619653
188889188
37134858
249392946
249393418
137941418
157782713
214923986
215217549
261942229
253089379
261967459
190154968
199569597
193309689
178560332
186166551
136483509
262056585
262056595
248159834
171698120
262056602
262066879
205810176
202840393
72176625
58416404
175437125
188947779
174305439
37399796
10162816
162111023
36700781
249390743
249390741
184247607
205694612
205694616
125418294
195771304
248697690
261993325
261993328
261993330
184256351
184256506
205007779
152018820
193395887
202604482
261943055
1661231
32075164
149779851
196180770
197464875
1731817
201477714
263264274
249051764
262796397
209902391
27978842
262859865
189696627
78495826
251417197
192726752
221223868
201385861
263388737
249257158
136483456
252410341
167614116
190321824
200768614
159766708
36702007
37468653
28310349
206620277
207475893
205731061
177270546
205808252
205809978
205694610
216203823
164336673
253125355
262550957
187843301
235728512
235728518
103550553
73355356
143684631
73352067
186577957
192643578
40433264
76774629
196058112
186495460
42459021
173358029
255467994
260814883
162100185
243034866
173609618
215769699
67865279
44976181
152743079
246160191
196219981
166079542
10585190
248655933
112170225
242283674
165184278
220663070
104272493
104272491
148802195
135046069
216114305
58453755
248881756
260918209
214887339
262346173
242282052
204887374
261803493
216114303
114597170
258095590
195573633
216394882
181998004
248939585
77032144
202854534
252913547
52407237
66394845
261803503
206376413
160371997
100994722
192951092
157082753
242159337
199106264
242657127
148023206
252862060
147988212
75697495
75696178
262515409
203213429
242101865
205349592
205851484
214584835
257844116
148008757
262043947
47340499
262345557
216296820
177886270
35158533
214503819
157073370
1731763
138934632
242101738
167613800
177321531
179540869
191652405
250062222
204420693
249488823
207641095
50356296
72611607
154861590
66512252
249032107
253111497
246772949
253042203
248469839
54737807
262664348
109448234
54131455
20134760
249035838
251980424
194421638
215769493
201807192
202004143
102758086
252584226
257537713
54753359
198123068
189697979
217779115
205808719
262733318
53183281
129192387
20134983
46652506
247878889
215604180
176902953
195800726
29354272
105366584
259513052
140094774
14674354
242497758
205984010
250337369
249952950
195230633
32955181
107462344
212468189
253700441
73466010
176726360
242443935
68492550
203213311
249213122
205807504
136080365
263085405
210966317
216213459
215641841
199889278
189528628
166418075
35170552
207677136
249220421
181998078
249012204
175526865
249220423
254148938
191477555
204887936
188940814
252582144
77222794
56669816
109443385
181185057
247345146
249203314
134956645
252044349
135059267
35345904
215769500
175438055
73548618
69660063
195686898
212323965
53086331
35170712
175526877
214065986
113117251
210143421
199168172
137569780
249380995
262381900
205124364
195739624
194768775
56585437
223448402
201538577
54512940
252226200
51034189
209876700
58215285
249149884
101982055
201567388
239495567
103759461
129144322
251451486
118897207
52380505
201477936
147759421
136084877
146226495
102132854
194160733
190110166
195939315
200921800
214584837
247871818
242699152
195800724
201565582
248159724
57759190
194583553
20134762
188266539
206474042
209377223
249351529
260807298
247587266
195800687
247444183
261808651
138342811
58215291
103865029
118896663
36705275
206362831
160051497
136084824
223486363
55453861
195745316
69659853
263337045
168224739
147762012
197849196
23028468
260807256
190096770
88809350
261803476
1313953
33589106
201687542
198875320
254180644
56586396
208304278
202608597
261986230
205810174
245770267
66590093
129565958
178593630
55510879
171628715
115958537
115956035
229722543
229727522
15887992
58708539
252166924
1469959
252039132
260807302
35593595
137430771
187913772
72747859
201477809
206359986
205018925
229714077
96309551
36374788
130780895
136912573
136999659
198516814
255299246
252755709
263104522
129563815
32860528
261803480
206145276
249213111
225237284
263292780
107365528
205810172
216285719
96357332
76833711
22532841
113842398
193526067
179445588
206361167
162161844
252861984
242101705
179206884
28284599
195026100
191548217
260807250
169266985
169268490
102132728
181998092
253039750
213787836
205018864
153408989
217412456
202608494
261986223
178454158
212323605
12052786
36376054
214837962
205807373
249894468
255299300
253040313
15887993
200922263
129564651
247677563
199889420
182542617
263256543
263344838
190515686
205695886
179372224
63922451
205696546
206676975
260819797
24490036
255352519
125729483
200616826
84699154
204631066
125729741
174008188
212462564
147988200
63587070
169193031
192863800
193062746
255339189
262464179
178777234
200941051
52406627
36501262
135347611
201911380
182557327
40429222
168991788
51696842
201045771
160059953
87963943
535658
217192435
259458783
261072981
262363040
174651302
212284692
166437328
208403333
188428263
54740213
198205934
95225577
174002949
35558751
248499171
262692327
134282651
11350604
248502559
262692312
162261451
32208916
200982768
242076204
253227896
219155311
248092989
249376801
34550054
253228269
262692314
236016120
204286419
247889157
164329594
165705147
222723650
173609592
192817005
253318993
203225580
204421251
74292182
146491457
176712558
262646075
249960376
197604729
202281192
46614341
162025620
1645723
250068014
49026053
259456024
60903934
67622236
119324299
208191816
174215222
259456057
217613033
203477036
137978984
218752601
187926833
253238899
171022584
192950937
113791263
209604422
203210596
32429695
206643522
58146174
148008775
257843851
262747865
242280020
192971097
257789858
253713256
202475500
118897286
221225181
214731922
202204216
213490138
177781089
172073044
261986232
249256975
208191582
248542356
242435443
192971062
263104735
225200812
204941431
240626488
111055785
252000103
72747447
53028554
68562873
206845434
251417195
261942497
262525435
192683681
195573686
1731799
198271750
204761755
259743206
199871001
113833579
179757847
176897851
249495803
242102028
216983229
242435424
178776833
259458891
1731787
252235487
34551205
177751285
259737776
66513186
177267241
208913669
218752599
242435435
136979053
261942509
209377217
257789856
262746705
192948768
243086141
204761764
199996845
49647777
263388837
207011403
206362940
242435427
184304791
255299368
258562296
257843853
257789861
257867045
253344490
252584374
254116109
262656119
204761757
92513595
212323971
249604136
242696333
154604690
204932533
206376502
113430158
196577663
62295817
54139533
221225175
113791354
155635824
242634292
160370220
217528917
216957832
174038235
249988063
262652538
175445555
115725894
1738471
262589915
204301195
215603267
242076109
203393347
207935901
168160300
217624536
92231804
42458992
208192200
200976516
178570296
158699163
261072963
259482565
59409946
204761728
146491530
193586387
173999835
262652623
262701142
247925916
84562961
253239982
261839815
224270280
253049494
248159524
20134968
207935899
171728809
164989617
215944488
48227765
262825207
176112425
262825357
114944314
115694695
262837520
194021944
262825303
134781335
252078314
257859331
203498587
258605770
229965808
253400461
249257309
214584794
73665344
262662628
2070203
178603896
262044884
215414849
218736617
253042214
240626734
201390585
192949680
58878584
137504545
184410393
173755922
130921694
201892198
202713717
253304449
143176625
262056045
179234065
84559379
31207322
251985082
137430188
249022345
229695526
262801847
251451381
242076207
97678239
263208694
205029002
117918076
179232545
263072424
252528918
218736614
146638563
54624939
198643647
217548682
197667909
107469079
24593619
197337576
143638229
32686744
80858174
137486368
90407467
212597914
47161869
198495028
105231729
22482295
248638202
198542766
262469754
179232451
32226752
34745383
54624643
68562739
193896473
195477972
202040419
175173169
199671120
173016850
88002685
177281883
148008783
252862373
252862437
213951025
73814764
249220419
240626534
186967952
23578136
185918850
31295391
197164261
199671122
14901529
197672765
204615543
95219939
72749754
196543537
172474474
74439280
216903028
248159644
263029295
197164282
215221513
262821957
243106866
16084263
247793202
246853456
110916344
248661064
16691749
208104793
185498376
250348989
62373330
247303152
160621646
59397199
262302303
82518894
253396843
158698998
148008771
106032999
200673125
33030550
225912602
189387788
178545232
203401727
141317649
87962188
184253793
141317520
114895557
199889434
205727120
179687056
240626563
177780775
116142159
143638238
136482470
176107988
262791339
262781434
206784508
214602903
248661264
262791204
247925895
177975975
262516987
207935897
77702127
48567564
252680732
262570264
201712776
46759650
95039290
200004417
245770909
81292145
252726932
203853411
175173025
160666649
198516530
208648771
248469359
56586905
263082598
186683795
204421373
44017480
207825481
205863234
263075450
95268425
201039762
79006316
178572201
54371776
263058767
221710449
89911839
262803819
147988196
207698295
247705757
159909085
60674614
262799954
260646295
20134979
251335702
176812941
20134987
147988204
249526817
199692500
249150664
192390979
215604742
249353495
249146654
51034140
249355189
258766594
200010702
260115135
178569651
185813139
260115140
198295217
137677028
253396857
214602905
49648420
115978027
175445735
249592544
35174133
70767957
179232074
258766943
115977768
249169197
174890464
173863965
175167354
115978159
174878203
263385525
253319007
253185830
253293272
78872399
41883534
263113126
101707765
6107997
209386548
225386586
179371171
247799914
115978267
152549323
115978535
177926056