247763476
222723667
135754575
248585377
252869361
195662912
205113412
52423044
251872622
127654497
247763822
146226255
115833382
111711701
50939379
52423040
207597233
252011886
252011893
252011892
52423042
206472758
205809746
199614166
146276797
127654495
34749938
31515106
52423050
52423048
34750340
34749958
177914173
247763938
12407647
34751481
137499914
34751670
136482951
137503425
195573587
137440728
261968972
54018431
26169808
127654501
34750208
82386550
57318091
115967778
34751487
146270295
11347722
127654477
207652106
175149079
252765986
155114523
207755212
57318079
192949356
242992954
242992956
242992934
212323574
137430463
442846
139730463
167509020
248789002
191443630
242992960
207755507
247763823
17115799
135754581
127654483
251872584
212961200
57318077
195573591
207652104
135754585
57300937
242992980
201424556
77581024
207676059
201424629
2168573
193856755
106348450
207755506
514627
178831414
119313681
68341626
249785860
557624
196488092
34749283
207755516
57300939
176522630
253129515
198996065
252024854
213997969
249257288
212323337
207643044
160671652
155115303
17937821
11347724
155260776
11306515
245787162
217577348
207643046
207597231
217577317
110204511
250064559
208118214
261151713
214493499
214617634
146272528
193737028
119313687
171580778
208118201
195573505
207933149
982135
249285815
50361728
126852941
72944070
178831444
126852817
250064597
248789036
214602161
75664785
66579928
217577321
212323531
74247025
17937819
155115311
146271858
64339752
207567346
157974582
444765
173745185
201424554
261151711
164266696
192774724
167034119
164268692
29353917
146273497
66580003
200673244
981819
171657316
1367101
126852931
200627514
248650681
219133959
248650729
249285809
71907006
472089
217500538
212960206
42459044
207567289
107802185
185006289
75581009
170727837
172422207
242084131
200673090
50361711
248774407
146273514
213973320
242084137
200689692
71682209
64253752
24164614
49592509
50361513
71682963
50361538
50361511
207971006
248650702
213972983
248650677
3336545
146275479
171823012
1367159
44976195
213973089
1275593
214815537
71682974
213973018
200627768
214493465
435674
171821346
44976205
96652408
198269758
71682978
106349181
214493472
155114511
117980407
107483534
16683175
91343801
3248911
50361500
242411377
45163731
50361506
50361546
50361515
50361553
72688720
165956847
80959894
77988134
252849695
247792743
171825192
49564248
113526015
14273570
14273557
467751
172421980
74269727
77753688
86417700
86417746
86417744
86417697
155114525
127654475
212326091
207604050
219133957
16683163
219133949
549020
253129517
114885508
155200570
24263977
440270
248650727
146271290
24263973
626831
249204097
114765003
34750462
230323399
205809454
105933087
119309647
546306
219133964
146275433
192774771
31515478
23424847
209603460
157824622
49377595
219133962
168900648
207755520
248650676
249277132
175526733
146226346
192125804
195472194
252138356
247936377
89691023
192772548
106349035
195573514
178831418
194183533
89691015
251872614
17937823
16683179
250060825
194183521
207621577
190502306
260803532
251872616
409920
251872635
192774645
251872620
115246619
192774785
250064580
214617644
193736926
208118244
192774667
149520471
23424830
322295
245787158
212961256
215914904
192774829
261151697
215914906
248788987
146273737
207567398
34750466
146272542
165021267
172422095
162259560
195573520
109765131
26439623
247564797
74943734
182112144
207317538
195573516
131531090
73510567
73668292
193736838
250060826
31514504
193736791
162512745
162512747
215914900
44976802
455213
119026305
355552
252024862
198643654
261038009
80959962
214651536
119309683
214493520
252138358
192772522
212323653
502321
32221494
192774655
466792
192774661
214493495
252138362
75590287
107484418
115897974
514609
196901047
157345827
51843501
170325063
201091054
248650700
252024868
250060824
219146819
119313673
198495059
156199635
355572
75590299
45321604
44172672
260435009
212326079
75664941
212961204
64343030
182130660
67270950
67196181
252024863
214493524
478755
119309752
75664993
248788991
262074662
197337462
213998065
178831409
192950382
158622113
178831403
209603458
117374869
252024878
914502
126852919
114885548
146271606
184521872
84565801
252024872
194085878
473536
89691009
258823453
192649236
207755509
472092
438553
247936790
113526344
196058100
438550
89691007
71353275
488352
207652108
249277175
58709618
213998043
13958412
73668401
250064552
156199703
248004649
195304075
690983
249257305
46253694
217577340
138181033
201424624
146271325
252098537
193397081
212326174
16683165
207565854
146271189
192774628
549017
205941709
197161628
212961286
208118218
74943736
250064585
113526299
171580756
208118207
192774801
250064551
75590289
73668369
192475878
198561934
254132162
2690565
156199684
171580911
80959959
249277472
443580
162327024
64345162
73668180
409926
162516231
1367099
171580593
25198466
73668403
438560
207596916
192774787
67270956
186495632
214740252
51307905
136482582
182603727
638347
178831618
427578
192774791
253227409
207596891
194959708
409917
257835579
73668277
162512751
71683101
194085914
73668288
20480432
192987734
442778
194959716
44640214
24594219
442600
250064605
73668279
247778231
58709604
155115309
146275524
212323967
504743
215914908
455444
134947104
145464669
190502206
208118216
475219
247982998
1360767
201424626
169818714
208118205
146275509
14581130
242411358
453880
117374765
77576319
215914902
217577346
20889777
151950445
248004634
177703757
80959864
247658975
241667311
248722637
195819043
24155176
67270958
206474450
51990747
116396531
248723256
64345889
214753037
200976602
119313691
217577428
543027
204803635
107804381
64310798
260941697
198415071
214818766
247658669
111107629
146273655
155531904
151950447
117374887
253089435
570753
107804379
207626821
107804387
543030
252539578
540754
146270557
257835589
162327022
170325076
214617636
252138364
107804384
32220177
213997963
255306246
212989351
146275540
107485631
75665114
67198101
472088
26440018
192772426
255306240
173093671
257835583
867702
197464865
192650772
248722641
24263975
248502047
217500528
208118212
196901056
186495708
208118197
193737026
162399332
162327021
25186510
251393340
151950458
248501816
253227498
510981
76051534
107804383
64346764
107804390
178831448
217535403
184859042
207564169
248722622
106349305
247658659
200673254
151950452
171581062
248722624
119309672
205695396
24166022
248789010
200620391
612816
207597258
157345829
192949278
64336658
200010718
249782832
50361517
214815558
207621428
105933085
209603472
262453040
249610692
71904446
64251884
171581179
207567334
214815419
472083
217387209
41369961
195573509
207567338
117978156
193736640
248788989
75590291
58708803
212324281
165956839
106348363
442774
438563
192774698
248788983
197652306
197464982
119698559
190502212
262453058
180399957
107804392
214815556
213998045
197464881
197464980
81576204
64333046
242084136
262302151
46253690
32219397
194183551
184075450
58708728
260941664
207317550
690933
213998073
162327019
119698650
209603395
249780682
106119355
214493492
192950787
184521847
146271231
48754226
252869373
178831637
75664456
182851038
209603478
177145289
249025995
64334555
248650674
67195474
249781377
71906000
260941667
82384925
68330589
74943740
249781942
208118209
252138354
167034116
151950364
119026272
250064601
75702866
137485679
76117855
169818040
249782138
215152352
207317562
192950803
514639
200673153
1188845
58708710
31969029
247658679
212314784
249782538
249782621
170819007
215152351
200673212
207317546
64238650
95220134
205705401
196292048
214731868
177349319
207317568
217500634
207317552
212323519
73510777
467750
107802187
2168579
207643543
196901067
73510775
196058143
58708765
74943742
73510773
117374896
195662942
212323626
72606258
55225244
207652334
72702255
208271122
253040784
175526819
207317544
209603476
248585466
75703828
64240309
247982887
119026300
247658653
31515487
196291986
192950761
75665366
441354
116396529
192948624
195817540
213998031
200673064
207597090
207597083
196292054
200673199
253319017
178831423
146271220
247777675
192950016
75828872
173093740
521955
247777202
571168
71903765
247792789
1275589
207646668
466786
212326431
212324395
213998063
207563731
252098539
470650
248585456
115967837
474240
146271596
146271994
197464877
171580885
248585460
171580597
247658655
81576595
467757
247659175
3248875
137440136
207597085
207567336
207646672
207646670
214732004
213998067
213998061
207597020
212961222
247981933
247981621
248722631
441355
186165451
248585440
129296817
186495700
247883857
196292027
247777683
247446414
173093737
252714186
197464867
248585458
151950642
58710017
247786095
434229
195573512
84872528
212324598
214815380
212326250
196292084
253235503
64255825
198192449
146270678
247786075
247658644
690932
474239
146271588
109874589
438558
212326395
196180913
205807574
175526770
212326369
250064588
200705619
146271830
212960180
209603468
73510563
196292022
506959
64237754
253619325
200673216
192950775
58708706
178831620
115246647
175526775
196180757
117978152
207596371
146274272
64344331
507054
146271172
690682
197464879
197464861
67202702
190502214
196180810
196180860
442783
205810182
559640
407198
89696773
559845
117595540
166033493
117595528
117595534
89696775
40581583
117595544
89691013
252040750
195443802
195443617
195443714
15669842
76127846
250064627
138183568
173745187
135754577
73668145
73668143
41432342
204878323
1275591
192125800
247548277
253300182
203873622
50939381
467756
192949918
146271927
186880459
195443914
32470191
100113379
46651316
109776030
77221236
205698460
205698438
249921185
55518630
100118827
215999788
29348831
443180
479403
195306819
100113373
443177
207639319
49640161
100113375
205698444
134282660
98218267
250064613
206488383
207566571
5829055
109765263
192643658
204803651
207621592
14273562
44976179
66579999
105231278
190502248
214617640
195623888
126527254
204803619
249204209
249089687
196488170
263078499
146273596
181783607
193397079
73147324
170960487
253227446
82996451
168654381
50322478
5743645
205698423
44976185
212326135
49592501
450865
85257257
212326270
55514210
109874596
50495166
200651830
245790190
165021260
115897972
55518626
207013409
217500622
108130836
250064560
192987956
200653378
464374
212324174
165021256
204878416
59201789
536428
146273857
203208493
170970754
102038374
116396532
439979
205705355
255306244
20889778
207566817
168663647
206488463
252537617
194819069
247939555
67390614
450863
197687518
137430471
207639448
15347029
48753783
204302080
242102009
443589
1367105
46253680
252132619
207626815
169887169
207639168
240451465
106348515
195623886
242440128
180103984
242651133
64249275
142419024
249957818
250064556
146273703
442782
214602162
87044566
29354007
253227466
206488381
129381390
252755677
151950636
182149673
102038436
164266698
250064563
146273716
247276795
3336549
73668395
212961236
216006491
82996449
73668391
207643937
160814616
207644434
58496154
262798838
73668399
246160537
207676162
252636986
105231161
205942262
217519801
91343797
450861
244755896
46253695
207645927
248773860
146273586
173515440
250064569
35256727
217577315
182149669
249201927
3336547
204878283
179953889
73668141
197745726
51307893
204803642
3240691
196653811
249789420
175526779
205113418
244170339
252585644
247659311
80414669
137503450
58495967
34750386
186080604
439109
137503436
248417554
249025714
198573848
3240697
180399975
50494947
179952833
186577893
146362332
248938999
720079
44017469
129381384
167451568
157575650
443185
192950743
58709997
174321482
167615735
510834
207658071
137503448
137503452
49640261
151950640
119309750
197597375
178831672
207596712
203889664
249664616
137503446
207643814
137503440
4399223
207708988
242101851
249277467
209603405
471434
197626654
91561431
207672327
250064617
186578295
188503980
1275585
112723154
471432
242084129
214815382
138183972
249257220
186581518
186577337
186582692
250064595
46253686
152705150
215040307
58496251
130388744
25979833
212323564
249277507
146272023
205113453
197597355
186582385
200689602
192774795
171584600
114144641
206560659
138342394
142418367
198415076
130416587
195623862
195283653
170325073
56609167
250077751
177703637
192650619
177274857
212324096
4444013
75540978
73228544
63516919
217577395
225269899
90072507
750504
466803
56609173
207643259
49640234
137375212
248502035
147351225
192949235
32219278
106561990
16683171
249025736
105231120
207604956
247983046
49549958
454457
208189277
466789
102038368
130441442
471441
50495044
210513697
23436269
102038376
250064579
81576276
45321606
59548349
198643657
128555417
197627991
201114755
98116118
159484504
23426533
80358968
682335
162140236
249135711
42594692
194096646
128555409
59548341
262425814
29348313
115884618
248722643
146365032
44858883
50022492
151950574
105231169
179063551
446510
173911207
172422251
180399973
187746347
174321367
44976187
441357
75581003
217184810
225269774
248650689
247276797
247276776
214753060
192774833
168654384
69701379
247566098
168654380
102038379
215242253
30764822
248788993
163739342
195815259
212326280
48754598
225269761
137441706
207596487
201424634
198021098
102038378
171580636
197161547
172422027
73843096
192650675
213997955
255306245
190608760
146272681
207643818
64250832
261834673
450870
179063546
249825528
439945
171046901
215732935
453879
100285567
142419114
168559520
247786017
247792794
210134578
207317572
171580814
212324378
184859030
249610688
44172610
205302255
164268694
2168577
207596692
440262
102038440
44172661
262798155
197629208
193736940
72165484
241667373
146272561
48753762
136482775
217577313
22649542
2168589
212324090
119698638
152705172
190502327
146271692
146223697
536388
247566132
106349222
212961240
207651136
207597057
146286783
71906586
197628956
247658671
80959965
197465004
146271343
189885584
173093677
247566011
438086
213997967
446622
248789096
217892884
262899591
169817771
137478195
257831114
252869365
216983360
214815384
23940383
374106
102038382
195623864
162140234
248502129
214753053
192772407
214815423
196901037
32219496
177912509
260941685
179805624
162259566
137430457
84932864
75665438
248722635
186069383
186495710
249610647
207677648
214617646
102038372
262061033
51307895
248722639
173093802
249921236
207639415
214493506
178831533
179584453
207566776
205695294
207644436
108956899
160814630
146274215
438565
64337592
192774826
207643709
69701387
71907446
261975298
195623866
207597015
137485549
207643545
207642874
446440
212324093
531908
222662833
262453035
195444023
244303794
255306250
67196101
240448563
213705453
162259562
214602164
439948
261151752
138183826
217577386
248650688
200705638
261151707
249780961
195819022
207566422
197162100
41374968
197161644
137432006
50361609
207566842
207566825
207639417
128947563
208403325
1367157
82996456
114693733
197966881
190515417
51307899
200010619
4399211
261968977
215732947
198495061
192948628
214651540
73881156
137425536
210760850
249026374
172024981
72688716
215732985
212326139
5829051
207933271
507704
213997953
242868489
9680421
49564219
185006044
247883847
192949630
77581022
213563708
214493494
38110790
212324431
204267150
199942066
185006087
214651485
192949021
44172571
44172641
4444015
208403329
137375331
82996452
207656341
455435
249028670
216099933
170724763
222723705
82996460
439990
197633802
179805622
194182847
196672029
2168593
212326060
137485763
215733031
207641703
113000565
170981961
247983004
3336541
134947058
125926035
243244271
262530662
171581191
438063
204044636
262512070
160207997
158610006
252062318
247792761
91089525
340996
2168575
2473409
153922885
166084257
113791050
249694166
137485765
207643907
215917066
43950711
249026544
48754451
31516011
166079526
507177
160208411
248501820
215040305
160208409
192950721
91561298
139289045
137441723
247983036
247983002
74209639
470285
178231983
249415471
192772415
507072
248880717
213585780
200620254
194086781
208403327
206182170
172024917
217892444
200673185
249825526
52112460
249610649
105231280
463319
340383
105231258
161236877
75664255
64336002
67195555
64248021
252040708
179805629
199554182
24594464
24594529
85257261
163702106
214651487
461598
187746435
357789
198228436
374951
212324062
205695298
207567396
207644438
455446
205303075
242101782
455449
128555410
114885635
80359114
455389
64245918
64244724
146271633
165626723
217891186
200010710
247566102
215040253
162399334
103863538
404524
160814634
186495638
135754583
63516909
247658667
179805631
550242
207971144
506877
1037976
212323541
193736672
417637
137398789
708536
195623931
207643897
205695394
205705169
207639427
197464885
207656327
205695392
1188853
109347274
178231956
246026335
465078
82996455
353965
248587832
1037964
192949086
194199169
461574
182149671
193896901
98127951
750396
217892193
251983709
32219757
247786061
4719895
1037970
177145408
75590279
247658798
438089
192949954
160208413
247566122
43950707
484395
186495599
192650728
163701473
207596491
137375322
163712663
163739515
2168595
146274027
550316
207643042
207642891
215916997
136587342
76127848
128734564
206182080
127599450
206182033
49591979
217893312
64242705
4399219
105231276
67041112
461573
203422515
506917
172422003
188473496
247938396
207974060
165021157
247566112
204044634
461593
550310
69701375
247566114
248502131
179584455
247566118
247566130
217893166
247792745
197161662
179805627
197628925
198021114
59548339
4399205
177703756
137504716
212324489
203889668
212324380
137431127
136587378
205698454
249610800
137417455
212324436
196291989
207656351
213469290
212324084
188548409
247717342
247717303
77957743
550669
250064566
133868326
407199
506857
175526773
217535330
507230
115694806
247658663
261135236
460883
194183555
192948646
49592003
31515104
67607159
146271623
197687478
536425
194086792
198495099
217892750
200010641
193737034
217892970
217893500
217892294
217893552
207974070
460877
248501818
215040261
461392
114885622
83749604
67270948
531903
472379
446428
179805633
511099
207566807
214651491
43950720
191977198
149778994
205695388
207626809
205807500
550647
128728299
446603
248585450
252062316
217535526
217535399
200010706
208061903
63516917
461552
461579
32219724
60392618
196488182
262688080
197162009
5803957
217577309
81576198
45321616
114885639
193896895
247935757
217895601
146274346
210513666
252892342
172422101
172024583
428814
192949314
441275
205704662
511098
158868259
163739519
163739517
160297200
163677526
413720
249025734
346916
138183057
215732937
205810152
446613
208374272
446609
171585997
163303313
137439950
446517
248585444
584789
195328052
262899609
262899595
263031029
262798852
249780409
212560913
391743
253619331
142791692
262451699
50494862
137936640
440273
195623929
148760921
502382
192774702
201088123
511100
32219479
198577187
199530692
247662292
92993538
506942
261151740
249781292
214493526
242867711
261151760
75590281
50493943
31515474
84873143
212323411
198643642
95866304
212323584
163792285
172421990
84932870
23423054
50493901
207359827
163454026
206145361
212324249
207626807
249257322
204878287
202961379
172421969
137406483
206182028
205694624
171824867
245005429
262792283
50494971
251983705
180399941
247778728
91561300
531911
242076139
38240205
52423046
215136553
249246596
262590464
116184869
193736734
26169810
196488118
219133969
142044314
81034996
185862474
124764800
175813251
202878550
142791752
77988130
69064621
192495558
81034994
164713883
195444056
98598175
242084130
249260087
108231491
196901059
86876551
991489
207841121
48095277
242411382
143395798
166132601
242411181
32221080
160449463
215136616
117073368
1594959
1594957
260926595
200673127
254113551
242439296
164431850
48095414
423266
187010978
186279298
99447858
252719452
26147647
262730717
101721569
198075699
249025713
60027350
249573588
192949035
44640246
87438196
86876554
55486533
137134252
186530807
249253446
633136
248325672
181657201
43340949
22443827
54762914
105614167
44640256
197464901
91833097
174558176
193893296
22445087
22445822
155567461
206335403
107360864
141419530
200991495
137440378
213301763
137134254
86876537
168181468
182851094
55492267
86876544
1985897
23431070
204044612
122273419
248325676
205810824
152177886
197464958
55183574
207658234
196488159
1594953
49640909
261151693
258929262
112988639
22135953
107356353
249267849
215890152
225958870
98605299
49659437
193857985
248325674
183538909
252714176
207389101
207672346
98742048
253129556
98739464
156221826
49648578
86876539
86876541
248501806
204878337
247444177
124939784
49002655
257868851
57340726
170325067
470476
196579365
180609897
251256157
218751211
73300179
249535092
180103963
160814560
44859064
165021187
196901072
86876555
43600386
87547358
95005770
160814564
247446447
173093798
104558875
50322529
165038792
192948968
59335460
206361214
206361212
216211373
250338939
108231489
108231484
252412044
111711703
81034998
214591962
253057325
13911435
188587618
54764069
204267144
245789805
242102039
263208304
263101592
247435114
173672478
480059
146272357
49720774
167043786
49721179
248325681
200010663
207268614
166525101
262696808
252762246
186495655
205810259
216935983
195623274
1594955
121386282
192850237
87106080
243084460
242484705
49885674
198285106
253378319
249874518
193736854
87106076
248655662
196389798
86876558
101933390
180539871
252759777
214593349
242504293
20276301
58533770
262798940
207596690
250339168
186136363
44640244
215341725
248325693
206361220
110204437
198699379
72587187
248325697
248325699
137440380
252024874
44640247
248325695
124854143
12523798
181215908
261151703
186070667
435267
76526355
258215814
217886638
98729705
201308438
203208465
198195140
198531861
54513197
249260275
230052834
49648063
68423760
217155608
262654797
168181877
54763185
205809593
73228542
183538998
248325678
243084595
249535151
193459726
204269163
37404452
197725971
243084558
249966235
205414663
260673148
250339442
207642809
217387198
247786037
207672329
214089721
171580812
77988136
204207119
229785950
104628420
48890052
170325071
261151717
44174976
198285186
222723598
253620284
193459839
212323989
214188812
192950471
173980503
23799983
49180456
192951042
203208475
204878423
160814475
243182861
173673949
172024558
160671678
24779876
206145423
155262822
183375596
74216603
192950103
166643921
207596776
253666153
180399979
227336068
172024579
192950418
3102745
131183413
49378447
51030925
206483238
242410650
186333712
242502678
76250241
205698504
442892
210273527
181780310
199111285
212961358
207596887
242411231
48891651
1985899
249825491
250342839
160814463
193742329
192950091
74985074
217123722
177145400
50322509
57841164
50215806
55514213
44858370
192950372
192950386
140221859
192950376
205802225
198562115
192950115
217123617
57859878
137440205
109776157
192949384
214731932
150296046
215914862
44872819
247778434
205708160
76250383
19415188
206377160
247564801
55809705
217889961
25200741
247883855
183375642
198574369
54766211
213476467
186070609
214651479
171580905
247776511
176752943
206560640
157030560
205702354
202604372
168293381
262903740
205810071
243084411
180020596
95966699
179584494
167462088
195623865
169339544
19415193
196671813
207564418
205694950
192120964
247556034
192987847
249610770
141648432
262692999
261989263
72688724
198128772
217123564
195563171
339349
175526817
87108576
12503480
137432734
192774677
247719630
54764704
251983674
253686577
253129538
24450761
206204969
194787364
262426933
199969159
198643645
51990444
262427085
148866363
48891708
180576338
4647095
205802244
169377723
262692288
193555746
137375067
215705327
217887576
212324594
142418369
129767994
242504295
173404633
250077159
251983701
191829970
150294437
127314430
168293385
204878438
207646254
198295595
71907864
179584492
1028604
195624219
154997196
207597256
183375640
183538677
74216607
181782019
75313092
165021192
243084612
605749
66619713
73589897
104270044
58166244
68424376
195184999
204373901
34747234
198269400
212324114
205707605
897086
209399918
201089493
361909
198415074
532138
215917014
205694957
180033325
182714541
248773977
51990754
25000047
20337465
251983699
247566013
171585935
354860
204206560
189542956
185668581
50723904
166644799
205705140
169490149
242438741
252565885
180609890
162025601
197745227
214752558
38110610
444753
206361216
196292026
207658168
196291967
201892467
129767964
205705285
209399894
217441477
205808083
205707600
240626532
159814801
16088720
242503051
48636466
146273485
251983649
247786069
53047229
253248185
84873141
214752601
115848567
17987241
16683161
248761754
225195127
115694751
58849194
144448858
139624245
158476964
339768
24390439
341761
207317582
172024568
201090916
87106084
207564358
173093796
205698468
111107763
190608647
7798112
247565787
146274666
190527637
219460680
192950623
428973
172024872
340703
91561025
179233023
137153059
215733045
49648134
155624560
177206009
139717772
159814780
82387051
252587522
144271307
252587362
214189006
77221246
252167134
248773834
124982855
250060830
263115219
222723611
247775818
247775829
183538690
146271910
198285184
72702338
146271673
146225088
253248181
221226480
196292004
213713477
57727057
263207617
202961764
214822914
180041310
253136339
210273511
196672300
196671555
212324360
137504480
144037025
212323901
137440376
169377586
137482200
225195129
205696587
197496604
206331262
206377331
104668403
206335036
3732981
205543852
197516221
263272786
205807363
263351948
205810475
205810306
205698476
205697396
252160496
242410672
50215529
64245699
143916558
204878289
252156729
139599875
186327499
240626487
174122664
177961709
252585535
263207609
263101484
263084915
58709816
58709846
263077739
169377256
180609843
188033147
192949569
250741815
169377639
253248179
196280097
202961569
183538922
253248183
146272118
242411300
250230352
196291948
73355967
247778340
214947888
263208610
198303163
197777150
210425035
190512989
214752568
98293726
263118802
191426676
205808511
111107247
190514106
186256400
186165374
77222046
207674456
33341054
213595536
205810308
212324106
206483284
206377340
137432329
212323969
242504249
252131991
23436041
245329520
247070878
54917286
180030459
243085058
186333815
154234267
133933874
201308531
197322967
196180765
181122293
201892531
101931534
263209657
263103815
247657270
102757882
73289808
49305655
73290117
196488080
197062998
251983668
186369222
247776040
197062967
171580738
201598379
197496470
210238131
210273574
191426524
57726680
198295812
58439244
212323961
212961124
262648671
72688718
206376515
196927085
12207652
174257531
225195137
262767208
11672256
195801311
197516126
195553452
137181837
28202714
206483254
206560650
114945623
205573895
215917022
206376513
247957926
143861677
50215472
205808501
206488690
206377327
205698517
137440374
212324452
96739495
252133046
77220984
49180959
50215489
164283699
206235664
32220409
259568300
230010446
111107328
174085255
180609908
14041496
247906105
247906097
198295726
4399215
198295223
247776726
252538014
184859026
43615126
202718681
75338459
262903814
82386611
247792741
222723607
247936742
202961573
198285059
263208949
263207615
191719727
263084069
213536825
198640734
136483468
212326143
213462945
212323576
167393635
204373935
216213513
205810673
137416658
225195121
172175713
169817726
2130665
109861898
50440388
197496503
51518919
206205026
15281579
207674420
205694955
207643835
212323897
159821247
242411169
159820746
137938963
245790431
158493223
206235814
214189577
251268401
24423549
252587786
73228548
53258403
252726857
212598259
48636534
198295886
263207874
202292453
263064001
202961563
29348701
197821172
262906774
36710488
114885681
169329696
183538692
214753035
130337244
213536752
201598737
170159218
214922307
214753094
200695899
262660098
201599170
214731936
250063615
58709758
214619520
196926106
215746783
162025676
201089490
206377333
206483286
137440467
102758055
207974078
162025680
263099005
204051831
204878348
105933090
206377329
206377336
212324134
207564420
212323993
212324142
263351935
213998027
252159845
169377697
186322819
240627123
113391699
200521759
184082109
252849441
201308014
6875587
73141569
263114176
34746528
196683768
190608809
20893155
194198390
215296399
43750119
212334309
49336863
263105076
213598592
149532218
205537675
263208582
168181484
146225280
146272140
198889571
215136618
250741760
198889569
208188707
72702349
114885679
214752580
213536859
214932826
57726762
138544849
172024589
168181881
213534350
208197439
213534658
197516119
263207483
160814449
117031840
164273139
199111333
44640261
201598287
249610798
212961374
213473572
137440469
249931439
186080447
3732983
206376652
142419108
205304875
196926198
193522307
190513821
195801304
220671039
206377158
263351946
252714174
142418302
206335405
205705287
207658085
205807470
206335199
205698498
68330624
63516905
225272653
254139407
214493510
81035308
52645710
172957246
122271623
434837
206182192
124975295
148761075
138342206
125346802
247271224
157859813
214493450
50495419
181782709
205745299
253619396
87106086
214617637
252891601
101757426
214493530
22135939
253146871
253785879
54482048
242484482
74811913
249963278
261967544
197464893
74984592
253146840
192673702
217500606
170466616
34567948
204664101
146482930
73228546
72291814
253619384
262704543
204958118
192673704
213997871
242484639
261967187
250230362
74984950
74192889
160814493
255306241
548576
205698474
215934738
205809605
155531938
203213254
186369408
249959545
34750913
215869792
253667800
200995396
260941701
217629839
217917216
146273554
164268696
213893190
174321379
258848645
227738487
215162254
19415186
239571965
212324170
208615243
198021641
177860560
191904863
252714248
209379551
196781649
253620239
127032609
69658257
252125800
176005714
206331085
242651137
112945229
248978111
214809848
73174959
207596619
440813
205695904
162227189
253046778
217890693
91561026
194787794
200995393
125644214
73510779
84932866
138184079
249667172
87106078
103675257
15849361
177274847
242643934
247459812
138184011
170873318
73721339
102757884
72291822
205695134
20857074
215698552
254181348
197889985
202529313
87106074
199969275
181779246
261970439
73722793
450444
217780670
87106082
34744995
206240858
146272347
247724867
158465839
263104183
263208216
244173800
197930322
199111392
110105405
263207255
142349736
26439248
242075289
174122409
146274204
242220885
253119085
206376887
249384651
158459405
257851401
142348895
109478643
77222107
247724809
263208250
178605159
208064664
137747327
177274811
212568366
142344572
102757869
203013032
167272421
226068281
167238167
167316039
167296994
252133484
262414593
250229498
246397546
247459800
160671718
263207534
263208572
252138360
193737030
173747126
193896897
51518518
174137947
245790202
177319482
99192373
207041181
38386218
143855076
50215536
212961202
181454014
35444770
50215493
48117126
142349431
89589080
227232854
146274189
247657233
263104490
53991422
195312079
213969728
196579516
219163655
208775991
205694575
190537945
201892529
192951034
155115301
251872606
251785013
204867997
248723249
214617408
16136449
247463691
199943977
186200847
6875505
8284359
193563181
250339987
24043415
249042622
250230769
16683193
205291614
217779204
192886397
121229050
244951107
51518516
262665865
216332814
263044373
73499967
134956100
53467452
125004507
259075482
248590438
250229476
247662302
195819184
192788529
113529578
262078183
203433601
192886756
75313088
194451555
104558753
51518510
251546522
174302248
250229489
115709277
50215210
157117284
262427176
262292753
200850584
205291545
250230148
229702029
125571776
147208744
147205392
247716843
215152785
207722980
138183897
202862582
253112447
52523624
33422032
19707913
51030815
250076922
263208516
261135242
171651714
109960497
200970455
84736199
206794625
263208183
155929543
166415522
99870752
204417033
207854650
91147058
263104477
48608353
51990388
212993198
204052348
200970766
182709349
179735989
244132449
214753140
262862507
263104725
136593810
248544637
214593570
47158814
242076126
213788364
263303893
215732991
206618780
263104612
175154988
242076124
216332896
1028600
143144584
176756963
88197270
10930944
242410812
112728680
195328382
247813945
474297
156679104
11188075
173672148
156275720
52380370
156227407
156666884
207855752
415645
197626809
202507676
23940381
242502767
180528135
95933130
8383420
174140427
245789875
99185299
263110277
197745253
250056457
202961437
192654985
229734926
139723228
7164719
263395944
142338335
149785140
247717924
192950619
214937417
106864418
123447255
177932999
134364249
177930716
122868492
99081809
242485971
99081625
257856743
130429026
7164715
82508140
217519766
247878599
143144587
110204544
171751924
153409212
212089094
213536878
215694341
168900132
96309798
205018782
155982160
137478097
99155891
223502458
82503134
229766512
254859675
130781054
102038442
208105641
186577226
108231483
125578125
206202562
263101036
263100328
165705272
7032749
97027236
242410729
198451278
248935591
44640266
195924881
216399506
186437518
247459797
191478220
113738278
162530524
85375478
171676654
173956114
85375472
169684343
178302646
203202120
215122550
224146336
202737464
251985149
251985177
251985118
190695056
198305008
251985196