217722693
217721828
217721686
1382073
574351
3856839
216199134
217722541
3849399
217721758
217721664
122521948
74678146
217722681
257925185
216199128
3849395
197620683
217721872
202962014
197620699
217722000
25201900
196220912
55289601
489678
51492642
197620677
489755
217722866
217722017
53116003
197620679
102133109
122273721
13751148
193102065
15842345
217721689
217722809
216199112
217722796
102133076
192951519
198562155
263085441
263085432
263098459
193128848
216199084
217721798
258666897
196220931
198889675
193128825
192951239
51527700
198562175
217722919
217722818
217721742
217722802
217723445
263085363
263208173
263179536
263179592
258667286
196220916
193128880
73585031
26143500
217361253
217722856
217722037
217721816
217722794
191779585
192908908
198285290
122521944
258667324
198562402
86424366
122521961
122521984
197620647
263208110
196220945
217721676
263097527
263097824
198562410
122521743
82387978
209411655
217721691
217721840
198889671
37152135
258666991
198889677
12670539
122521978
122521959
117375160
125506959
51492390
253166142