205942276
17032452
103511955
212213115
163037115
177117505
597064
597050
262570063
217648282
49716247
206652943
139097001
110627621
14025767
182849301
567695
73667928
262570006
262569909
56513148
248687001
262570208
110627458
213741525
125889371
73667876
215111195
261985949
145825007
261985972
262569963
262570091
76781380
262570222
253631588
262570129
544583
261967363
262570387
208103331
249144080
262570310
207503082
262081148
403456
53390521
252641050
262570234
262570230
215110830
249854920
261967255
216463794
206820926
251401604
262570480
73667697
215778173
600485
262570125
262469744
14143602
262469746
215699517
73667812
246162388
260838641
251401670
262890726
262640377
113526626
263354634
252976253
86807669
252641162
217171853
80591417
251401539
215778444
262570444
247415936
263354644
205543007
182849313
262569853
246160542
217188208
246160151
242085309
197459931
46789747
251396177
215778175
57707237
262570272
262569988
76834714
263354628
177207685
215778177
262570358