52127110
115783491
45217404
114805823
114805831
217172201
215464064
213681798
45209927
174143860
115225413
14883186
202645509
116614084
37659472
205533003
186192373
100132287
114571250
100132353
102132184
160269418
144465509
251396166
45217166
45212531
45217145
45218596
127554396
89222285
186200601
186194491
105665070
198539137
216907953
207200639
73183647
160270297
205819249
13299947
45209463
37698765
96407871
160268958
160270209
153656896
22015247
247730584
96421099
114948516
114738365
154283795
207710407
198536987
154235202
102132830
210147213
11713835
247302811
81758174
91774083
14772768
102132684
14875727
175550476
160270373
43342058
4679899
116747370
247561384
13465222
45211100
48276794
37563183
14655171
144463736
16251826
106244250
43342049
114948531
45213449
216907966
174145283
247301807
186432446
58992804
82391170
111520033
184758895
185653735
73724942
51699807
115639544
100133442
73850833
206663345
139043424
20667506
114948501
195875407
45209291
102058879
127554117
101878449
114805842
14295361
250073802
11627843
45212578
43833572
173038639
174143737
144465101
75621714
10098309
37715020
198773284
14295372
230218142
203757792
115453517
181979111
253127773
43812140
162019476
115453594
45213377
45212363
191217068
45212932
45217130
45211338
45214894
43833494
115086647
23307076
99841476
115225450
82389173
160269293
53407199
114571248
206612167
114948650
101845849
45214878
192295751
193483379
158097646
210144191
20477865
115453567
242652865
42262562
24377125
41404978
248223995
114946937
115281552
105736770
253127643
105631243
349137
45212596
102058141
105617716
114946518
91773814
127554360
45210101
59454056
107005350
195916877
45209008
29145364
186433721
144465869
102058398
100132474
114948514
220682615
145076477
144463577
114805869
59453755
212598379
73866128
114948535
160269226
20856899
45209899
42248
115225431
108926333
174144163
786182
114805857
45217358
154181962
45216730
113964351
249955795
114805843
31960158
206669229
11189963
82390050
177290624
179719630
85241337
186192755
188832260
36312777
41259
45212455
258219394
14868195
31960150
114571227
45209258
58992474
45214855
13299935
45217271
242191038
99841436
114948529
114948498
14537423
114621651
184075874
143809435
253766787
168610674
91773780
45218915
94303212
174143621
10164612
135715301
13860592
109844363
349012
111109713
113779037
230041762
212285515
208099487
113406962
186199443
116018670
113711281
14841934
102132241
4679903
45220784
45218631
114948496
258231061
192291808
165988376
160269615
115639488
349008
786262
46578733
4679907
160270324
216907913
101876331
116018206
247731153
68237271
37577837
37967077
160269137
244164297
116018547
786272
173744901
101877172
216907936
41182
114948519
45208942
184785575
113289973
114948491
92817878
143809397
127577167
114948495
45214900
139153226
20541884
200013142
101871310
12410166
116982171
160269083
45208972
12113034
206623210
45209884
73147791
48282486
43833500
100610574
41129
246889897
83020739
45217047
97825715
23307329
116018507
37698686
73147803
262674753
249826118
12113562
24592421
166084214
249022714
116018127
105700692
186318674
104406294
114948513
14204346
12410348
115281323
10244763
14768566
220682600
59453964
10164675
11626393
166445213
241777374
93926480
225958205
186460069
167613418
75948466
101844696
115639548
213893007
198540218
214591685
31960154
169621292
135407188
45217221
33541173
143157744
45215047
82006765
786268
73147849
114805855
104406517
45209269
31820659
40957244
253127910
31960146
42312
115225341
114948506
168192630
206644293
174144559
4027099
33507651
35969988
172147060
37690154
14274381
215902943
14840240
214742037
114197876
31960156
41294582
41404958
41294481
104406372
114805861
14877939
102132228
162023063
4679915
349196
48282647
172147062
179951315
115453526
114805859
13293824
196013385
144463443
10164595
349135
116595365
115453528
48282463
14336451
14875605
2868615
176254576
204415098
67956879
206652693
183339159
189475867
114948523
230038962
178229028
102059027
125786938
206851278
184908949
121172694
20856942
48756038
99841421
164941116
205292601
172147058
25004050
786264
152359882
349051
115639501
45219017
23307319
15499872
82389194
19993514
205694653
67956274
197501716
198455710
175550420
10244904
10165045
41294479
41404996
99841237
349133
209409236
173830953
37698690
301619
45211230
43812129
21919908
31820691
216907850
160406372
158137245
186434253
23414280
73147741
35968755
41014
116746404
166446353
173039857
114571184
50415983
14274430
24597831
15384971
31144260
216907874
219156475
189681099
113284074
75834524
118150189
184473084
301626
203904901
46578722
37698818
68313
39998303
71188900
48282587
114948537
114805853
14274356
24592433
101597893
129256958
195925395
101873801
186436564
252768973
125273618
37698827
143147451
166444542
173829771
166444625
41294501
67956572
248648505
20856979
14274374
253324997
14336364
93926482
786260
102132213
786168
157832628
186191259
251575769
73785870
41294570
45212816
258219114
15321785
17896464
21919856
14204358
98759817
9844768
2562879
14841007
85241311
174144324
75948818
191315731
216907999
247447448
242753641
214691659
182091655
201168008
144463477
197503016
191358027
102125506
31960144
31960142
208188689
208188742
208188913
254091875
252517982
250032722
116971615
20856955
24458915
248648929
26756569
99841659
99841460
24618403
349132
23482039
20542098
20477862
166447190
173563850
166445417
48282643
48282455
150865584
258215850
20541986
120168972
191955094
166446360
45217227
114948533
127014908
24597776
22015127
15384993
27605863
15321742
198893502
254091826
199244756
120168606
263047105
74158943
143808582
197502770
248644510
165991987
131345181
195926604
102132223
197514617
101878294
67956760
174144234
216908016
189681143
162593428
166451545
183348466
181687284
249032736
31960162
175550637
253175797
208188774
208188755
208188846
254091853
254091828
252517967
41294511
41294567
73147797
48282375
82390031
153015672
349989
248647365
248646666
164937174
110942495
48756131
73147783
73147710
169621296
349015
258223052
20462822
24618618
41404966
524014
173039650
43812110
91773670
177747739
114948511
258222585
118760346
348996
42088
24608085
15384991
31960065
50417070
15502279
15321738
93926488
51991662
14880118
32576059
67956699
137826672
133832058
76068441
214742170
183481794
252568410
197504159
93926477
174144665
172840902
36722015
154858225
191315582
216907885
253383006
170437621
174144416
19445068
262640594
230122036
31960138
31960160
206621635
207830379
252601457
251575775
42243899
73147708
48282488
48282593
48282621
48282408
166446329
173748801
166446362
173554255
42157
190844017
104406308
116986603
248648876
248648619
37698853
1409727
166445282
45213295
45211404
45212802
14336476
24608239
260793000
24597792
258219098
120168707
97887830
160406652
13384531
22760056
32319006
119259209
83431089
197514406
199243855
129256990
197514674
174144855
253346562
253127653
214867659
118102113
169399473
144342771
48282514
143809139
92817817
197502437
214672823
101873645
252400966
197514988
31960148
208210773
208188574
186454363
254091877
254091871
254091885
252601437
252517969
166445557
166445265
41294493
349131
102133025
39360488
99839392
48282625
349018
40967
349006
248648587
248648792
73147765
73147787
166447173
166445248
166446284
166445262
48282616
248646727
114805847
258230967
258219130
258215931
14336415
14204320
14204324
21919970
14336384
50417535
253867349
215545305
349017
42313
242760362
136218806
210946724
136073671
9844726
116018548
177271357
67955873
14204314
247257211
214868321
183484073
6821191
169644229
112441495
19445344
67956633
67956989
36400306
144341967
195921218
242652829
206619390
206675270
206672973
254091879
252517993
252714396
252517991
248646529
349035
36034910
51282507
205810235
258231073
191217244
58992656
73147799
48282426
48282447
73147795
48282479
166447156
42262614
263105102
43812095
205292607
48282428
15384997
14053000
25552402
14336423
215560384
241892235
167512992
215592473
43833564
51991666
144464263
76103024
197514395
129256947
187837513
101876362
32576063
260920747
214867630
214867880
182090374
182089780
181673987
247300281
12053028
186583712
158159024
145100505
186270949
206850785
186193585
208210925
208188929
208187906
254091861
251575774
254091824
21315710
93926468
102059123
258222595
349142
248648533
248648897
73147736
48282612
73147714
48282449
114948505
166445200
173766782
174145175
107005316
73147805
99840762
48282439
145087814
4679909
248647331
248648843
45217173
45208797
45218647
212218514
114948502
20541901
20480092
20462817
349988
349010
45220982
104406695
201164537
22015221
14204354
15321744
263310308
14874932