251514053
68061577
68069469
68073889
55167747
68186637
157021037
84283241
68062464
34671636
53537373
68061101
68061575
21752353
52667921
68071426
67104423
48635527
68070396
68187516
225267508
107800131
251531474
52805033
50522331
68212278
67440779
96302072
96302385
68212265
68063332
28328878
70637440
110377572
34810221
208023316
91978195
210298004
157019802
68187697
68062454
68070398
34673667
92008318
68187428
68187833
68075326
68179502
117267763
13444329
68187693
50389348
52704608
149193801
215738352
53536193
70652054
45551332
215738320
12118401
221233724
195559256
68181530
68063853
68063545
103118380
35814693
84282299
68074512
252789244
72510253
92007778
14702976
25388467
59438577
13444346
68187701
11218342
68063338
68063532
2170943
70681707
84478194
68394023
68187659
176219138
179522642
92514560
59282727
205052594
215812343
77637798
15526605
20393305
68062435
198968244
11218778
34671507
72511605
59283185
25602370
52146289
13444332
91868967
50389343
48636291
116620084
23147631
221233708
195552942
10774056
146381147
10868555
10868557
46461311
52145865
109555417
70681496
103118737
52805028
101994616
101994605
52144877
13444322
109556403
13444334
219145672
109555643
25386199
221233743
66576400
48203119
66576265
55081573
221233748
3087335
191755667
70798684
106541775
92007491
68062442
195557224
111868387
74174577
84236896
68063342
52704604
59565871
152651738
161211860
152648231
43007704
4018645
37275998
41369612
96302617
103119072
56320611
19750906
117267750
68175941
221273128
171830074
196687017
195551326
53536453
76105984
70640362
56425275
221273147
19503424
206378375
73572447
53596505
76106163
39361818
76124165
40887849
252788603
34673521
11137640
181512442
213554689
91978174
68131595
221233746
93150771
84263063
68393991
48203109
14470344
15776353
201291776
68187578
133808165
68063541
31133742
50389352
59283189
117268612
68176066
83488386
152651144
68394027
181271710
185704127
2170945
221233717
221273124
221233750
157020681
68063328
116619884
23839171
25388434
84731945
68391994
76102443
84282396
63899596
68187657
50389354
57488644
84254263
68074514
23873109
63818946
47161622
96302504
84236500
78279785
124084623
51534366
130169966
1454533
70809263
185709191
15331245
247789204
68073887
67104427
63921855
68187695
70686100
106686473
221515392
68070394
159392132
221233712
68187699
68212867
217708493
15331992
73578689
52704614
25881302
35531826
59283200
191756236
14712463
103122026
68061572
221273155
72510900
221515607
152648341
68212223
191828642
76105337
72510846
157030521
67216235
28604694
81506466
83623178
168727245
96301506
194566671
253327494
68187826
221273141
221515601
221273157
1198963
67031065
182304005
91978184
84791183
171830064
11376038
68062439
67070796
193054360
14203536
124087966
74176371
68394332
57488656
221515400
152649787
103120900
20612139
23623173
181512529
164490651
70796915
194565667
221515366
194565526
247719471
221273181
84475671
68212237
57147063
84282850
74178857
73570372
19493689
221515388
70764903
227303945
194566193
70515232
869561
52793532
56813116
70844554
73574509
194565611
171624806
10868559
221273170
93218336
221233710
35816701
67104421
84476040
869559
25964568
221515378
70684766
70681214
221515605
15332917
93830264
84476091
221273159
221273122
225920391
84732055
70714681
1454519
8950534
33006355
76109598
108623771
221515365
85872868
25363412
13119113
68186652
50389345
46903500
49272840
25404182
46690463
141645511
2647831
68069472
26366172
67311733
188710625
189475799
73773577
68187430
194565008
196686989
13444348
93218413
152648307
112994326
72476007
68391302
21512368
76105936
68175943
51053545
218755126
67170563
91868969
73575690
96302428
52311001
203861675
248653978
92533657
162008035
84244720
194564056
188715276
83919931
41931494
249912845
68187580
11306270
68212184
171624488
152647244
78048600
74174571
91245881
49309596
72510740
73566410
59393555
62745000
102858365
31231314
68073885
15406599
23789254
182304018
52667940
70650122
24235722
68391296
152650148
68391304
114141206
177656174
152653626
116619605
72662786
73249168
56304779
68212182
191581933
114144449
110326051
91368109
221222417
252792636
15406665
114146792
225920397
51053549
59321392
52704602
179520339
19736813
194565244
35813148
20393352
10764359
14990745
152923983
130643275
117270437
71074210
48203111
68212292
13303175
152647665
15163045
159392125
68063334
23792515
50690409
15167149
11554482
115224188
78281156
108952253
46169833
15081419
2648361
23860154
50269387
114140739
70636636
68394336
1454509
869569
58797968
54141083
68212235
28605892
77105928
13444342
13734050
149451302
252790969
106680756
74176374
68212230
47498335
38357058
15067485
53596762
124088345
116618306
11216940
57398592
152650766
59283173
52667934
179520125
196224069
25389005
25962752
66576368
67216273
91978176
15052790
14662713
11563497
25362339
614443
194566169
74691127
102400976
37931049
56522343
1461217
70714678
187804285
19387732
4316033
84477330
93218364
70635403
73575575
88091495
152653899
221233714
133807770
14704337
72038276
98127673
102860063
11479300
1461219
25962784
565748
71074228
25389532
194567917
25401718
59460267
152653405
13304538
8081981
1198971
137301263
15163082
15622140
68394016
1461225
15175224
43007900
42839697
152651790
83855516
41072864
70640949
12775308
33478346
25284545
200671484
25556483
195536665
194565375
91268409
68186639
50408411
29139751
102856642
2567873
191364527
26091893
4018649
4018639
84283040
50436496
28737414
73576176
109548780
68187518
84254152
15262436
113658933
93218399
214829614
103121143
31229698
70764896
128615247
2584515
152653900
98127337
10731587
156968646
152653297
154493374
52793130
251544959
106684552
68212267
94227751
251533014
14050794
133807782
98958857
71013923
14544608
6535243
41074583
10868552
46598863
70809269
152652731
194564561
869537
93150773
70845349
63590963
152651184
97043732
15331400
145563183
20393329
6639647
29339554
242502163
114140627
67441927
133807993
84253854
57488652
58695577
188714710
152654363
221515390
68212253
57174197
117380434
221233721
172335952
169120654
157161044
46691861
106684546
214255093
73569198
175978659
67216197
138849703
221515382
73575616
186199434
56426421
32364660
67216186
2364849
1012774
13346508
251516182
221515129
154493373
196224032
59080677
52146513
221515394
122871158
72541083
3087355
23485450
41015330
157161052
46691753
66577086
10868566
127222299
91368111
126676209
117563925
57488407
110779215
188131684
4309185
96302091
42839867
248654725
103710767
188714875
869517
114147088
17917699
57147069
221515363
46171106
9439735
214084017
93218366
11479805
42261279
14702426
73275063
56304785
39369086
13733984
152652400
59411825
111866842
201245267
59460565
533809
93218360
23485460
195536473
215738335
191693969
152647874
102400997
114124936
146380927
103121076
66577110
74691095
126676100
56857324
164537262
15065786
13444333
102400974
5079823
14049033
191365287
225957829
67035994
152651017
189475758
188715600
68394039
51741293
152650102
126708535
109554439
76309835
181512492
191755793
70809853
40888011
68179500
68391298
39370650
38506212
15173604
1461215
251515234
203783355
68394037
15591034
57382113
68212300
136826714
13150742
34672017
72474004
106685319
15406677
247790599
96301074
200693017
50689872
59356714
152651906
93218342
70651570
11480126
12207880
52670391
141765942
15210412
82829740
565753
34673571
154493369
42840271
50430426
47061572
71074206
117273940
23181320
52147995
91268911
117270898
33545280
260451242
6804657
63848797
71074212
63848829
70692301
19588105
50690399
74174558
84229850
72047671
152654178
67169253
68212196
57087076
152651360
73577726
89763198
869571
70796339
62372200
83059586
202764340
35413492
70809857
72763054
52793126
33545304
26681585
129004810
114144568
117569389
14079634
29139775
614439
83420969
152654476
128540067
49272628
67216243
84786430
71074167
114141533
56067686
56201280
152649933
53134737
71074230
25122993
5079931
2584321
5084069
1454513
2648039
158211160
201177136
77637758
685254
194565520
142989230
17954131
51370763
33648984
191584936
13444277
84243094
15162483
73773414
38120021
15214090
83059466
155343791
572481
191728358
15624237
28603159
41074178
191490282
23371379
67216313
91368196
12502889
59473641
113658454
113657157
247797207
117570289
114147395
59512908
41076081
1012816
202780057
124084339
53596607
31690902
1012778
25768410
57389229
47514343
57379231
93218395
106683430
152648128
28605718
37270594
91978170
33544452
249000929
152653612
195559340
197855613
693200
15068049
87586362
171830079
189475685
68394340
188715146
25369555
70714674
68212304
67171941
56857316
25362402
47073849
197777777
83059448
73571769
68212261
17459961
68212284
15068224
47533361
73567040
164535649
152653295
215955902
141645110
26714166
141765849
68075324
29346957
46170755
227135040
67169257
35413532
56304783
59321109
93150763
70683232
14128988
68212296
152650338
133807989
195553309
140215247
57380011
17917703
83059511
15162459
247796251
108624567
1198961
52667925
251515449
209891150
214083684
41074498
23872573
71074159
70683036
108620199
57488650
217285440
47063023
72477893
54984791
37585060
15162439
23068601
23621509
63848827
52337915
19482228
614436
10056616
14986097
15170361
44713302
56857320
92817892
84230248
188715130
152648721
251928854
57175916
47064166
182303989
56304777
25401570
203892339
251530924
51653308
109554960
41015742
41012948
191756822
93218369
15174147
52792615
34816797
128319865
46765117
169128166
152654707
68391319
84236773
15050728
10096112
50190279
197535374
25363408
70745311
70643526
108624449
48203117
50408413
70761504
25363397
72036654
41071387
58329550
46171785
203889959
203889691
109555214
50083073
70683032
225957790
188715054
15478141
15175012
25402896
8057301
225934430
55999671
91368138
70745313
86406776
73537869
25363420
26539844
67104419
68391313
68394338
189475578
35844790
25590189
67216199
193053957
221515595
164490507
91978172
57759215
161211374
59393260
113658078
152652638
67216304
152649909
84230327
154493371
2584381
109555895
51649610
254077790
70683226
35413505
70638286
81986838
201112324
188715354
47176712
26681883
33545554
194566340
25378351
56176453
201112339
67104417
10863233
26246398
34808697
194566426
73773623
76109563
92913045
19588394
188714706
73573940
188715687
57147067
91868973
73571546
17038978
188715745
11481762
22444646
14096994
41031061
93218409
42582088
50269326
17038490
37323781
195559363
14984002
39369620
41071231
52582407
72036658
11218424
68394009
72534763
93218362
76124289
35526639
217739911
32218230
92913951
41931237
31920149
13301811
827653
25962912
57379228
57488662
15164082
13733939
162772054
14984076
71074157
74188712
23130745
68391315
11308127
188715446
59357567
73576115
188715632
214655234
162587988
68394041
15167063
22835063
52488555
67168359
15056966
72047252
32827019
97732364
73566944
93218380
194565888
1454541
57476572
70684762
63848854
39367721
72524329
19576140
70799722
72046278
13897268
205111258
32217552
42853395
93218371
15066818
42840231
152653512
39377878
14663256
3087363
188714965
76105367
15174495
70635401
133808134
41009833
68394334
188715878
67439883
61753032
152653809
56812458
13852964
24737784
70681208
152024228
42581850
14706699
17876697
48203107
76124419
76109572
184414993
19418920
72473421
56813114
73578601
33587517
34817183
67216303
92912933
91619077
73569877
12234783
93218384
67104394
70798686
29130300
87586203
87585465
14054291
117268373
23841398
575642
70650240
96355726
50245657
34938425
188715628
71017117
47177075
32376807
251511141
102860084
188715001
68391294
50690395
76105361
194566190
67216329
55020809
37931238
70684764
188714922
196686942
152651171
152650861
152649164
52805026
77637723
34918561
152651728
73574885
72033845
41066916
67104411
102860067
67216248
152647580
67434218
67104406
188715066
32216802
76109578
1012808
113024572
188715125
70681212
67216309
71016225
15174685
23291826
133808057
187712171
70635405
102882411
92766593
93150779
74209489
50190281
71006853
41073032
572489
23063965
73579017
70796341
50408409
26314782
10235899
15064489
40925071
565780
50690405
74187592
70634754
34673940
68212306
252787841
24471205
26296236
41092883
15404419
84487835
257842542
5082721
1454539
6543571
7678917
1198949
575621
565791
565761
572485
565833
41075640
41074509
53135826
41075800
827655
827663
21081753
23068722
201125539
83059533
52582486
201161741
15066412
221515357
133807997
141765447
141764801
141764557
141764440
70683034
565814
57488440
188715121
57488648
33543918
72476003
92913042
22071958
21390534
22072826
253892330
253892445
253892444
252877469
209586481
25386049
25123712
251516144
251515215
251516213
251515188
10063485
197347541
197380675
160296878
205522592
178112972
160297055
160296700
160296565
160296570
57488388
158784413
59553439
210423587
251516068
58330039
58440869
58338759
247789462
207386860
163664478
126676096
19611422
1461213
43836841
72477895
25885464
221233756
67216217
68212194
56304773
42526462
204928685
195552621
74216291
11212498
57351253
193099216
207928099
57488442
14984200
869519
207562809
15212766
70692296
67216321
70809863
50190257
14694961
41070721
76106182
188715684
56067671
188715486
31827151
67220379
16863844
23788382
251392997
208904228
152649948
152650938
71017119
102882399
70796911
214603182
152650059
152655004
188715014
194563683
70845153
141645625
133807573
72759029
73573434
71074146
213857246
73566632
17038780
208218334
73575963
17038425
252062629
58330081
13510538
203092578
203093989
74744980
262460253
225920395
25361649
200920448
33603618
565787
5080153
565769
61426382
565774
61418210
565799
207362744
205802113
262975838
219145845
157161048
104821958
263086419
76309547
2648059
109547869
14049716
203892142
246853958
165640913
176716112
12067466
33500344
72521182
67220375
57488654
70764900
12232722
188714903
15168518
191757104
25123580
74179235
72511157
68212257
575632
15129428
68212239
87585868
48703341
26246393
188714775
152648969
191432686
68391300
71074291
32843308
54536721
17883335
33478274
93218346
31813281
67216238
68392122
19444536
110326081
72477899
11405099
76106013
70797343
188715425
191658860
76103853
73576856
49873489
73574957
33586546
25630959
73575229
102860080
49873411
72474119
188715141
42863097
76774980
26556387
572502
47161189
92913229
70796894
68212255
23615478
93218368
76105354
102860086
11482078
73573234
10863245
52311645
106684470
35843498
55064793
73576333
43836773
74174562
8869908
55020790
36661831
67435361
73577275
188715461
26246401
49907604
72534765
109867722
33572867
14713717
32365843
193083546
70720905
51589531
188715458
25123827
188714862
46901066
225957827
221515453
32843715
155186827
21172799
71014439
17039160
68394014
15212936
193050764
76109618
572497
28605664
188714842
25625712
55020782
3087349
1454517
251656182
11564963
73567512
25886261
73572845
56731269
10070550
70642588
206662199
251456917
251455438
251465340
152651393
71017597
67432851
48698615
47514347
63883882
47533333
15163968
41039969
70681701
73596177
68212212
188714834
13153188
28605865
24485363
98127799
68213276
70683205
56304775
188715053
49267218
42519448
15068423
19391896
188714825
67220362
41092839
10863243
68394346
91617981
33478400
35612511
22072664
26078418
29339580
98955245
98955890
22070269
59452302
59452297
51545050
113656825
99206446
158746007
59447771
51561627
98954613
51740902
113711908
58330115
58330604
58441145
57183389
247787687
247795312
22070733
53135696
48184974
41076459
53135447
53142448
48184488
41072604
1198941
827657
253891391
576024
208773408
26313722
70764898
68212282
1454515
93150783
198111724
33575104
68212214
172548824
113024766
35413562
572479
70641967
50190283
107615258
73568438
73570923
15353044
188714774
76102864
1012784
50408489
34918566
38617081
29130269
47161211
33647908
132054607
93218373
74182102
25378373
12386616
93218358
57147053
21313637
32842780
91978185
76109595
191775578
73567653
152649805
25621949
15173057
125603959
194566359
15058432
19579204
188715197
48698076
93218411
25363496
50190259
14706718
71074222
67216267
225957770
70683207
225957813
14712738
221233758
50436486
49267207
207345701
47161950
11835450
565763
15060651
67220377
11212159
70681210
70692308
67171939
72046280
70929974
72524331
10235350
189341373
57488403
15562084
188715945
72038274
56429382
41092531
26653438
47161185
71074163
68213485
40940632
248211721
102860060
26286869
127947311
25385214
160296567
160296636
169778226
160296982
160297087
160296644
178113090
160296971
197380628
168733405
11481519
19586442
189631706
118264670
252786827
33478285
212437447
68212288
70809859
101948121
32602400
67432849
15061629
11809272
19480103
67216251
25882085
152648647
47823098
25643386
73572972
194564192
188715243
201165094
67216207
17039194
15172728
26293243
63906987
55020445
15067607
13140164
57488386
33801697
98131667
22835227
72047086
15148036
221016367
73577620
46690605
575631
565762
203087236
203093825
262463237
249395921
253890928
253890848
253891204
253891518
75482111
33498543
253891792
217732888
141765925
203983254
242658475
614430
255173279
11654189
57184096
24926998
225920387
203086578
161488069
253892783
253892777
248923070
262515565
192413495
195552813
565841
565758
59090867
59082331
614361
565792
572501
565815
59081303
61422909
249011236
248854969
147442331
262077520
163887814
33132522
7191223
8076648
230062306
179519101
52146045
51653327
179525910
109554732
5083627
14047763
1198969
51652923
61415582
5079755
51528455
253117576
103710561
152649798
252761734
152647123
55021462
34918669
67170561
33578941
67216213
189475901
196686976
4316023
214922537
47176725
67216221
73183564
188714606
42498802
68212233
73564894
67216259
19585415
67216265
68212249
68394029
71025382
15057415
188715544
19441309
73572328
25645354
67216237
19416831
72047669
188714893
17016048
575639
1198929
572488
15169007
14685509
188715238
155343789
34673879
70685683
33492323
70683230
74170587
188714987
191691851
48710349
34918624
51116911
40947731
14984641
241946048
11212050
15167214
185707335
73568355
63848803
15081269
103122153
67216188
71008626
67092149
102860088
565793
188715490
26293200
56208679
63848848
56812668
74188715
70683228
11305860
72474117
188715379
17037677
74170584
47823102
37917703
68212207
28604519
10234451
565766
19391299
73571137
56200008
230315523
48708591
70745315
25385884
68394019
76124535
68212221
72050001
49267211
50408487
155343785
17911972
55064791
15068403
67216253
14047755
141765217
55021444
117272558
152651478
68212274
22079143
116618064
34810125
188715105
122870158
25733838
68212191
188715487
71014435
70796909
33489777
68393993
72045037
93218382
35612383
132850933
221515360
38295688
77112478
77109630
57498549
77111961
251513176
57502328
157021066
57499506
57491550
72707711
215738406
157023655
77105513
186586016
57499595
57493280
74173958
57498344
258373845
205047756
57498249
513381
513384
513377
513369
551369
513387
59321993
258369981
90501613
154493370
117267686
57500384
191576763
90507561
58718167
191585167
188710646
191755735
97822190
217526284
75615687
57147061
63510265
262655379
57494391
39505570
215738383
24456273
28932376
75790004
71074200
71999178
62335110
72519816
22095016
71074165
75789948
75600562
90507465
28934032
28907442
72707599
75599799
51562354
28907434
213866882
89957364
63662197
57495730
104810083
75600762
28934301
213867538
205292611
191756256
95196270
71952728
15892764
28934369
35911054
191580504
71074202
72707580
258369953
57492280
191548417
169737072
72707628
72707678
145564018
92912633
199972702
75791234
72002851
258373818
180937473
75600212
75600091
258373868
143010621
213865927
191649190
59321721
213867636
25598404
75789986
72819720
215777373
258373780
91368113
193608495
27748807
191557005
203911316
22095119
58341131
75721076
28932720
242891522
191629918
75599101
213867176
182517509
169737047
109718340
222651946
90508286
75791492
75717976
75719078
143011998
25698578
107618160
72001551
157110933
72593172
71999992
25603424
57502751
72003157
197926651
75721092
71999302
72000408
75791138
75599678
75718090
75765380
75719109
75600932
75790184
75721628
75791795
75763566
191693303
52630020
191756007
7122199
73398381
92913642
191726846
75791502
75616355
90508904
72000465
25720399
182522062
73601837
213867862
191756985
191652409
214101366
253053839
104802178
104803318
149248615
169732719
71999352
22782242
57501606
87586050
25603382
24449452
72003159
71999879
109873263
191413489
75791511
75616732
75789906
75718844
213867075
213864805
72000994
192690753
91368175
75719370
75765497
75600919
75600876
89955363
191658962
28934181
191729759
72046880
191630699
72592931
92913602
75763730
75718528
75718112
75598947
191654406
197926655
191410894
262818474
263304186
104805399
149248487
149248550
263304174
75791031
75791461
75598735
75718509
75718208
176082124
92913517
109719327
191653857
203910388
203910899
57490794
90508875
213867734
157110396
72000046
71999612
72000375
71999757
25729910
197926657
197926625
75791539
75597915
75598346
75762866
75765844
75717920
75790161
75765314
152649228
253891699
57490031
72595091
72000562
75600899
75765940
75791899
75790024
92913336
92912572
75598818
75791775
152647329
109713496
152653994
262079050
152651435
191575928
104806964
186194276
160672177
263304163
263304165
263339384
258373838
242708240
72525341
92912889
191756934
213868274
72593792
152653182
71998773
110326003
7110421
92913605
193418320
152652028
152647189
117273084
152650279
152651537
75791549
75791473
75719126
75615898
75599340
75615368
75600742
75765964
216897334
253891476
193553823
75599562
75791756
75721597
75765798
75791448
75721562
75791407
75791467
75600586
75441233
75790760
75790897
75765868
117274561
72002538
75718728
7119985
72000756
72000672
152655882
251253621
75763027
75616106
75763256
152648197
191407482
152648970
152650156
72474950
262555216
104252773
263304168
263304179
263325733
170614249
57499717
92913586
152647930
57497378
191630124
210766400
152654446
72519814
25603325
191683181
199972704
92912931
152654544
152655959
152654385
157110950
35911612
20402399
197926627
178113292
22094599
75789930
75718641
75718682
152649419
42842919
152653578
193548691
75616518
75721060
86213800
161902771
25696281
152652558
25248564
72002292
173068551
152652312
75791678
75791816
75789877
75600466
75721034
75791531
75599492
75599640
75600708
75719063
193548324
242890946
253891782
262817506
75597155
75791868
193548689
203875666
75615837
191695417
191757160
191579902
191691707
72000812
191757076
71999705
191636324
72476005
72001180
75790175
75600528
75600123
75598563
75599610
75765441
75791932
75600511
75765155
75789970
75718443
75718139
72000300
71998988
253891305
253891787
160296805
51370757
57488438
203911398
193605263
252792248
152652479
103661890
160672119
205292609
104255628
186194558
198486441
258370312
164093677
133808013
214829720
91368155
198123582
247255065
247255953
214098969
247255362
193765739
247255186
217526526
247256171
263339746
155503925
247256066
247255868
247255130
91368202
51596844
164160455
153076219
247255718
155929666
174527615
172280543
247255394
204034462
242369787
91368112
217511678
551370
91368141
176218821
186156706
222645478
91368148
259557464
176219163
59342732
91368152
178262803
259557462
91368124
153412763
166480632
165255598
263306762
195338172
261810907
201926269