72744612
50668886
7778475
213571970
208289683
184496477
162505223
106362352
110448037
195545540
7151051
195545383
3408327
252855013
105895973
74225707
199739992
1322983
57219176
235728520
7496289
213860875
195545272
213860874
195545270
105739684
195545362
150555359
187824773
195545335
253058434
247465118
653849
201017146
194807196
4059683
58493543
186284958
69931937
253148512
121367235
23609965
262067771
262875231
17919575
92572181
76688191
161408701
101078287
143144149
215723308
12397033
8830875
4059687
53771996
143144168
263047126
193525178
253461492
12136834
198643659
174599731
4059685
204803613
101078280
149534855
194794366
7496297
135314750
138182429
76227495
253042703
76222928
196021783
251419073
213861824
195545316
12600503
187813273
66698761
195545314
200852586
4977817
4059695
194960746
217648268
188410122
30695265
4437135
10565506
195545261
7496305
195545515
3606651
195545310
7616144
249856977
159050008
205195158
217777869
999650
188189357
53693491
169312513
29829364
36061939
8297802
54782019
4059681
187827447
214592918
216218746
54633255
888213
252004718
208062355
3767321
36061937
205617693
252985887
75983606
24348209
6845785
53772001
77665338
214916544
75829063
189639393
31196307
137129387
125169412
3979919
262053155
184495969
160050407
4059679
262392476
22411107
43237542
34434290
2067407
253414492
7326893
1052702
1744447
76208892
21879250
1052704
177616646
127032641
696176
193450580
4473827
216464688
257859529
214502425
34957241
735213
56829333
202769950
196021643
77745099
103511951
262461136
207997400
4059693
199240697
9948856
185868338
137430085
97707991
58579799
137569829
41209152
248773545
58147011
129138249
1068380
177923623
247302587
52725156
1052708
127033010
6591729
202769945
188408635
128711667
1708917
7496293
10863208
171237913
22172590
696241
4059691
19918848
190608472
1610023
248654753
42174157
259821348
253148515
203392649
251920142
2601231
186237340
257786879
132304264
191585065
73923135
3802149
196021723
35043475
51957712
178720882
74571426
252641053
4059689
67477609
215345728
192577094
149534861
95886429
10857706
177204331
194407346
55298780
74571424
57180805
185121005
249389006
53980158
207049865
68446020
146287483
244178307
136020905
127692495
210966182
37157055
191354488
123634155
19775975
77149794
97217685
1662795
9794667
197635732
115254534
244266090
212992771
181776788
202033682
2611963
53980465
162007961
207764040
37165873
129748820
54635814
214599322
37164983
24403750
124687529
190289319
12055612
23135184
51957714
199941381
251980290
248633082
188550145
48265395
248215674
185859160
201703675
197635486
7496313
214148571
262086098
172936858
128711683
205615684
189709117
198643637
242436889
84254116
260669281
260795121
129138415
56610153
257847686
248639054
77122329
207035128
33787634
3802147
226627372
176909224
184496146
252714126
137338412
4875527
138183404
179141955
127692347
181910544
206123308
216335407
188409334
251984846
207337201
36565086
2611895
253264588
7392665
114465676
188551021
257855184
50379011
53825999
160448636
125512833
76753148
249170262
7922994
260645351
76227762
262899499
13967736
115977934
187827434
251003323
253397723
257848066
248745934
259821350
125511981
213860868
257855761
68688359
257847548
215581844
116564210
181924937
129766811
186286194
206205018
195545340
21430150
249388181
199179221
10405964
7923036
257848024
191636523
189466372
4059697
205509479
196021855
178220017
217125730
1269973
195864272
253631703
190608362
101307177
202769856
45493253
92764088
257855793
257847730
252858772
189473586
143144268
183222101
27978660
213974609
127031888
194525875
68190514
179988610
212993244
115897818
109295441
137569795
196521743
196941056
15750487
183484098
97541266
188410306
169332901
7164875
19250086
190608527
196021717
71076504
197157521
125512461
183230539
190608388
214603704
20057805
47469961
196161791
181224821
53871328
693225
196188618
720020
8817357
136482413
22482259
229726361
121232921
221781705
13383503
132302780
177727706
169362317
213864317
137255251
215084869
10593964
178228756
20013856
177564095
215746695
115254550
247935543
173637007
243093670
263086129
251003008
171692673
174180289
159668021
205684532
249795459
1082448
7923038
196161817
205195072
188416025
9735473
20054806
183348291
183225582
249660590
249660588
256355083
247717648
179983612
77222855
206561405
206334851
262870081
241855560
182487563
85399732
83970207
173760396
193921303
212469049
2063603
171134884
67574738
181655839
138143182
196531773
20870117
215422340
72864902
191447019
197116310
207892569
202891556
181776886
10593960
3308105
207642713
10751981
251003049
204871518
92010852
128711535
183482063
207903393
191915522
182787297
179214881
202770343
110361355
253344862
176726752
188412827
188409197
169314132
173748288
207795226
202387999
207730002
85255672
251277894
210965844
194393138
247441850
106363530
213488344
214067763
186111011
42001732
138180875
187850584
216867776
20013867
252133966
2881857
50337565
213864638
15462782
200628291
177755833
47273269
170781390
197459909
242694220
177163761
200628293
47142033
188415889
39202749
21516680
42215328
197499772
92551672
162772988
157054859
239426961
192844986
3495011
206474385
221782825
253397729
248774665
249660586
170780779
208064936
101306536
199739997
177340196
184958205
253152126
210531022
772194
127032046
11874702
196187134
242694222
91147255
241686689
262056454
168959832
179993423
92551321
180001054
184518210
177563761
192734288
182551500
193922411
176812921
180736487
179496375
259821344
202604385
249347659
22604851
183556499
182994434
76536989
253344860
174593396
221782218
176885816
169362013
11507968
240215522
101302254
951086
262515831
210531024
203200930
183718972
175724215
215752216
56026604
129948037
1533437
247429710
95994445
199976960
196158334
181929711
199122271
242694224
253700517
253228492
129138442
248215676
204050227
184518555
177887852
102686454
249931418
127692282
77745187
689536
177081102
127032189
215752218
20013864
202854483
174300208
242493853
22980662
248773374
200615955
11655496
53253354
188409576
89823754
137941412
84108559
10319824
104557706
200521264
174627604
1276567
501641
190109927
250063062
248328624
248328225
202475492
215723262
202604255
201385873
251452001
249954166
197849328
90996968
248293479
22304660
177887965
197888238
204049638
181472916
222662840
255407033
182300812
251451541
247415348
247415356
9810496
195440392
55615020
188039908
254093197
182112692
129138574
176779764
242208590
200815436
201293297
198084687
247346473
206995039
189234701
91560714
202769881
205695074
174896100
35770940
105739241
201877222
201877226
157058129
174291489
24858955
183484096
252855004
176891201
176881300
187623157
77220987
129138514
205691048
36565130
206474381
205731412
205542132
215077537
206908646
31262139
206331365
137129416
252673548
195301198
189703077
216296811
97541597
260669145
189618735
215891148
112193567
118085032
217125754
197119802
249347657
201702293
242694218
221781386
165760821
253042503
263287899
210755907
172217959
257519582
196021829
247346505
251942847
219133483
800801
181449361
189174216
177315415
200628556
188190871
192971092
247405859
263352428
253150611
213488338
109396549
172658694
104723030
253360753
13383501
204847984
181448120
215752316
107076151
214835766
137502709
215580052
207897418
178109310
128711647
200793049
210437380
202597145
184090749
143185987
202329741
20013870
259821346
207314291
111174274
112190105
250068679
183702052
128711490
199244213
215723270
135456611
253044059
84893716
249347747
249347741
132303925
197653757
243092571
190608355
262699740
225195507
225195498
77221698
176885882
179059410
253043524
263195496
247415337
263241978
95000908
10593962
190608481
196021801
71980320
25770347
127033138
263107308
202388254
188408919
203115113
108968298
121365952
183230541
188409793
214164421
166438379
73633448
182106036
117315862
263307579
214836502
244169289
189468940
179232863
138335298
22472034
176909350
201891889
200791389
193715743
137456643
206482091
205696923
127033020
23259186
201055552
248328258
253042492
125729628
212934413
112193138
112252189
243093657
221781918
181210075
200766406
249890081
249941178
125786413
129138446
125181184
22548770
6591725
205195235
214919551
189604430
74935065
137941628
200614510
200628249
179172732
263107317
230002425
183229985
261980252
202771801
202769849
178220024
215950813
243049404
221886115
120476162
204832179
207293932
115254339
53833183
214835852
120183194
178519441
247346489
195801625
191628740
262664309
127032223
137255936
214163084
263352432
15666192
247945360
252866693
197460920
249600609
189475526
121102256
252762343
259771285
249347743
77221061
215383358
246293835
249489574
195300993
216462131
253042516
183036426
179987471
197970648
32583239
250078010
106187253
200815433
201293289
243092560
243092573
253344857
221782491
249953708
225195509
197416469
247415346
247415358
263265400
188415453
196021663
9732184
196021847
190608386
202529285
197621788
195201196
55355019
143144215
127033270
252103885
263107319
127031577
196021815
8025970
197460922
127692569
105739239
214835854
214836457
117315630
183284082
229726835
178055304
215082410
127299134
252631743
205540176
180736481
189463253
101287742
247305638
168559490
214836489
205810483
137129620
137129397
250096162
21496856
249957479
202475570
214189426
253042548
214595072
202604265
173637079
214582220
207092753
203889327
183040771
188322725
262450102
243092575
243093649
253344864
193710366
137941482
214189434
253686565
248293870
251443065
244177632
203504611
198447805
181781974
249384212
9810494
196021725
210964884
177699777
249574559
36759720
252103883
207018853
204428499
51553223
203201373
177532150
259771401
255176108
195287304
124884251
207400167
28302715
205769730
214932985
36389282
202224401
206376123
176779839
215752277
212323343
253384557
206474383
248237395
190608420
137403600
839925