185232565
202242036
106225742
170772546
115869798
106225693
106225670
185243205
58710359
115869800
31516246
185243203
115869787
106225657
185232567
185232575
185232571
115869802
106225718
65589412
115869792
170772591
29355032
106225671
171151612
151597231
58710914
170772526
106225725
106225722
22873879
176714909
55285824
151597233
84332274
202961910
32222649
171151570
51618208
49182372
49182457
42838975
42838977
49182287
71683125
84297036
84332802
106225654
193101766
171212983
171212939
171212919
171212925
151612096
151597186
151597199
151597454
151597546
202242037
248895292
171212953
171212927
174182728
171212915
151597176
263102419
115694832
151597225
171213023
74678224
248542431
171213021
44860595
168919372
168919364
23437991
171212909
151597182
163528956
171212929
185232569
260811341
22881933
22881948
198925135
106225738
260811303
260811349
72744539
58710481
260811361
58710896
260811364
185500894
202242056
106208418
22880036
185232573
151998250
22876737
22878278
192173848
151597210
151597558
169714926
202242054
202242034
151612100
163544597
185243207
106225697
185500892
108710328
58710808
58710892
185226882
58710498
194197858
106225740
198787062
185226871
108710360
185226875
108710266
202242050
169714925
511477
36316272
169603492
168774214
54423054
115869784
549184
68668612
151597178
163544575
70127871
202242048
58710756
168774230
106225674
106208422
202242026
106225662
202242022
34752531
115869785
151597562
106360945
168774228
58711428
171833996
106360912
106225731
58711181
108710274
168774249
198787061
23437679
106360925
106225658
52259437
186881230
44860547
151597201
169603988
32222606
65589313
37794716
163544544
171807623
23436930
48984177
68463262
202242052
106208420
151597441
49961272
202242043
163544615
168774263
106225665
106352151
151597435
106225668
31516230
169604065
171151585
168962891
186881224
108710192
22878507
512283
52488975
22879799
74036135
169546312
69838687
58711266
151597540
25002094
200680244
511313
106360982
51519016
58903591
32222567
106360148
84566809
198591334
171807627
32222478
171221948
549174
151597241
169778540
72707832
200679560
173413141
173402790
173418787
200679689
173410409
163544433
163544589
34752426
58710538
151597550
22955965
549169
106225707
260811334
170773993
202242031
106208414
51031273
169714923
63671596
164323286
202242040
111109143
169714931
58711212
106225650
168774259
169714921
519319
151597207
22871374
68984763
263099018
262301184
106360970
106225702
192908969
106363103
22859233
48984275
366687
32222216
367867
52523796
169546310
106225682
54423044
169280357
170774033
48755769
151597229
22853605
171312389
91089743
106360150
50246203
200752535
151597560
169268875
69838632
335181
261840739
32221904
106225711
106360140
367873
168773494
170828244
200752533
52678822
193102033
168774220
115695021
254136662
368129
106362981
168920052
70202819
171221936
43981776
37152046
193102055
55287006
106360964
151597188
163544587
2131651
24594758
366670
511006
49641740
199112637
77051379
55286968
168774202
55287045
193109323
163529853
106363047
106997524
168712508
34752662
61552317
106363065
318043
22955582
22955928
261840750
193109458
173831569
58711232
324138
183930344
58839903
55681175
55101472
151597227
76153115
188383640
253391345
55681067
204055793
58710612
192988607
58711026
643382
169268826
151597213
22676310
55288066
549158
191779916
258215844
174489405
115695113
193109313
76152856
69838666
163529652
176813691
11212832
31516213
55809805
191779464
34756254
168962889
191778994
511301
66580196
116567303
106363011
192908912
193101758
204055862
39360000
55289017
48984252
198692724
198957186
171949437
163544599
170772585
171212947
106225748
168773536
168773567
169775102
106215652
168666474
173831577
106215664
106215658
171045903
171063670
168919367
106363075
168774200
169775104
163544607
171063745
106215670
171063662
198335553
168773905
168774273
168920064
168920050
151597219
193109452
198925146
202242046
193101984
195697044
39359977
169268846
168920058
170339296
116194927
174490204
200679844
106363031
168774240
106363033
173831575
171213001
171212905
171949449
171063684
169603991
198414905
168774215
163544431
106363027
198335581
171063717
106363109
198335587
171063723
198414923
168984628
169276502
169268856
169268835
106208663
170772532
171045895
263209999
202242042
198925155
192586862
25204686
51519182
22954932
68305051
49181709
169546308
193128852
55287659
168182015
116189017
174464621
111197353
63672400
106208657
171212935
106215677
168920054
168666481
106225736
198455805
106208654
168984626
163529467
171212949
198414933
163544437
106360937
199916565
198414914
163544548
198455790
168774279
106360907
106360976
106363105
113430971
263206730
198735801
40723414
191779498
116159442
25204938
49181767
23438637
48983945
25202265
53806101
52381366
34752745
49181654
324151
171592676
151597172
106208412
170828250
116194840
111176674
77182237
200680037
106363081
163544459
169268870
168920056
169268830
169775108
170772537
106360943
151597180
168774261
171151598
171063698
171045936
163544461
106360916
198414908
106225714
171063672
171063655
198455809
193101825
54423080
31516373
25205416
261840745
193640505
50490834
36316051
49641396
22986047
205220432
198925137
168712386
170356424
174481505
171212961
171063685
106363107
171212997
163544532
106363087
106363101
163544637
171063674
106363028
169546545
163544593
168774222
171212930
163544595
171063731
198414907
168774218
168920068
171212969
168712392
171063772
168920062
163544554
168774242
106360994
168984616
198414924
168984593
106363014
198335568
171063682
163544512
163544439
171045897
169714929
263209907
51613052
253391337
193101819
198925140
205220434
56003873
76677331
55286576
69838670
48983828
174182986
106208416
169778475
171063691
197657569
168666476
171045926
106363051
171063735
198692716
106363093
171949447
198455781
163544483
168666478
171022120
106225744
171063680
168774226
106360947
171213003
171063690
106360909
106225746
198335565
168774208
106360986
198414940
168919370
168919366
171063743
163544609
191778971
192419891
151950728
151597544
205220444
205220430
32222167
263102383
225959976
49378809
25203729
25201919
22673458
55288994
174464671
242718245
106360154
151597552
248994298
208634837
185191998
43981759
192173870
22955683
192173756
22956064
29356700
29355977
170772542
185189924
58711258
204055852
185226879
168773691
168774212
106360996
45164173
34752249
22955681
106362987
169268849
25980675
23439058
173981964
185226877
44605368
22954352
168712402
204056031
171834001
22955797
25980683
252540023
22954066
169778468
168773516
169814025
198591327
171833997
550342
204055842
54423039
106215660
22955955
151597556
55288586
168774232
169778492
163544621
55288553
25201703
163544558
22853970
550369
198925144
55285821
106360990
168712398
168712446
151597290
25204070
106360170
55287814
204056073
168773530
106360162
48754852
252851221
1822909
116567101
106215654
171808011
55287030
2137839
198591359
195472281
58710330
2137827
26148985
106208410
55285329
54423101
11212826
171151581
198128075
1654973
170828268
169276513
550348
55285802
55285537
106360939
169268833
106215662
29354862
87045076
192173772
25980602
195573717
48984049
106363079
169703068
163544603
168712495
50247607
171221895
2137843
169517415
106361003
519171
169604072
169778478
106360146
169703089
61551979
168712390
198957198
55289015
209171517
168712432
209171507
209171508
163544526
163544510
191779993
168984596
192989223
169280390
55289495
11380926
510240
69323304
171151562
84332072
24594654
55287925
106360152
2131705
510358
192173810
169280415
25002352
519108
22989389
170828184
151597256
151597457
510377
106360166
26148962
114436593
151597565
193101477
198591361
51613001
106360156
169703074
25201902
82387815
261962035
97815210
110205044
106360136
151597548
55285891
106360157
169603987
22879881
151597239
116877741
192988714
242718255
106360168
115694854
50246192
163544443
191780586
643292
168984606
55285023
25205799
203843904
169280356
171241631
169746942
152705208
171151610
22881958
22955308
106208666
55289044
193109363
171221916
192988786
31516173
191779656
204056043
204055905
106360160
55285156
169268864
208097130
171221901
549172
25201389
23436986
32222499
22955764
55288272
82388675
334167
106215666
106360966
214927599
198455797
115694994
208097115
23437276
84332384
25202924
192173665
214809852
39359981
119313700
173945993
22955803
192174034
168984599
253391328
171808003
262767355
169768869
44860341
169703093
169778465
192174032
106208670
176605931
34752151
252540021
151597317
198858739
261840856
519175
192173748
197652416
169280407
208634890
169517387
519174
171312363
168712491
193101925
171312379
217102564
192988845
44605395
510201
22956108
106360164
23436894
39359887
58710764
192989041
58839838
192989035
204055790
42470344
192951157
193101880
106360958
193102016
25002100
169603985
186881228
169517411
55288951
55288541
198021103
58705739
169517389
168712503
176606191
193128698
168962887
178832013
106360998
106215653
169543425
39359885
176814039
510231
83764952
115968089
176713744
55288161
35859728
68984765
168712487
169517397
251514892
192988465
98129833
106360921
193101998
198613680
169517419
22955741
106363099
192173836
106360980
169778548
54513348
549166
115968333
25002340
58839840
55284995
51519046
49961404
181268193
169517417
192988762
212485252
193102006
163544449
37152040
82388599
55288744
230138962
94259793
53806085
29356584
72314623
176814095
170337940
3686387
168774234
22954991
106363023
204056001
171212943
25202479
512242
23438787
192951155
192989200
169517405
176813715
262674152
193128808
193102161
212110154
192951426
203843937
25201257
263098970
263209532
205220428
169268851
169543416
151597243
163544499
163544441
163544514
168920070
106362984
169280385
168587422
169778530
169778501
171289143
106360949
169778499
168587436
168587432
169575389
199705527
106363019
168712501
199705525
169768859
163544496
169778538
170851963
171022118
168774224
171063708
197657558
198455778
168712370
198335534
169517383
41375032
205220436
22876717
171151519
192988637
191779297
191779674
49379144
252540019
519173
193101549
176553753
106360915
168774204
171069090
168712464
169775098
169517395
168774236
197657588
168774205
170772565
169778528
171312337
106363006
106362993
168712400
171833995
106362983
169575390
169517385
168920060
106360992
106363009
98080714
263102416
193101776
2131663
54513431
49641412
69838685
48755403
54423113
55287193
106208662
106208659
191780653
25002245
170141434
106208650
22955320
106215673
163544457
151597205
169778496
163544473
106360929
163544494
171807615
106363097
198591329
168774244
169280381
169778458
168587424
171212911
169546539
168712499
198335543
106363055
169546551
198414913
168712374
197657612
169778464
58839847
263101427
193101511
191780786
97815770
171151574
55286139
170828206
111712219
58710912
115694901
25205033
67242004
39359971
32222812
29355227
48983931
22955736
55289105
171151543
22878536
49379321
113431046
191779029
204302146
170851820
169517413
163544550
170139778
170339182
106360935
191779361
106363021
263101042
24166143
263103207
214730938
205220446
262699515
169268868
169268840
169543415
169268872
163544427
168712456
106363005
168666490
168773946
169280393
168774256
163543416
168984590
163544492
168773525
169546541
168920048
168666486
169517421
171807633
106360978
168712407
198455793
168712489
171289198
171063667
199916577
168587426
168587430
168712448
168712434
171807619
171705263
106362995
173831572
168587428
171063715
163544580
169768865
170828183
34753726
31516166
25002216
58711436
192989127
171592210
169703095
192173776
22955867
55681156
170828180
72314632
204302142
106363017
34752761
163544469
163544490
168712462
169778516
168712493
106363063
169777113
170772567
163544517
168984617
168774210
163544522
169768862
169778520
169778532
168666492
168712388
171063746
171312349
168984605
169517401
169268829
203843939
263098885
263101542
171151533
212110158
198692717
192988728
193101533
192988554
106208655
70624733
58710960
192989306
106208652
261840684
519315
22878280
34752821
191779022
203843897
193101572
263100195
170338252
3686385
81939032
169280363
158622182
192988461
191780274
248230840
193101815
169775096
169546549
168774198
169575385
106360956
163543405
198455812
169778472
169777115
106363085
168594118
106363013
168773624
169546547
168712382
168666483
163544450
163544465
169517407
168666488
106363071
106363041
168712439
168774253
169277483
169543419
163544488
169703080
106360960
58710530
263101087
163544471
182603776
212110181
212110156
25203764
519178
69838657
116567403
55286119
55287758
193101963
191780626
203843946
171592695
192989076
151597542
173975933
191780046
22881827
2210743
168793902
50246190
25980689
185226873
58711468
58711376
107001837
186881226
108710265
25537567
643295
115247079
58710786
108710251
69838792
115968513
37794773
252540013
58710928
108710197
106363292
171093197
198591363
58710128
108710200
91833181
50246205
2210739
643115
191779456
108710524
204056041
197657594
22675716
92503635
2210755
58705933
171807621
35446129
171807617
49961209
2137825
169603497
170772602
147575801
510164
106363303
2210747
84413676
198455799
174055479
91833179
97815356
32222571
643293
58711398
208097134
49641297
29355147
106363312
58710762
204056070
202510959
171807631
2210759
65901879
169703097
254137197
171807629
114573562
65926204
181998110
65903444
259568288
58710620
168962869
65927289
65925125
170851818
191779632
69838786
204056039
74035801
171312387
39359906
2137829
82387407
69838648
84426394
51617320
161309520
191780761
41876211
55286937
193128912
192908910
176713759
55422992
58710152
169703076
68305067
58903506
106363306
169268836
2210751
77182197
192951211
169703078
66231625
51618168
243086232
49961072
2137837
249611033
58710944
214242728
110205007
114436637
94259905
196488215
25202614
52381474
253177865
58710514
43981749
58705902
204055864
58711536
163544529
22955739
101871012
68124409
101871715
69838742
84301485
193109327
171151537
35446367
2210763
58710718
550686
49961407
510207
192951335
237626497
115694830
191780239
84873704
71666839
169604080
191780750
76152812
53806089
192988934
82388333
202510963
55287642
69838794
69838746
55288957
209171511
22955725
191780721
56377972
192988463
171312402
204055901
248235522
195994081
69838639
163544429
151950743
243086230
48983663
170140672
58710700
55289088
66608531
252540015
252540017
191779809
163543423
192988778
208634878
66960837
66608302
86418302
193109355
65884144
63536407
42470386
193128730
169703086
69838744
248799939
13959322
117374956
191779168
161311395
35446258
106363302
174071164
27607928
174450221
202961940
195994015
84333085
169703070
179805674
32221947
22955835
202510977
191779311
58710156
191780503
42470352
192951513
31516375
116567044
36316068
51617719
192908965
243086254
192262066
163544506
169703091
51617177
66957469
50490800
84873631
41375058
203843900
71667570
208097132
207811708
26148900
41084719
70805198
192989286
192951201
550727
56382895
115695025
183111554
82388742
191779543
58710878
192951523
45164189
2210765
192173994
203843944
117071330
116567040
169276504
169778542
171063695
163544435
169778557
168565065
169746944
168565057
169746954
168565061
171221924
263021107
263209608
55286930
212110303
192989188
191621090
69838757
66959937
65928364
173998285
192125429
209171512
248895477
163544485
168565019
163544540
163544641
168565050
171312369
168565011
171705288
171312371
169814028
168565024
170772563
198335536
163544611
163544578
168965027
163528811
168565018
163544542
56003885
71683194
26148744
55286362
32222800
204056085
193109331
37794637
53806222
197652400
172025148
173449512
212110288
192988833
174182884
66608957
48755907
249535361
66968556
66973929
170338603
176813586
169276506
169778510
168965029
170828228
163544546
169778494
198335539
171063704
168965021
168565067
169778490
171063677
171312345
169778550
169814004
263100022
263101566
66609939
66608188
65955083
197652408
192951372
192174022
66966515
192988673
212110284
62877627
54775008
23438381
58711484
2131661
71683179
194024500
248235820
248238256
242718233
170142089
248895018
263100033
191779508
171212933
163544627
169814006
168565055
163544585
198335575
169746940
163544631
163544583
169778515
163544623
171063656
169778474
163544475
168565005
71683170
66580432
54775015
202510979
50490872
203945398
212110286
110205228
48755690
197652388
262674148
70805277
115694944
64454297
65894030
171093196
192989204
169276505
169746947
169778522
163544502
170828224
171221908
163544573
170828196
168565038
168965019
163544524
170772536
171063757
163543415
168965031
171063739
198335567
169746946
170772573
263208288
191780482
65589916
263078546
263041201
193107278
51617759
51617223
197652406
197652364
197652341
51519006
55288120
53806166
71683198
49379252
58710716
69838748
49961292
71683176
45461985
192988831
195994036
202510973
58711526
170338355
124526136
69838659
192989111
22854003
67242059
49379297
168565070
197657559
169814015
169814001
163544536
163543419
168965025
163544577
171705292
168565074
168565008
168965023
106363025
169746952
170772544
171212923
168965017
169814012
163544598
212110281
65889261
191621084
66968278
262674146
204056051
63808456
169703071
207013744
212485232
192173854
34752827
248799905
173998657
209171515
160796519
25205851
25002422
22878937
22956078
204055788
198455817
23438397
55286852
23436875
22881666
34752835
22528699
204056068
55288463
55286354
55288639
25204095
204055860
169280383
2131703
110204839
11378746
23437972
2131699
169280355
55286404
191779363
192988572
94259805
50724258
192173932
204055911
103474998
55288499
2131695
51612127
77051376
58710980
25980650
58705795
58839787
52985683
58710948
326946
54775023
167462215
176713846
191779221
176713937
58705768
204056025
55288441
77965626
58711332
25002154
171151588
229809433
191780601
189492501
39359883
189250860
192989047
13959326
169489688
67242021
169604070
263100129
152705201
181267968
121678255
94259788
66231190
58711374
67242012
191780007
170851960
164323279
55422827
67242080
2210769
52381678
169604074
77965641
191779285
513704
58839799
122521776
73300861
58840006
114885774
82388903
169280353
174070446
169379577
2210771
58710626
169280399
122521814
332327
163544528
51617027
173943675
58711508
204056049
58705755
50247593
197652458
163544479
49379235
43981790
163544520
13959336
262852762
235539037
196488230
262852758
163544619
13959328
107004592
77965647
192988615
200010745
164323281
163021376
58705892
34752781
58705731
173983265
192951311
513405
50361751
197652356
106352136
95202742
63249954
192908993
70805326
72314588
80960301
192173794
106352118
193128716
13959334
74330032
84566588
192951368
198889642
55286410
51617625
50247605
48983921
122522020
192908914
72050798
163544453
169778524
169280375
169489678
198692750
171063700
168565009
171934153
168565051
197657568
169280372
169280411
171312331
168565016
198591324
169280397
168565046
198692742
191780141
72314608
98102314
169280389
171312357
197657586
163544466
168565059
163544447
91833121
263101602
262852760
197652410
163544480
163544605
169280368
198455777
197657576
163544639
170828173
197657572
199916575
170828175
197657574
171312361
196488226
193109321
263098995
191621074
192173969
95202717
197652398
37152072
171063767
197657554
197657548
197657547
169280409
163544455
169280403
169489690
171212985
171289182
171063769
168565014
169489679
197657546
169280366
163544477
50724172
197652440
55288537
196488232
31516272
192908950
49961325
55289443
58711414
169280419
171151545
168565063
197657598
169280371
168593974
168565045
169489684
168565026
171289180
191621080
66608058
67242045
58705774
58711454
113005475
76378823
204056060
58711438
32222693
32222807
112170763
58711406
58711444
203843941
173855189
198957205
168565072
168565027
171212977
197657578
170828242
169778512
169489686
171289134
168565076
171312307
168565021
169280364
169280405
171289184
197657591
163544538
67041404
263209084
70624762
51519157
117375205
187746474
169280361
204055945
198889669
171151549
29354992
58705925
29355035
58705894
58705928
168789385
152705206
171221946
171221940
171808023
171312352
97815621
58705940
171151525
2131683
174003401
34752293
37794688
171592182
58710681
69838750
163544552
58839991
36316220
2131707
58705931
58710720
58710182
170278438
58710189
69838726
58839789
86968352
171312343
82387600
72050724
162025811
101262307
208634870
163021372
111109082
208634876
80960227
49641677
53806182
58840001
170828230
174002925
192988857
25205262
2131685
192988720
58705935
208403410
15385102
248231162
195994030
198414943
169335555
169335640
163543401
163543385
171705338
169814000
263101492
192951491
116567356
169268828
163543390
169335581
169814010
168565036
163543402
198414930
168565039
169814040
117375194
116567482
204056087
169335757
197657600
198957220
172066131
168565034
171151523
198591323
192951438
263179604
204056077
204056055
170828293
197657584
198414929
170772614
72702693
192951255
170332386
173972892
171151547
168565042
163543409
168565028
172066127
171151596
171151579
44860580
116567417
208271126
168565030
163543393
192951456
22955838
171312393
171592506
49641446
55286559
48755771
49961296
192450847
49961253
178011752
198889648
152705215
71683158
49641675
55681127
108130926
174182898
71683164
2210777
76152778
197607347
2131679
2131709
115968384
174450837
174182858
2131677
197337895
212960315
58705733
204055792
114436709
58705741
169778506
169778498
176613775
197538057
171151556
171312281
169280401
204055876
174012300
171312295
169747898
171063688
171151517
171592764
204055818
2210767
169778488
169575387
171312367
80366001
171063713
171312317
169778544
204055985
55286143
198125208
48984403
152705211
193737136
49182040
56515335
49182422
55288411
67607376
25205112
52112699
171312303
171705387
171221930
171312285
195696949
169747899
171705312
171934142
195696921
169747904
171289206
171312359
169747902
171312298
171705358
171289478
171289194
116567237
195697056
162399380
115695044
208778582
198127622
55287053
170772575
25002257
163544508
116567435
163544504
197337865
192988744
13944744
2210779
173946105
263103085
170140192
74207773
203843935
116159499
94259791
78553668
115695111
198335585
115968104
171592133
171592161
198335589
198335548
116567480
198335577
198335533
198335591
116567350
115968018
171289228
174054763
217751033
116567197
2210775
98101943
69838740
90117989
116567371
2131693
31516351
116567067
115967862
116567324
116566909
25204169
116567504
198335579
192988627
116878115
198335558
198335573
198335540
198335563
25202960
198335542
212960328
205573881
212960326
13944771