59618902
154126228
84872460
63187290
71553539
24404720
58708929
149534843
27957156
27962195
119692847
63587142
72027523
72027525
177736610
2172771
71657241
206190662
96927622
177736589
212261732
2619503
602445
251885304
70844531
251885273
251885300
10869020
184096103
184096106
176437598
95253751
146274327
3159239
656998
74259914
905108
1227735
1592323
245772272
200627853
251885308
111186533
68589805
70844537
182149677
442772
50247848
179122075
38223393
97095648
247405800
34340283
35862185
116747392
38223383
38223377
186237329
71353267
217750956
63587138
186277071
98731056
83607989
252591814
169818126
173748417
50302188
214730865
106457465
37699897
248880590
176522660
74259898
87836564
809815
116955229
213676503
106014631
98748548
91544577
19275985
19276012
49762658
140635227
34956338
63587076
72878583
15271653
178831364
116614329
27960131
69624537
74259902
90742699
74259885
6426695
116963313
87830367
160671694
74259883
111177029
116614315
74259892
74259908
138423083
99642442
180399961
42889850
4337403
242992964
71958259
173911190
74259916
19276034
11616132
117315681
151950538
656995
156001018
188229219
15271655
208783844
178831352
7493813
19275990
72668133
212260874
41549137
7823310
257759967
34956330
55551509
81176329
115533829
116275843
10869018
147564338
1673617
787571
91089589
76378726
38223384
63587078
247386538
260933182
197906227
176522654
188033183
119026307
32057005
95202706
214730904
178831350
74259924
137431801
6470219
72027529
111152008
201774972
74259906
106996381
251872571
144353565
242992976
4337389
215560800
116614313
251735675
7493829
242992968
177703628
85560154
87826608
169887182
251733655
87631922
251735103
251733307
55680668
215985829
194451543
95202704
119026310
212260350
166159558
117408998
215560764
198618790
199977017
251734679
213997324
176522569
119026352
182149658
116653938
242992972
252714296
253300020
97077574
109479657
75753877
11616128
187011399
247390511
7493841
74259920
169818108
247387193
7493833
50356119
173763064
1592321
146270353
119026354
73147294
183501168
155880579
111154991
32559762
186080449
116614326
49377739
252591808
167497401
34340293
6470231
242085616
251918452
174099292
209333084
91089586
34956348
34956332
111645652
50356121
15271649
84592952
1673529
178831356
109329372
257765836
6084301
177703639
19276016
24343875
262526540
1227669
48813118
170965055
8657608
57761622
116573565
208886350
38223375
19275988
97104414
11616130
143274612
87826919
105099569
35750619
6470223
55680751
170969474
180591473
10302239
8452919
186069949
77089889
170969179
209125776
860768
136143508
38223387
178831319
116966231
97034326
83503452
47269261
170968714
119026356
44300940
178831342
10869014
7493817
41549142
146272581
109588629
208405342
47274918
1592313
1592317
6425423
160671714
140622371
63587074
183507076
190826837
183539436
167011759
73752987
191281524
198618578
257763583
442743
174182698
209334892
198618640
8452949
170970189
106703904
215560776
75753004
118948264
38223379
136137149
7493821
71005769
73753398
3801233
214730896
253300013
187011031
117113276
97091567
150633996
7493825
99619024
98128551
210969009
126596699
174933112
175533421
262503710
106006576
144353422
262837204
106867385
172216294
172024903
98879650
1673527
48457415
195192492
197906530
82936127
260932906
68589799
47268706
109582948
208387209
167496017
2172729
249882710
166155029
14790755
180399914
190180960
251734450
174099357
170966847
251872600
34956350
146270335
8452937
175526781
97321490
19273230
87833990
8452939
150633304
14790775
210978450
105191958
172025024
251983688
1592325
111626132
198618733
197337484
160671676
74259918
177703597
162214413
242992974
160671692
83607361
447857
184096112
129381400
34340300
2172777
105153340
25922161
48658387
188229209
116614314
116350327
8452941
185024345
163821634
67140365
242992950
34956340
19274341
215136572
252714294
169887184
198495584
173885958
14790797
173748411
116904048
155929677
173763082
75754653
187608671
146271488
173764551
257761565
132302807
155880587
174182660
602440
110414530
109368923
187011167
7104873
41233875
214730851
214730916
250741857
22169394
19276041
235854826
155929674
22169386
106536536
190118919
174182668
15271651
257766423
58709902
97890733
49707570
250741874
49077763
182149660
4337397
243245766
247405810
71682378
85560618
249373261
168900805
178831346
187010992
187010946
98128770
72667998
41233861
35862187
1060882
250741821
183539013
250742171
75552003
214730843
2822863
19773248
215560796
106863836
204817429
242992952
111639858
116651236
174099347
213997355
164050403
22169402
191410477
35750690
35750573
47274900
87845852
109455095
112169735
47027964
191402225
170981200
116653751
77084542
167507229
188785990
187011437
114601862
207811652
49174360
49904672
77328498
207502969
250742317
73753728
263105146
56373821
14790807
214730902
2619505
118985497
109450477
250741957
49048305
257764945
116573579
49048619
174099319
631752
3159257
116651235
73102185
116193200
72878585
187011088
214730869
114843528
250077322
171581164
213997314
55680737
115978575
10399100
71958577
71958454
116521774
213997310
1673619
170966264
116750188
173911221
247405779
14307805
47274781
248537997
156641746
167549064
191446975
215136576
97917071
90737518
73147334
187011121
186277242
194451547
14790753
3802049
106541544
253300022
192258399
213997312
14790803
109587387
48658384
71322896
243245789
71682385
185079214
27873877
235824686
243245773
243245781
250078276
250077230
248537513
183538844
199969137
187011027
24594205
215560778
85560158
2822859
22169391
176522884
252049522
76015661
56373623
187010923
187011049
47273257
83607355
7104881
860774
250078168
244178078
170981727
77938162
247386217
164062364
74209626
179063966
185024342
242992982
116937816
2172671
75405399
180104010
173911184
180104015
178831435
191406129
50416373
116573551
107841051
118580557
10399104
8452917
166155158
262833389
199977321
170966348
129381094
73257327
250078655
183505744
183497987
8657293
108863226
160671682
146272231
250740025
58709913
860770
187011141
186080635
90746005
7590993
831413
116651233
116651234
262798930
262831358
114601858
192158005
71322535
174099193
250077722
250071066
91301004
162399303
34956334
187011077
215136588
94347289
250741863
213997349
198898549
106541115
114601856
164454070
48658386
243245760
463267
55592759
72662897
97904113
169194124
215136580
200851591
213997292
85560126
71682473
252854343
213997298
187011062
252050538
56374156
104628579
173764539
35862183
212597863
2832573
262423921
262830571
250078161
114843529
183506025
242992978
146273570
186080342
2619507
111183794
97876756
176522571
249373259
208056285
197337594
38223381
111107909
187010968
72668181
185380057
48457149
10399102
10869028
186069311
111153723
215913827
249658271
187010936
164061513
143917189
164060938
235855068
191891971
163797766
32548965
47268751
73257338
19276026
243245799
243245770
243245776
243245750
243245730
243245779
243245734
250071638
250077357
138557021
138596580
124893106
72770417
1060870
250076863
71682258
163825913
263103245
263104986
263103861
263100133
263104091
263101584
263105128
263101494
263103149
263101466
71168111
263206700
205802120
173911225
171580684
160671781
177703661
157824608
200010635
97440832
119026318
187010899
146270647
169818150
187010934
187010950
213997337
146275364
174182683
252714306
72769165
73865795
2822865
76378728
23799191
71682938
249373267
213997316
248880578
146272391
14307803
91089506
2822861
15358788
187011075
252050692
106540595
75553503
174099288
14790785
174099317
187011039
263208623
263105039
75754417
263207767
187011082
118959376
174099304
174099247
185380127
173763077
105664013
214730857
214730861
10399098
98128759
127692243
146364843
4337395
207502937
207502923
263209973
67139989
183507012
262663268
175532867
261830573
263412982
262836831
250076907
114601870
244178783
187286665
198618763
242101714
242101862
19773246
77323886
251897511
192584043
173764541
77940288
164060958
235853708
162532321
19276028
14790777
247385628
163792648
162341998
187011117
163793620
164061511
171580794
73315758
19276035
250070979
186333554
38453333
38223389
15262405
72818179
3136197
2822857
250077051
76378743
109369065
22169390
105663906
19276020
73865909
117275140
87808694
263207864
263100000
263103153
207811658
22169372
146271375
187010928
250743428
146270327
171580704
186080338
252714298
174182588
173911182
146272171
263104628
263104964
263101490
263103836
263100125
263104940
262792176
252591800
180104017
171581141
187010986
187011394
187011479
187011459
187011056
187010932
146270331
213936051
187010952
252050204
252050173
14790759
106542166
14790769
75754749
14790813
263207761
109580769
192090847
116350329
116350343
185379792
187011095
146270323
263209002
3159399
214730853
109505385
111195059
109319378
146274267
164060910
32546418
47273261
146365115
85296325
74259922
174182666
260930313
175526805
67139892
172161469
3669963
67432371
262657161
175533319
262798943
77328639
6541111
170969444
170964355
118973428
164058657
247385160
170979606
247385307
247386006
163821700
163825805
163792379
164444832
10869016
47274833
217441277
242102016
140635211
116572527
15262401
243245796
250077342
243245741
631760
73753543
63187275
63187292
183508900
3283553
3136201
1661221
250078175
119026316
119026371
116902762
263208258
263208934
263105034
215560774
263207807
263206726
111198805
263101454
263104653
263100151
98128649
215560794
146273615
192950765
250740800
248880580
174099240
252050644
181267664
180399963
215560780
252714304
213936131
157824656
72769187
58709933
252714290
14307799
22169374
187010989
187010944
187011036
197687432
213936101
169817972
187011154
173911145
173911142
248880582
250741927
146270519
178831327
70202689
213936171
213935979
631678
185379765
116350330
263303938
185379976
114601872
1218731
263208643
263208181
118960535
71958159
69624542
188229211
263104998
15358790
2619509
263412984
263394946
263394559
263395015
263394673
192157971
186369250
164436779
163797883
163797676
164062371
163793214
164057152
163814256
163793532
163793385
187010910
14790793
167508190
170970241
187011186
19773270
186070349
250077865
243245780
243245763
243245761
243245775
243245748
109450948
248882370
533921
138569423
77221397
248882396
248882372
201385962
250076987
1660869
73753125
213936011
169818627
187011068
157824616
180399977
146272425
214730871
180104008
187010938
197628719
207811647
85560601
250741897
193045272
146275343
188033155
249373269
173911153
188033145
176522890
250741945
67241945
205802122
15262403
187011017
169818272
197337486
263208682
263208910
263207751
263209634
263101425
263100160
263105051
263104979
263101486
263103118
263104635
263100026
263207889
14790801
116651232
174099278
185379922
187011001
174099197
187011059
1661223
140635212
831415
73753066
185379785
174099361
214730845
105664019
185380073
116573562
32546404
35750712
137375082
191298059
48523418
75754701
220669038
119026358
260928958
175533549
189641502
55505523
263101458
186070311
174099161
249658205
251888903
249878116
77323989
235815368
235854553
235841507
164062351
186333432
164060929
250077168
243245729
250077121
250076708
38453067
569658
73753626
4440953
250076925
155929676
263208276
263101428
263105124
263105029
263104120
263103736
16283593
119529310
150279547
183538712
146271495
176522567
248880586
192949599
157824658
207811633
187010908
195283662
171581041
186080445
213936001
214730863
113004757
85560765
787567
22169396
116350328
187010958
187011099
2832543
146272410
248880605
250742289
186495651
173911141
157824612
187011145
146272331
207811660
250741865
178831323
187011091
106869093
174099390
14790763
14790761
263207812
56373444
109579400
263207818
263207799
263207923
114843530
114843527
116350345
187011113
185380094
105664033
174099227
192583949
187010922
118590771
42189696
83607939
166156401
247815046
247815033
263104554
262823904
114601860
170967658
170957584
116645651
244883639
153409150
186069843
6470235
164048651
242101756
4337401
235854778
14307801
59547149
19773244
19773264
249658195
163793183
163826712
164057190
163792792
163824847
164454641
215136570
169818248
249373265
213935987
169817950
187011009
247405806
248880569
160671680
14790773
47268667
169818642
263208185
263207755
263101590
263105013
263101570
263103819
263103809
187011137
187010942
169818224
106457317
2619501
262792178
215136574
183538842
146274323
247405781
213997328
250740021
171586023
68585262
8656856
146274329
180104025
146272083
192949606
248880588
146272136
98128658
146274651
157824654
207811645
192157975
263207777
183539273
263209560
98128547
183506403
164048780
250077314
243245788
243245742
243245735
250078584
248882387
187608411
250076865
42469936
242992970
242992932
263101596
185379797
105740431
185379800
77328635
47273259
44184221
96112628
146365373
137375178
174099241
174099389
253300025
251998836
77204185
247815037
260931829
263394846
262836628
137499132
174377494
109322300
58342212
75615273
119694726
72667834
13797246
19276003
115097457
173945207
175433178
114689806
123741240
136126085
252591404
186277000
105529448
125101095
157348101
129381398
129381392
10012192
56373209
84593531
174099229
44026892
75615221
8818431
32159261
177968147
72540039
174099324
78013670
27639434
7822079
74848846
888720
247059802
21198661
173556252
19790428
178461665
215540682
242992958
154134636
4675497
26086773
2791453
14790618
21369326
10578075
166643806
71325168
213674117
52144433
6621291
50300141
119108461
114843531
21218327
110047797
134615920
75754587
198589505
96927577
75752868
58341960
55505747
172923154
38459619
247843269
74852417
74851766
19276024
49369651
198618512
21205769
174558270
197337492
194148362
71113627
192704825
127805124
21536786
73752636
23300471
107211601
242992962
229977182
47268536
21019135
75535715
77911696
26084559
970932
56734261
14763447
49369883
38276926
200985494
71957923
144274598
86975497
207207921
253271597
151830628
32162953
105531553
51252512
10578079
51693556
23247521
174099340
135498073
212263118
77198809
28295046
195505309
19791716
176509081
34746663
2822867
7239259
173672060
10578077
6621287
36328350
175847006
19773273
229976655
21196994
73753322
168866933
31815666
26086130
197923000
50298244
213534436
14041317
107804130
888688
31994580
170491458
6461887
164034054
81176347
199118643
157422651
106445305
51990657
253275535
173671978
104461372
135498945
214730912
243245749
198618445
106395336
82386918
24602037
74851433
177427628
32408338
178333771
74795977
170963029
197923060
26086463
198618473
129937258
104370127
114842761
214730914
20446678
164429918
182300843
41099632
29357801
197779127
75616543
32164710
66638540
53241739
13309586
173780965
74851204
146271505
10393740
90745977
199171556
78632853
164040943
74851887
163792676
45817152
86585932
157782238
33543727
192859563
6644039
177266724
175192338
199171893
34752057
147866759
74770479
100297317
215540856
197855923
197782386
180591580
106859658
106443481
15262416
248773710
243245733
157293743
35750716
39821825
164438853
104629165
250077764
51990676
75616400
74851254
247295331
83787187
166135666
2805791
32160479
198618535
198618452
162350151
157423525
174099220
186070266
174122402
162341293
174099212
242101724
19773258
7493809
49234333
198618737
198618509
198618438
162773817
163824717
201385887
173672070
11346698
200985096
73478257
75533757
243245737
250077346
51030947
263264684
197850117
89783332
15358792
7493849
180591532
29358313
49373158
32295931
203275530
198618777
174099231
192584299
252402833
180591407
179735605
170956494
198618437
147866721
163879987
250077873
7239201
7493845
72510251
33543693
216211333
177665620
11983252
263336532
180591520
215540695
49373210
166341359
176448228
252166213
203846707
198618457
198618740
235741769
163798173
174122334
74849987
164440243
242085559
177264165
174099370
241638800
48515987
34752061
32164118
243245747
11986601
74852265
57522326
10399108
74851980
185380000
180591432
149496036
263278415
142237950
71658109
50301743
25248389
52112403
201003182
215543693
97534849
198618587
21465571
74851708
180591504
86292233
68418516
162327011
163798144
164315890
11507686
252401677
151950646
116667845
252167940
199171654
197745750
197746050
197855844
253274788
173551208
198618520
195567356
74516179
74853058
251999001
175533187
153824038
202784100
10869022
194773264
252402133
192698947
163798267
164431408
164437591
164429732
164430525
163798289
225905931
199171716
36710082
104507196
263278409
215540950
215543765
249679388
251998846
180608860
202659317
19276001
50215666
204055856
50090706
176295619
176119867
180536388
203783605
199172110
74848848
242085732
215540774
157422141
186333644
164430152
163825173
164304295
198618440
185379822
197850089
214730890
263100029
7775714
199172061
52719974
7493837
129381385
248773571
69624550
249796700
180591589
174099325
50423292
13776238
32296431
53924658
263385133
225174490
252400375
92492870
7003909
76217977
173944534
251885298
2299059
12707393
7775718
16440529
16386134
34571193
888708
7775720
162471869
167507851
67139861
11384277
251736844
167459311
199520549
7775716
34827430
52335782
168925217
93719705
38459622
102911233
74037093
30752550
44247305
8306151
186107437
164062391
120183172
19790518
197854019
16919212
44248969
112065522
215540845
175533085
16386706
21200073
19791710
889046
197852476
10393475
16747868
45816679
39323732
198618463
888786
146403855
250077364
213595203
16260128
191718207
263206792
102917932
198618689
16915728
75629511
34750210
67139970
7719934
132863510
250074266
2063601
263060333
229978159
19276031
251983653
19790440
74984782
32295066
23503645
19790494
16759817
19790490
48476210
45814897
73497066
146388568
19790476
116572545
5495327
83920467
74851328
34750915
116614317
19829573
197751115
33345240
251983658
99199917
197781631
19790488
252050827
70683732
249246543
186276997
191500902
153816777
189474605
109427921
117031023
16802677
116190173
657020
249945212
49187562
889042
197836592
207698277
198618448
10694724
16736451
19790506
23799177
263104076
19790430
5464635
198327630
198618459
252764826
16736555
15444530
73315754
26090719
34744991
32894850
197855275
174099358
174099329
32298293
32294287
198618591
22893082
198618537
116190140
19790434
197900404
197899262
181473741
51990662
198618424
38459618
73294767
11346696
198618497
244178189
249945509
19790502
1024351
23783559
197900228
252680138
180591464
32546423
253219951
19790426
248787435
134020420
11616134
94917644
164287214
197833938
192859628
186277173
20363426
197855090
19790492
90745770
13309534
181904820
10705162
11997674
96625571
251983638
34575284
249796308
116651231
32300551
197847601
248787494
71658956
106063767
209880390
177727418
149847670
183679563
197907374
108888181
39375986
1889199
4391991
197851705
20318701
2299063
67171215
249571063
51990647
175153280
199171804
251983682
178220039
207295397
19790511
138927723
19790444
51329614
29357798
51334695
76119594
176057579
177723298
29357804
249945359
49496162
6875551
36390481
26090656
53996044
186567753
29358326
39729092
190469681
889038
7164711
138927669
36517387
19790524
11346700
11794844
263103780
203092516
48602859
189542415
11384279
141788396
116622300
15444185
19790446
34723267
15445442
193736773
15445211
51338290
29358205
250076962
34746526
62487303
198618455
163798525
242085717
48601776
199977157
186277185
191694955
191694583
34719962
11384282
34719998
50721366
78501501
17425118
251908557
174122430
73497430
250078362
19790522
19790508
114601866
21218864
73498422
42174151
11188073
48603028
32802874
10678954
49904794
52491439
67169178
38166598
242992946
106061810
249246537
41125514
150716247
656999
4696363
200832636
102758084
247924205
210946628
15530937
216206229
10782581
87569233
200833277
209886863
23911894
216462280
164061037
32900551
39311495
19790498
215540714
251983676
49185904
125762736
19791708
197830393
108912354
49186055
37266205
215540723
37266183
68617319
51029286
59469898
198618426
249946152
197828745
191494685
105634865
78497261
252576620
32894555
164432768
53996330
29357579
87570974
248922867
252764927
62014010
73140767
188941199
74494233
4371183
11407083
10678763
19790496
19790500
124893213
125761654
105660830
229978753
198618584
175154517
15444660
198618510
36399283
114944787
252249372
36524965
66769814
217123736
52233140
34719499
54497858
60195185
158220447
252765035
15444891
32895003
73477418
1889201
55506436
249084760
73119076
68618051
188544604
186452399
168158362
8602548
34749363
10670983
11515251
14041483
10675236
14563844
11521888
68126007
81210181