229978983
208388752
208388585
208234791
125603349
166073472
247862565
208240123
212259550
251761320
208234938
208237371
215706033
215705975
125604336
208220250
215640376
249089954
208236934
193521782
125603506
208235734
215706020
215638153
208237922
169924950
252569349
254859525
15444989
212259491
125603526
125603516
213849828
20075672
113965787
193927507
212259705
212487935
125603529
125800159
48449559
220666193
212957026
252652966
259388871
252563947
215628243
215726492
212259504
215705581
252568862
125285124
212259659
215705921
215705397
253389810
215639770
262388743
125603472
215727797
125603818
125604509
125876150
215562633
207802383
215638613
213849862
125604165
247806398
125603844
251767082
52275132
125603700
97925293
30157248
246770005
160082960
217164524
208661807
252560769
212259598
259388964
143113795
182731668
139461465
259479445
251761319
252561615
208239742
215629150
203391171
212237953
163543950
242215148
215748540
15444979
252078266
94106866
212259611
125604623
194368991
115222920
208220228
197801287
251761321
212259704
212259679
163913126
125604606
125603503
207756491
127880035
212259467
212259638
125603730
259387733
215706002
215705963
15426935
212237697
229979025
215706046
15445001
252655571
215629533
242621972
125603912
107574978
52433060
212259708
212259601
159910234
160065139
45336980
215638397
160048117
251258074
262912498
144621892
137026468
530562
212259547
199684089
262681349
212259719
212237757
253389852
244308947
14271565
212259545
208223480
221268372
125875688
220666211
213846235
157568548
253099325
208223974
14423055
142248329
682530
220666198
127881117
14271568
213849794
217734320
682507
212259731
215736373
32004441
22272203
682513
682571
242765682
242766283
153037800
49345668
125604175
212259487
564634
110892252
209386874
682508
42206776
208661926
212259495
113966347
215562635
231269308
252635364
682522
682594
212259744
242765793
15677005
682526
212237974
262913771
14522330
121335045
242762914
98718720
158709434
14254504
14254512
212259476
254256966
253390186
242767712
242769888
17948233
254859510
204669435
225386250
262726351
163029768
202641393
159974543
159973296
159975234
159973231
156299674
156299114
156298989
242710256
242730639
214827818
133812441
208397119
214948636
262911340
262910804
213680361
127220013
207027085
212259613
242768764
113967789
262303029
259479917
247862693
251775140
122869547
14271602
261028139
261942775
259344338
248066626
253389838
248066471
254859578
200802233
107575336
15677016
22279779
160067270
11718562
102379229
156299747
196320441
119393998
212259756
212259503
48106467
253099320
262912981
263107102
212237691
95767555
214827828
213520851
247806364
242766193
206641744
114738035
203435119
81581523
128327075
242761096
242767025
242760863
257865750
259479723
253279454
253388634
253388643
248066510
254257005
252653667
248066363
262405517
198224072
192560454
113095574
30156096
213521212
14271596
242766016
242769899
198560034
247862616
247862632
212237727
253099304
213849829
212237698
213849931
212237854
263077065
156299054
156299256
156299345
159962729
159974431
11494000
159968746
159898209
248066580
242653213
249112517
216408967
252078716
201385132
247806207
94107124
154152735
212237793
14271570
14308379
261957733
260942346
249881418
259479831
248066561
259478520
242769510
125604359
144621815
215705428
212259715
168731941
190951396
192560444
112716969
212237717
214827813
235856498
14308389
229979015
202644664
156299032
156298985
156299155
156299831
159974336
160068589
242801227
262831370
251734299
202604366
117774994
144231183
242760974
189353743
193927975
112714998
110652719
23296911
169924093
212237800
113966889
213849792
212259539
208224530
253389792
253388573
181979208
95091079
253280894
261037760
262525548
253390271
248665386
245769899
263094202
214947974
159973435
159910750
159969650
159913990
156299339
181233064
242653014
242801544
252726797
263059914
128327814
90089340
247806351
128325037
212259551
261943163
229978959
253071704
128327817
242768477
253389886
253782420
248066687
208213248
212259524
262826149
263071182
156299100
58545451
159976822
159974135
156299128
156299761
159964816
156299030
156299077
156299140
119202879
242636878
212237692
251741956
263105178