2245453
100958444
111285062
104314401
100958457
100947274
95289208
55119955
77900454
1464015
127654481
197695114
251395268
145499994
79672197
111285050
111285054
66698344
191782142
160488843
141489841
207256584
188535073
13362558
1926791
242696346
136939563
185909446
214598590
406935
97825967
73795265
243006521
320482
128936372
217730460
137569840
127844380
160591651
194104631
167613760
109488219
205942280
192474347
185668561
184070225
200853723
538038
59043897
108493406
217268925
220668855
66698352
199536489
74174356
217729247
76279889
73787183
355026
74235036
66698362
134607508
72459676
74024708
74855023
217730456
75284565
75307230
76688236
247405759
73515857
252179021
1082208
76826976
25938898
2739561
25938695
127032828
76105912
167614957
249012181
192376844
194104371
68296607
160591637
167614982
66698354
199032041
191782137
3282113
167615439
180016896
90622294
470173
262871174
167613928
355059
74239478
56047349
186348615
829123
192475874
211924947
186442893
160591623
207841115
125945261
167615526
74953483
48266440
1661193
139294255
73593776
136939556
163831369
76688240
163281358
167614005
167611047
846443
1392979
56047347
109109573
340941
74217553
213911376
74775372
21661609
189087668
876460
145540312
52592324
66698347
146270307
173187075
15897949
139290323
50751341
68823450
537456
145527000
197657912
188324836
253367719
202229560
174293674
425589
207566224
72290298
137572670
103641539
85050934
69624556
167685118
248684542
167614011
37794337
74460133
14524625
76404429
193045262
200852591
202891554
90135315
72040812
193045258
56047351
2141509
94347498
14646636
345010
58409577
19875145
173808802
57325191
172161882
73516877
249869363
74239472
73593774
67694211
342006
73516883
56098103
74277047
229804205
376238
167614015
252631897
23358139
167614855
205708414
528191
74277056
596124
58971680
247465394
48266422
230254928
1534107
167613925
867388
203923085
257846902
214835604
225210749
440191
403945
262042687
32889092
253290777
316916
580238
146223865
258543260
683239
454359
207914313
787546
167615431
230301805
170467288
375727
137519109
76105908
125519642
137399088
629043
179403748
177145350
468077
172377932
207566222
357034
55093435
215438139
78975579
341286
4423943
167613593
219161870
248774253
3087787
167615385
214921091
167614172
249373239
52592312
167615253
216462197
217123558
249220237
101839384
167613836
47068251
251384215
76732673
442505
179436991
510454
217547416
177145416
261961085
147999771
160591654
167615148
213931087
707341
167614502
200789036
167614009
167615427
203923088
137129381
14646634
167615415
258682199
253412928
371709
137570330
84270567
187637785
65443436
160591701
109109689
421036
167615155
167615614
55024176
167609833
87834267
167614285
50723869
180008349
106810040
177145404
229804192
137130367
230301745
408476
6361597
191075159
486513
241766812
2739289
230327954
229804201
76732668
179952627
206376865
242430496
191077713
76732671
222660917
160591675
77243060
176845511
78578204
86955966
167613480
86540440
1745429
137425185
93764234
156216692
2884177
109109607
74981853
167611258
197636872
109109561
193616468
167613933
190555093
257867725
320319
322063
115254251
242717844
252040892
66698356
214103402
137425300
3230749
167615435
70817132
51518869
167613774
15269778
193045268
222472165
167615129
72290300
167615111
167610893
167613947
1038700
149969460
244296591
250072583
125141264
58268211
767955
253264244
205540694
115706426
89000436
127692211
475851
167613738
193045264
1376271
249657448
154102742
44607736
656541
261838994
74239476
262663919
114895475
67624669
248543966
94840007
486495
2446235
173999769
76386463
353879
167614971
32036959
345975
248208018
25690128
250077486
180012937
173948849
167615054
167614897
440187
174500478
44607651
66698350
68437859
200624456
167615574
419073
1376269
791660
59402592
186692846
205809563
14080605
214584813
193045270
248758027
262059318
253272358
167615131
177145426
167615540
197387994
508220
93764196
375730
342009
168292367
247935740
109109696
249653825
403587
453222
167613875
25691346
230253328
33596824
167614671
25690108
75371867
167613516
478360
215543601
248796895
93752601
648180
46825655
195470028
403944
52592316
167615604
194483575
415273
508216
146272025
726418
58971677
48266424
114945689
122070503
518787
93764231
550432
183334965
524174
117832427
192354914
215544506
32885150
262663929
262663928
128934848
255175348
262663934
477040
173947738
193209834
242079944
46253853
2884183
25938742
242717096
202816865
92551417
2739127
213669804
167613937
167615441
177145310
242656642
202229606
248894165
112083223
113117495
225961712
167614869
151968098
14325212
198889472
23652323
167614486
253258079
252041133
176905233
248685741
193045260
50981022
167610551
217506980
167614125
160488835
42592024
193098533
167615598
167615323
248524484
396373
225961777
163831341
5404395
27534638
152548662
229777089
160788591
103669880
193209843
249852970
156199606
536346
160591598
202485110
167615090
146223842
146223833
548639
162259930
250077705
201809856
167613899
413898
71978456
208007203
247332033
242227400
74277385
127692537
177891316
205694601
249653823
249219299
103641634
146223836
319332
50981042
174293659
479230
242492153
161126841
249869401
707578
321974
253290742
50490489
569586
15155525
2884179
167613810
167610040
453647
355056
375729
375726
201120035
25690150
163831418
242620743
230253201
161252625
52237889
167613599
340266
68774262
322074
177145338
513788
953832
242078354
585073
51030794
167614543
2100761
58209260
195880240
32823970
167614092
262382722
533860
214832936
167614701
50739910
97957719
174293691
556707
139235214
477028
146272532
160691341
2884185
375678
500696
54513180
192155709
101932894
760924
407348
167615044
167610543
179437537
841946
253272390
222480049
181185138
248773452
355200
79376926
2190513
253262987
477038
1534105
505881
375701
375717
241738976
982669
375710
28078849
355030
76542650
167614744
167614399
3031997
162597519
420878
230301724
167613638
167611251
198415114
32885773
163831424
541369
196155236
247338194
167614988
181214648
53047438
261151807
510934
600510
355191
486639
453598
170467286
92551647
66619705
137259647
167615080
172476005
167614288
176765119
230253360
192637642
212992602
167615096
230203752
703685
253089421
253272314
205707528
216384500
247240167
48266444
242800588
130063296
546270
25679129
261973339
215561710
375703
355190
247938388
146271921
253444092
214584809
392753
4440787
316919
48314950
192714129
548647
109109721
54653526
2540539
213387056
167615538
183539658
167613669
167615210
167614027
167615409
430589
132302684
446369
86956006
177145368
27594447
245776323
216387868
229769378
229804208
181142233
230328191
246772169
246772150
212977173
54653530
222724059
222724020
261973346
261973342
52889457
25938697
151971209
146223881
72334210
249852271
90622228
213964090
85050936
93754487
248746075
51031006
263099896
103524552
51617991
146272027
32892887
261802639
1367089
252246888
137375117
25938746
180870261
167614150
177145378
167614496
167614118
181237104
217640065
167615058
167615010
167615272
167614996
72646201
167613895
195880833
252562817
102108298
214831537
204436292
207983602
417777
146272066
177145422
132304176
250077189
172476800
114944652
138342334
205809551
137503480
196290944
222660940
245776315
136142274
253178895
222662485
222662489
79436062
181981558
53299968
242078349
247240173
242430485
246772152
246772155
241615232
222724070
167614097
163831342
208119423
52678730
246971516
151626486
246971522
222724046
222724018
151968875
249383966
253241436
230332939
48759034
215118042
247586167
4291907
68612042
146225065
253293546
167615183
50490670
247583431
177145358
261152048
248880524
174293677
52592326
1367077
53233838
1367083
27563936
167613747
982671
2684007
167613568
167615510
167610750
167613949
167615115
167613855
167613869
165256159
244169224
208201876
204954628
253585610
109109446
1392955
52275106
249854001
57318159
32037709
92551869
230203742
167613595
167614124
138334896
195470032
167614088
167611115
69611325
167614075
124882605
48266426
160559984
167614349
167613661
257780536
167614250
174797458
77221999
167615198
230254999
212553526
253272397
205696292
195305024
215544466
248653367
92551725
245776318
151425781
151976324
53233846
53233839
246772148
246772157
262692378
241615117
1315579
249489607
230332614
242078351
201386040
251464333
181142229
182788932
197640357
222724066
193702337
167615403
225934680
253241433
206205130
263084871
253152886
423286
247586149
262042685
205967822
27534648
25760722
139969001
167615320
167615594
78289017
53299989
146223875
14303658
52889167
177145356
167613893
177145430
167610971
146223871
247936398
247936396
27534606
53299987
26499792
165972582
167614209
167613991
174293715
188056836
163831409
184243088
167615062
167610378
138110202
167615572
79377626
101931425
167613512
222663265
167615554
167615180
167613732
4460587
114944398
262663940
230301761
77221678
3014737
137129395
130771072
207596424
242459656
954850
242078343
151969910
26501250
174112056
2664921
242102043
225961775
216983262
247240171
248855223
222662477
101933234
246772163
246772171
248522281
222724057
222724039
222724055
250077910
250077305
248774127
167613969
195288485
246971512
77221569
253290739
151431901
249853711
167614082
50490663
85050938
25938703
51030759
52592320
7202629
261157170
261151732
52592328
186087623
204420557
167685120
1367079
48291186
23206020
246772833
147571029
51031016
222663267
2684011
167614213
153608285
197366219
181794064
113117253
253233402
253233404
167613687
205809555
127692380
767989
230254744
137751883
167614753
180967380
132302890
209379063
183702021
167615056
89315122
530028
207991303
172475939
230301893
207983564
148811301
167614800
138113274
167615284
72040816
120183307
109109656
248722704
225961710
225961708
217482917
247240169
245776310
229804203
245776329
136150620
148071260
160563509
160788571
246772161
246772165
248774535
197623309
195288481
222724026
106363528
250078550
222724041
216983109
217123682
196153077
177145434
205967799
53299976
367021
188496828
230333253
167615417
247339706
247937014
51030910
52678586
247938376
146223851
247937057
14996809
25938730
214908809
171184922
201568802
167615030
167615288
167614934
198650505
262472886
253585592
205809557
560565
222660308
7161757
221243512
72646205
205506373
178302868
178549448
197622825
217123738
207983572
167615546
167615612
167614060
167615421
89314552
137239225
167610925
167615524
177145352
77220893
167614106
54459360
945954
242620756
222660334
248544535
167613844
35787083
120183403
945952
230254654
215727591
250071823
114944294
206376877
1934509
181192501
245776305
240626606
230328012
230328136
54624814
230332842
246772159
151975758
253238235
261151777
51030981
247586165
247583406
52678580
376702
177145418
93764289
167614035
23205578
2684009
23084457
37794007
14519333
51030763
51030831
25938744
51030731
77917926
146271518
928485
167615024
167615139
174039338
250019958
195288479
230309272
180956961
193714692
177780192
129138357
222724068
262692372
182300328
252562956
261973344
177626581
253290779
74278655
109109682
253585570
253233395
253585543
253233397
214598584
205809559
102108358
167615306
192120685
167615592
167609869
946070
230203729
73516875
72642585
167613558
95739556
167610016
205967377
163034255
167614719
165295182
160745543
222713995
205807460
167610936
167615564
344937
212977399
167613607
167614334
2595867
114944631
252770233
260810302
140416370
174842858
75307228
74341297
76105910
53720978
63473605
184070221
152740748
335337
145287904
195291930
71990280
139567621
199728871
176550321
84950232
2716247
55589742
50072450
214922278
179063952
54380457
149257065
158741265
100958464
73553837
252908567
90794826
14643411
205942260
115897978
198413413
251773501
116397383
32591406
194104629
253387771
116048594
202780648
217718989
84950234
33506009
77230661
262687259
2070419
200780136
253046663
203923084
251772561
172112637
168924455
52691750
74608742
195291928
170298025
252392131
252880508
207256577
21391592
84877268
420655
108493410
215779856
58971672
111271211
75284567
217730458
241978850
15225145
192832767
55002730
2619491
92996211
206205009
193684717
200851517
253493112
68832570
82700702
222683823
227685076
4787441
53501164
196305158
167613832
253493060
160591656
189350061
828645
35364061
129911447
197639031
247879402
57647463
217730454
167609416
32583280
12647239
192474352
105990231
192949251
3211215
201382860
252039239
195709218
260113559
191077720
51202534
2500889
32583273
262550907
177621296
253176186
144507239
165254497
262567821
195479322
75615953
3211669
71072209
180584772
2563919
146635248
202895298
116244965
41092564
205928393
167613596
163661774
195190103
17944552
54878023
202043919
54762910
252290976
32075727
160591610
177145411
55235692
56800151
261942251
253324236
36327406
262656183
253080042
253310396
95002714
75454259
243080837
316892
176108228
58213074
167614974
259482376
71345373
230005494
215749192
262734954
15592539
249021357
261808013
316890
107200489
208415097
185909439
14983732
214598579
208623471
252063148
191704799
261978260
207256583
252880552
208415658
207494293
184070227
262292895
192125795
57870430
207296713
88809166
248773678
120228030
247934655
137569868
54877169
202043991
225908531
15666196
197639041
215779858
242086352
60692099
215822332
74953489
15309372
418708
162154129
190739550
163265597
215779864
92552040
167615027
31373645
193209806
14646638
242353686
55982899
215822427
120070428
21129054
262567797
71938311
249650158
86517371
9723026
244168845
75530157
163582355
262687372
167600191
167615070
186984233
253364487
203701752
127654493
23576204
59107041
86517379
192376838
215822334
14646640
32975721
253655044
188533793
112555148
212992432
3237461
35203449
73923133
2120373
205841706
137587810
355028
162111182
253228786
174605334
217366584
10772871
250720983
21660746
37306453
73795267
15415622
160591633
242293408
161310111
200847598
160758999
116052802
202604311
185909454
221231009
16564402
32196635
205695187
200771997
246163332
167613798
1710723
50315471
201104859
106919169
215822330
167613691
3231271
58932533
262530683
215543700
260113613
192377678
57870025
140221865
137369242
36916276
178092127
57049000
262582037
358750
253276782
53095593
20439021
16262248
137592635
167615086
46643195
117926926
175700775
73609399
135552426
225266025
125178761
249278137
177756191
190843381
201843935
74235038
340167
116665863
37169427
117694264
2563921
92551491
167614104
113525957
114945709
167614112
167613921
167613652
167614110
214009524
32036948
178056229
167610713
14983740
340950
44183113
167614405
32855400
114944537
463480
167615263
74173570
228718443
248524911
180317649
543080
203910170
187771884
205808045
140221953
112222284
71510821
556941
159349051
246397759
167614252
32037204
557872
134929415
167613616
2386609
36569025
198223541
167614176
262450426
196284172
32901554
180994565
192949479
198414465
219145664
159822479
177060426
59047889
206560632
41273462
159348905
167615433
252585687
401396
21281264
249569747
173449304
34396995
167613530
167614278
33343231
207639429
261978303
160779253
167614951
184469024
214598578
262346613
253176188
253063933
184629945
162873695
184629946
88917379
160591670
216226715
127844375
181923917
202780508
58163975
167614763
206560594
249026550
167615125
762577
262567687
72745503
136941150
70016682
167614156
235735545
125732597
394531
147977112
109982855
145297326
50476897
247324356
137501456
124705771
252005033
12213962
167615471
167420171
372208
184903353
219157058
214921112
181202847
252298152
53235641
161212123
187297717
101931778
250234021
76217403
206860167
177589603
167613770
185744737
10398307
167613983
1708545
248182666
192560061
196155259
249644211
193525448
77220797
262905485
137432610
249173778
76216688
355025
120183650
10104424
530097
214189296
249177328
167613444
106750493
188947054
33360196
167613534
214103302
214732000
29170922
198958691
127692616
216350878
44335825
215786698
214933269
247273575
358167
214922176
167615019
215796447
249167888
167614794
190527685
206376443
20112014
252133964
251394006
250077908
195287436
50269831
221223448
91444567
246772462
260918948
253176232
215917068
891064
90624167
73509839
103774443
31632996
109298447
204877545
257758862
262083765
162156841
177145376
160591631
213691672
443879
38276920
204668300
257865776
243080839
76527161
255349764
137978871
467187
215428832
253536141
118419960
253229681
74571944
69624544
76527177
249489608
209379050
7838281
872310
249547851
249859007
205696127
257775227
6361621
205183575
144506067
249679628
115254312
115659040
197416694
215543317
249176343
74981852
223755632
163831387
205810067
115680453
214502988
76527876
215822336
177145300
215822328
511314
167615068
252040900
161929413
253176234
207914911
502817
138334886
253171385
194102246
204403532
11197351
167613523
152528879
58982901
86955902
184235149
254188439
44607742
215594923
249219429
116947293
262346412
181770727
992288
2431433
49362599
167613602
242951922
249173542
216387817
137484458
66698360
204625747
201114796
187769357
180581896
262783772
167613510
207762888
217571430
262664446
179445976
116577593
167613536
4313695
252006871
36406807
167611215
261028414
262691651
159824394
214189208
252637252
152546532
167615050
52720933
54930142
215543448
54632946
167615602
206860126
204049844
195287443
206141354
167614771
178231971
250077707
36566807
190320413
53520465
198739802
205696904
167614961
218736463
167615542
99056184
45844360
54930099
167615429
161903409
167615113
205040719
486478
405733
120068980
32589302
215477873
167614407
184333838
215388909
194959696
36202323
455582
252256984
214199686
222463053
204052130
167615423
214009357
127692092
12519477
167613562
150073521
167614703
158392675
240626500
249693746
167610684
248637687
477566
167613945
707569
14983738
260113553
23204773
477031
167613880
113117526
198437229
80968322
205695861
252069280
253229678
252295323
185435287
252040910
205029128
203862459
166658605
167613955
167614723
247820656
178482735
23084450
54158337
205696294
120183364
203911312
194857827
205695228
1621175
185903123
27534634
127654491
9999358
167613591
118117973
186189847
13329777
167614141
76601017
249958376
8993107
57211759
117926922
167613574
167613587
228992796
71983783
189201615
167615165
206362837
247267538
253181509
174137922
355118
205695130
214190222
193050640
215768912
262845270
262637154
79104663
241771967
445189
702722
192376836
202762431
66398434
66923673
86956483
7940953
50699619
167421410
217272325
252866595
186086985
686514
246891641
167615147
250071061
253097498
250232666
76527853
184629074
183335974
167614821
167613913
179746112
208321128
118375045
262826529
183037736
134506698
167614891
525295
243080841
109109497
117926969
216384548
167613891
186120764
177615612
10811151
167937066
34819053
214655275
181438546
207566202
517882
180592053
148000101
186692716
25402006
188321932
160788536
215746002
72513191
532593
172105996
127032377
205807458
221254775
205584543
367635
177145334
194115780
505599
205807445
186120772
216288761
222713700
167615031
178779990
163566452
214598587
114945561
248893418
88929183
214920263
224173831
181980291
248074950
167613977
177145354
53979079
202040174
215730547
11811532
215730489
356754
167615608
151757129
217764207
199006589
242486781
255759970
249033720
187285884
200618722
197584816
260107674
147356894
181725983
15188528
260807201
136126443
132302751
79104661
200652562
252040896
259514851
261974860
248469074
149521080
50425595
205702351
171549954
142006426
243080835
242087818
167615016
76527964
114921201
242711151
187594796
249092524
178303727
530044
57211763
192713873
184485163
213675109
167613589
242986124
222456674
205256306
262664409
46240922
254093436
201691946
257859339
163831355
248059869
20276543
193911063
167614742
167613583
194483987
3211753
249823306
177637600
247975018
86956140
195291852
152529928
70415995
213930027
32370990
137429963
194104674
197902461
217187100
222726463
249823309
253171401
177145386
259016130
195188927
212992072
252398720
70524477
167614128
99056215
76527974
167615349
137503123
207777578
252558373
117820612
197546600
389204
181377513
316018
214921149
216406897
204420704
225206254
31207331
208748113
167614759
127963676
167614134
206560636
167614214
36336021
167613654
48114887
177644008
30162684
22482253
229769847
214608086
194109564
187601218
209399987
195822625
230079018
248329852
242423738
253385427
252039166
167615443
127032510
74332453
186489310
216687148
195110571
246649473
198956792
190355390
167614041
201036182
230004555
205723279
167615489
31122073
174605151
190154934
186087937
215748926
167613754
167615137
167614832
195328690
186069273
167615167
203999119
205158434
115254372
165250874
229748736
230147243
197546614
34636470
167613740
167613542
114944618
205809613
228716002
249569903
178097721
216384542
215788397
216384526
195188673
198731688
252562715
76779003
14303668
224174848
163021273
167615325
181981226
262795571
249824690
55321085
201844565
214598581
205808179
248566607
86955955
108158211
137504428
143185993
29907141
183337359
207986337
214824141
163831451
203745921
214931255
167611099
221254619
167613465
187810855
167613425
167615189
77222165
163831452
215389586
195479501
167614227
214655127
195291936
205809679
35222096
252041103
212323554
212961344
137440704
206376818
7973694
247324139
217125604
194104676
198721734
201386065
201376290
109298356
195927114
250077818
250071054
181171123
25170319
355213
79320610
167614526
174008853
249824696
222659484
92551580
215543469
138182452
137430436
208126598
215090028
167615550
217628050
195873822
188941194
167615159
216462245
214908489
193712817
180924640
139288562
247323736
177145836
205808319
114945352
205694674
215786771
215786775
249569737
252193945
249930898
216288909
167614246
249693662
167610882
11252906
124975372
201550097
242170771
20534975
183677450
214828206
215730551
174834977
215288711
225961346
22482291
315978
178329986
137375231
197546611
205471732
207988358
167614465
163831349
138159690
217639629
184893000
167613650
19878136
149521046
167615475
167615240
206361293
205698802
217271358
215786645
242487852
248329869
127591403
249823345
223883049
253276780
253385423
253171399
191419651
259389009
177145436
490502
250083294
686535
248523332
213680257
215796439
204420651
137421300
214815433
181990926
102108275
190537970
197622898
207297234
214655197
167610399
106180511
248608867
167613877
137852723
214582291
167614190
216285746
252878192
167613554
137436210
10830303
260113603
206560661
173137633
246309358
160793105
252053644
167614120
222662503
248523175
109109691
176420496
23084468
95277915
242157809
167613866
167614162
422867
159824709
180864468
247944403
120235549
167614299
77221903
197546607
15467580
179373344
195479514
120183479
167615560
167614039
32954907
167613850
21670749
32899180
195287155
206607142
207567371
867608
381199
215764090
25690144
32818924
196153186
214828163
197622024
246282377
246282330
205808269
249089906
200848988
251394105
230062098
251394010
245307575
249219381
243084673
222679617
253782700
249569935
249569739
240626489
222677531
228715287
215727446
215152375
225195686
225195679
195666788
41556491
253268692
253147988
216983118
160553611
209377573
197165727
242513394
253275107
237684535
237686004
178769516
218738558
195312094
222726461
262725346
199039073
107366373
198824389
9151738
197849316
194958952
109109710
262016088
242280469
163831446
230015413
229714158
3284719
223880818
262812987
223884322
250072585
150980772
253276725
1746355
248524548
167613525
57705034
248493190
167615109
52275103
201424173
152532669
263294484
209318845
215637881
25691328
24472744
19767800
152738390
22373014
221017541
76696898
161212022
257866181
230083496
263085091
155492358
152559305
191419470
257859371
32895085
188694910
253402885
77222168
253060117
137421041
205809459
195927054
197622719
10830750
207515315
200766651
222677386
200766627
179063951
193623825
197638673
167615163
176142530
147976271
38384633
167615530
167614144
167614062
167614031
230004227
214828052
207939061
228992801
169297189
213680355
132304464
99056611
203969108
195291932
204665620
215764092
453515
230004812
167610913
167613609
172476311
167613548
215090030
89316209
108716641
167613544
167614936
167614309
109776153
222677512
167613612
186087521
263103445
167613629
47941143
167614102
7887144
167614086
167615145
204868341
222544290
114945223
213997949
137440723
173420569
205708292
207699269
205694577
203202131
205573875
246282307
246282304
197972844
206360718
127591322
225195681
202529643
228722936
246275405
196153024
249644187
249679570
76527171
197544643
197544645
222677519
242265175
208431139
253148206
237683350
237687996
247273593
261840603
261840601
183483305
177286221
182805125
177617827
253275101
222601068
245305715
228992791
215726894
201385669
215896360
225195692
177631161
250077986
183334967
37928814
8635466
246164986
225195696
262016016
225195537
247820653
223882671
223881964
167613601
216288896
249145933
253385425
253229669
253229673
230147539
262812981
263294685
198414701
19682520
248524534
252959929
262073798
262656193
174606479
177145394
12400081
247680971
32884498
93042180
178957581
253307968
224175897
195468314
207987691
224172950
214949038
253626780
244303254
185448357
167615117
180987121
200630486
188658896
253304870
253304874
242716771
263263688
263290000
152740652
249046597
200848757
215767981
137440702
167614100
167615393
197623138
167614148
189462437
101932958
162527623
214823801
167613941
230147393
215090026
15010524
230004709
34732145
167613501
215090060
215745996
214827023
214827001
181980812
167614451
198858964
136112473
203402257
167615066
167613499
204761856
232710397
185900393
57315365
87954124
167614970
167614131
214824184
167613497
204645994
167615205
144473533
10398695
205695067
263275052
218736467
205808175
206359737
205808047
212323614
716182
215779868
215779866
212961346
214732002
242892755
246209079
215477405
215727444
195822632
153926545
222679598
253782698
55206938
216986319
217123608
91853478
228989167
228988631
216384545
60060704
253268704
20271574
198957092
201386002
197626987
249255439
247273590
218738556
247016854
127591624
199006637
262725342
127796178
33360359
196154640
183337965
253324234
253324231
250077598
127692323
262016014
223883748
253276785
192360463
195855431
195855424
262915485
247443945
184074106
230083780
178601103
198456320
41084486
181904887
161650342
167613634
252040880
186985024
259489561
16384567
167614998
153492450
215637883
209379052
222657489
215637879
167614678
27534626
200559997
181914529
220656835
214921108
7887136
190543406
191914971
136482594
249025111
529027
144505771
213563565
20325587
12123237
214828057
197643939
167615580
197628707
142006331
167613984
214824186
185445460
214821658
184505816
167615212
184415416
179445830
7599384
189468555
229732328
181195009
166653493
214828087
195291934
117315668
149387914
215764047
196152623
230004332
222677425
220973814
186086824
215548551
167614847
180585892
167614907
157943280
192903189
222677423
204436467
214827010
160315302
206377119
230004275
32352062
167614225
167613964
230004759
175438771
230004674
215481719
14019965
115254265
11258521
66104801
212961356
205695219
20824452
246282318
246282340
246282292
246282334
204666213
205808191
213998033
136482488
136482415
214818756
194449710
194568303
249092537
96306872
195666768
225195683
215799622
252558041
261840605
242513433
249489699
113117262
197165706
249569854
246308152
222677521
167614483
217125613
216462136
216986261
216986275
16049882
195305703
174604187
246209068
187595463
247273428
242498695
170790477
225195513
215896364
195858408
195670765
195312073
178228615
262758530
177638855
250077591
250071014
222546603
32955193
207984275
197623470
167614694
262782691
215151132
177780161
248541119
181923964
25170529
241744957
954344
223884836
247061570
249823336
215090048
222546963
263083786
253385429
253307965
252258699
215543287
262664367
249271485
23236239
2386705
214908497
186087317
213676795
215745925
262885868
167614477
167613736
249219433
253304884
246971812
167610851
167614682
167610857
253307975
110916553
10766604
247935773
252257216
105739237
247930622
167614528
201033511
225961327
113117525
178604934
176150787
9694325
230004225
178490760
167615296
215479788
225210965
214823810
102108362
70847908
20847995
167613527
137951802
167615255
99056719
113117346
167615562
167614403
167613605
181438089
209872407
184070223
193895767
252005298
9932005
178483666
252199810
147999809
152546419
7491315
228883579
5852521
193896500
192474344
11081535
252035442
10105524
249219897
228990689
145511903
257503554
21154234
240324983
54441172
199515647
50248653
11436637
204083235
194463281
179969700
7940102
105654043
23624781
7412827
7940069
249766834
160682881
110916568
217419214
174397268
248654623
249290629
217515388
203770412
252299370
146222951
34751505
74402115
7796043
207760157
95932285
262654784
7797131
11214113
216285781
249569745
58907167
54029394
194187964
66104777
191813928
34822607
222657291
10192938
194491262
222657594
205582692
167393950
167610137
206675366
76738000
22030256
205312158
213863280
215764389
215733013
194013299
54624608
159810978
168924456
117926903
180715832
253165917
26073797
74408320
226400510
107471322
177887173
53902794
10749754
160591641
116409047
203434266
127033076
188833979
76378372
152026060
7940147
9674955
217125621
253089367
167613667
34853399
198416866
187596167
51905662
242500078
54795974
205810331
166558667
186088117
167614073
8813598
10590265
214829059
167614216
67086277
172844769
207699259
187275364
262841941
215917005
249945280
55880690
57043543
50426436
24980104
247799369
262908640
7491309
191675301
222657494
206377099
1518769
185946854
253468623
160395012
184885600
54751300
66423968
59511403
252562427
193136164
56307703
201016863
213997929
254094059
173718400
249301909
8021607
54753015
84876048
149253581
53981624
7651218
167614203
16994333
185949225
90523671
54426577
87960224
55002011
253165792
253165433
37137283
217125699
167615618
214160910
172374577
9957032
191375410
174293333
193911537
195880202
174441910
14877959
214160990
152370949
54413383
159390845
257552595
262730936
174216153
117315623
167615194
9687537
167615022
146019898
167613871
179445724
381273
185637340
253556132
177264169
230305454
167614248
214162955
7973297
53047386
121975020
12130424
253165522
194582997
174128091
179439769
186107367
21044727
17049688
53773073
16262534
110916535
206473266
27844671
53277769
60204153
228883925
90574158
7934686
205808081
8475981
262725749
174172533
251982262
23021047
9794134
197628233
84746560
316417
185193055
66667320
194011355
135552459
167609554
55139379
262656131
182707581
263034988
195479324
204754500
179912370
91661331
121980205
66750215
66872136
179446081
214915745
257845380
206776549
205697393
187598701
22480681
262569084
205809518
167610362
184896144
214163209
167615504
28285400
189413471
252726707
67735072
205809639
192693265
15410911
91847505
197545067
171122574
152804390
167613673
14875901
217548369
7973418
66750229
137114253
8096240
116947339
216982840
91654966
57443158
185637311
203199747
66875647
215733021
214160533
117397522
214163082
31815789
23789315
67167971
167613632
247681275
68261641
73510315
204625749
52720925
167614875
8088896
188960928
355208
67051526
205809607
8160133
215720930
173856590
56670367
871690
252726714
66631569
66660760
240360535
201016086
166625558
74209347
66424023
66741585
9691161
26073690
7944943
110892489
214163778
66750493
216982952
247322649
214948485
66753155
66754174
174308773
67049930
174291651
167613636
207515285
75791740
39154038
56267280
66747482
207951384
229804036
179914046
214163449
221269511
154454637
54783770
320921
113117341
184487125
177890716
20634048
120183697
57314839
66750226
54889067
167613577
53954482
120183162
110916549
215733017
205694873
59510008
152040378
8196700
7957787
66104793
20535207
66433820
108564076
66433822
7527349
197545073
190565039
207760599
20633554
190171941
66765094
187948737
55511585
57442446
66751584
54790183
207503031
92551570
167613515
174182676
21483976
1358093
203200753
171249386
209274375
74200606
23832386
56274118
214164341
20848681
54373644
216384506
66433824
67053022
15949868
177887519
177338128
177883574
180499669
250076935
68145744
68075905
166461207
10062682
66878002
253305810
205111529
68077572
68075914
66684579
9206990
68077592
205729258
66878004
66379033
63956491
185907032
67053020
47135375
192289268
205119268
68075926
68076432
9856848
181452897
174502640
8475977
191945216
66423976
66878410
9263469
167615314
66868000
21484028
8605796
66423989
32377114
66750501
215764269
179444832
105281981
177265585
66872120
160788547
56680022
213997933
205708058
229804040
66433816
67051539
215383792
242205429
67045764
255299111
59079090
7884806
66423996
216288797
174836957
195651748
171098104
63842467
166575458
68077570
210143587
30710814
67051548
7940129
66755609
66790051
66433778
66668339
127961965
252294970
39142259
11999328
67053026
66769396
66729874
66790055
213691823
60070520
66894179
66751261
110916547
66668357
66753165
167615347
66751576
213997889
59553304
67045577
66663654
66736771
166494270
150656270
189413608
166653537
66639771
167614911
66751590
68077562
249288416
20633922
199997094
192559762
67052099
68077568
20584982
10151973
66872126
167609564
206334828
124159737
205808681
114895597
16098712
206376143
7940986
229804033
66424021
68077560
203925335
229769256
23829554
66754170
84866150
187603885
66750213
242075313
217124810
216986220
216986243
15780164
7895368
66667318
66754176
67051530
68077602
110916570
66423953
109982857
252417900
196202118
213691785
182294484
123157772
252400720
66423980
66750219
66878408
8864818
59167099
66755605
49539527
123334047
192289543
152559212
215764271
158782014
68075918
192276457
67051883
67045567
215726869
205019919
67053028
68075903
112083216
153261313
70703963
208783456
7948164
66755599
203984105
207503029
33072063
20992452
7934179
205698814
247948200
189630454
248704395
174604201
214164632
188961425
173714360
66433810
230305696
230305499
174240815
217510846
109979731
112083211
23028246
66875645
59540023
106902342
67048410
87379579
68076281
194016832
171271799
118419914
59167089
12000117
66663660
67049924
67051072
67086289
166456794
219148143
247922181
253305827
180001465
66769391
66684572
66751588
55511882
185948426
68077574
167613848
165245124
167614328
66750470
262082738
167613820
66379057
197635722
20952788
189642767
7637978
174293717
167614953
66667308
66379029
24163072
174301474
147770502
9688053
167613857
167615445
208643390
67052105
163831417
8274718
7637833
67049207
152549343
174300135
214815387
20823491
165245505
68077576
263264271
247926023
212323979
67051537
66423966
66668345
215725816
229804046
213997897
185637164
52611083
56269688
66872132
66872138
242075378
230305636
66423985
54394793
194011431
195302873
221231125
187600382
67045513
66379061
66639769
193911014
8964686
8965355
185947424
92552015
68076446
67167959
66433826
117315638
68075907
67086293
66379123
263104185
8001102
215720928
246853856
14509733
67991817
182295492
170806630
261984889
23829928
174808253
110916505
204754603
124179771
214815401
68075909
166592526
215726718
172475753
167609877
174039323
24163086
68077578
66867996
167614211
221254647
189941054
36207941
198957654
66653591
167615078
55003732
146988859
66653599
221254617
66379111
15125408
225961320
196935233
192033791
212326847
24955435
133083235
229804044
215917001
207643624
189946547
221231179
66684582
197545076
66379107
68076330
255298739
253838386
38493533
248654229
251393985
248893904
66379039
67051062
263196469
262654214
262664303
7991042
230041938
253305818
253305837
201686849
263101604
213489144
66747488
19689393
204625754
87391877
262725734
205928812
66750231
66872134
35734756
57446825
123565904
250077846
159760666
8277500
179541882
74815472
23398864
66755439
66736757
20534782
67048991
66872140
21484026
185637187
110916563
91855293
181996778
170781889
66790057
66755607
68076476
121607773
95931326
66741594
9692069
66750497
114141095
67086275
9196215
66753153
221254635
66433802
194011229
150683645
66379095
67051066
215723145
201891823
67048993
187593399
8886107
23816764
17049676
56307079
67057812
114895525
22047224
217085113
201158670
249392704
213707067
78288253
8964816
23420485
91846876
46688228
193639349
31253412
121973456
54735707
200013581
114279751
160591699
171944680
221271407
146486573
10091048
19564020
91846922
177642041
67202238
19686189
77197222
215732917
221271568
248801272
35125916
180961097
66752167
11246670
143495634
249685225
252230235
160591707
85684915
116407899
66753157
56194473
188321479
113117330
160591635
167613714
14895357
550899
137483343
244168346
247656188
76738002
249219452
139987477
253393580
247741510
253412710
57024541
56196775
21154239
171476383
262826521
180592096
11197181
145551036
68075937
117113348
248523160
123235644
73521647
179371948
198902429
167614114
56732597
110916555
75371865
174301189
35478972
91855123
243043763
31023749
9499130
55843563
212212594
67052095
68075945
229749863
194465525
66379099
10021213
67082698
247804869
195652184
67049926
66743037
12146304
67049932
66747478
16998873
58622331
53728634
208662978
15125287
2241839
193910187
252178754
215207536
171942964
56416485
66423932
55643507
54806205
198416462
187622784
55062549
24970126
87914108
197720517
113117256
185882395
82459825
32591592
184629951
7471087
55063992
110916524
252860027
55512938
7964988
66379119
55898398
125929735
216285799
66668179
221231283
8012978
54624314
66670599
54624440
255430598
66873590
66379023
193745688
63953679
68145585
113117311
174310339
25184587
54803092
66743041
229973012
67049944
73514115
68077582
262690517
59079011
22484261
226135890
217125635
216388060
66379035
143872447
167613585
248545002
188363613
67057810
65018716
66379052
66433818
103814690
68076279
8145893
163831453
171241552
230368398
68075943
66379031
66433780
66751887
66670601
67052093
66379047
68076336
262660086
133083527
261979467
66751877
66750476
67051535
67052091
117113430
27558520
67049942
66667298
125920402
66751259
67057800
197608287
32251451
55513089
68076456
66878014
66868002
8977919
246772456
67167978
223891730
66379109
192725729
66757107
189950866
63808308
166569009
66686032
66736767
66755595
66379049
68077616
66663656
68077598
121735862
66872118
123554719
66668353
65018321
66769398
67045571
54925956
67048414
66686030
125939086
32412123
68077628
66379059
205708286
66639765
66736761
8020982
68077588
66667333
66663662
158777243
66423936
66686036
66669306
66747486
229973347
229973190
262473141
66754180
68075916
172118229
54897796
66790053
66873586
8605179
181992917
67167980
7934677
15000009
67048997
67052103
92551366
194489374
66741592
67082695
66754166
8146266
66875635
68077594
66686018
68075924
154867130
66894181
68076448
66729876
68077666
8344825
183702710
66741596
68077648
67167965
110916561
246772445
246772458
66876927
85660179
221230949
68075748
221272208
66750491
229973434
194105428
66684568
8839769
14050852
73513762
67045551
66668355
68077670
68076434
66878012
66755601
67045553
263115093
66750222
66670607
65018419
66423864
67045511
66667300
66747469
68075953
66747473
66423894
66755603
129138510
68076285
56306811
67045758
7910799
68077610
204625741
67049209
66743044
66875639
67057798
66631561
229973531
10168968
216986234
216983152
65018720
178510741
262470325
185946506
179718815
226106660
221231031
68075922
183702712
68075895
230368396
53057628
66670605
66741573
38083815
66894183
67167967
68077606
66729870
67048989
219148071
213691907
66686022
261979572
66729878
188692120
66750485
66765092
66753159
66663664
66379121
66379021
223889955
207699223
68075957
167613532
68077653
192288083
66379055
64977081
167610979
8277474
66423934
67049928
192098623
23260664
66741567
262663944
107021793
66686026
221230289
74198650
185946389
64977079
223890712
137966960
214856982
66379041
66741561
8337219
216986278
54778518
141819551
121605462
66788407
213681557
122853236
93754492
66684570
68145732
68145971
66686058
38656087
176775810
66423972
66667304
8860590
230368394
66753149
122859292
197656718
246772460
68077646
35594217
242433618
68076454
68076480
91847528
64977040
206560596
192288062
66878010
66668349
66743034
67086285
76730161
174398007
134714357
157835256
53977075
183527778
207196246
36163264
11232643
192546256
146286897
217355260
249179336
142258565
50996971
205051129
86956501
173858391
68075939
252065007
121622174
143173425
247291071
213981422
199240514
76775982
213971911
149264735
226206779
85698302
188321778
194463102
91226092
129138224
161947325
146595886
116966741
200702152
176675165
9956739
249178584
15491021
66433806
213977126
68077640
66631567
110916559
213975346
225967066
180584982
125925138
173854619
68077626
216982962
117918077
8307596
35988312
66668361
225967075
252566359
25948612
174820246
192676804
174748156
216210134
247656536
221229996
216983218
67048987
143184134
262839786
215769122
68077650
68077652
184830736
67049211
226160144
73514457
34636468
68075947
68077656
66754164
216982829
8307639
68075959
68075931
68077630
252212406
181995775
68145710
66433836
66686024
68077638
143521929
66750478
11227027
253614906
215221564
67045521
66686053
73513292
67049940
66379051
262843537
212564642
122801718
208194246
201033111
187904599
68076452
68075955
68077642
215769124
262733954
66667310
207515325
26072258
68077668
68075951
176802956
225206282
68076478
225967058
66747484
67048985
66379068
185055209
167401038
52324875
171144619
252682966
146403809
146422636
190565299
262303712
206361291
241899626
162100189
206255475
217776270
194462874
258605670
185903869
68077618
77231620
253166265
55208737
52272351
160591683
66751881
68075933
216986217
213598880
68075961
26073535
127649065
215769073
252259127
166560947
163318700
214930709
188833492
23484431
170345818
154718366
248930289
14350449
95932977
12145844
53012042
455878
196522840
53974944
67931347
30754969
176487490
8824864
176685766
108252701
196409863
216982936
216986259
51436132
51025816
87866939
86532010
150033870
173854688
187063632
185890221
51730674
167614787
263030189
66610137
252040762
52612710
25556252
142543048
137425251
72689369
51518526
108249872
140821119
32753251
58165829
186094639
252558755
59479145
248896606
248903855
175438063
72690058
219147984