229698072
110583137
216199936
214165254
191320058
95090096
217173376
262426645
138465294
184476623
293710
192951990
95090180
101705642
96554387
43049444
252870570
15972419
953843
96583884
162092097
96547419
145563080
215733834
198800723
95090501
249942752
14159951
131280511
192951937
71669182
76473198
293681
95090870
105537083
96589437
96579792
241758974
169380348
197897412
175332
14162770
92957
114572033
68820087
98133601
113792908
160269153
212935933
230027732
249946709
169380918
34768496
103866731
211309432
51254164
208099537
85241369
146118729
95090954
173449766
197347327
167524707
192951863
75337644
169380614
251754977
111999557
199896925
953845
229769108
117293332
145563169
252868726
135409332
757795
153085115
247718283
110824147
252876956
188708467
198994253
169381600
2396155
152705458
142061838
188708857
114571961
252760220
116618374
136784363
1217475
245774437
121006118
98133625
214995179
14557102
78880669
215795217
146064070
22169334
98133627
97904669
51257675
4949643
101664702
125604548
47241480
74571258
203393180
153546906
249775913
164791557
74573110
95058519
35450304
11655803
205814615
95090468
251929148
169703103
160268793
188709810
167462241
205814330
171063534
132997341
95090297
205483259
147587691
122829107
103868933
953849
252400803
252130353
192951873
54389300
19094924
120431239
188711659
110825207
192951857
117293372
82938759
117059407
160449768
188708418
98134682
175987417
32225623
225960080
119701716
96544738
200683970
54900033
102076980
245764789
29379840
169648511
98134680
169381014
177780747
153866082
162800
82938745
96580643
82938873
129711192
557574
34709018
193640593
68178
79450493
144463481
169380580
32722924
262674296
147593101
107005336
97816763
121171927
96556157
97044158
557573
192519164
79450497
76070742
165667
58471044
197415793
116018601
140095207
794396
98134666
197925018
192952089
193778227
65939
147588407
188710084
206218130
121089427
68107005
136979175
82390297
144341136
84777733
121204824
189632249
115828224
147768300
110378361
31517204
82003929
101302130
108131733
149713734
133718861
51348838
62708104
198537211
197506247
217185483
200685947
152784303
228160
13301646
5939569
172981011
34708955
110826097
74170478
216545750
111720691
72926697
122870738
207357302
96554380
82390327
82390357
248643154
111059103
200685262
29381686
34357562
200682406
33452164
172574447
214920474
176522296
74171383
129711458
68070258
197502885
97902318
174145429
132997500
248325920
248646646
252357241
113431839
97921282
188188691
157085338
5746795
115091293
56917064
116018510
74572848
79169476
82003978
59536274
97506709
96583932
202642348
101873743
59536310
72647066
119242177
106539454
115084574
86631566
201390016
96580624
169380632
123442854
82938721
121171925
98134676
144465517
214850945
208098968
78966293
106280528
117042642
153656437
111720674
74167143
133451722
200685029
29381116
109369686
25004566
106364663
98650555
200685672
198193946
248647929
78555230
169650193
160270090
252357365
252357237
82390337
205814670
96580622
117426651
247906462
76071160
121010053
115077658
115076768
192298141
147587586
171108802
98133603
4510287
200682430
172208890
201927184
112604504
214077614
133829833
154183487
115091372
199896978
106280664
116018292
93166493
174145639
197514745
113045721
120504563
187962279
178324529
133829503
188832059
106274751
106302187
127554612
174878267
68069203
252400967
48887635
200013135
195161032
179938619
127353460
262806917
25002695
119026534
51348963
25003794
23401152
113792677
119699183
112171014
119699195
182969677
171652301
169380811
147587533
169379774
169697335
169706262
119699171
73866421
120472288
248646654
169650245
4502811
96573683
79450495
97921963
262674472
202641556
262605447
106325622
58572053
111997739
247907044
262605435
56882902
144340881
118968687
127554318
125089885
188830753
106321954
253076968
254082647
207775178
214077218
188722687
252400781
127554546
247731240
187837987
174144864
199753303
156788969
215119297
124588737
151950860
140100785
109004560
106242123
252784463
263042803
25005958
73195432
49641829
119026466
90118522
75783058
119026585
168182060
24547165
262674904
262674871
138147785
242693693
248646636
169380781
119026611
72944494
33457335
78554507
72944321
124041445
119026587
73385700
165984463
121172653
242967000
247275836
54642278
208632052
263076539
200689196
207271171
38210362
4705937
143860133
252400827
164490563
115076925
208098739
209560978
209129056
243057742
216123911
115082296
106319119
210878424
117036603
260920499
114572129
95863627
175415873
176921353
112025514
219147308
248546119
217561125
214081980
197502196
54900547
201648262
115440178
112441856
251394229
188723289
106243302
217766815
55964468
251394262
137547594
84997946
138384511
252102596
205793120
215543706
262675054
262674924
262675016
96587033
169379637
169380089
248325912
78553908
96581539
116018602
119026536
26652536
248585369
171652274
169380815
96584221
67242098
72944532
96575127
124041065
119315036
90118579
114436916
169380064
97922842
95295985
160269367
953847
95295984
198964652
201565483
210147189
56902254
110750163
199896215
133831048
151596582
205685984
199896298
192068025
106539741
251394251
115077376
106277789
259233143
253127705
115085384
73601283
197502792
252568394
101173350
106322040
198935795
192951923
262605496
262674964
169697295
67242100
48458741
97512279
51348987
59536267
165969081
34768525
212960336
33453489
248590318
248325885
248648878
202645535
143795082
169697380
72944542
31518647
36318982
78554443
25004116
51348932
171652223
262656396
144405466
248590404
96550209
62884169
96545972
29373345
165972235
98134664
97921685
96002049
97921758
177781450
177780189
98134668
247906736
263076487
129711947
263395110
229769139
55964081
143839083
48481130
953851
128325831
188831739
251394240
251394637
199896225
79161133
200683840
247423223
144340273
106318871
252400724
253071544
219150653
200844964
197512895
257867836
131280713
79552579
187838558
199896462
2245011
143606369
201346207
199752701
157832617
106364731
197500293
112441145
157832592
252102406
138898080
205293322
248646634
108258927
96586761
32224165
119699185
25680219
96550042
119699358
96550344
25680269
97507776
32225032
78555073
205814210
169714571
169648495
248647748
171589575
31698259
262605441
262674392
192951976
97921797
169380234
185654366
248646884
29380583
119026579
29358784
25680187
75783056
58555809
188709910
216197429
205814295
106540250
144401455
214081193
106305250
216936315
207565473
106539555
25207707
115091328
176522160
74195151
82390629
249092368
109035579
197514091
251394215
96586596
247972646
252400908
253072777
127554082
105614542
79270321
106321083
252400994
252099975
175416907
174144228
253127982
253163686
117044390
56915920
260920656
115077473
251394273
96575125
188831005
217169762
107005334
107005332
252400843
254256756
145562545
82003960
262674532
169697882
119026532
31519554
118522990
248646926
169379748
97922162
117375404
169650226
169705350
169697443
59535973
165969099
82390793
115102880
197578267
177780936
97923041
79460053
29384077
25207236
31518107
72944483
113792896
78554439
31516526
119315054
168181472
192951929
171652276
96557643
169380649
248325891
108246484
79450499
89236481
249089813
117426629
251928343
190237997
261818781
25005355
23284752
188708927
140132113