58390336
37667006
48018648
215514505
77281352
262426999
189765038
191353902
181997205
55695623
1664525
98070576
199940821
187776452
108341735
184217117
24889348
204378849
180584741
19346989
71125433
73603940
162548537
50490149
212560961
11658897
111189732
259515511
190736223
16680482
212438382
19346987
56404790
213858071
55054903
186235687
181358440
76559512
131093476
98082563
187778428
73346763
189174140
50006794
28055759
31265956
181517153
257534760
66952516
23966742
52317347
103294150
74815184
254141695
54389415
189533694
82862466
173562980
165699971
54389407
23966748
189533727
242265658
225206202
176728449
98102737
251985103
225386195
48018642
72027538
242487792
183891776
222660157
31371712
23966743
83857055
202613585
20029489
253710045
188829255
31375369
225252587
74622906
225386627
243081976
222716836
28044388
48018646
189473454
202860452
225386625
253492965
986210
203493993
105739243
175445482
52317345
54651086
52421945
31362547
192883961
247461468
190513551
225385629
179135488
225386292
247797900
52317351
173768278
213674373
28052148
225386695
188769080
250069324
225386689
978036
53904321
252277551
203493868
15734786
225386614
222553248
195874022
225386420
225386307
250068403
253700553
225386592
193724516
225385617
186236009
225215425
179132491
253398256
31367323
193953661
225385623
253398251
225385627
262302824
225386599
248541112
252174671
188259997
921817
247786728
189179726
263199076
263101740
177887077
222679114
263354908
225386396
77221830
225385625
100568706
257682853
262688310
257683543
248093128
225386399
225178974
246774502
253107871
189473117
185449486
225386412
194130458
257844740
19346991
191672407