200935032
157687134
157255019
164538010
75403873
52668535
249177379
126091386
87149160
88231463
152367287
248430965
143676192
186253511
465885
106521824
146509521
465888
116300374
88249919
155101394
127881371
61954845
182138884
165961047
88783858
155057573
20992009
50462234
153875508
198222135
126079685
15983106
145412102
74451968
16525070
156729902
153264729
119329202
160270362
48462490
88783995
56251367
205942778
50264060
109773442
154718070
195850384
71922330
152921618
144604047
25004185
153844662
139565684
188179300
195850371
140806651
75390600
172441478
192303676
208176203
88069488
156654088
16765393
144403429
148010729
205943869
160269810
207504479
115105364
50725047
88782004
103475514
105614717
183338752
72470133
44040123
195722768
222177973
103475365
114571826
559707
172441357
73574217
92165555
144403176
177146860
143709298
222687891
52063744
124860556
115288325
117105790
40369797
242202224
171971745
213845617
63315171
220682645
153593792
115827578
152915469
119309223
169380821
197972825
252125857
129712443
57844957
70650334
50725561
25768480
143225898
84804529
141111089
174607953
180365727
24767204
88067612
152846572
83615211
195850448
180017419
51532173
85798910
127880866
193052812
88231620
129711740
149650523
160270294
146644063
13153328
107443629
144402106
180301585
143025630
144402550
25679208
67202155
235878626
195687728
196048686
153594519
177162969
144402936
91120164
73402584
122873717
182138833
119259948
247324163
147116583
135732156
263383699
242075005
13048984
145411628
195722629
158901714
198223496
129711916
107487022
206483528
129711714
193142024
136875958
195722656
126009105
262605477
14530308
59483273
87057217
152815222
14986860
40369795
153593895
195722600
136329544
144403193
73685885
152463580
14996408
197966891
182138919
152946603
135731599
135731306
136014578
14840967
176560766
251258853
74036162
25005499
794516
172442960
33610287
88066098
127881413
135733472
129712234
50216901
15581697
36711071
144401589
152915434
190214189
153594584
147109150
145411520
245223210
129713341
179983685
204211748
171971221
160269645
154166624
122872989
196029561
153592639
135732542
201816745
132834609
195722726
79360241
144971201
113793103
185404041
144402836
215162954
115828064
193148796
184682446
148029121
794494
29658173
144318200
153594572
172440858
153594365
140774558
82938866
66710055
129711505
141124172
195722662
153593798
129712839
148807840
144401934
189203943
181712092
199684277
144402425
184944121
129711354
250341530
205540793
12503350
138839229
127881240
83021146
152929298
144401950
194136217
153593182
125284716
143885321
210514236
105614549
135162708
157567997
61554511
37153157
171587992
182138881
180325132
206230411
83618139
131280492
28965761
147644105
197513402
89603124
154157924
135732565
131006247
201816737
75934074
82390897
95090516
157714037
216476614
169380306
36027643
152915468
53557629
119286346
139565229
176485838
23410251
179979370
120229856
251392294
13808975
196026475
247581311
248070756
247582617
262812078
180320744
127880305
57838482
136191118
129712003
182138861
107442616
465884
126009081
49044952
25679318
249005875
76257245
59395517
164540827
115827266
132834657
137636798
129713003
196051023
135730597
165989596
63325818
143861359
116397770
195850475
56368027
63898659
63875991
139565282
114918939
262674502
95211935
184095694
144401850
148010348
20959560
253389800
148698833
29370560
169381702
132837366
252892760
220682642
13807445
121314163
57715804
168734005
55601550
195850442
71099999
794502
153846216
55289931
180019969
75617732
148077450
122869508
25538446
96552709
71113622
19444336
144402558
189203940
154185447
206294737
195850782
171590086
202642226
10113813
25006358
169380310
56441311
153593870
144403051
55503550
206145539
106561884
127125985
144402233
97922655
231162043
129712208
49292724
171101268
465886
73776909
109391269
34768558
103475323
35369656
150815089
88782605
151653559
171971387
35500316
195850419
48027604
160270190
85799277
190214109
72183018
142811480
97817362
137805329
154181435
40369793
794500
68136
88069074
129983064
210458360
70038925
24766594
151837213
149753007
23405199
189204121
1728115
160269299
239824412
153837820
196390033
145574602
206123112
182138860
182138882
141014222
2224067
153593187
207564970
174304632
31518404
184767544
172442097
179994511
140614090
197047046
24830866
243098578
192689728
25206116
251754984
29380337
76288570
47504229
139565549
20161861
13809553
138843491
251392235
245772803
192952019
194024736
7184345
138839726
217276310
247329251
180568318
172442673
139229845
153529768
144401924
152690015
262605467
39360717
34761883
108132435
89664487
89604925
153594098
195850590
205390288
184944224
20777605
11623370
101171289
158900865
144402606
37152950
57843193
14992331
85790886
144401599
129711637
151612216
144971231
6821183
391522
152915274
144628933
13733473
1728117
122392985
51991352
148699303
24827793
144402682
164542062
242084719
195850671
71684370
391528
59484180
218745595
132837607
143223905
25404077
118083371
20145863
2862571
153837905
144402209
134235762
25006150
135160107
132837872
97816741
138383179
218748023
144401497
135733112
134655667
230961325
47507663
143113930
80960425
169380826
391511
261005462
119332779
144402809
127126076
184944510
168727447
142721055
145412523
195284078
195850710
153593843
153593758
70039780
13730178
122869170
83933637
153664428
135731226
129713083
129712132
52253878
192952069
180001601
153593434
139565380
47208878
168723061
144610012
145411554
137442380
151439174
163148006
144401951
135730309
33597892
247731202
132837308
171971282
171971180
74561299
391524
245222058
172442284
217728778
152762363
153594324
79461710
794512
145411690
149194369
149194183
196411035
144936842
144402535
219407713
109774607
206466402
20959911
24826112
153594000
794514
180939925
129711532
59397531
192268621
1467305
82938926
31518143
67242096
103869697
84873904
84874161
82938785
192951545
169380914
194024752
23411389
52112727
202641656
133104874
215101549
794498
73191233
35450483
454114
153593540
128325061
794518
20203876
11662833
153594058
73685620
133780517
206459992
144464865
195434783
171971955
128641991
21607614
36613442
794480
12503426
6821143
6821175
163015169
462230
82939043
82938974
49379402
29359116
82939085
29362408
99045700
25005866
84874171
102136890
192952221
248325936
192952025
50216903
221268744
193737187
169380929
787210
121171575
23089467
56441296
25005681
144402237
144402002
230253303
143880685
153594578
96589601
242092437
14840785
153592674
137446910
79116663
200651951
184944429
102504998
6821187
189203966
13808492
180324907
164326055
68820139
82938877
83750785
25002982
29391444
25005291
23411407
5009275
192951618
147604717
169380308
192951568
48607170
172441943
201816825
196332813
184944539
139216880
97912050
219254350
239824205
73402291
11623045
79380223
146735588
217649195
143612273
83936321
171971862
195434807
199682397
794508
107443150
177184573
82938938
51991440
1699225
110205734
25679305
110205722
1069216
195850022
169380293
192952091
2862609
129712070
79127730
180528159
11662666
89623766
13809555
71371592
136021243
87585622
201566200
61557715
148716790
184944519
184944455
138616233
118082464
42157281
87650263
184944448
132834571
190214196
23089469
207498750
195850115
48458129
71684540
160814727
82938928
82938875
35370904
134293126
82008145
172442752
133780698
132837263
205913928
144971186
144402334
184944174
196333949
119331143
145847236
125973232
119308935
794478
109772117
129713318
19443658
13776677
24840669
184944524
143618130
794510
184634084
23089466
182473330
195850230
17986616
124041307
192951572
82939011
169380610
111979888
51532177
177165934
248643133
216225664
195722603
153837995
187596165
132837169
206452110
144403427
139565433
144401753
129712693
153594155
144401504
116726811
147208851
215162938
144402438
195875423
164539984
163297894
123434853
187838638
70656459
141014239
207565614
125284723
237073463
122871733
196045518
102269101
129711121
153592637
139565514
243058044
207316703
129711301
187836861
144402303
29379257
144402437
184944228
253071147
214868275
253127856
253389791
198435754
170337607
249938233
13814415
74814510
113929079
198436027
198436065
198435991
187838585
229776442
153594121
25207231
25004212
148074853
137466796
173030868
79461370
25004040
260920557
249937474
260920611
260920275
260920309
260920549
113670128
260920644
260920841
249788723
147938078
101171616
134661181
262482267
262485272
101185746
262640604
195687808
206086381
75933997
198858015
141133784
153593920
249007042
243058042
187328760
50216905
61554306
80960889
67242458
119026515
78554053
97513548
55289900
97816744
99045679
80960433
119026517
51991272
78555444
96579616
100286174
186567897
192951986
25679303
787206
186567885
151950790
192951921
216724804
55289927
51991389
29375011
51991622
82939029
55289787
110205737
51991457
39360496
32222833
248647042
192951566
192952157
192952171
169381588
160814760
192951963
169380304
160814762
207507190
202643478
263105118
262699530
4486881
54819404
54819411
110965662
197656932
26604032
129712017
138615399
11662904
184944167
108877944
72029583
70660190
144401449
148699340
184944441
175104965
150252178
153592918
188904743
206472148
138834661
144402259
96579459
96545720
144401896
144402197
96557294
153593034
184944449
193372705
139565468
150251301
153593237
144401468
184944226
258403805
247316251
13733517
112970051
144402611
150248674
184944158
249568861
205540791
153593232
242092419
184944485
249029619
16373712
153594550
247383849
187837874
139565235
148075051
116726600
184944436
144401938
247571072
162200682
144756221
184944409
132837154
42968884
253233365
80955461
184944427
143274834
147886111
140279680
144402160
144402897
222677652
260920828
260920617
260920882
11662732
105744715
199972178
183702848
191365093
6821179
51532175
12519660
230202231
101174481
262780639
196196762
14536896
29362464
117985755
78555148
23411782
23844488
207512419
56368019
194024740
61555367
25538198
51991249
110205724
48011673
2292169
25538141
32224268
102613509
97517489
110205718
76822169
119315434
23638215
51991427
35448788
124041334
97816746
96588567
257835625
207507008
207506907
1467311
102602463
192951885
250233509
192951849
192952196
248789451
169380608
160814725
192952133
51991777
186567891
169380388
192952161
186567952
250232855
192951588
192952117
192952051
192951951
248325910
192952027
205900086
195850545
209409722
169380909
247262020
192952065
186567881
68331
56441294
177975671
25207966
247287229
171652293
199630997
11387789
247949136
205086384
198893398
198546915
195722628
180330008
172442494
4502753
54977309
217180380
205609174
208474839
203810535
181485532
252400956
29388348
143613659
123431596
129712265
29358799
102513284
138844522
144402630
97915305
144401837
144401664
184944413
128642004
153594202
126734697
206472103
206473555
148075969
132836277
25006205
144402178
184944447
96554117
163826436
177656139
794520
254082539
253124965
260920344
260920345
11662672
172442543
248066454
142045307
101179549
205336187
192293151
183702799
195722602
198292358
13731511
13776258
76017468
252991109
102518078
115902406
251544556
144403366
144402955
205609331
143612569
169371790
249484277
196028411
143678394
249484104
214867624
260920340
116726647
187836869
126734967
144402387
184944375
139227222
147650309
184944533
153594273
122869521
113738124
144402096
29397364
177205995
12503390
12503336
6821151
202395449
215162950
262897386
244330804
151729982
182474669
262605429
195850260
26613934
20856936
251754918
195850734
207512413
207512365
250232915
192951945
192951865
198395014
225195300
225195302
186567899
169380634
169381694
97921214
215101550
82391463
199631374
177974837
25679324
192952015
169380450
192952234
192951562
192952121
169380232
169380701
82938882
82938856
31517076
82939079
51991212
61553800
29358867
61555587
247262210
171109275
77754364
110205763
51991193
25005051
67242473
110205773
51991757
96578877
51991279
119699177
25006506
262699538
52112729
19345417
262699534
192952169
156202332
192951919
186567963
206145531
186567893
1728113
54977313
54977311
198551443
248643062
195850500
23828785
58918210
202263845
201816642
96580322
144402526
163677553
249484252
140615952
25206256
144319461
96580283
139565226
144401419
139227335
128326292
102269074
209600601
207476996
187837479
149192906
11662911
153594708
187837143
153594544
139565404
14307022
149194161
169367533
128328050
97463450
187839198
144402107
169298144
220683291
113933438
253209055
215120037
215111014
260920736
260920362
260920316
260920545
35189399
198537137
198436063
258275760
260920689
260920471
173154417
129711652
142720822
143862822
196382375
139565521
205609469
195875294
117248886
128325611
171971434
153593859
242191354
83021001
251392277
144402404
2292167
184943919
215194288
102517537
187837234
73402405
135732157
205433273
1711785
143024556
115149960
116398213
262699540
25006555
124041316
50216907
31518370
96546248
82939027
25538420
97815960
29359105
25005884
70805593
51991535
113005900
35449698
82938952
29378714
31518589
99045709
51991660
29361045
25005463
96584553
102758589
63679467
78555181
35447228
203204699
176523010
192951998
192952028
160814756
206145529
262674361
202643432
207506356
192951974
160671856
192952059
104097091
195850405
248646987
169380404
197866774
169380406
194024748
160814719
186567926
248325930
262699532
114788279
52678999
35243293
23347998
97516992
263393101
48477606
195722775
129712673
150251507
194567700
29398202
141158226
184944355
153594743
96583539
169728525
128327051
144402323
147631918
239196233
144402471
117916472
184944463
76124508
128327920
117105694
144402895
132837929
206458346
189204012
129712733
128325757
142720925
200629589
247573476
137968616
252130383
36613444
198435975
198435992
180598648
173710535
115149911
108879196
149195285
194564858
168724447
168732887
249937477
184944178
148076560
184944600
171971929
195434791
144401616
129711996
252784568
113990176
260920319
260920271
222677643
117074900
202395445
198537258
252784428
260920541
258403712
36613637
262503026
192268596
6821147
243058078
180344923
263028801
214738504
263209636
262674563
247949223
192952107
192952245
248325916
169380978
160814741
192951649
169380111
37795203
82938903
123442511
99045669
82938997
61554236
26612779
97816372
61554144
35448872
124041340
51991522
99045625
33454722
61554182
31518792
29358786
97455093
29392598
51991374
48073203
51991638
34765689
118522967
82939097
103475482
82939049
195850622
195850045
21606857
4502877
199518198
171652266
247261922
262699519
192952149
197866776
192952075
192951586
248649173
248647477
197687772
192951638
192952173
192952139
188996054
192952047
169380055
173450033
97921877
73565388
247949231
54819409
197180110
204439492
202263760
208277141
95982226
25207719
1467307
251552922
129712786
147948513
189203838
187836899
207557794
130032742
96544886
79162620
141045718
187836737
115223420
79554834
145412456
150854570
207557841
251392554
184944451
188189599
137639716
144402784
25768416
184944472
144402523
102515221
153378902
96557519
102503917
144322136
140280711
16702286
79139106
83020984
134278851
78903824
11662842
70659471
248803487
249484209
144401947
144403522
193135627
260920704
260920337
260920741
260920697
260920669
11662917
253127531
253127876
80952479
71175187
173731653
184944125
152915472
190819244
144401774
102518271
143949953
195722648
122871364
188210620
145411977
242092444
108877755
144403177
153593848
252784422
126794305
155242736
241909502
195687706
6821139
12503360
198436117
258667224
241909543
169380508
192951712
250232859
192951939
198396263
192952177
147593031
169380452
351288
192952175
198395018
31518639
31518331
82938860
115695157
97815792
51991219
110205757
248647157
262605485
262675008
262674765
202642987
263034427
37152560
82938797
96575451
107005191
119026530
25538241
37152452
192952167
249012544
192952159
192952143
248325934
195850770
110205720
61558036
50216909
35448695
25002646
110205780
25005909
124041287
29358762
48011191
37152514
84874149
51991416
35449243
78556025
20803925
54801359
52254511
787216
247906306
198893675
13152581
122392075