52789367
626886
205033951
52805060
193099631
219148748
73434639
195545504
114275076
248755012
2732615
7201933
870619
510195
10568888
49549972
195545286
520330
253656610
189076565
15156115
214496614
248755005
19913953
1392945
200039678
11357193
77326136
510482
47504724
262590381
1392941
162507469
1392933
195545372
38322590
165956561
212213043
2612577
1826145
529695
212212328
457248
535839
47504730
571448
225267735
1392935
253706332
2131603
165956557
203084166
196837810
198097417
197599718
47504726
260803529
252358036
21032159
197599719
204009111
251984810
48872746
63584824
207475538
63584822
874800
80970604
51248856
2880399
92551536
3724993
2719971
73923128
7148807
56696849
104468895
56908125
188057285
836114
145499292
182556104
216225895
542579
1392939
216225735
488166
198120087
37449508
137953421
191808334
252755861
165626756
475120
200679215
24999366
38139082
217535537
100207921
195545292
442775
161863419
197599722
216001278
176752898
251984759
867543
122094507
22119734
9948011
205694855
204009113
918994
196839574
345205
251984816
123513358
493004
253273494
250549130
249771968
143667593
475139
542585
548697
121980163
214496612
142333507
21853767
192950307
197690017
196840184
200727140
451936
242630152
210513612
216226478
212213977
1578143
107331074
212213033
121220762
250549006
403324
10833364
146225311
542575
25002001
542587
195545263
128800218
200726481
117202884
214189081
1387569
24999947
542586
200726927
216125502
485345
11194593
427295
217510424
242443707
187011294
207774062
111498900
474774
173479580
203477548
250549014
260406024
542690
3076653
249777598
208118226
200727130
217629820
204880951
3076655
467896
242630168
196021721
518874
200725377
1656039
242630155
183679390
242630158
2719977
196161488
192456479
24594042
2884133
2719963
25001397
201847527
444696
253670219
207281024
195545489
204622927
158741259
419636
512959
201850321
207336289
252859776
204622370
242630160
128711624
203084112
204622631
242630166
204880962
382544
259513850
39630821
198590063
242630146
196021592
242630170
25001535
248592428
49716251
251984786
182851044
242630144
262067574
196941186
251984574
190608366
120333217
259574959
202604405
76778877
221255594
116455629
161863238
48035343
5907353
9729898
121745248
4696373
118711360
247764203
512963
262045855
626851
252762169
197203122
173488713
109295435
217535522
355911
143667944
251984791
250549069
253300514
145492826
376722
205608935
51248854
480202
76779791
203084132
263104589
109765006
219387346
527358
196941193
208408666
495379
211961437
253228804
20036520
120422767
158741273
262382106
259574868
207499158
242487061
186190012
240627103
189634115
191808601
155547931
121970241
121743991
263253477
262387852
198120053
250549041
217535405
161861281
189634111
195997251
28091492
200672179
203084320
201308048
143144303
197235506
109109671
252390462
204622971
252398765
198119939
348626
191808597
253274964
167488820
217535481
456360
192704686
210427585
245188172
387549
243226450
143656136
252867818
109109437
253282032
190608518
212314792
112529243
42459012
215800794
198087383
216218045
58751179
188535078
216213294
242101818
369336
249077598
215822880
186463308
138674889
243096141
262782128
125442849
200849358
12106733
191808692
253300512
145499258
196941195
252246201
217489531
2463189
212934371
122821043
210966755
248802819
109109439
2884131
151950628
253276479
252641081
170998927
251984842
170998879
207281100
43341563
196941188
252389752
177493532
242799347
406552
210531027
247265623
425068
210966276
36710658
206821746
367362
201850579
247896895
252649160
251984743
9669480
250549067
2719975
618540
143144337
203909458
434338
198120025
252246699
146226333
242630180
251984768
208118228
258673240
3644653
203293389
253700660
113526709
475125
200727222
252649063
195961288
200725339
143144211
201308095
200727088
208408700
199137946
253274858
142002717
253238237
146226452
203084106
200725399
203084142
215822878
200727373
184080973
261966832
184437720
213936125
225386290
253305487
51244267
189937494
113528686
230004277
120305117
198120066
121972366
1283287
7148775
48330197
221512257
195545326
189684511
127032980
253471957
247859713
188057268
253259460
383618
198120002
170861097
382893
199006543
203084264
194141256
380829
253398125
262515783
191808708
247377868
213936327
2884127
216226234
202961413
249964246
206715011
24823002
112076501
178736652
19783402
253282688
50215497
198119997
49704013
243094635
253284338
247921379
253269111
252246286
244178315
257844427
196338157
200726586
262567698
201850860
200726931
10187420
143172589
201851025
200853096
219161782
339271
208197913
191808610
208104725
192456132
203950120
191808630
184242809
250548902
174038839
198590395
215800642
566255
203084282
48962658
242443709
147564432
249303027
215800707
215800709
559678
215785643
204622638
252603295
199006609
263253465
179233550
261966770
216226959
242485119
253282458
253306537
208118257
252274679
134278842
114944356
244300470
257787209
252573331
253363368
36710592
253306642
229735738
188059154
201851683
253304924
253265201
200726485
24863033
252756741
255371085
247799385
181782952
556868
191808533
242952845
464133
527186
191808519
207280900
252274081
50495514
217513643
24999886
209867737
600713
208118253
24594320
249967530
87845971
253691098
571634
10187412
146265649
210525135
2884129
184227220
193640440
1481073
119240549
208117597
217316070
242101888
2884125
189684225
417387
217325257
176752905
428951
199006768
260860821
215785650
198956860
208408651
200726426
191808728
247996914
191808500
430126
472239
253720672
253262159
190502252
253306672
253258516
204622318
200726966
187011340
243223745
395417
440656
215822882
463107
213585449
253298739
253227733
490906
345715
495507
253259482
200726574
207281030
252270994
120313533
121266083
261986212
177641671
191808538
244300605
203084314
217535457
242102025
198956618
13290513
215785738
253285155
251983672
252396345
200848764
430486
251984569
251984736
203223268
109861882
182848914
527344
109109583
198955934
109109532
246971556
242102034
200727144
208408742
181461085
200727108
253277327
252275129
470202
253268995
209900545
229732672
513977
447656
77036019
112949657
252246272
200727006
419633
229735541
186741989
213936175
249683085
252574894
184466020
132304632
194489357
229739422
200727264
229740831
252581062
208118260
203084360
259513860
208408710
217535514
342797
177633738
207974072
242630147
193564836
240626685
216213365
259574764
203275470
249026430
195508267
143144285
201308013
203084124
148866403
203084048
187011419
208408612
200727136
200727283
200726600
207281048
25000840
208118186
113526461
252870146
253276431
253306152
253298743
225167808
209280415
252561508
111421530
252396171
252389998
87045761
203064975
143144279
261966865
242630172
10187416
198103095
217123626
46240909
195318747
249026436
394293
253398123
246208246
214189083
242630154
258820460
216288788
229742025
207280857
200727461
200726576
208118193
200727303
263103813
200726825
25979238
253263016
200726569
200726428
207280895
203909503
191808270
208643676
243098588
252246727
252574823
120319339
253258857
251984668
208103774
200726872
77222622
129593914
187011375
134515998
262811728
200726842
191808581
112928876
215776511
243094637
129138234
252870169
263256545
189590180
263071897
191808480
253269094
229741608
182849291
182848928
200727244
203084292
200727150
213936146
203084071
207280883
36710692
203084304
207970952
252767752
252574145
1528287
209905856
209293580
247329906
114944364
191808294
9729892
200726661
186434556
204622651
211949411
242630142
214189472
149801733
112935866
216213396
252870154
249176424
249053514
11193224
215785862
200725405
43751899
10798432
242443718
252574666
210427718
251982258
35474167
213936225
208408692
187011318
182848930
208118255
208408720
250063725
204622455
250548875
200727194
42459006
262811777
193125912
221821883
203084278
109862007
167488616
246159714
263071067
143861335
249053569
413976
253265182
249053469
215776580
215776585
195300970
187011513
195913056
181783123
145649413
258567517
207281062
243093813
253259486
229739941
249610732
200725434
253276034
35474312
252870152
252040952
247799418
208643533
229735565
200848536
252578338
252867065
251984838
263354928
114945007
114980872
191808560
117791508
252390054
204005189
217535441
200727419
242630164
215152777
195304056
216225769
112937375
242796380
186433528
114975796
215800711
215800906
253271398
203084410
208408732
191808609
191808554
200726300
200725906
207970990
253363829
198120013
253271587
2011539
210531019
2633661
201849981
198901115
186434891
2357771
215785648
187011296
207336233
194451701
185271986
217535491
58932964
146226392
172475993
217535461
246161489
192117338
263072294
2496281
172175803
253656605
165956562
165956567
52785564
10392851
108231259
205033950
158307847
200780105
174038857
253642367
110447670
194959694
205694860
189572584
168234720
188535523
199969254
20271894
520318
77330632
219148738
40750124
214611399
184226852
219148746
216090596
167183928
192397137
175146839
214617629
215186531
205034090
174038853
192397049
520313
1891219
741765
184226418
53095307
656342
253471970
184226849
219148742
215186545
56908132
510486
573720
247858747
260803531
212993220
10156061
172066070
50349598
14044905
571883
219148752
26222265
111580004
260810304
1891217
497088
253656624
201679851
213861834
249771964
207531038
108388489
251985179
813840
195545332
219152146
215186535
173230850
253307803
196844548
197628286
200764124
193450577
124231550
259479813
119643056
201004696
63584826
182972779
196839327
63584828
192475875
172907796
183314636
195545288
107015960
3282119
252859688
171255652
160836697
58190981
566256
251984608
211924859
216125410
2068933
157666973
184594032
253721992
119240587
258848742
192951028
105224525
488165
262066003
546622
208739302
197264292
10603906
72926828
214588298
195891807
250020212
143144183
196967989
249679671
209612282
446683
200726578
259771666
203084070
204224750
23609953
217725254
188542192
253264975
42470052
158741269
165956555
191955271
119240540
206308041
57380875
200726787
215186533
213716290
166073424
56908123
249789662
174038842
970234
252051417
247566100
146274029
205033830
471332
177736608
195545297
205033835
181232802
1392937
523501
249766172
153922884
58973838
191808524
3076661
10209512
253615145
87236132
49501964
136712964
249777836
199607938
206820416
471328
55514215
253300552
251384737
192564975
252583575
355114
242101962
125182652
121258953
125797997
121744033
35593691
212598127
108131026
123647218
95071281
196832446
261824963
143676390
143667760
540005
475137
262452875
188543625
1038712
121977446
444742
191147871
1734369
108386218
760071
192949496
242209319
262387313
403461
531103
243083102
190106182
109109553
176926942
262690323
252090990
143675074
344705
253275093
50704001
182555534
398755
11482666
488178
206245518
123647170
203505615
176021592
74267452
253268982
192733741
253273922
242082618
205540601
378227
202854399
257766877
121745060
117791518
202708715
207503045
193736760
248523161
46823834
214585493
252973064
200726039
246856171
187011364
175948850
242101796
192586783
261808862
216217376
195881245
126959489
197148262
249971742
252640920
242443711
200726994
253273212
136412531
203084268
143656053
109109444
200726556
215423229
253691069
448593
191808372
196154783
250067782
56908127
160836715
195961285
253700437
539037
43950714
1315607
116904721
113117361
249915852
196537742
249569784
253274917
259514996
116656422
242625479
191808546
117791487
250548895
252561438
253298857
191808522
252581096
252090872
181782993
187011607
7959389
253276841
20036522
191895279
213961015
208408624
191808292
200727380
215777842
246208331
172146892
195897265
400629
24987194
203084229
242101954
263054398
194198698
229695878
541348
472278
151950501
4704905
246760149
214656507
191808567
253236764
205729532
24984568
107798591
36582822
194198682
134222577
242492524
225942916
50047485
262654339
191808589
259403097
5067151
169217050
191808617
185449826
194859093
50269847
242443712
441373
213548906
460484
59362959
207710672
251459892
242492716
409890
216213548
169217184
541356
248592483
235885073
242443723
57388077
541353
243086123
202782755
87245797
203084380
77626939
249569775
253275027
248370837
249588525
200727176
227203546
205226033
188057448
63078277
417215
208408659
203909509
253235440
199554861
1387571
254132104
225324896
176753060
196022347
198193764
253238107
569475
248435394
469431
1672463
21306910
122908929
183506916
196394990
251984826
4299553
252011530
469424
629091
192950398
212934365
2608653
186187156
3076659
189604112
249149795
27731850
1315605
197148608
200725303
405849
244300041
558612
475306
175146842
248767679
250548948
249257245
214189460
249777834
222638941
242492462
1914983
68544722
206308038
108888471
197719879
170741334
249257260
38139074
397233
202721712
254113535
252859693
253268894
183230527
229703744
982877
80699632
203084206
193516652
258823443
216226688
48492101
249940857
252390916
191808585
242492395
556872
186433842
184476229
143144173
50939397
107221822
146224840
263253755
176752930
222638947
200976651
188229227
166223065
200725419
422118
215422938
182849309
200727148
206722316
214753144
207280905
216213471
112947610
202224422
222638937
196180774
157117964
208104275
217535463
263209705
190106518
550534
185435634
262903780
10650076
116142685
261834712
110398713
174038854
208648868
16422486
35303884
249208141
441881
488393
427940
22648526
196021866
1820061
119229141
191808518
253403114
200628692
222680025
177274894
254095091
252574886
247786067
189264139
429149
248842159
253276475
253276893
208648779
189536296
45613744
196205677
43950719
253310295
199037371
235420790
242485096
463348
203122567
187011445
214189303
203215236
255605975
209608473
222638944
485335
518257
169331237
196022348
543206
73230274
217535419
403505
215822991
35291496
142973767
250077492
249054624
200727093
167140848
253275137
261986176
246159252
193124958
391858
122592725
691136
208917328
210513745
74677856
52672780
5746495
176080924
252764234
203175454
196180917
262452860
242101902
1217933
214860356
10187418
12106731
176024921
197464899
216264891
51287039
247921059
187011562
246551888
114973731
216213550
10807780
201423172
48905499
7034499
253285142
188050548
259771660
242443868
36582818
91089544
262463437
216213531
453682
600382
174943411
242101854
134222686
77626943
53545644
453668
184070288
82880137
200725375
351036
242101966
254189101
182849275
249771950
227041304
178736664
217639502
260328626
52672774
217714073
137114185
242101698
391898
253182619
253300530
533107
249960223
178736650
197464998
193126048
248247414
207281040
253277225
254132110
558615
200771863
253300481
210512635
203208261
252393049
247362308
197464992
209609980
190864115
261965907
196022345
219164112
720627
261986251
92010754
191808099
197464897
200725417
252576614
259567266
117791497
202529455
600423
176080885
253275371
158741278
252569365
253268967
217512093
253284604
191808712
141289964
171938514
191576039
218736764
242101986
618684
32907927
198239918
202047693
217510277
253276039
76779783
892653
199039091
255605662
100964978
200726972
217640469
475313
253297448
182851040
177274835
219163808
253298640
117791506
252392939
179495967
214000444
19783410
214589698
1528279
200763611
187011353
191808716
191955195
447343
6932255
248655027
217510698
170748826
117791502
216982850
207933176
217535543
16255664
176888274
77626960
207933187
203965308
176024195
252580529
176752851
127032993
122521493
117684647
202414962
192547212
253300490
209279096
187011417
165627287
174943417
217385280
186110681
185449933
261986158
28278722
197464891
252573412
488181
109109448
244300475
203175499
203156990
216178144
196219885
213524646
1985767
207368056
182849278
192548863
242102013
464867
484544
252400499
196537976
195951924
195844954
252759456
252571357
190608438
190608492
201850280
203084232
478624
191808603
249030126
196394981
203117964
203175450
247938170
196058212
197464889
880688
143656304
135442856
251984844
249053559
252574150
443997
158866493
218736757
176752976
248460380
242101708
249176418
154164506
191808587
193007774
253234287
262566545
255317098
249590195
200727218
425159
20009886
207280912
11492076
203084258
72050499
252401676
247019132
1656041
207281091
188293365
253276097
242443926
210967770
16255792
190608390
253232788
203084344
507465
192863747
242443725
253232618
181267938
203084220
207280878
196579478
5478333
178736608
253298752
1528259
253298749
2449677
247799371
691313
214589671
253284624
187011578
253285216
410087
156821151
117791500
217535465
210881993
172147046
197602784
169748640
217535459
557317
115795821
253228780
253284538
203084092
214718126
247789429
199038468
128525958
215896343
242713282
178831313
342255
990858
244309141
167488186
176430874
2783105
253265336
748934
379072
242101783
40970742
192908852
116522557
114895807
117791514
215897228
253407069
196338118
209379568
203084412
15269404
10187463
248742067
187011439
451933
242101977
209279133
449551
252400670
252580657
117791516
181783056
216213293
229735642
252861870
252399890
201829039
137024869
249176444
242101793
263063896
253254769
249007368
210527470
252393111
252578225
207502917
207502997
193523939
190608531
249693692
200727268
92487812
199670921
109573629
243083150
253268892
198672313
210273835
203084114
202521581
19783416
215777946
20036524
117791458
253254778
263063967
253259018
208408686
208408605
2449675
252580851
252605075
207974056
252039212
36499605
187011557
193976627
196157728
261965469
245942281
202529562
260810929
253272458
253306140
258752520
260914415
253281717
198531884
252244364
574762
262525483
217535401
249590156
116246292
253282195
253269075
200726916
173086320
196904762
35281379
216296790
252274753
190539335
143144269
252272871
242101970
163739545
253305008
253236917
168900815
252635319
242629518
242101874
253238201
252867939
252576364
253089183
1661077
216213304
200726582
167488568
207280881
184442475
208653033
249038604
252400314
249956578
259771673
203084323
242101716
176816447
109109442
198671591
174307722
191808655
194396038
396499
253304877
247705849
191808526
253269046
225210807
253232030
252575179
76181978
114895617
212112764
253306318
242443876
249679551
240626800
202525693
242102030
253363479
253236124
192547723
194819053
112253260
210527474
253230416
150372567
117832418
181979020
216213491
215791339
213936109
253056806
253254764
246528530
252765343
253306314
203084210
201548768
193125985
225206369
242715106
213705986
1672459
219163565
186484697
253277013
252398973
261965307
137001505
48905507
222524048
192586708
253252918
198193750
175174352
427358
84738667
248774269
209403463
253300468
253297523
207368054
179981705
229732769
253262367
253237732
100285079
253285643
242411262
180400061
11422537
182848890
196946017
196022334
213936132
198193760
252636337
252765037
252401039
253261900
171648953
247239906
177924849
208643695
193007736
217535516
195300048
248773373
216026069
260892277
247343251
71196949
449559
207280867
253259130
200727240
252400224
252390517
252765300
252671670
143144349
191142050
235368674
253265859
248497519
176909457
167488868
199041197
77222728
195851346
197717412
183315271
196021731
17533338
260854447
253363852
253303459
253297498
253255723
253236605
191808569
2446229
80358887
247019356
200725425
200726165
200725407
249026488
92487819
252575141
252639041
252765230
200725448
252671720
252276542
252400662
252569506
244178321
158851248
191808571
192117349
217535518
203199576
203175482
369828
179496618
251733517
251733623
159823729
195326968
6932319
216213390
457444
187011621
182848892
193125724
209610601
253271325
459647
252635203
252575473
252763782
252605517
209610108
209608510
253237673
109109475
229740501
253281866
198193733
176522900
244178314
192556923
77222064
259771668
253281265
190608480
208303106
196021776
167488308
214234110
251733490
249023569
242484697
199006789
249053475
249257280
249938494
216213359
215221527
198672356
215791300
198957969
216025969
253274589
73765936
253298671
203084140
205506571
253265030
208408730
210525225
225171419
207280922
13979492
252401048
252581268
252766676
252580786
252393373
252574212
252390764
250068667
196022341
253232288
235375085
204650057
215800601
208739304
116904738
147988045
496977
214200496
243223921
195851341
216213523
216213565
172064971
217192462
207974066
182849322
196937381
253305013
11493613
253306461
253275924
214589701
252562832
252635206
208408682
252390205
252766836
252639236
252399210
252275301
143144299
176097838
208643660
195664381
77231059
203208592
249257278
202886258
248643245
249208116
245769373
249038661
249026465
242101875
247238761
242101784
216213315
245769426
245769462
168712758
249208042
207792580
249054640
195844952
215791386
262693296
262705050
1387567
189605773
182300917
263256539
192553399
192548661
263105098
263253582
263253481
263253688
252826683
202385665
263078491
253262354
253274966
253284426
253285187
253258961
208408680
253276876
253269069
253265899
196941586
200726887
253005258
203157220
203478066
252272349
163739115
174559144
252575369
252400541
252578278
252767833
252576625
252575465
252574697
190608510
109086519
213936264
248717190
245764941
128711695
215800459
23708934
143144191
117791489
263253594
147348076
202730539
203215215
116249820
187011623
202525805
196967036
203321327
179757559
178934850
137127638
253281294
215896341
253530677
195300046
249038665
249208040
216213404
249569844
242102020
249489536
109960093
242797791
246295377
203213080
242486998
244300706
246161518
187011429
112935205
253271429
248430584
194129040
192810162
248643211
245769398
245769378
248643258
215777909
215777817
203999284
193522045
216213410
122380433
209614392
200727529
34746484
253284871
263254392
22650067
253237715
178031691
225210805
263253539
210146240
253252653
253269067
200726995
200725359
207971038
208408694
252573511
200727236
190289122
209867947
209610773
203084095
207974052
252768804
252671724
252561473
252605754
252671691
252605082
252635714
252766780
252766692
252561532
252279282
252635303
252648191
252570469
213935991
248767648
188783954
214718109
19340523
207515301
263253488
255295037
253269127
215800534
263389361
253255950
206539112
191808488
217535555
210283515
176768325
243094613
202604131
199871222
114945315
196021677
191808509
77051325
191808539
253262183
253228818
254188449
248431854
249038667
244170473
112952010
200848329
249569882
242101810
248643239
73475067
216213289
216213394
216213528
216213448
216213529
248592497
124767710
177778342
249054632
246156070
177980655
246161006
262653756
247016099
215777941
183339126
77038796
203006059
195859347
2357773
174248445
263253977
263253802
150879805
253271380
253262989
253235544
253235232
196943018
196944344
200727478
253305698
181783145
200727164
200726590
160836701
243096432
259566758
252399935
252763679
177886786
252638890
252605683
252605520
252569386
252635362
252671668
207563307
209610106
208643714
209867685
129198100
188784340
261986210
207503049
253284880
263354924
215800603
215800457
248727275
564475
182848922
196021793
203208541
176903536
203293695
109109436
203275532
242443901
179513561
191808544
178736696
211948673
217535510
191808591
203009415
350081
202611060
203293906
248767627
242798873
249053504
249053512
197590667
197602788
197590664
214189420
194024452
242484508
242796416
249176358
109861976
195639510
195639507
207294551
136979153
138661070
192862072
259574899
240626619
242101869
249489671
216296786
187011589
244170460
244170504
244170453
248592499
215777809
203227304
203040227
208780709
190608521
182300634
207280930
207970976
184444484
203084147
207747770
253268989
253284899
253259026
10564718
253272789
178831539
175154961
252633382
252767661
252400426
252766787
252390892
252604933
252635513
252389305
252577125
209430384
209905976
217329335
209610538
253300464
253237336
253235144
253236691
253305003
253306359
203084090
10564724
203208703
263253652
179757759
253305048
143144306
242487149
249033401
143144356
202475568
263109177
125289395
242799053
215797027
253237430
183339145
190087879
190608506
191266674
55616451
253284135
196021562
84565716
210138357
181976443
203084118
200727360
53988212
202783248
245769400
245769392
107366397
243096128
242798712
249007360
248460769
243096148
242485418
261839667
242101735
249679576
249679605
242102047
262783414
178031738
262677354
177616272
249149793
263253667
263254333
253297521
207971044
147564409
200726517
208408607
200727169
253227921
196939315
143144275
203155873
158741267
252867648
253274884
200726882
208739308
208648872
208648838
209867714
198193768
193007460
197657892
177980630
252639230
252576726
252603298
252575608
252767885
252640929
252635332
252580819
252765273
252389204
252764792
252632989
252629440
252644298
252639224
243094655
263208145
247924175
215800461
248247121
263360008
215796982
200726947
202880143
203176453
109861864
174605347
53776063
101932120
203293510
210156209
209867712
202044904
193005819
203084244
143144240
215896339
200627949
263253661
249176456
249208103
222524396
104272298
246161001
247883767
249038586
249569845
249569708
249026478
248592476
248460914
249026463
248767681
249035968
246160111
249038651
242484492
245769430
252641039
243057241
50215918
245769388
249007362
248767646
246854342
210144981
203213322
202878846
216026076
182300789
214189300
163739299
213886894
200725466
217535607
263254091
263253887
209610074
208739162
209608514
263253605
253265147
253268884
203084246
200727184
25814402
252571369
252633020
252764757
252562482
252633052
252634459
252245861
252633000
252635396
203128262
203769721
246972100
244178306
249053490
263303985
249373096
117926943
199006541
248643231
253306630
125410028
117832404
252079954
183484128
191808542
246160512
203115342
217535551
210955806
203293429
203006011
172475920
203084422
35594979
203275496
209432138
253285095
190608549
215914892
111290700
248989445
198644080
568762
49549966
52207304
129765498
192333857
182972780
191148988
571210
11482677
175176401
85029037
42843011
1392943
262731077
17371066
162832796
429150
174626750
4940239
605018
135783809
46849710
17960391
91544425
88941675
165956569
251274342
195306000
201004711
205984154
191822624
251573836
462097
87236204
229732147
177752941
216090638
196538758
466710
263044376
476199
262904872
257915432
252011539
17371064
257865334
165956565
63584820
190546801
23251450
252011541
205967014
403508
192020531
462438
248893281
253543644
249022330
200780110
253358242
198569578
193003584
41016104
189076559
200780103
248766944
196932364
183553202
253398071
192333856
253060897
253058449
249267527
185654112
248773623
207780156
88800910
88800909
55503383
34471386
185104325
439401
208408615
480395
197657911
203927247
4122051
87720278
252591756
135032792
69162913
253058445
253058444
181673835
201679170
198721807
147564405
598776
196517436
207778726
114245976
34749035
200651471
215414923
252562968
42842961
193741713
200032369
34922821
204761926
190106146
55503230
217481427
437679
176752931
42118296
90116424
259567323
249577350
207779669
185006244
261986164
216213339
192636384
249220293
179693820
21314852
530005
216933913
35473821
181783034
160370330
262082339
36710562
34471338
199876285
207791034
206318984
215422568
189587954
185654072
262452891
207503109
191632104
253298685
247776735
248767589
263023142
202006405
197739977
398595
145093003
169312800
262744913
42843093
2450381
262862184
192673220
249260019
214169577
199037405
252591790
242101699
36328188
213961017
248247268
206715009
96031656
115117506
22534460
176824188
35301791
179687039
206058891
196069009
186497020
41067707
199006646
194198642
109035976
403493
253264934
116669021
205944855
538995
203746122
190106475
249940601
200771433
3076657
262734488
34922817
216220159
153078465
180582907
252401601
251274419
219453292
193968996
186746565
247446351
158190090
212973740
221516918
191808262
199734023
10564714
191675200
202387958
203973601
253305536
167019788
199038340
142336465
193045245
198283041
200771389
253228775
262655931
190608594
202042727
188947465
249208071
222638942
208197383
198724089
206539114
198569082
262747919
90117211
215897789
214716446
3718845
31862727
205917461
407844
201568617
194198637
203084378
160779220
119985825
210525230
181909608
116554838
173488717
243083120
262464256
252050196
490945
247842236
194198666
242715776
198228893
44983185
215897787
43763542
196338085
242796628
73667527
107332130
208103011
198195488
249038565
215897230
247446313
222638949
187622998
262905581
216213470
195774701
217612050
252658590
182558950
187011411
203223273
190085172
183502099
200727539
260113607
53982177
159000819
251517517
5771571
205289922
459698
198520760
197546675
207883438
143144320
196349718
247446298
251984714
117791468
253268971
31315189
190087845
165023970
195623078
198567850
253300498
262905480
92010612
252565845
252209337
203846666
73476376
235751929
176842850
73480438
215897239
252671735
191814294
242082360
253306617
261963756
217563100
202344534
555336
55881498
165183906
190608486
21315667
196425120
261963767
253300460
219161657
189557398
53978292
215739133
209432065
73482276
179534811
179734712
201675099
167462082
242798802
185851705
203477352
451932
215548508
15127205
199739878
181782937
262905688
206639803
242482831
73667286
23254819
208913623
251513230
75793263
122025783
171183307
49082316
35595162
253626728
72129896
191450914
198589623
205256951
72890488
192950384
174829996
249053560
253252718
252658592
253309482
201292987
253257462
253254807
196021657
171679557
192950463
192673603
179954077
194421515
252043821
222660972
208682490
253237442
201088283
244299452
242075138
116668066
214498183
4704901
198523055
197920254
201106116
26087052
196338133
183111414
253272131
253237786
202224513
209608493
203732493
252671726
235368999
207503113
191808239
73496438
83492150
74461690
208059093
462443
253236889
252853726
252401878
252641291
208686278
200624172
213935993
192564817
189035802
115438427
10649945
207974076
253305469
253258010
252043356
73478282
201292989
200767244
10649941
208071589
198193774
193007526
199006804
73667411
248798203
251760966
176812937
242101936
252580335
209610092
252562904
253236431
202708719
209867980
207294476
252671636
246685145
253265134
247931295
201621920
253265189
209403459
242075393
244299865
215897791
191808502
253241960
189604661
214072291
221516916
148644515
263253559
253300477
217095871
252275318
192008391
263384717
187011453
203433799
182848932
187618424
203505701
206054505
251268938
214189097
163826043
251513075
143144276
249007376
143144161
249569730
210153218
183483269
137005108
190096762
35260793
263254295
253255764
258752502
252574225
209293637
263310031
190171613
203320148
117791467
200725670
215739131
190086098
263436181
243094393
249176395
215914941
208408628
262452914
210143572
210145730
180720758
262758657
252797050
652647
252797208
204302082
263253457
203842876
200727482
4070561
213935977
252629388
252390756
209349466
209349480
209349522
176832595
251998833
263388591
263388557
262972742
190608663
189536329
253252732
197923036
216213374
22759968
262073032
183375620
179234115
262452916
249026434
22777828
208065986
263253912
193125902
213936245
10649935
183544039
209298598
208643559
225171963
209349482
263254191
214189392
206641214
192676224
200624244
211948543
198582946
195668243
263419984
263430237
215914937
260452289
215897237
242618470
210146651
262800996
252796490
253241963
178736644
208648796
252764796
198283103
263253834
253237806
189172222
263323903
262909231
127031600
197602663
197590610
208913546
190608429
22777802
247925780
242797701
215914939
215914945
248643235
157030511
251269624
248774018
115438587
182300652
208408638
202385769
199041315
10564728
208739339
192139914
263303987
438678
263436090
215739129
215737276
202730528
176819784
215737274
197602741
203960300
263072411
92096344
166033459
56226544
51574033
884432
1021663
56226546
77988131
1725947
9729890
207427379
46332534
252011547
107017040
52207306
249399028
252052252
184633072
205018876
75983614
253471984
262432564
251547846
198350858
255173063
252575533
88043435
199896970
196830257
250355858
213852110
252092847
2728767
198569576
196141116
50215294
558902
161019203
173030299
136759900
251984722
193991151
68833624
252850650
395280
253237864
203084392
55604520
112811537
203995857
254377331
3718843
209603443
195671110
212600857
75983624
29568513
517251
403513
6921835
43362827
46645911
626519
248767695
196830260
173020106
254113850
221229337
252011551
6580763
257786906
247378499
192726698
204895898
83491411
190106328
242786997
254113589
177783838
33505804
204077222
203888142
197740179
50246115
262692638
172191250
253399757
202619582
36940797
158900706
188543909
77578693
147085193
262597882
249777832
135032713
190096905
206781734
197465012
189255152
176943532
199932818
190608449
179510976
46182276
212600798
199607053
32916374
213725333
185024828
262818785
235882895
22762145
125730689
32885493
10537645
10111985
53978111
191808583
206251519
191808350
197464976
187011368
54638702
146225313
216227766
176029949
231227776
202413152
203727070
175151527
207968895
125760110
246104757
684277
157245385
184301860
71062564
200725452
200032516
207377175
206641212
249764530
168104618
21315352
35339509
83491513
2449673
261833881
133211033
179446204
202224581
261986236
247295963
21314723
192394968
184773032
552164
252635151
172474995
38422423
253308908
7034507
192725932
146226491
215821724
202231729
251997541
59374129
192092260
184985986
212600991
251756323
197114062
262783973
21573553
207280887
253253623
36582820
258752484
43362821
247658602
195852116
122521458
155272083
195852118
254119372
205487352
199521457
202634474
143144362
88801134
215821906
22758134
137968722
218750430
253268919
148636692
252043478
129028654
155056435
215122899
41569710
207765355
251921588
252575554
179397250
158900743
199739705
459693
221226326
155056050
199039669
251921074
201088285
261963788
263351012
179953938
167685110
243053124
249176481
249489657
215914555
83491957
201693387
209867787
263349191
192108075
147108762
179159806
205257202
35268552
215821969
209387158
263253882
35307625
178109169
203084116
243090210
11389409
251920856
216213532
74570018
172353158
199006587
189605808
263253515
253268766
252043862
211255836
242075302
116904712
35595067
137968802
74569751
215821791
221791928
190096950
263253729
263253493
253273897
215914557
215914553
176093814
257901975
208653220
196021654
263349197
210881157
221230156
167472307
104935828
249374029
204762009
193649417
202783019
261968420
3048467
53545654
257916784
262590385
217649558
394427
198197154
129528437
253317759
176550305
551421
159733658
12880021
261946694
259535996
197900161
134674883
21314479
109104119
197920682
261963798
176752915
410289
198867608
190099666
201004689
208778394
262892050
262837512
200725327
970188
198305320
419124
72864484
262801790
108857603
105188574
189657968
213936360
141002529
202387355
176784627
248247945
199039301
243053204
198933455
108863526
137971350
191808681
202414855
763615
193004977
147564347
242487130
182755855
261968739
178779235
149845143
147247930
196338121
214072289
140143937
198307338
199006549
208103008
177644510
197739668
191808504
251276292
1509467
250368626
251983660
183220120
22775075
125759990
171546973
109448353
216406198
253232868
860199
262353899
216296835
261986180
191141694
148642603
205292413
194489349
179734737
253274566
192460379
22936241
189657819
263104982
191266313
191140792
178952524
178779776
138194455
197740128
203704569
97927294
197628284
216213405
189658115
119229281
214189456
209280443
209303569
22761952
203848484
261963780
5892245
248565049
249656608
215221452
191135246
13329222
192567600
179445828
182757213
213961013
218754851
247412768
182464513
248774129
543333
242483960
202234026
200851987
46179845
218754849
250368927
204835235
193492812
200677487
200727281
257863190
247412770
202510818
202385786
263071787
253240433
250369222
182768913
182464113
179510783
253236317
194489372
253257939
212993107
242101988
216288773
197406401
149776267
179446022
212600986
129028662
182755819
22432807
148641916
249511296
192566289
14875249
137971360
200725820
248559064
191140867
262386621
207777935
195306005
198342225
520358
253058454
91471511
46332538
242993849
136596503
189595673
115123021
106348340
136593296
216130422
217750958
204664222
190105118
111222466
253318979
146224485
480849
135754407
49026032
262860845
129005093
262701156
196021705
205301033
210965664
262382567
534758
203701799
207968897
209283174
241819592
261986246
207888520
205302761
261942258
194198696
140607043
249112156
186142233
200726355
200725414
53913567
247921786
207280914
216902970
189475677
249972868
261963794
193459728
157430744
200032593
242693667
261963776
612599
6414929
133159032
252857918
199034752
35307779
73777782
188375967
179952640
73668412
216447871
200737774
72865788
249590243
241937037
209905715
160824263
73777733
193125923
202233969
215221539
216296849
198465767
35332566
263071782
249772082
217123556
179799478
121235423
198724083
35296700
248632734
191915245
207830866
192123218
74890775
195919440
75310289
211962003
192750623
196856119
217500578
221224410
217612024
113408185
195941382
217612065
195962781
176533532
196579625
191374306
200727160
217612037
211962121
196180780
207428935
204052146
261963808
192738280
105674192
248562077
248088055
261963800
35303038
207439070
216199932
208103006
35293506
202343032
215221597
213886836
248800452
199034801
262906068
114772649
246855063
198955612
215766902
202425167
229695507
137134962
125596198
179492422
201698514
215221570
196514503
263063942
182993450
198283298
263207844
261986168
210143419
261971182
252601640
207503154
197897174
252630149
129766523
215186367
253151740
253865930
247885702
215186842
263023693
215186329
215186739
216450666
195623754
261963778
198283195
203888102
215186537
246284709
130730925
261963796
207748664
196092485
248168513
196091292
261963766
214005041
199541880
261986214
248567229
198283167
216296818
252043326
111332715
46648985
261986198
199034750
206187001
176352287
179367657
206202738
193268643
221224982
75983596
221224787
221224408
221224778
181979204
252755671
221224375
146225928
181895811
129625650
248413341
149462942
39328692
21243265
146214548
241828294
95924476
199541787
198283221
177923957
203999231
456062
35305522
252857661
249211918
262464546
129024363
138201934
179799452
207968701
172024961
249765138
176133531
74166759
198738151
205917767
176533438
249934596
249245118
249227297
204780470
204772521
202238243
57895443
117578376
202238231
209301113
128623340
139484234
127360731
207461216
146224383
223881619
147838303
252161876
225199774
252134999
148925988
195999054
262821161
211924855
247438519
262821175
189676554
168060374
262461419
108201656
179955814
199934692
251514736
242715136
196092636
252090884
193533414
216199802
146388502
165181644
160836691
153514457
192857446
133712541
187011465
193207234
252434541
252092785
249212341
192881813
207914348
207825221
199975842
205918043
192913437
207936573
208170978
247804810
137941382
263419958
147720409
146648977
262517200
262515247
252357131
202438168
253178688
199975529
198779826
208676911
251393358
198738769
263274277
212924269
116571536
252357173
206651412
226735010
193125897
165789884
225923961
154448919
214828987
192910627
154491903
157984765
214829119
206652300
191141802
252357127
153991105
200985372
200991454
200985121
195771251
213413965
195188373
192881077
192906240
187011597
179372344
248296008
209572390
247924178
214911041
252357179
178313259
252629396
172150004
247437456
247437405
186881266
216199941
216199516
184410163
165803478
252179498
170262588
185247807
203887704
186257628
192880505
141300591
182305996
192922409
142349083