110584096
217181479
72294304
58957696
91833375
146139706
21269186
39310106
187512523
146139495
115232844
63276419
146139688
23410422
146139703
54998191
96580386
25005289
25005608
164536966
25006378
146139942
208777245
204925807
215895908
119026603
143612424
176230814
146139838
146139967
148699575
146139484
58957998
147010429
53943299
39310870
202419874
169381117
122871760
97044462
117578102
215908463
128327892
20930483
187838191
92813636
241909478
192073263
63278224
205985023
146140354
146139447
248646179
72295781
146140203
146140111
115247220
32178420
79450522
129711349
174307512
178013408
175147073
146139527
169380661
84567050
122871686
129711563
25002563
148699968
96553704
173729711
178013440
39360993
81577210
156789755
208776783
105526860
178013287
180400759
146139936
170337616
108614706
206306597
25006420
198205247
79460085
253620531
194564481
121228417
262658944
193685961
110585064
146139985
25005351
146140353
174305326
32180034
108624407
122871355
212958746
127878861
84567054
148850802
146140305
167491686
205414690
194566419
194564804
146139934
118258494
86296846
96579789
164537826
105661361
81506187
153593315
187328764
205537897
34758081
122870373
170882806
205414676
118258601
118258777
178013730
252029580
145134665
146139994
164540252
146140300
53806366
121228562
247907012
148809409
57018428
178013631
105661403
146139908
74935643
248645920
96584433
193484206
75515856
194565099
149194292
214916904
178013200
146139933
251929666
253892564
252098939
197505794
262658942
262658954
68463574
25005495
172158704
253620529
143000134
190230204
190231506
143613975
148698058
252126367
148698701
149195029
188722820
167489877
253892555
215895895
199200469
178013193
197849108
195875254
199606207
170337730
253892023
259487542
181979131
258752358
248645824
248645822
121228265
242448053
162171557
127220646
146140297
146139410
105658000
118258111
253892458
251383991
108624420
252529646
151037846
263266474
96584314
262658961
25005507
262658950
262674528
262674373
262658980
248646021
186578006
146380460
207564654
178338574
188832297
251384003
122869125
144463309
242729754
257914749
122870916
197515216
198205550
108614631
189234636
258752262
250232879
169380684
113560373
248647363
108845194
258752309
198490425
189338668
200913678
178013517
178338539
242728085
146140212
127880392
148810079
146139752
148076512
170337420
140148504
188723213
251552718
248479362
105662210
164541547
259487612
257843252
262658978
25006438
25002771
25006398
253620533
79459999
208278405
208277238
252126345
144340226
104158282
197176015
105658611
105658232
187839199
253396911
207042063
146140257
131280761
197513827
175151023
215196696
258752236
263266537
258752246
248647787
262658957
96584494
253620527
248647551
248645951
113561102
258752317
253227455
198553941
186577529