248635637
258497234
67628717
108220273
213913043
193625106
188655710
247668391
206140990
253686803
190553820
58925061
161213006
144341231
108746427
59074015
58925069
188471128
188624738
126890600
258669824
225272859
182486748
76366880
58135572
188470676
248635536
161253546
27615236
27615227
166123403
214824116
116159753
27618544
196488252
152186140
121228758
261952465
83750910
188409015
146081199
108326593
81503777
247668270
147857903
216228104
162137110
185397541
194826223
181257361
138661830
193136241
191773786
214911536
191770252
257835708
191740369
61396249
207227373
254137867
196441590
100975248
251997572
129712491
198780886
184691788
201622816
121228233
182484051
249220670
182134511
258805603
87623517
66566749
172164083
63146546
262305059
213913664
248841431
162590787
25538394
180223349
242105449
56606883
257835772
195190165
56763079
215912988
215321886
190489604
207656559
188454523
183921241
252786872
257835629
138661319
254082783
257835653
49712843
254137913
216023524
107033623
166000448
254137893
253889566
114751521
23183850
126890506
54930693
252798048
21011858
198738789
252858789
192936170
82938773
254137907
253889594
27615235
32224107
245219333
82176747
5434355
192258299
254137873
245218872
102759987
195742445
254137871
254137905
262881741
262885767
247816946
174144657
245218365
257843282
190315443
174144911
192560654
59357072
199902115
43398420
208418840
246856717
59358714
247668007
13892236
27615218
52429465
245222229
100592989
21009559
190315445
109834852
161226146
144341359
27615258
117031434
58116930
217778213
116159665
191773838
184756329
81511224
59355742
99089224
64712006
247668276
58115236
107375580
208030600
195744692
225272925
190824223
28081872
117404343
126527789
225272866
195892621
170682180
104492211
259486311
149567729
63142080
110918464
193003657
74992417
59361656
194958651
112660579
59360572
247811885
246168453
23228343
144045600
174145623
83686360
2447903
49129533
259485759
257835744
23365777
21010510
104466528
5434363
259484377
257835780
257835770
94705506
192172282
257835728
44310449
193777488
197459957
254137891
259488827
77040320
185124290
183921286
257835754
148700435
174511269
25538192
26264032
84873896
121686585
254137903
243244921
10237041
167437655
254082591
183920152
161961355
253889576
119699199
195783396
103942634
121736027
91833686
22159199
25202231
81836610
190555700
196488264
191548090
245221936
254137911
253889600
242415060
10237047
10237119
253363989
262877987
2447901
166003849
259487645
117722573
194958642
260438926
10237049
190681128
214140346
43893360
91833302
194958660
23411632
242415064
59411874
171590349
10237043
257835647
253889588
111109418
145172076
94198594
54445072
105514279
213825243
262569778
252052028
188954636
257842930
180575664
25538467
194958644
144342814
115224222
262074704
166001687
247554904
245224117
253040930
257835786
257835746
13958480
220665302
27615225
27615233
219405950
2292265
174144487
196883311
193716658
55320725
206123330
57710570
195745585
59359406
166001621
161228286
188658168
253889586
25202205
243034078
93837747
170675483
81803477
83686632
83685516
24645976
217781193
32225556
174144558
116159661
245218237
196487548
194826156
261952423
188658028
169379800
257835623
83685712
117975261
193891364
133896343
257843185
259486671
259485739
149653551
63126633
144340081
116851408
116159667
257835617
23377287
118693211
140947035
225272855
191521517
261964315
49726583
215739657
207656777
13980269
189943390
148851077
48214277
253655072
93835167
83686320
83686005
195744558
248840075
73402720
192258268
23547463
2292269
2226069
174143790
262514573
67242159
188658124
152192939
262655054
82390899
201565354
77051538
82938879
84566948
253889590
257835645
10237046
217536014
180536270
217536006
55681699
139145330
132889329
138661451
54925980
207562598
121736014
215960492
75332320
75345788
155832976
116852447
243139990
196488285
196488256
171587966
254137897
58010640
59378388
121691311
248696793
194827354
192918718
252636242
82390859
84873875
84873878
242411415
23377415
10237050
254416131
257835732
196487859
195662082
13745815
127354537
253178836
174216210
55681417
139471763
174143727
14669377
26048317
190726768
16364563
250004302
25202191
112757793
21341293
197499396
117557250
204636421
108264219
196488317
262885528
23547458
129147644
259486191
259489079
77182361
82939115
62879981
254137875
32224648
55681724
146970720
28320162
58423031
185651574
83685405
151833078
82033305
20639991
2292205
116846218
198719377
23547466
2214955
174144372
189700796
245227927
188954637
82938842
82938765
84567244
84567112
82390879
2292253
145220659
138661566
252803245
185651559
262885603
261964185
253040933
199515077
199913890
98132409
253889580
257835621
220680832
165069479
16136000
13737722
3159449
142672070
132889097
63129381
83685732
103814034
25202202
82068917
254137909
174144071
196488289
184334058
21485103
121228186
129147770
259485230
259484705
248211714
253040980
117722600
208134666
82391725
82390847
73766814
253889578
257835726
257835740
194958647
82390633
82939180
82938777
82938846
103866582
158709693
170653516
168369086
114961734
207562549
196883344
100286247
184906560
132889161
134016813
73402301
146652211
23208759
184906351
207562595
143115023
190631571
196487922
147326468
23270244
225962817
21442521
207777608
73402280
190681414
198784273
159035657
145172487
207562597
144474915
182297841
26148733
194826374
175956059
249573580
14452751
3679689
162405514
180531120
142311774
40192947
259485023
194827237
162136856
174857601
191773783
134937575
174857524
184904605
25202243
2447905
194827730
201807196
253189635
254082999
254082910
254082682
254082542
249153180
205897681
217419739
183725386
2226087
215190639
16136079
133104436
214050930
190824039
190691330
204916791
204915585
116116066
183920861
183920981
116116320
204916961
243087791
191421462
201622365
63154948
263201516
263201546
263201774
263201544
196488295
262982149
188954673
192258281
3521223
196488248
26613917
262877883
262884314
254137845
254137883
100286071
263201502
263201760
263201786
98077093
67890383
121228347
63673421
52416184
98071074
244170513
243223425
189943141
171437888
144200218
13281390
23377125
253040972
192951949
253040970
253040955
263201750
263201747
66105704
66105709
66403646
174172388
263047019
263201780
105232141
199638494
10237057
147977904
10237055
123442395
94904391
254416106
253889596
257835782
254416144
257835716
254416108
257835724
242415062
222723896
23411863
23411097
10237048
23377485
23639499
10237053
10237044
145171940
249764474
199684152
182297827
247799350
148850234
148809450
133781781
18261373
194497154
2825417
194826550
122344748
148809435
202877530
122869696
188147621
194491287
205583176
254082339
103816313
7558615
117904181
190681149
202154638
145171380
14452750
198672573
145134275
174858215
174857056
18261251
164539777
144339401
247811829
14452778
207562582
174858022
210321066
210998246
126121376
198078375
207562584
14452754
225304072
18261141
126527760
262460496
252400887
248845619
248827846
248854295
188832620
254082856
254082545
251460263
130787666
259485732
259484573
185651554
248066675
198294919
262495045
109790401
172993578
190693138
112077730
204931377
109790385
204636472
204930997
112077527
116847830
191388961
262478841
263045882
216365870
195105001
63144806
263105047
263201577
263201793
263201762
263201784
263201770
263201548
263239837
98078517
196488283
35507150
2447913
23377381
249277171
249206870
249272727
74207899
189475512
262982104
263201736
262885616
174143698
23636126
263019850
253367694
67869849
189173712
263339413
3679677
259485744
259488626
259485116
16961138
48602083
194958649
48602132
117722602
215914935
169380350
253040943
169379792
263201782
254137865
199946854
196488242
196488246
72165857
78554669
5434339
242411413
103866595
98132395
257835657
257835661
260438868
257835722
257835768
23638746
5434351
25004204
23411175
23411027
253889598
254416104
257835637
253889584
257835774
14452766
207780349
210276297
73402698
198291977
138661469
207562793
229004245
122344730
189339998
204740281
132889019
10237052
190821451
73402801
26542938
145172654
190819591
14452764
166004408
23037292
254082739
14234942
258475796
185651560
261075567
259486833
262483549
217420099
262482327
262493747
4363499
27557409
172682250
262512213
125508936
254082631
242739192
248546120
249009743
248546081
253276525
252785734
209183414
190681259
122344763
208437832
191781164
122344747
95205843
58242056
206668318
73402789
251656601
198435648
148809220
148850803
138661628
208437827
251591687
249588956
95206505
103281821
58241919
105167693
259487806
259486478
254082350
259484793
259548367
257843307
195342118
198412228
164540756
162384449
184670691
194491735
133930088
262047369
176128561
174858690
170651016
122344762
194826299
204766239
198436079
214003269
191758810
116845096
244316576
191755799
214001485
191421437
191388943
144405361
43891432
144756834
262499661
149496552
98085602
263201764
263201778
262982088
188947907
263201460
249270997
2174687
249273702
174144135
174144771
174144270
174145328
59397302
59397117
254137881
254137859
32225184
20279509
58128540
66104966
91833279
188954603
116470638
63673370
165070615
122896584
66383922
66397012
59449351
259484887
259487380
262512211
215119980
217535952
19882324
10817544
263201772
263437837
263047011
262655056
117722569
127216234
262982208
41876954
262982095
38110910
23411416
48010678
78555405
119315347
124041303
147977894
147977836
242411417
222723839
222723885
82390821
82939188
73766958
72165855
3679673
107005342
94904409
94904393
253889592
253889570
257835655
257835651
257835736
257835714
257835718
257835766
257835760
257835643
257835712
38111040
32223290
32225337
10237060
26103959
190819509
14452732
172841163
174858489
183041808
174858054
55681711
73402377
92028143
184908348
114751258
184903732
199567928
194826988
138661585
243025322
194493923
248849662
252811860
214615616
195743084
253295271
207747176
259484636
249220438
259486516
259487912
259484678
105515767
116136095
20820701
148699925
176128627
174857132
91847901
155566434
173036332
79581974
168925989
138661956
198414704
183039548
114696355
252788094
195743356
188413260
20821008
249086313
14452758
63134349
207562543
32223239
189942770
214911253
15169499
62880042
138662080
194827642
194825955
190681044
73402070
169848938
225304094
208437837
14452734
14452782
262486022
133422287
14084449
262512143
115260379
116849555
214059684
204916888
190695567
184131641
204931703
197422106
204923231
244316583
262499144
191388914
252798049
158843448
259485456
258752367
152178994
120550802
2164399
249204809
254137885
254137851
254137895
55329302
262792497
98083768
32225190
23626823
35507106
50216593
23547460
41375118
263201466
263201758
67878773
122698715
25538284
217486428
244173813
94702949
145171285
171546919
214170664
25202179
25538576
13136950
13365371
262486433
215914933
169380772
160671832
48602118
254137887
72555673
199631558
201099398
149065493
82938775
120472140
98132433
103866980
91833358
68669158
67607457
107005238
10237039
10237042
23411237
23411471
222723887
242411409
196488268
196488305
196488250
196488260
257835778
257835631
257835673
257835627
257835669
254137901
257835663
257835635
253040947
254137899
253889602
257835675
25004305
25004018
3840039
144342590
209233741
212014631
25361271
208437829
19578495
14452748
148810045
21442836
144046509
149567543
196883294
190819279
14452755
147120342
60199916
207562586
122344736
183041004
195896530
145172438
148850227
207562604
145172652
174858280
174858491
138559108
262074040
254082963
254082645
213840793
20821136
98846675
25361613
14452746
138661782
207562580
133104802
144758064
174857948
200962902
207562587
207017975
154715852
162019579
122868945
174038533
14452742
104272839
248928146
25202208
249153019
252794399
249153182
198269652
11497091
75329250
81905092
201798949
196182370
249220400
191773827
204766246
190553705
204931496
252160539
205964015
214000517
183917498
190824334
188784937
191758805
183921359
112077858
252159914
204923164
205969212
172995598
249220648
196487789
143614069
262525423
46824902
262497487
191421467
191516971
259488204
21446629
263103944
263103916
263201508
263201571
98101830
98078026
263201768
196488244
196488313
254137915
262885168
254137869
262881706
27539428
19238759
102853380
195541268
189177250
263339419
192258381
263339417
21342874
124041135
92905740
145171205
66104199
196883336
11106983
86406609
14452756
253040951
253040938
253040982
263201788
263201745
105232254
263201756
259486784
2292233
242415066
68669160
38110973
257835750
257835776
257835667
257835742
257835649
257835748
257835641
257835639
77182532
13958458
72165863
72165827
72165861
14234099
82938761
196488254
196488307
147588067
23411232
82390839
107005242
84873871
23411012
23411064
37795116
25538535
3679681
51991791
110153289
4363549
247763612
190680888
190631566
145134542
147011630
208506021
32958624
210440465
144482813
48050463
103284699
10237056
95052016
200646272
182297849
174308605
173661096
174038529
31204104
208134956
122344758
192306025
148851549
76041256
5840357
249000868
247972642
262304817
262304988
259485045
193446499
248831749
248838316
254082398
254082737
214911443
174857820
162096694
170650038
198412013
116618144
198412287
170653327
215034625
25538174
254082904
174858476
161254329
193702075
208437844
262515438
262486700
262478959
262480162
262512144
174144693
249206537
254137889
254137917
23631287
171587959
196488299
263201514
263201766
171589327
48010588
35507110
188954707
41494987
189573934
174144583
174145501
263201734
263240167
263201776
262479948
262074689
109790419
183927395
83682724
188784324
145143196
213998717
191758803
172993808
190689650
188472291
190489678
214055815
183923798
25202224
21013121
58202338
23317667
247811935
189597399
63143560
263266454
5434367
248930456
166001654
262982154
25538103
259486935
253040940
253040976
194958571
48602152
194958575
263201743
263201741
78555401
73766812
254416102
253889572
253889604
257835665
253889574
257835659
257835671
257835730
253040968
253040953
253889568
257835720
77965935
123442040
88809856
91833254
196488266
196488262
222723883
192951610
242411411
242413922
10237040
32224589
3679691
25004091
23412064
23641310
32223292