163021301
83038162
212213137
216213421
212213155
212213117
262590428
212213123
2583023
249374017
172422079
11079890
167019774
182851015
177703595
212213119
249374007
225912540
146272704
146272724
249374015
146274202
108241192
248248351
190502176
249374013
212314828
53855015
259455711
212314838
212314820
212213159
216001260
212213139
146274269
216001228
135465300
146274604
146274596
585122
212213149
599650
70202720
146271744
190502272
50322491
50361732
70202718
70202691
90660810
49640868
146273451
73147342
248789042
248789046
212213151
599654
146271714
146271708
193979851
58828012
248789038
135461159
196292130
160553218
75332414
160553286
1692517
685880
882814
249771921
196180937
191684058
34747573
212314834
212314824
91552403
91251995
44172878
253471966
193979609
252035402
204810577
217535489
193979581
216001224
216001225
20436991
160553251
160553006
442494
87882580
201600153
252039371
203084456
127180696
73516881
242076159
242076163
176752970
6539169
20438640
242076165
696311
20436876
196292070
242076157
187011475
20436955
248789089
187011286
242076168
176752997
242076155
187011246
197544686
196180941
50393388
111537678
72027536
212314882
605081
191682410
637380
605080
685878
242504938
637383
605083
637390
173515431
730678
160553246
730723
212213133
1571969
193584089
2158705
198360606
193979868
216090632
90660823
165992275
212484487
165992293
215147452
217276116
354874
217276112
217276118
127180694
18003514
173764553
253468335
215147307
192048655
127193852
215147308
229707047
192950527
174037891
249771966
165992286
442444
185005985
253495677
545538
441919
70524377
247681013
173763076
196180925
146274276
719724
213787745
25200691
185005893
656070
176753052
216090614
2107619
50215803
184521866
91574141
129766807
160552976
214076439
180230976
180230967
253319035
185653989
91553664
199177649
209559363
191808492
135464735
192949644
180230983
176214693
185653974
199970236
248789048
165992281
91553666
68544762
191671493
197464968
122156038
580457
543012
216001264
91553429
210513740
248789115
189940681
204009122
127692545
74329911
71682934
110595920
32318973
185006242
207317609
202851515
93333167
542938
185005989
185005837
543003
213886858
59471401
249769666
247681202
884234
204027441
247681082
249771970
185653991
94259210
204027435
252949935
146273455
204009115
253468304
249220254
192950199
165992279
160553010
742067
637335
193979611
124859149
196292119
247680886
142791759
206840679
111579989
169377598
185005841
152880129
185005915
23428981
111579991
125640327
185005909
33492492
50014495
50025360
20448602
185006061
185005901
249771936
159484710
185005873
185006069
192950119
50015581
77221488
71683073
247661416
49640554
646718
634178
505603
160553240
114243368
191808278
197885205
185005775
65109000
634169
50764064
173536151
87993224
209561744
253620317
1692519
111579994
656062
137966144
166084227
113084058
196180921
84873060
196292100
71682426
71682439
71682455
87857970
207241707
91089612
1647117
225959867
209605868
546616
160553302
225959873
53469508
417175
71682424
212484585
616075
506603
71682446
516500
71682684
159484698
742037
185005999
171580928
111536246
159437857
196292060
729344
646715
225959842
628613
174933056
53469510
442485
108241195
411343
77151196
411345
725797
939081
160553345
197885031
634184
159484708
447181
87882593
970358
159439087
160553282
731236
251324790
646721
225959870
53469496
431514
71682468
51286694
2286209
731113
222723729
192949898
605324
354876
184521890
71682459
355353
205708294
185005959
20438035
249089717
113000325
185006212
167019855
108311415
113000878
113000863
20437932
454239
262569841
173553268
149148348
173536153
173553278
173553266
516454
185005941
580459
3038885
197620508
207825385
174896161
204880987
84566037
52678646
72702347
516459
174896134
214076426
174896149
196292078
167019847
167019790
216001246
248181830
203472729
215147310
249766453
167019853
167019845
249220266
167019768
167019851
90660812
173553270
205694551
149148346
493773
199176561
173764545
193979862
198536318
216001222
125640321
1533449
162025747
146271864
526461
526455
526415
50011646
185653997
132206922
215147315
123897335
18002162
43176201
346671
205694553
208616126
53855013
262477186
112222159
545548
526448
29354602
167019857
248680936
11216780
262687690
192949041
650001
173553280
199176571
198955496
90126247
182305871
199176565
249220264
134789638
261076067
146271972
252062610
253238958
216001231
253471994
253468327
185005948
208616369
180308355
174896156
196180709
242504930
216001236
196292068
122150860
32220573
123897327
212314816
213936253
104300555
114944972
199177639
193979597
251984617
602623
242504918
528175
261967335
528168
204068849
146077322
32220197
242504902
212960248
196338165
242504900
249944327
208615897
204068815
174896148
637338
242504912
262659249
208608157
428399
216090644
196338114
12317545
6280683
246772991
251984858
77151198
50705356
189940687
189940685
208615884
204068809
174896163
51198858
123897337
585096
208616472
406831
176213611
253468311
247938123
91650120
200027954
91552407
180399969
498134
114451678
262783969
176142770
203468084
59562446
127193850
160553060
202510928
122148289
187241057
102431112
146271950
196320722
215555380
252043724
195624206
1940361
165992289
152705123
197464966
20955890
160553108
114885691
110116874
160553112
193979586
173536148
197337704
625109
205001892
192560558
247938096
1533443
160553290
173515450
192948994
15212374
146271364
498140
91552409
185005856
160553316
160553340
169817977
160553390
146270313
197544690
174122349
196579420
68774258
70624665
214076429
50010389
250739884
442491
174037882
169817880
196291961
207293049
91650108
252948512
212314814
91650110
199108634
198572115
23425789
145399596
160553248
72882544
248667647
248774028
217276120
207971154
50022612
166084239
189940701
22648458
160821068
214076407
578809
209603466
127032109
173553274
189940679
146226290
134574783
130398122
199970267
181783139
252412060
77221275
341184
173481368
173481606
1533447
144934443
262087098
90126251
190512357
125913763
75332411
217535369
175533172
206850418
217535341
174037886
209605863
248661474
50025553
113000873
50024803
252948426
143147324
196292016
186277176
174037880
20956539
230013461
247935746
230011284
87116530
111536252
195624217
160553236
441917
146271608
247933406
114885685
605278
187011126
50025192
252041141
260807097
146271734
50024562
50028323
207280931
50027594
581022
161541402
542959
248679800
514074
1692525
50015164
50012381
183487770
214584887
212960182
70722129
195623894
196292058
181783053
247938100
262569822
230055056
25194389
196579402
683225
198572119
198572105
90117167
197620489
213937039
222723727
192950551
146271394
50023190
166084229
53469506
58708374
71682400
50021029
50028422
208652900
442481
2838489
442214
116553924
442487
442483
683228
355352
248774511
197544696
628611
114885689
50027416
50024988
50014965
196579392
208271118
160553188
230012489
146270329
196180726
147570515
214076411
71683085
160553398
82704612
249768930
197464964
127193846
127193848
174037879
77220767
400299
160553216
211834151
106874925
340704
252039405
20449957
262569937
207281074
1940359
541255
58708264
160553320
50015911
357008
196180703
138821752
605041
2583029
253319027
186393243
77222822
103555597
498161
15212372
2563925
1940357
247938092
212960186
50028180
194773006
91652105
98128680
192950508
53469498
58708325
160553280
208608163
252949064
578787
195624180
84872792
160553276
447345
173481352
116803564
187011425
160553313
70692027
192950187
729193
161541398
616102
731206
146270363
171586347
194568532
252585349
58708311
591685
262570137
113000321
58708698
160553300
192949962
2583027
442424
230039182
182984036
189940695
58441478
20438667
572954
2563929
183487758
369209
230039134
207281028
252039202
262570395
252039237
247936788
696299
146271754
50024381
718642
114885687
50011195
50014816
203084358
212314806
192951064
222723725
591595
213886816
174037885
198572124
101256401
578580
115967637
2563927
365899
369260
103559659
195623896
442427
197337663
185006145
141689069
156001623
249220262
214809846
187011308
203093935
1379877
680789
214584889
214584891
194568534
18001809
173553272
183487768
17719759
173093685
18003062
213886862
194568528
134321622
70692016
2664821
214076447
185991822
194568530
193614739
207971076
225272639
252892451
193387082
116803507
113000364
39518905
12219915
207255423
75701989
253067381
246913399
248723091
247963919
192949922
187011206
191808058
252176241
160553242
11216898
50705358
180609938
20438387
106869652
189940703
473594
262852701
262451748
696309
191808416
162025745
194568552
75702249
252401714
110595937
129309622
572957
43176183
10673028
87116523
216213395
172024591
247936736
196180903
252714286
197620487
262570499
90125424
127032123
192015094
207281148
180233390
194568538
194568536
262605349
262605351
192561296
2664847
545545
217440601
87857969
137515131
187011079
199969252
203084280
262852693
192949603
160814572
194568548
222723715
2664849
152656915
214498623
249771926
116048700
207281174
192459135
113086029
152646872
173481623
173481880
252949014
438334
141689745
217276110
346670
945695
59470260
2583031
196320776
197544436
172024638
650004
4628751
213886828
11214543
262453686
75709922
109765207
212960190
214076410
69360610
646712
215997674
514075
50215609
249089715
171586308
262453063
50248646
26340113
196292061
230041583
214076451
262569927
218760828
2583025
205707667
173481753
63546493
118326079
70692020
442433
178032743
106869342
184082400
17032446
42789288
207280942
252040992
203084318
225160684
589295
212314802
192949593
189940693
187064299
199196174
605868
160553388
193979843
605872
248666757
160553118
195573554
203084270
252040786
252892377
504280
646719
50705350
1013156
13105143
581018
58166241
469394
249220243
249089713
185005973
205292354
252892375
252714148
192950230
194787765
261967308
13105161
605850
7775702
253556165
106561782
646714
578792
493789
431519
193715741
249169138
355354
40723150
70692037
210116388
101255909
84873070
84873090
217441366
209605870
114944712
192551067
578567
150850054
579420
253293570
251734202
114367158
77222718
25980212
20437311
65030359
13105139
113086027
342361
506588
75698274
194783485
646727
209603415
193045169
261967403
119698645
230138343
194568656
250739840
194183547
174933088
194787611
242076131
252892435
193976655
199970284
192949908
192951004
203843882
249252112
261967235
187011316
62871596
208648804
2664825
50705348
75541018
66539633
215160685
217440679
631212
253293566
253293673
63187279
137510904
447179
198522965
205707937
249802433
215555135
417173
247989553
87128903
23436692
169818474
50705352
1013148
252039253
176753003
192949910
212960188
252039143
207281190
191808074
192949934
109088473
198360297
102541734
207281386
197596507
258215806
197596526
262453616
160553399
195623859
243807945
84873113
355362
253524536
173360427
196320706
252035410
631251
3702557
162025743
176753056
149531819
181783052
187248747
90125422
248774634
159439015
207281369
203084388
173360395
248365871
246772840
195573562
169379511
196219945
262570397
194208038
230044580
516466
1013154
11217803
166084233
176752922
250739917
192950897
541259
605844
111579987
208648883
171585887
58709109
646726
172024523
53469500
58708773
262570288
262569899
438340
42769261
191808532
646725
236840865
248682193
252949153
61304338
31250927
442420
406830
406833
922399
447449
185851644
180609920
167019545
170969415
247965706
197544691
193979590
134390310
197544693
253468345
176024823
194465137
160553260
181783076
192014920
192948940
161212160
160553056
213706933
102531883
90125420
262566602
203843886
431502
90117152
47242916
646722
646716
199969285
731222
199261089
2583035
654950
202329758
262792289
627842
578777
195541303
247971044
104628584
138812123
159437708
67874715
208662816
191808442
191808338
192950287
194451616
261967432
195696841
204302056
49122667
646728
589281
42775371
174933097
346672
22647404
1013152
84566183
498152
490671
58708734
194787351
13105167
249892426
506945
605299
253380940
253380937
71957685
203393161
196320790
242411321
195657368
251999991
196320756
631277
406834
192178083
201073578
579452
578572
199176563
111332807
198618861
114450719
114300618
209399576
242504512
104628412
240627040
247982570
111734619
111749488
111635612
252649388
111582651
114206111
173764535
252648403
252272426
182830906
246856895
253285108
90794824
202529673
248774296
118325474
163281200
250077239
109960267
193979865
208590999
252713731
174896142
196292121
196292018
207281432
61300679
207281253
261967225
60472937
197464974
175154973
261967267
262570369
207281116
213937045
262570334
207281230
160553244
173360311
181783149
262570250
185005879
197465000
185006238
252892330
195573564
242411305
252039173
261967253
261967341
191808147
61305484
191808084
262570344
160553324
173360375
191808089
192950248
171582591
247936776
252892445
180399871
261967316
192458970
261967891
261967925
262731130
262691687
191808513
160553228
207281244
261967907
176024739
262570385
207280982
187011166
262569967
230041990
230016588
253619333
253620263
20486312
75332660
194819045
212484543
194183543
194451715
172024921
172024923
20957844
109765209
14606518
23830853
87128906
48158944
58708833
2213275
261151746
262654111
113084061
20332449
14606527
945685
58709099
1647121
20955636
20420464
14733282
185005800
146271381
192950483
185006073
192949214
171581053
196180736
185005975
185006193
247936744
185005969
192949826
176753058
185005818
193045311
185005971
167019507
213787628
173360351
106554575
185006373
261967323
63563515
87120696
87116528
23831039
217765773
49105046
73289428
49132391
187544225
214076409
194783416
262451709
262451705
262451738
127323331
195566918
110595948
249941416
118325477
261995662
202328211
263179445
263179435
262881273
103474879
113086033
252099100
204302114
172024527
431505
192987786
58709125
76469369
55525244
172421963
172024525
76469362
250813901
263079724
262792268
263035483
262899633
262792315
263041047
235280283
180749141
182149393
263041119
263041058
213489436
213676501
209905766
194463099
194466531
261076087
262043718
2664823
236883667
207281396
194771472
118325472
212034059
260801393
111649117
263179469
193451322
193928263
263179451
31250901
160553370
14735786
160553350
1647113
189940699
263303905
235741743
114945488
114944435
114944896
196292008
195237554
185006236
263392997
263392773
146226327
34749303
132304306
185405502
193523857
209905817
253391307
206205106
20477454
32613955
253410416
253407079
175533713
175533521
167019553
202283311
67874721
169817869
54422735
207255283
252247145
240626629
247238787
37794461
124859154
49640670
249648864
188579963
207645133
605894
182830590
229717323
252137614
160305781
111750068
162825915
111644728
206241854
252638427
111748263
115244780
222724030
215997700
77221821
109958847
206241095
248676324
248666621
215978111
196021443
182300754
246209156
246208517
262392140
173515460
196292163
246209097
25905934
16023249
73727259
10673022
103474900
73727257
58708809
14732182
20460678
49132258
75700910
49131810
11194839
71682287
20490364
20332451
31250911
10732290
14734790
16023247
262504115
262451750
161541406
258215810
162025605
215244565
263208629
263047673
263046785
263041064
75701157
49131985
259310799
248939137
194773169
215586515
160552998
262899619
263027690
50215878
172024882
172024595
262899579
20332461
222723618
196180713
192949794
252892379
197620481
252714152
192950297
201088279
225959837
197464994
42789574
23427082
213936472
262570214
14606562
11258682
87123800
197464978
201088212
252892300
262570224
191808458
160553160
106573391
171651749
252714318
176752927
192949834
192949964
174933094
185006091
222723732
201088281
192951070
192950553
193045305
171586144
176752853
262569957
263210001
263207629
263046710
263041099
263041131
262792303
263046241
204302124
203843870
262605369
203843884
230039363
253620276
262878725
262691737
194183429
171580887
185006049
185006369
185006220
197620477
185005944
207281398
262569839
262570196
261967931
191808683
261967426
191808460
187011248
187011443
262569843
160553382
207281202
261967893
207281196
207280972
262569915
176168531
160553152
207281103
191808223
160553266
110595953
262569935
191808516
173360318
61312453
181783100
252039271
14581162
160553224
191808181
191808324
146262330
141774472
118325481
194773072
213675557
209906121
208739123
118326098
262569897
176024851
169377592
252892427
171581185
174321462
249535141
262570274
252043386
262570296
431508
243222666
192948962
236865770
110595930
183487773
260806276
146274779
146275251
118325479
261988701
251335630
214752713
203393076
257835571
242411319
263303989
253099423
67055978
251997535
22650031
262903715
249374038
247328701
114945714
200026738
202283746
253412075
152546708
2563923
139670130
186256501
201073618
447185
252080204
263207749
169818456
77221603
209298952
171580946
85924606
209605860
208271100
250076686
189940675
199176574
263455789
251984852
247965703
246856995
111645588
111653215
174216911
182830445
249881581
26340109
208191928
176021727
175814375
140221851
90126249
262725358
215997719
77222770
215997698
248773548
248773643
23431874
196021427
222724036
222724032
249784237
253617047
197544687
174216915
263200296
246209061
246208439
246208478
246209176
263103921
127692544
263207501
212314832
263103778
263041147
263046407
262792301
263041125
263041066
263041054
230043279
98128748
105231580
31250919
213886860
194772958
194772920
261967889
259310789
16023258
103474855
3529091
119698643
140482456
187536478
49132511
68544811
71682112
71682104
87123798
13359987
217765920
42789511
63562200
71682102
81576200
172024919
262899541
263037639
146226402
163021096
2857079
262504112
164240364
197821161
172025000
171581064
262881582
262906973
262730996
252039249
187011533
160553284
191808029
191808687
176168521
160553204
180609928
192950469
174933092
166084231
167019792
180400022
192950175
242504906
253293530
192950595
192950211
14606535
504282
31250922
48160186
16023253
31250925
261967380
262570030
261967213
262569835
261967935
262569827
169818581
261967905
160553122
160553040
192949388
75332662
945687
73727255
87123802
13105135
71682406
58709135
31250929
54422955
16023308
167019754
201088216
192950881
207281108
262570094
261967387
262570109
261967428
261967395
262569860
261967422
262569833
213936085
207280953
192949386
196180900
180609944
192949039
193045167
222723638
242411324
262570268
193045309
192949585
185006051
192949818
261967369
252039251
192458953
261967461
262569965
194787511
194786308
262570040
262570020
167019798
262570135
262691670
261984581
167019766
249220260
191808213
75701442
196180705
213936047
261967434
262570411
187011013
171581096
207281436
263041137
89893409
260805750
211984821
198899001
249783620
253380936
110595918
249683097
202395278
197596548
202492149
197596509
200738021
204878351
204878444
194465212
1940363
213713085
213713156
208739223
208648777
99990782
160553130
263113957
263113955
217696692
176200471
26439438
25980260
195624186
253099339
10673037
263303909
14606520
22650070
263041143
173360399
75983610
53047278
174627586
10673030
263045394
37793870
207658950
193524571
36313738
77221465
249179357
252575130
13105198
56026608
248755032
91573934
200976625
207642609
58441480
16227102
196291964
261823374
138361021
213924981
201846112
213869391
173093702
197620518
170101707
248755014
47101397
171682098
137444867
201592099
152662399
146275477
6199607
214076453
41648189
248325764
248325760
248325766
248325758
248325762
50215013
177274805
253393309
146274452
47799401
195186086
261825489
201004695
181783080
54626457
249246547
102566545
21176623
105544154
134648250
214617631
192909264
67712887
192275240
110447690
49640776
4060947
208604232
74570818
207280955
249151210
247061025
105700406
2799951
129770998
201916973
213571972
249180906
209561576
253377694
190827079
4628723
194183487
167931232
198858063
210513664
230085948
182306292
129138211
214595459
198618582
207281112
69621516
199969914
225211759
128711684
128316218
188544614
195955620
174896110
225195733
196948778
52576687
417152
107902934
195623905
173360405
247461348
165205851
123447263
165205766
177347976
77149262
57771390
177630748
2800025
200651689
125643862
71957683
206629342
137793583
247983010
99235587
182136209
175828459
55522807
165188753
76820629
249285528
125640309
207280968
139235283
208289464
158868321
198618758
2839045
146271529
189686843
139235308
85626323
204056755
173360390
90738227
262570014
129911058
173360434
250229235
15070201
250229161
212958766
242504497
175533707
355044
12800721
69429746
111537688
247290031
43773723
253444161
122094797
215150623
175533756
50766763
120183839
249349214
260932895
149948326
177428344
249285877
53785091
123447245
249818600
257835601
15069498
242778332
16256438
110151069
1548699
18097929
174039854
207280969
45322967
169163878
192950346
262569986
177703603
208915620
59618900
198618465
54852186
249972365
127269415
198572112
192949800
213936458
257770255
213787659
257859352
239144215
68823236
15067427
193460614
50190706
262570078
186495768
262570044
591844
127897001
201088089
262045143
355341
213562452
115086032
242060948
239142021
211808239
109577139
50215499
262570042
201088091
117072548
225938654
201892896
129790193
196896986
210134610
45322975
262057026
260640732
117176381
137941696
362687
177320144
207317623
215556762
247545038
262570377
50190163
18117921
247982946
51518911
262792291
262569872
54474586
250089185
126995494
15067120
74572856
20414410
116183098
74747656
93158379
252079737
125644662
50214991
249693688
122521495
252080134
213846634
188860638
252714154
166438281
121264150
102530017
248325785
253444159
214934025
129779736
174086072
197228181
151951533
186881388
2800131
252040828
210513654
212484743
50215618
214752715
118431191
217159210
173944766
193258935
217154893
28728599
109861936
242101932
205246499
1451339
262570232
198520174
122885256
56845929
127692253
252714210
191758863
120183621
247988565
247730240
50186456
260810828
612897
248325796
417155
179916031
261812314
201802587
177142776
253118316
252079566
188377378
255763144
261967251
146272404
262024327
207388920
207536338
203200755
197516333
225215629
127963931
181423446
118375055
341799
192949286
215112011
213589282
179735503
206203651
10754846
206206022
225211726
260741590
212266992
183249420
253468747
257844870
177142804
67431560
58708825
253380943
432074
214199513
182306219
173406812
217123656
177616355
21123090
250071851
255109081
250077025
251465392
262570139
262570379
262570458
261967443
262570351
146275443
73287312
50189947
50188415
49122696
249683041
137941488
196021713
204027123
263097552
204027013
209430442
262043087
173360353
261076180
177887731
177887733
197620485
203591340
170338549
262871194
201385823
250505253
197530299
203200926
115754213
201600012
205966557
137466990
116141808
206651094
183481665
516283
117315765
116141867
174855633
202292401
198858604
263244407
263450971
250362511
219161864
263455787
242410789
249536304
177642930
195822359
173672030
202604373
186333767
216296823
216213567
242101964
4060923
177189437
12080493
50214894
209318405
209318710
196021689
253325926
152529189
263100188
198296800
217750988
262792256
22649286
177772891
50185312
262570338
50184034
73287720
262570440
262569913
252714218
196021549
262570304
36710155
252063938
209349567
209867953
208682521
212567868
196094162
197955187
262570111
217145035
179916148
199977149
209170386
204170404
204141113
215136586
252063189
210134576
199011639
203200947
212440966
212438590
181149312
250365874
19792150
205985255
130783433
5928839
263118738
225211755
242411165
251394038
186743470
253661302
137941398
154448085
260795251
170159084
216288916
156233003
90805987
253168565
252417432
262842754
250365725
250071050
253661304
214189205
262817483
73286910
50187002
50189072
50188739
262569884
108130852
54422983
205414672
207281052
195696276
262570143
262570117
203084376
198539786
214922147
205414655
53261246
262871204
201829952
203199112
213691939
179735663
99056691
116183027
213965736
253297557
251997707
159011443
172314057
176812597
197096040
189688997
212440864
17393612
250362445
250362529
175532915
242180303
217524102
180575642
19762833
206235580
130571186
182994526
217123582
68692656
101933028
192680966
177189166
262725361
262725363
204429958
1315583
201308406
252041151
176024869
257868838
262570360
262915766
248325783
50190313
50191674
208686242
209867941
262792297
73286462
262570087
212484577
262570405
263100166
201055495
184410022
253298861
253099401
253662209
249601999
258379370
252004917
255344593
37926965
262792397
213574327
247921741
72708717
189574745
201847394
217145168
192070154
199544047
53599456
108299321
242433279
115794791
194727781
124893098
207387834
205708104
215616984
109861865
249865653
248739987
242433636
248733052
251276031
77221327
200673117
184473136
200035520
253293560
263451837
242410872
217441499
137941393
252139005
251984653
217154597
206241744
221226086
85626597
12055135
178461039
180575902
176025164
262725353
50215015
41571285
182301018
208608159
196897000
106996064
252041177
259310797
50190487
73356871
204025871
50187978
146970554
248185028
262570038
262569888
173360336
173360324
171585889
201088093
196220008
192949930
196220006
196021455
262017365
209905829
75332416
236946587
261996764
253116790
189177262
206481125
77222261
203505304
201828976
247179288
248325787
183051300
253662214
250189052
250190548
261803916
207281138
260922714
207281095
262792394
115794789
200650867
195814347
115754227
215347636
205414626
196471119
200037743
172476739
25536139
193555580
572964
215346579
120183239
217144374
120183182
77231636
177142736
216462116
251275878
225211751
225211749
170959723
196897016
214930852
6875579
192125209
21975936
184082144
242122099
116975462
252038955
242502307
225195737
50214989
211978804
259310795
73287555
204009213
197720680
262817367
249972105
114945554
50184278
73287810
50191061
262570391
263207643
252727959
261985957
262792309
263100243
127031453
262569941
176024688
217144490
262023199
212992161
209901312
208652792
77230983
117031126
207317633
201088103
249089683
196220010
243223695
252865908
248773972
235736999
200650654
199977195
202604394
253099386
200866490
127591419
215160593
207281118
116384238
53805904
249972713
250365702
215254286
106338455
53466920
207754192
183507089
249252618
195551232
187631829
186694069
175533671
253406754
263243947
263451886
97791458
51106343
66779655
190301532
262017287
206678898
34951684
173481390
199177635
180745702
204615571
214199733
51996173
121400629
185889846
38110441
184101372
208196290
158414990
248774335
206840673
118123872
248773966
242860533
41581702
251419211
125730469
58197042
196579328
47177228
144934449
249374000
198285067
252567445
73315085
65498228
203084342
237088348
178549456
168761490
178783317
144252304
242504910
182457553
217441367
34749886
262570415
34951712
94764542
72026085
16260029
249778327
248799773
247972716
253350179
193748008
195472156
230200227
354923
588190
185411096
186619446
253350195
111537675
252039255
176926497
214191883
146262573
33361666
253350201
216213445
242799134
199946007
257868887
262731393
131178713
250451582
186620219
105673971
262792380
253318995
165021244
84884205
262570276
261152055
262057862
216336015
186069735
50194419
262570258
257767988
214797802
120183132
214190455
252040754
146271844
262792388
15601441
173360321
249604081
203950132
200774802
200774571
252671985
129138470
247723521
117374861
177772361
73356478
263294990
202604450
106996488
263046051
262078179
208739105
263100037
263338340
250492118
263393335
201894457
199548457
195525267
250026024
241654041
237364557
245790276
222678421
158388913
206239405
220824568
108130838
209906119
202485060
77222057
198897610
170766691
167528658
189536235
216406324
120183131
262852686
94767368
192789623
52061684
132302786
68692652
120183813
202475560
207885252
253401460
200790438
50192960
262570403
173360320
248474480
179135646
246397696
208648755
177632149
263337843
200767502
110431067
195525111
263393562
175533375
252165970
240627062
214795383
250077300
181185897
263102502
213707996
221765621
108130844
253619392
181799592
249273760
258766662
263037772
189587797
263338135
180720684
178831334
201293144
28936648
263338423
217123595
53660665
180567036
154293012
214199308
257846610
206145270
259590035
262421263
182300739
221696518
217138799
50193447
208682458
117374759
146275499
117374859
221727746
251439481
250062436
250479397
195531331
208648877
176898892
201293140
263393621
77965650
91553718
90805978
262516146
182300864
194784089
50193725
50194189
197089291
59324312
222723628
225924320
24930150
212463589
127180698
207697450
31840387
248755004
106996040
193669609
182834087
90743198
54435238
99375027
116803554
178262406
115794824
111107894
262581756
51990408
215147317
11898727
175533129
182833943
249151319
157234093
253402328
138140699
149269457
208618972
195993415
178461201
15051650
217411137
144276598
76057471
221698621
127204031
186739676
102578061
146276803
208641684
249349265
174217037
257770326
213788380
253059951
108956886
112254191
115794781
91089630
229703281
62774210
103825975
249875769
174532102
124892974
201693145
176812398
115754204
106765118
146226272
104628408
196190295
249934832
257767607
248221536
171943383
161256280
258215787
230053554
250684839
248209438
19853927
150875943
179445737
216352986
137853615
102574615
174321518
213495752
262078215
178427368
240626797
263208631
230200191
253299690
197227264
33421880
192178796
141133802
252639860
252720254
262504119
106348143
196388195
19564287
193736767
221688158
262734393
198728124
183539009
180236971
253099425
174896147
15050271
128318249
262822205
73285733
213682344
248087886
262871190
54917288
263246406
174321520
214797574
154448810
203084286
51990412
208917646
262528455
208742292
263395874
169818361
128261426
96594889
205402642
91652037
178099873
102860211
95259062
76747024
101844658
192950500
133573584
203953443
249766498
128256835
128254438
128257081
214076449
144224602
169377660
36693899
128261200
85625486
162844223
76100555
138913218
130756434
49236023
257789913
214188582
201892498
204302126
113755029
262904961
196353502
128254782
161618837
128257846
15177950
176734470
128261377
178032452
213787840
262821012
197848073
263082237
262078177
262766965
217577783
262525795
262822019
112254193
206651202
242101972
253384253
77548236
175431490
215217631
247960168
189940722
200939714
197596680
214166470
158226317
209377864
261823830
249687562
55508102
263255709
194787928
206558070
121241413
114364315
217145326
251460690
221698613
114361165
253299480
263208951
263412943
221699619
111755732
221698634
76056397
247681277
201630977
253468296
253306940
192454894
192863094
162140251
184489148
192862952
174404305
169077976
202274444
215350162
221231110
170506727
76051999
170767646
217511242
244306209
195623146
183362216
248402055