90745422
113528312
86585936
91561414
91561986
91562289
90745150
90745657
216199167
216199118
240626820
217721680
91561261
91984657
216199100
91985432
91984965
216199122
91985462
216199093
90745997
90745156
91998866
54081328
216199080
216296792
216296847
89315354
91985923
216199161
90745998
216199090
92002650
91985588
91985103
217723400
94277389
91561984
216296850
217721713
91986169
91985595
91986132
92002538
91988577
91984594
91564489
91985411
240626900
91998894
20890867
100384063
91984679
109861954
87569269
87787137
66047477
160402323
87567759
91561294
91985540
89314921
91985953