11728977
17002924
13322868
139062391
46129300
13324485
133769200
196684283
109069404
557457
202419331
252653629
199141309
202417541
70119272
199548245
204645080
160070040
214742356
196684123
141808938
196684249
59198369
164542007
70410315
145563141
196684245
187839044
67984194
151509567
17001767
253655028
164543142
201001930
74019075
473120
198436095
198551440
13322669
127879484
115222531
212087972
202642997
151509331
110377713
202644072
247730460
199931613
168984743
196684075
196684026
70223904
149395500
86143120
70118672
133768908
148699395
170831633
128326943
198395003
201439483
153500135
167460991
253655009
148076083
128809755
13323283
164540826
199176085
149195794
148076601
199141345
48574995
164540169
187839055
472894
196684285
232737122
199141494
44055930
149194930
128327543
147012230
148699627
112441141
67978696
140103573
196683972
128325451
200679588
193484636
148699248
193484077
17936445
150881542
68155303
199141459
122871782
144333567
54422095
253655041
100053149
198966067
202645415
196684326
122871443
122868983
201087166
199141306
139062736
122873258
147012033
17887627
185743883
153500421
148076459
67987184
195557256
140103630
163271132
145562634
116319347
217164439
204660427
1943971
122871292
91432767
204621011
202645336
164543131
202643379
197891659
122873653
193485381
1943875
202645703
83059468
215739472
199141378
232865760
201477521
106539373
202418694
198966249
122868748
68155616
199901934
163271364
3033199
192173111
145562521
198548527
144757890
244304789
157412127
148699062
200679208
196684362
15333028
249664947
198548367
113967501
253356636
133563020
127880374
51699902
148700140
17001773
144333518
83398045
70192461
199141409
199548418
36711228
54569686
73866100
201028655
216935629
217274156
196684240
196683958
196684241
1943743
1084838
202642672
48516640
196684012
17002930
106540081
144365263
36711202
198384198
121259321
149193968
202644600
193484943
197069163
133561354
68165749
199549521
192359906
229804470
214742074
196683952
221517752
196683992
199141341
204452792
198384660
196683993
192173886
67978415
67991321
17002948
13967281
70193282
164537622
164537517
122093120
208677400
164538470
141364931
198963312
36711259
143865720
127880555
202596499
247730753
127880211
128325135
209409705
202645250
36711188
101158390
70410756
127879425
199141396
199141367
48516503
1943913
67978126
197069283
197182784
128325563
128325443
148699567
100159250
148700458
200680044
249668458
198555128
138145684
164536783
187839276
70503993
143612721
70193323
70224497
70224372
111002517
196684242
70219025
104154812
50459735
127880611
111154544
204662018
70506707
199549705
70211433
111044913
50479713
70119560
162500712
17001683
253212123
100930970
204607058
196683953
70506757
252787227
173877998
146994836
261835158
199126127
253198556
173297732
197654626
262439520
262513203
168362428
263074617
263076927
263072498
169266962
52091538
209409194
208274108
208275553
198492366
198965926
147728839
198487214
263339415
263340872
263339796
253719813
148700351
187618458
70503965
70506827
135571782
70211422
164578175
70203266
164539365
252000013
205837761
187838173
70193047
70211564
70506801
206141072
198900938
109075366
70119402
162506972
70203360
253198777
118258933
193603688
50472583
158810580
111822561
261964704
204607265
258848796
49510636
197827491
201034286
184518975
262891621
262891605
263077924
36711299
202641807
209409793
198490796
198963383
208276181
208279258
198489844
197182029
193486657
24915683
87899700
187838422
187838528
122093090
70211544
196684274
128325394
70192508
204462230
180042303
187839241
148699937
70223721
192666297
180036581
207562685
109029457
262513323
253198607
70235305
70203307
50469853
226244018
188724861
249671372
261969169
50473033
70224464
70506934
212263525
230615608
262890367
263072627
263077735
216714809
202641435
121259224
1943831
198486484
198487111
198966233
208275176
208276593
208274508
193484997
167345203
162500639
70119224
70118566
148076460
196684309
70221698
180041921
196684068
70507018
252292864
252060562
70506915
200679760
212261180
148076319
128327446
196684340
143613978
70221428
196684003
144364947
253891880
153884910
162502396
132831946
190565252
205300397
110806463
215162947
229803309
180388121
199141427
70119451
70192128
187838115
70219090
257683476
263076963
263073135
169270531
202641820
202641931
209408887
202644730
68166687
193482799
208276782
198484029
197182666
208278832
197068768
263339925
263339400
263339380
263340898
263341063
263340994
263339431
185830197
198963621
168526642
208739659
70503676
199548306
70192108
70203331
143614006
70503691
70192407
145562915
229803940
128325461
70235318
201158326
135753203
212437487
122093078
50469099
196684293
50459684
217184637
200687005
196683982
151509426
253198597
208738265
19486040
133563705
198077227
250078241
250073491
13325640
262890506
262891418
263077189
202644097
202642362
36711171
15333015
48513304
197064510
198488075
121259239
208273959
198962023
198546072
197065894
197065342
263339759
262891161
1084842
263340911
200684252
185830295
197180753
24920721
212933629
215538456
116196749
149195977
70221756
148075686
70224543
70193151
110803286
162500578
229804457
70219143
149195521
248256446
70119034
70192154
215079161
212051202
111757529
199141312
199141315
262503686
162504651
247730940
127880909
93820643
110783105
201293585
111062273
169266926
262891048
262891353
262891197
263057498
129131350
250233200
115103582
198548825
208278978
197067385
197179539
198491823
193482211
197182138
263339954
263339818
262891673
83398234