195635786
10720730
91105546
118580130
91104821
120104470
169656682
439942
108202215
97512259
440018
56397745
155707175
186188734
14423528
125603505
188724355
32431391
14514418
175527321
123442784
91097769
440015
160404448
54483301
96588964
2239647
115223175
171063233
214615862
217726349
181170411
96588958
198773830
167489111
166119455
142391493
181809380
473617
201073623
120100923
253184071
174933149
49169493
11782436
108206523
43002518
14082588
45485891
439854
88231797
253184178
198436692
128326595
205894679
125604620
260920810
166119470
188723744
106764636
37795527
192691461
198091113
440007
14514420
14423044
204450595
129711155
181809410
439956
248647341
14423396
187839482
2079489
171558039
91121621
97345272
197847325
160368705
2238781
166119460
165960970
91101903
2078105
166119594
2239593
90092468
171063477
199992930
171558271
96556954
439851
440004
75315814
88231882
97506704
160404576
14423903
248647487
214921691
91118285
198931876
122829065
91098060
439999
97373962
440010
207565228
197847240
143342217
440791
2238717
49996060
14082590
11405495
933771
439988
188707734
439946
167434094
14514414
160404947
2240069
933769
440568
199737377
45875662
49882250
96588968
128325446
91124891
440014
186269629
81577340
197847354
139949338
215748264
440569
173204362
439852
14252032
160404476
91121764
181809397
90576363
11782438
153592679
168733912
262605473
439950
2238669
12478771
96557292
197530712
262674266
90576411
208399056
124041533
34760354
439853
141096835
248646160
189182913
195875270
149682228
153519942
160404818
97925517
499980
440002
11599901
440799
117196627
166390021
58992629
247906374
439855
440013
14514412
195972842
128326053
142675080
254257243
186269712
73402677
97815794
14514481
247718219
187836794
171009514
466537
263105031
125508876
202643662
209409477
163869132
90533778
121976949
90533691
165630939
129644402
140986461
196865651
44827744
96574936
247896322
242743146
197513589
202417731
205583338
143321735
148696890
207854125
145134513
187837528
217169201
253164144
216212716
261855778
258752360
262674814
202644624
263168203
165631532
252860218
14514487
14514491
76153189
36318666
168733505
217769130
201350500
222437645
261878519
44054018
96588966
196865641
196825128
196825014
77543746
14514416
53840250
47510205
91131641
14514489
11599899
252385947
247900316
187839468
214656584
202417743
259486069
122873812
141366516
187839465
217769078
1535779
247718275
263266453
202642745
160269370
57897672
122273794
198395994
263104665
47512597
34357727
14514485
14514483
48260282
247906418
253620517
187836771
138854911
216214318
131961095
247907059
262674958
262674790
107412346
165630956
160404805
181979153
196825089
196824893
118997692
208397598
14082601
148698007
148076433
129712352
199975547
154184506
127880831
243024876
261815963
252075108
217767264
217767279
88231986
259486982
254900691
248005863
45873986
262674537
96584502
208398918
196865638
117197219
247906776
109369837
262674892