106997622
197652404
210514088
261076200
161394618
197388163
2202881
221271810
197620693
2209087
197388099
253393044
103475131
167833564
55285599
198562163
2206801
109878795
2499547
197652430
107001715
15837743
183364715
55286008
101262565
197652448
197620611
55287158
197652350
197530481
2163415
2184601
198285241
198562226
197530365
210514110
196220990
193128744
122273511
197388129
53806129
210514103
2163105
122273690
122273682
122273639
261101613
55286486
55286693
49961245
252563776
193101660
197897285
210514028
37152038
2248683
197388101
106350079
106997429
151967198
2207659
197620554
55288270
37152148
490138
197652454
210514050
197388097
197388127
107001864
107001749
107004625
197530393
191779424
74678164
55286435
74207851
41514356
260801629
2208757
197388083
87045324
25980626
197388089
197388093
196221002
193109462
214599258
262747973
74451870
257869318
253134736
260808366
192951171
210514040
76153036
197620705
197620709
2202961
192951229
89481539
260919358
191780550
109945634
192173802
193128728
196058204
197620729
192470540
261113167
252582904
257925213
109860537
197530414
197652317
197530323
490093
49379160
55286777
519825
29755409
131245609
131245639
202961972
2208267
2162381
210514048
197897335
74330003
122273686
192951345
191144443
196220994
263098527
263097660
263098476
258604978
122273748
192951139
263097864
2163535
210514046
210514097
262784595
262905646
262747901
262904922
262904813
262905606
107001893
116877787
74035997
122273577
29355065
82387582
49378887
107001844
197179016
197388073
196220835
197652323
197620619
197652394
49379051
70805309
55287224
122521899
122273581
122273588
151967119
2202829
262068257
262790344
198102638
262790663
261995000
260798172
261075580
262859983
252581895
252581671
252578774
253393058
109860558
2162425
197652390
210514114
197652319
2163315
192951181
122273560
122273518
263097676
263097143
263098993
258667278
192951271
122273562
192951400
263097510
263097503
258666899
263097837
74451708
263085367
74036097
55287802
106997743
55288557
122273661
122273723
45164257
55288357
258666924
262905300
262891551
197620711
197530436
193102165
262783410
262758413
202961974
262891405
197620738
262748352
262758372
217289897
261798584
2248717
261798320
261798557
14944107
197620695
252583310
252583819
252582241
198562356
260803603
260729087
252583609
260795261
109878804
115966287
115966573
131245651
29755413
115966466
109852119
106996572
122273570
192951213
196220841
122521812
263098105
258666949
263097743
2163341
197530426
197530416
2202735
197530452
263209076
122273643
196220922
192951191
192173975
122273590
263098500
263097212
263097785
263097477
263098461
263097855
263097668
263097486
263098539
258666932
263097779
102133074
262905962
87044900
55285408
74330026
125506993
55285158
55286481
55286578
55288382
55285001
106349786
258673195
74678020
122521893
262905380
248789417
210514061
171653833
192173961
202962042
263208564
214599364
262046384
262701600
262047136
252581778
252580522
252577246
252580151
202961894
90527734
109878796
143226349
131245669
122273615
116567036
263098492
263097774
263097674
263097461
263098490
263097670
197388153
197388068
197530410
210514129
197530432
2163419
197652376
197530422
197388154
197388085
210514131
197652428
183368613
262783567
262784743
55285138
76251137
55288234
74678204
106996582
198562131
262748074
258667322
258667314
74330013
122521919
122522022
55287807
74451701
36316106
122521879
102132904
262905048
263085373
196220904
210514090
262784323
217287524
252583655
252581299
252583569
260807746
262790145
262068269
261996596
261075607
262068280
197620617
74207837
74451697
74451720
110126352
109945652
131245665
131245656
109945641
12672492
2499543
136545840
2530595
2208169
197388081
197388034
210514044
197530404
210514065
76677340
69838772
192951283
191144410
263097454
197530398
197530428
210514042
192951408
263097749
263098047
263097891
263097658
196220996
192951179
263097715
263098072
263099994
263097847
262905810
202961811
262783460
262784845
2248723
197388155
196220843
258666995
262891881
86424464
2163635
122521809
55286932
122273522
192951313
196220845
262891762
262891952
122273651
49378815
122522027
119699071
55289420
198562133
262790227
262047039
262799195
173946795
262860232
252583076
252583949
260803459
87044906
260803387
260804585
110126387
109860532
110126359
2097087
262784052
262784439
196220929
262784392
908259
248789421
262758363
198562143
263085418
262904988
196220924
196220986
210514055
263098074
263097757
263097637
263097873
263097494
263098480
263098429
263097544
258666883
263209630
210514127
197388087
183365537
2248693
192951505
122273575
263097886
263097182
66045027
197530450
107004727
55286107
55286081
41084741
76152818
122273572
58710403
88046408
122521739
136546381
259485196
2163021
262851811
262701690
252583143
252578223
74451703
198562222
210514053