168730643
259645160
222705136
203783571
153409556
80990859
114571954
149437365
95060759
124041253
116617929
89482182
217181974
181973722
217181903
147588470
169936292
111059121
168727510
97498765
96586605
103867729
119026641
191923988
169380600
121241720
96578103
159971571
187836801
104367323
136764456
102759813
129711834
125604576
96584875
168730914
140643631
103867638
198488353
112270717
103867545
153677423
32225627
171587921
217146138
191923968
191923963
191923965
217145759
215094437
191923972
129712768
213857373
217146365
207554739
242499726
191923982
193047427
191923994
207163066
191923978
187328697
112269272
217181465
74854156
249466022
96555439
187837110
202641601
134623814
259610797
89482243
126211100
89482925
129712764
95986653
26657728
217146386
173204445
243033774
148042559
148011455
187837972
187611828
129711587
93721005
191923998
32431498
14900888
182485602
214094306
147010031
194862703
125604514
117577609
89354045
138571182
239196072
187836819
262037985
129712554
25202099
156177695
41877168
26657724
181973717
202645458
252672568
26657722
149436711
149445613
26657726
221810021
191504401
135674187
190754964
141581459
129711650
138946392
202645234
160217363
89317427
208236161
98254669
152179035
96556865
29379545
153677209
193485072
191923996
217180579
41596986
103125717
217146163
125603504
129712612
248649006
129712642
173450165
91457764
138946237
97044748
115266901
115223721
36711047
195875434
198547314
153677596
115222807
205476259
138946446
83021068
217195213
102759963
202643682
34768527
112271502
125603972
16394127
73402020
205287003
200853114
91457856
202645642
140717828
115905162
162838211
29358493
202643055
41731411
144762957
178013186
139216379
201339660
104361283
79191942
96355182
125604234
201346258
32223527
144341132
249277031
98854701
119260401
164539495
148850642
89482247
208275313
112270659
207839009
85241145
199597154
208274072
87650107
169381690
74556600
140643479
186071341
91458007
191923979
221819340
29358923
144339571
225268935
144465941
136315510
73402146
217146055
115901989
119026494
142572800
141014141
108225119
85241268
119237518
198562432
215736371
147977913
31518952
14957741
193640613
202644244
202644290
202644048
208411187
186081564
165989431
85241322
149243863
145411418
73604813
191923992
187997249
76826965
95060580
153677798
121243494
122273815
96585679
123442901
24646180
217181961
85241224
85241422
129712109
194163091
214742212
37646232
164491034
102006318
125508933
29395563
192951789
104375493
221793185
136219187
73402542
89482218
168729902
252102462
96430316
123442226
248648885
141014184
141096922
114455773
148011626
73402011
151950876
262037993
189474977
33454108
123442253
52791409
140643607
187836995
217145821
125603474
91368374
144340473
96587198
96546837
213684128
122871793
73402043
56556834
249462982
124041405
96554281
96555041
187838740
85241485
173204466
92765234
85241218
242692364
165996352
129712933
97044242
97044844
197515579
152783420
188210802
200876344
187836795
164974244
196250735
217146523
76681060
262414856
110875665
253239462
96553627
254082858
253239509
253239521
253078950
200876764
25072108
262640602
225268929
187328778
142782509
262657727
96546584
248647297
198562430
248648906
23376932
23377369
36318382
248647190
25930528
58696478
144738184
176584941
96589209
262653888
185654387
68564513
97042934
247276259
187839434
73402110
97044407
164543213
128325922
128327073
242328013
243030926
207565184
151951391
252102557
168729748
229792222
127354294
254082865
254082908
156178269
96578573
129711620
187839333
83020982
200844583
111418531
242204436
253239527
247400570
198537100
198537020
95060755
187838260
217720412
253399790
253239493
253239529
127353817
127353370
153677805
187328648
114689513
258752281
123442203
35448918
123442756
121678663
111109831
145302081
48458291
96575306
96546575
262674666
262657729
262657721
202644186
22095987
171652291
121228346
248647431
24547339
58694632
55290025
253273801
136117507
198491299
126509691
44957524
167425982
121243432
225268924
247907286
190860027
213681555
91457886
91457892
144342747
162200894
247901265
96545756
239196105
144342433
247459865
247459707
212264941
189341170
117577169
34591118
242327969
242499982
112269124
200877623
98279210
253239511
254082356
112440989
24256923
24197965
127353239
206679778
249991447
217145824
253072920
96553629
98280406
25202126
29358328
249466520
253127991
253127637
243085040
207564679
55875806
117091865
253239523
253239525
187838996
197513288
153677040
191367427
141096961
121243260
262657725
262674829
192951867
58849198
141011842
158634133
96546581
169380380
248647549
248649099
96555727
121228754
248647515
248649140
263042915
247906780
247906507
37133332
225268946
247906914
225268923
91457942
63853353
144339537
20585401
140103709
239196095
154442817
185970723
109347589
215891466
154184674
115223164
179748288
97044201
251736701
207564664
38495722
24416460
63853205
254083082
252576763
87650788
106539110
247277308
187837177
197506698
144340875
73402522
112441443
148699577
247718260
262640595
153676987
225266013
225268939
207189979
215544111
187329051
258752343
75551450
97518153
248648765
248647335
121228327
248649405
22095983
209410005
169379647
63174427
120472184
225272895
225272861
139983251
118522937
58849981
56703251
263064052
262657723
96547108
96585174
192951871
171588085
55681468
41877172
143866592
96588188
121228769
198962589
198549609
74935096
167393638
14648234
141014166
141014108
96934375
262037948
247906437
247907077
225266007
263437081
91457881
247907237
128327138
98291390
120450596
119325019
73402501
225215671
248804031
207853882
169695867
177057152
253239542
253239479
201292234
158716923
82938808
155399285
112441769
127354168
112441933
225266015
249089766
215095275
199973065
122870986
92765117
147011218
249276936
225215588
122873468
20585359
85241220
239196248
25072091
127353454
94692878
225268933
187328655
252777004
114689572
225272900
216007081
58851142
248646971
258752243
78555556
123442758
96575304
202645345
262674609
262674635
145429433
262653890
96554527
192951670
123442424
139983255
97517479
36316821
78555572
202642389
198487458
116174903
197924903
225268927
225268930
14647533
91457766
213683629
133828406
218754771
244303564
197513952
187836712
141581280
144341473
207565301
48147915
208657442
251736666
225266011
165994825
144341237
148698154
197505115
201292409
55802860
117660970
122871730
253127690
253414043
225266008
249896720
253239504
253239486
55875689
187838494
229806804
25072477
133948374
251903678
122869159
200038033
248066494
253193230
115892623
262781293
225268937
191365293
72181217
89336916
247906996
192951875
192951706
248647260
248648992
262675030
190468728
202644541
171652264
96578817
209409805
248647584
102759979
122522084
248647704
213684355
225272842
216007069
141011728
138383033
197067328
198556625
188712929
221823014
100002196