365745
213936767
209387417
198996248
261157781
247390840
19808847
485308
249825821
45093916
50247549
50247575
262516799
248789374
530837
198996256
517233
137375350
195283801
436042
195472331
200976857
248789423
195472255
214766319
2048897
195472243
208056346
55289382
215611048
214766179
2068027
485228
198996246
249921423
315821
89481158
42838969
4598637
195283807
252892484
195283823
198996244
198996231
3819045
574078
965408
315893
708230
55422903
263105074
4552503
7194295
4552505
907672
263115035
263117370
214766224
261157186
46757542
2030509
198996236
137444702
442300
137187968
192951434
3819187
137181827
14948148
429059
195696947
50078288
262851269
262877005
191779120
1382059
193600437
3819173
315845
1390071
548373
260729111
212485244
137191598
198285227
58710988
35751868
101262546
424843
103475120
424839
193101851
137440520
953484
315241
137452704
181567321
29355882
137165006
242076415
263196812
517583
19808799
215608425
208056329
7203073
518248
550850
450147
73766403
195283815
50126197
217723382
250340060
193101468
55287230
192988663
192951251
206715305
198996250
88043597
58710150
248005281
35777600
217517677
249921395
2530747
385523
249921549
51990996
517829
31587471
155532161
248789358
242076477
153921362
192951410
2645261
338317
242718253
242076413
73492168
195283726
249921540
553240
242076474
474654
436144
337194
25204469
250097649
24744663
242076425
249921397
213936800
195472310
196058189
3765775
370421
179805659
55285196
55287647
195283783
424865
262730367
242076380
195472241
213936780
2068057
577212
101870942
213936774
190709021
58710439
253276442
102132930
35794199
462863
116002354
424690
337193
217721902
73668715
50247567
193737151
35896627
195697021
263099064
3768785
25206006
55287018
250098986
35869447
647906
191779189
253350371
577223
43751954
7948842
3768843
213936790
342988
198285302
36316218
249921527
248789337
518269
109945628
195696985
603350
55422938
191780611
198285611
35764216
907636
213936748
252540011
195472329
249825686
48755694
249825819
213936757
198495277
73492151
129251622
249921553
73492196
2430579
3768777
965428
23437578
101870899
958382
35779573
191780797
373268
205224941
421281
2430577
424951
338170
436034
101870772
574429
55286697
249921648
339697
250099375
577219
6553767
416355
3687849
339589
140763292
32222734
520347
195472267
50247595
525224
577255
55287731
55287215
208056342
193600992
73385223
6421307
574434
2530563
73585162
3770137
1390067
37152050
87045044
225935865
73585185
248703421
192951424
153993245
180104044
263354778
50078318
35896705
168180861
3768835
2499787
167648798
263385583
263352517
2043655
192951446
253350341
198285294
1390063
3770097
101871332
32112219
263101442
263196718
87045040
193101602
248801274
263196777
206715327
192951203
213936782
3819183
2465243
263388458
198996302
263450656
129770975
248789316
263103167
202494068
206715293
87045120
87045106
2030551
55288151
60396837
262651715
25537991
101262550
2502933
2530861
3770105
263450794
263450664
108748252
263208681
263196619
195283789
102132906
209603500
56003846
55422809
50078770
55285569
119699006
193101724
195472354
193101861
55285907
213920395
249921585
193101493
198573176
195510699
204437458
42261052
168188716
167654209
3770083
35869443
249825855
8062220
129770971
14951616
55552248
87635133
248325819
153995574
191779414
51990827
55288285
191780688
55288380
50078292
3770183
50247565
3819123
3782675
35869384
193101541
101870535
249825702
249825693
3782529
55288765
111109189
55288122
263209612
192951319
263101026
263098899
209389058
55289081
58710673
248703390
3819169
4205905
3768773
3819107
168190352
102758200
117985156
248789330
14948150