95090203
103775057
34357559
160671860
88821735
98254990
953871
12624635
242105845
242107123
83205039
15290019
150604942
32225504
262653902
15061580
83021026
140644231
98250676
88826549
261965582
163476388
147593187
217181400
88826520
106539235
59548036
113822819
95091086
165255664
165255544
25057096
34357635
77182488
113967606
117274936
95295622
112643234
103815074
51512032
113589225
88822141
113023249
113593006
173798940
251423685
165255527
1710681
73674655
133563592
15353787
169379760
29362832
169355348
122558105
202644551
169354399
112632293
114266641
197069269
15357953
169355087
169356027
138533046
113098492
58624217
113833498
102262898
95090264
15942353
198964156
199639814
242201698
12492934
113912704
113098509
113834274
201035884
23408591
89934817
262653900
36377795
77678541
59131706
112695981
225209980
241822013
202957750
171557944
187838634
79006292
79646471
112686036
41819570
242199416
242211686
242107265
199671066
199685144
198966724
242177183
97517127
107348617
162593405
25002930
83021212
34768456
249021223
465100
149195680
98267795
50384053
164540646
98251083
122874178
113499853
2819377
465146
51595289
88822169
168867004
193486448
112690638
147011500
29362840
148076152
2736339
74898206
14971897
13669991
138147057
198964508
199175122
202645942
209119964
197066876
212610336
96588206
59207057
36318250
51031387
100859050
172821072
145564075
247731124
102262866
146381851
101194721
89965036
89980334
48458574
193486626
141733720
123442611
51512920
146381169
23633868
12338513
113021493
140976169
81736743
88861592
198963922
140174161
87052347
14419992
88917049
196906536
201572756
140132489
164541999
164538372
37795128
197182973
197065739
70055122
148715625
178329661
198384572
119902521
201037779
84940421
133562761
193648001
241879040
168726188
197063562
50216287
76520896
178312995
241890476
98262815
169355863
51595364
58670041
149193577
465053
217181813
198962118
76518827
113820069
67607584
187836932
82008578
248647746
202644451
140128968
193647527
82008188
113507754
98259640
248648656
239196087
114268172
140296190
209409915
96556534
50216393
197064357
102262921
162593407
83021053
208105119
3493387
168733598
191678221
202642202
202645616
202641761
50216387
202642856
202644280
67345250
15354909
199639751
138479558
116493318
148074944
114266692
253127535
82006751
149193193
29362848
202644991
119315271
96552339
51031310
25005257
243044216
193483790
247730758
208104748
198964601
112690685
242204382
248782715
149194932
20637933
106862966
84567011
202641598
20613560
95295625
198893304
198967513
34357465
113929965
199671145
82008359
242107229
101179544
242010282
201695545
178313013
177460839
29370013
84567231
152731550
13631758
32224948
198964739
202643500
242204380
193485702
34357486
112686250
113592233
140291292
194024734
141961718
15360268
202642786
140128949
140976140
133829891
140103685
187839369
188210675
127554164
249021486
142857626
248060622
162752488
49626275
248803916
34768460
202957473
201074179
249288109
241859094
122873257
187838217
187837075
253135452
192964860
217145175
148075215
201074121
206127069
95296786
86607954
88821783
203040173
3493389
113518183
253091143
253076612
107017115
107011967
199670805
107016383
176611127
242204377
263076543
124273582
51031383
74036179
48008148
77329000
37795013
248647803
202644957
262654702
16857556
202645731
248646834
248648145
248648666
173449593
51512773
35860184
32224127
48458640
59430462
178312983
136373149
198962268
198966620
132799086
15353113
198964479
23404724
4495817
58205601
167460767
167459382
249037478
122558031
122558185
140173936
200620394
249021382
249017082
249019518
200875775
35507089
249042694
199692964
242108180
106539219
261810920
217145542
49623458
199640695
187837859
114210435
187836889
253182364
50216279
50216273
106545230
249253634
202957487
133830549
253891859
253279323
117648575
214867742
214867901
140644256
140289986
158600521
242204366
106732130
90021726
248399727
242487471
36451223
188145662
35451866
77328998
168609700
33452136
71684479
178312873
48458168
248646852
202642999
242076495
202645887
122559290
37795325
178312904
51513067
15359476
1732559
197182646
198964213
198966582
197066568
198893404
185711184
51991461
160175541
140133110
253091406
249021642
122873420
252160607
199640756
199691101
127554429
172830119
73597521
199118993
199670947
199119119
187837012
192964917
203049231
203039883
110585233
158587610
253077266
16833659
247878712
199118670
217185552
187838592
188210061
91767544
114266567
34357469
114268143
225957823
115699732
190573236
199693408
247906936
249253619
263060579
262654675
262654704
77223267
248646713
202644194
35844767
112643351
74343765
15359027
1750477
177456078
59432234
35844917
71684481
48012223
51519668
77754205
153518264
186567918
23634500
51519408
51519308
10236971
51519692
51519655
35447049
122559017
108996963
185916716
173450086
242487474
176611724
217181796
169355771
140132533
140174129
140133115
140174049
140133092
140132576
160175511
140173862
146492981
115265683
202271970
117382276
199671005
148075619
150910552
250061487
3493385
140297603
34357466
261965702
248804435
117071811
198988153
114249500
247276194
117381341
249019206
202262804
199691336
79552253
140614457
107017281
106707142
106703763
106707443
106745934
140644284
12338507
95090868
253263919
215737584
260107760
37795441
33457091
25981713
23419928
51031317
10236970
76251402
244178067
80960949
163148364
202644933
248646753
129124413
33454110
173449688
209410074
209410042
173674406
169380960
248647916
102263076
67295330
23158544
198964835
140132579
169355530
122535460
243044232
145429893
249896764
187837496
199699893
114211162
248263343
149195162
90088358
199011334
207920004
247730414
241912189
249042879
192641777
216936285
117380451
203049925
107021814
259534483
187839022
199671272
187837030
112441926
249157064
133830137
249017709
249466972
13888390
113512155
95090140
98254074
140103689
148076357
242224751
248211749
199671775
214742309
106750298
106731471
101171606
245764843
110876472
263076516
3493391
248647565
67057417
59259417
145577305
1217527
177467486
15356791
59293403
36094644
248646804
202645452
263041206
202643057
202642909
263208651
122559062
263105100
202641654
202644447
7266595
248646707
26160794
202645248
262659005
202644780
202643763
158868436
26613811
74036181
119315349
51519349
23419480
216724861
248648042
102263085
198962417
198965467
160835174
122557981
49500622
121171583
199685417
85241562
67563597
148699142
188832291
92810506
242166657
249019865
249037146
242107582
127554123
201038998
187839305
227873578
113500054
164459771
107015941
106709782
107015634
107011383
34357482
100866881
247731073
249022687
86607223
249017020
202643482
209409505
202645636
73184014
248648617
209409413
59430551
112171294
36076788
35844335
177467003
150859527
262674464
33454126
80960410
74036177
112171292
248646912
248648406
52489470
102262926
262640622
197594634
193483185
197069055
169355495
140132572
1711799
242498853