331578
2182071
418297
706162
719829
210138564
416456
192988469
2206831
2465269
426411
416384
25203127
2371039
3854915
956562
2290915
10831331
32196811
587618
587546
205823798
48755558
36316286
416419
192074168
974657
55287864
58710657
58710938
55289007
129538050
125089798
2207711
426714
198562125
46612817
198562333
491187
10320247
87045202
31516219
2182091
2209203
706949
2184689
10831122
191779416
25203945
73766256
48754836
342773
55288748
420780
160654355
2184455
31516168
55287845
106352098
2096987
55288676
98380897
2183605
252892482
416402
435023
32222654
160604133
2097099
74538036
6716263
2361127
2203019
25201857
252892477
55286689
50322816
331539
70738937
420890
110126333
34752207
2175519
116749344
36315990
252892486
1382607
191780349
2371037
160654371
2184595
2361075
956566
10788082
2057393
109945647
252892480
2361185
587605
2182073
25203762
160604190
110126347
58339233
116567157
2097213
2370973
198562303
10833835
10797881
58710423
2377357
2182089
160654390
10792301
67607351
116567028
2183927
139529744
168162936
262305692
167596548
2371031
3819065
160604127
109945626
110468707
217721629
177659924
3770065
58710562
1664857
55285090
98082558
263209963
10833817
10792018
2371027
2377433
167654926
262971963
111198216
2377793
2389615
160604169
177659931
10790788
10801501
55285980
2377385
1384843
1382611
111153719
2202729
2377437
109945630
132191802
109945624
132191806
132191842
115967207
217722589
132191814
160654363
198495255
2184867
55287133
416439
10792109
2465147
2377491
109945573
252892476
2613085
67607345
7955073
153921155
2361429
32196827
263436183
2175667
2061981
52345154
132191829
2163575
263179651
10801193
10788017
48755264
116629552
2377485
2465275
51031181
202962068
1384837
2502977