12302729
523967
97619675
25205424
74744288
191779033
206715256
2361077
191779914
198285436
253350379
436507
44860613
54000324
21113581
21061014
118522601
261994627
262852588
44860419
2371023
257925146
109666040
48984368
521970
34753728
247902531
103475286
58710084
2202937
2175873
195994013
202485032
48755068
70656388
2378021
57791669
191779042
25202396
122521794
49994460
197388056
21113573
249825908
74451604
191780675
192333577
74744249
195696929
193101778
21113601
1384883
35778291
51471131
44605282
2499719
44605344
2377651
317659
317675
21113627
331555
51422931
2499695
89481471
2209025
74744278
73766414
74744225
50078738
317650
2691589
2447819
21113625
2378025
44860274
44605366
7574707
2465213
317681
48552824
2361189
2361221
173449510
21061018
88043492
37794709
317668
317651
74744223
261994775
317677
2377805
317665
317674
109593826
197897305
317672
317662
317684
2208949
523476
2377535
523478
2465291
247902559
110126370
109852185
2175869
70567507
7677881
44860317
2361211
521974
317670
110126362
160402337
109593822
110126335
109666030
109666026
109666422
21113623
76378878
23009388
21113631
25202398
170828312
170828169
198285400
117374926
78907780
10766571
2208173
71043358
2202613
2377781
262852648
2378017
262852632
115936287
2209229
263388466
198285420
109666059
160268654
19830352
170828279
170828266
48984040
50322775
21113619
58711268
178832070
198285462
263179622
70543371
70565233
111030373
262852606
2377807
35777516
174533557
110997937
2377679
317679
109852278
109666022
109652149
109593820
109666024
139989742
129947548
170828283
170828252
170828198
78907656
46760857
63939239
10768585
2208179
54021746
51990877
58710300
97650352
317673
317661
317667
58341750
317664
2377401
2370999
261994769
2377801
195696951
117375184
109666032
109666038
183682814
263098543
2202945
193101786
51626945
51627070
142395734
261994681
58339252
261993419
2377469
2465295
317683
262852680
1384851
193101923
160402432
10769858
70527531
5851519
51591006
51472780
2208587
10766661
87045221
263179594
2675929
89481477
87636081
55287980
263098510
2377799
2370987
7569965
2377999
74744241
2499803
2378023
198285448
110126374
55286416
2202941
44860377
55289374
197652315
170828287
170828254
170828258
70524368
51470518
263099036
10768858
51423303
10769766
51490741
97631481
70584660
117980569
198285563
198285549
111198348
2378039
2361065
261994700
317666
317682
2389623