184075082
106609000
173748409
252025097
3241175
247880092
195696288
249875172
19913957
47801548
19913971
51307889
248716945
249875142
85653847
225386312
53128111
106362394
196522518
76279849
982665
1204909
208303097
204302018
479452
251460729
206482176
884076
1007580
73717910
1038442
204878406
47801546
193590152
224368057
980788
251460039
2652451
250020070
252040852
225385841
867444
68115120
195472146
251534188
1337287
38212315
250743170
253395897
870617
194182169
221516850
53867338
38198359
431666
119949410
214611401
870613
55680720
870611
870615
73315750
108057141
87955794
982667
195305999
53128105
25091615
217524100
248396774
19371270
87955849
36701265
205506569
225386652
578306
182800018
252025347
225386019
198335052
58723516
186348613
55908763
200848463
142461193
96303911
142471728
190047051
5975115
177751436
142476736
246208036
84075230
96303632
26222263
431455
177783297
225386106
251462245
253297650
95039337
204878297
249875866
47801558
252050676
202611027
20349627
251983283
217868525
217868540
184909339
1337291
57870432
17012124
251983238
177783852
28266471
177317350
132194726
249029203
252077621
38188985
211948363
187188472
78993740
58356591
261959365
261960399
51834016
251393360
177723018
249695195
70520503
259568248
19342253
1664527
224456792
263109346
184633076
212323631
252249075
190167852
251998879
205810180
25198436
68463946
249875168
187710065
68115879
186694076
205572968
73637979
68464136
208739152
194182523
225289440
431453
77753673
14763040
253113496
19368191
249875162
68463756
225385882
38189001
1038482
431439
14764547
176024915
1664529
202961457
250066551
225386084
68463543
263075801
251380135
34751846
214189451
714387
241666694
68078267
251534721
176024778
52665719
427552
2297503
225385851
70817128
249821681
225385878
32314555
208236120
153408996
251393343
252167882
7887193
884444
198335050
184440506
194005441
198335040
76014358
73850813
14764018
176835135
210134525
227280080
73864375
68115132
184075080
49867346
51342556
225386297
205246706
716056
221516854
17890551
19373605
251460538
19372614
251983201
439461
252055547
34239941
177617870
2297501
253043751
76125991
248502053
201308262
194179709
235667773
137375157
192289458
217868170
1379749
168900095
182714049
252040689
190546875
68304127
175173231
431442
252246214
68464138
175526794
246975367
110670698
177777134
203448663
66863435
170271459
68464258
215072576
248931824
247927374
249695518
158721164
177726620
218755983
431399
68508913
431394
183517724
225385862
225385871
210137229
246160608
246160665
490972
197387955
222679116
137941376
452367
225385984
177782858
51838957
160779611
204663224
205973295
68119255
68301955
68119257
251534921
25740135
68463541
257767665
225386034
68509009
208093935
213997304
255352741
169375427
176024917
212939494
225385974
159814716
262455988
431401
207933210
198494983
251983617
252167303
431403
163039345
867450
242201251
198495038
252658499
251262559
218755985
68463858
177777683
214908829
158641523
205985434
188991721
192166495
76536995
45123831
213998057
68545552
251453781
262570330
198457623
146272585
203216659
201851856
205808453
248608753
159814687
177780481
68116136
431405
431665
214189437
44172789
262389395
106349489
192948599
253151576
186319418
246160599
262068414
212553168
225386049
217868537
217868377
247060656
262903698
262904946
146224661
252041139
203861597
76378786
207011307
252240918
203448762
179987796
215078845
21846867
188782913
262890935
247862298
246160708
251380158
262068444
252680341
225386051
225386174
242159999
262972538
263110091
263110156
149520262
189540867
262570470
252167922
209905709
190238936
213863530
177777029
249679661
203212069
251998070
253396221
253169127
251266119
246160624
212981844
225386072
246380271
225386067
225385982
225385963
217868197
200849235
262806943
215077301
214189255
252635489
225386155
225386159
225386153
177723052
253213388
96752618
252077792
153409215
146226252
151950662
198495040
252244433
132184328
249678149
263109784
183718245
246160637
68463860
51668444
575996
225386157
68570322
202604275
59547209
253293497
55879556
194182103
214922291
252006967
213740948
262870013
189597730
431437
225386070
242174424
218755980
225386086
177783554
214189382
242160538
215078583
262455972
194463219
146272314
76117862
830831
153408998
252658498
252460141
1325405
177783250
200848837
212981813
218755978
225386088
56069040
253619340
173911155
172926213
176024855
68115297
217886452
217867234
204879202
251448931
247060132
203213003
253395982
262455978
186348422
102108296
50215942
196045066
114945078
206361295