139202747
214496204
192737090
137997301
120047309
18010085
155326338
195188817
34479989
251971166
148911039
50591479
117269836
168750448
2882739
50590726
11404287
48076636
207379378
52979793
152390995
203458201
103462258
38166107
107987309
52574690
251975010
186292558
186292715
32829586
250126133
214737752
115222776
249940469
38073081
137997171
145629935
100265893
21178685
175978498
12332996
193730774
99321825
76105259
20991940
76104029
33167163
194404659
76104940
107748527
11404540
2882747
21286942
78890990
74987156
251255334
249765019
116620564
192548903
162175175
249021213
72518816
59404875
241772582
23290739
17259473
194564026
11404437
206485424
109853807
249856365
141644598
195732823
38607547
131363607
249856368
208677816
193214561
11404633
16863347
125604370
192961184
141764859
184783263
125604496
197497559
198525713
135508004
57967871
175978263
150947542
70641971
253091164
54008223
71168806
13597604
242434599
192794867
150996210
252103260
146034542
176818536
214737512
150862719
56639040
95141818
197181232
197851442
45247808
249129949
168610833
41589540
30009830
205823542
204928789
45220809
230315136
140100952
193395234
152230071
58355832
36362483
252846136
45022151
134418621
203859415
201081686
251969872
205987985
21287128
114647038
72510471
14609519
125604182
513075
513092
213674265
215896454
140569533
5223213
17628388
102144131
249856293
164542247
116638353
117096824
117566117
37656382
98864319
37474266
148017004
97925537
194003827
196831809
117271206
39136380
205894183
161236206
131549128
166370121
166370066
176818711
161898230
57386279
184988593
133005557
184628571
134369321
227100996
189340741
184619656
7150311
69081697
109848741
134341641
247658996
10868501
190708570
54002607
43088557
95141777
36984617
253248154
132809199
154858676
97925654
125603422
109855247
56537325
45125853
214737662
97925263
139692839
98761541
38065389
252533106
252409782
42081434
185335136
45123980
251898458
125542109
184620091
184620398
125603539
36168440
46652755
150683769
169935566
189493221
5223261
59343677
215161164
21314472
201475746
147975890
186366710
250129825
119005869
175977527
198435282
248076658
2282065
175978087
95141860
186189446
251929312
202239202
171686939
63155020
46455931
21314538
53728258
202347864
203827183
189341675
147692275
162200758
31608825
114796100
37659127
117267822
187194332
203950168
57207702
252400431
249856342
115225143
95518218
2882791
152648348
122869811
204926191
169729050
34341881
204926959
164781185
98869050
184628871
134498347
248637608
114789173
196085768
204282541
55157605
14609635
196241461
169728810
49704135
14887001
166370191
53452237
214948195
10206131
179214890
134390236
137543517
122873497
143173434
219145183
189341763
71320398
147294817
236850678
32677912
41601587
122873199
248635412
167041607
122870656
180590344
215896612
122868978
153262370
147294865
57289874
57880370
185992473
138845832
17629876
133688210
130960626
25983013
180935528
250061395
263119695
186147119
98761471
247260377
180951594
252529848
247889083
198898989
196243510
124630388
178335126
180949586
21722931
89294791
117395123
152651109
175977876
205987998
37468819
229700624
166370209
252858571
193413720
117274038
214492421
7062661
184773640
169299902
191947696
138810938
152653253
134333138
166370030
182805009
564409
69064792
63130816
116639023
241909474
168610850
135389663
48536345
20243737
137997321
42083239
117380442
180847343
114773019
175978259
140569536
153368705
134419431
168667984
126676133
151696784
196784927
193897778
106907096
38073371
37655514
186189107
215194235
192961182
125541269
197164193
196145294
53642248
21314570
175978170
184783391
145562060
53530918
122868819
151536498
37474562
180946901
184282490
16931878
100988444
37656468
43764038
201004226
182295866
96988846
152651189
76402321
154155201
175978189
74566489
193669039
108996965
57184047
163661521
125542280
98867609
219456393
180941961
41379331
175978206
98863897
43933278
251656009
38068300
153546628
162577409
95509652
152464623
11791603
11791598
25314112
75364806
220661716
37655405
193887938
175978331
175977492
513087
180949202
194003830
166369848
164552885
57270353
128805321
126211999
1012772
32677859
189631531
251929046
98863644
559109
36568966
170744393
98868646
15736061
147317845
144754592
175977975
5032677
152652133
147294772
262670840
147318917
102144156
131504344
62757691
36556296
2882759
166370028
25051018
241909494
180943698
214519104
46272590
115224726
49124247
15200822
50593229
122869339
195808328
185337691
210413780
188621493
21314689
170987781
190692994
73482202
134436709
7538553
158600300
2882789
202347866
122872976
175977905
169925946
13901003
162752303
155057402
175978582
183361503
137996678
184784011
197553477
42229670
58167631
135328310
183531392
53642725
134227282
138031183
184773618
125541974
176451561
251577208
67256081
166369843
175978274
175977910
98869228
183532136
185332120
229696326
248638960
14609711
167041770
163887309
153461746
125541741
253232956
36815106
58167892
63181933
98867444
175977517
102261453
175978734
98864556
176238942
253075000
214737471
98864157
138385647
19335747
58167458
62926013
186189104
83854411
241909540
253072163
131392635
166391718
214829472
66867759
241527741
175977754
175977581
5032675
180939448
186240414
249639274
62834816
242435265
119439706
12742467
207498584
170985367
180937117
158610407
180941679
53530008
175978080
253072213
134334881
188475575
165782539
148015375
166370078
180938755
174642921
176582627
253072202
58435886
252290029
180939787
20024073
181808726
95483968
136414133
91627195
251930705
173712085
532607
195656329
50871670
38623491
532608
10775849
180935984
93289639
148015321
204256594
166149722
252409789
160830296
48930448
189534888
25051057
214493069
202640150
172158768
201004334
166369932
175978226
58355909
194795282
204924999
103601341
152652472
57471458
180949882
176619438
204411639
252052844
172377966
214737699
194564713
103740411
214578702
203824562
85239136
185314073
58168285
184282508
249856512
164535671
38112262
53999603
125542191
148016886
180938470
175977495
174099435
98868975
37656687
66902902
180939381
155162862
92818050
134417088
184773605
180942069
185309970
117269483
3677549
21554941
188615493
147318920
92765295
206270095
203774856
201252583
51600796
187579948
128202416
57184221
5223187
11791596
50555922
205930445
21933770
203859846
166370107
197746665
252387124
251967042
34718216
204926334
93273951
199539744
139228097
57019123
37659143
175977756
197506738
513082
180938269
44923603
214737490
145411281
100269557
117268763
215611726
208127575
28161624
166369934
37655807
198585111
138842132
183351866
98153181
186188739
213884376
155184495
175977986
175978559
175797400
230897733
57285522
16647314
204928480
48146959
11791608
257537945
198029781
198411941
186240670
198498533
114571934
14609477
52321264
252409827
241909489
252577085
180942075
98866121
152186147
194827853
180937111
197745179
513072
208684699
194003846
37469112
180943586
248076797
80334127
13900049
166369890
176132858
138847394
155021886
22081495
169313649
175978195
57967514
212236766
217316249
14609521
133611287
204659915
97925232
230897621
203772599
125604017
180937619
206292367
551387
252672639
15736889
175978566
175978186
175977739
95483985
175978184
14609879
16317864
169313411
63075248
141473026
137014871
50508323
5370851
513079
185338791
166370123
248720812
251573499
103740405
103740401
63161804
189945359
81508640
249511807
252354955
168183407
12042121
16297809
166369982
217641359
217141181
102261447
175977793
58163666
149650990
195808161
242430091
62368448
209284173
513088
184791942
73168066
117567437
98866841
57141594
174099446
56597139
7739820
212557092
252721611
21314711
50588732
166370222
122872580
513086
166369841
37659052
44054392
180935583
37659065
230929946
180938439
180937312
57184068
106907026
253127445
114687954
184628004
175977853
175977741
175977966
175977985
103601336
102144150
253095938
53896428
5237005
144906740
207017700
253577545
93289629
62834803
165782417
570908
198895105
11341600
28904368
175977582
140212607
175978172
175978812
175978333
116137152
249856284
513091
193223505
248790629
205495415
95483978
95483970
160598605
242718307
164376465
185857086
194567819
188932804
14801383
67628685
80022583
136826196
7975217
166358352
50553479
167953489
205102530
107615713
180948150
180953913
180947210
195303349
184689631
174839145
180946753
184114414
241909510
180937612
66902619
180949401
207279614
180939652
180937997
187128806
240679208
139230116
251552196
58168523
196357895
57149371
107618144
180946830
58167221
197745091
166370069
244161455
166370182
180954243
188715275
184282847
121208006
13779514
173818506
174422573
200706418
197514515
180945923
215135769
206106486
248185919
249896800
195797360
73611708
56509125
166370103
57285433
57311024
155412383
176853618
50508056
119074634
180946806
148074840
50554165
181917695
166370102
176851225
31596659
145209337
125603966
188387870
80015768
181995128
139226344
107614437
166369984
56511462
219456340
182751070
183351143
169313909
252787407
36810387
55411638
51525832
157215682
259320988
62844310
102144136
102144152
96988842
180940902
180936276
252787881
175978373
175978576
175977941
175977666
207195377
175977897
95484005
175977596
175978211
175978570
180951611
138852601
180949164
57263932
56510447
117272443
73125951
252588046
98115066
57454462
57141628
242504298
167957975
63143908
180949434
62772266
7663120
57454872
58142873
72187235
252583639
57455981
155763884
109602009
253333992
253201943
247953622
253892379
70692350
108996816
262478137
89059087
262495157
262480730
37655771
249961141
138899131
72516471
11372057
217490008
111859701
48142812
40369705
203146680
258859739
81815369
76029164
207555014
110864205
98152481
216000835
152230583
227139963
242718270
16690420
19770551
16690404
242718286
242718274
242718309
54769682
165011805
252721619
199598681
189340695
263120014
214829855
14525064
196152330
208768924
262079660
200709381
251573508
262451955
50112696
16297396
16297733
263404095
62926011
180945079
208071409
110869071
180954211
184944393
209908749
180942586
170988548
174051508
249278005
80341277
166369928
180941262
247657754
166370142
252793587
114110481
180943565
171558652
134430927
197831770
133005147
98867967
248638388
251244208
74629364
170814306
138840370
180946800
180953282
180945890
180950366
138845613
166370131
41266522
92913941
138842576
56509244
145272976
180949370
140569492
180944734
25051024
56510581
31596593
180943978
130979120
78523404
252585333
39371653
36539892
36538614
58415830
113097919
58499446
53448948
72187069
125603708
230315195
57455679
203843639
175978126
175978135
175977550
175977561
175977575
175977564
175978005
175977745
229731111
139223348
139222449
172286930
166370118
180949383
168221034
24186763
139226104
180937852
166370113
166369886
195797285
178463478
197745534
13900313
203557242
180943336
75476778
180938890
161730330
206295389
97925555
195317413
194565049
169635926
57118083
159787667
203774692
203585151
139230392
13510562
48216546
180937672
160296725
180940933
37656437
169337243
133830087
57277870
63169945
57149388
133431537
250061066
92912966
180935783
180939850
205516657
262480725
200701140
102261451
103740421
95141805
252863607
253296113
133152971
57476479
252791736
57456505
175977642
179500522
205339927
172192087
161561406
135380203
230615544
192913402
49650542
66609382
194847717
15149784
252396402
193881079
202643765
209409562
14525068
109626476
19242529
242718305
16316740
242646593
119392976
144648104
149595351
174322526
205428574
177487415
204924864
1737281
147854326
21554160
252564807
183351405
72688733
64418647
180937909
139230697
248076717
252647362
111859636
180940421
186143719
191495972
180951936
184885129
36186297
196510434
15266055
172452540
58168227
166370139
173136700
170744969
138841035
227135049
179976837
17423825
62907550
208074121
180951134
138852649
196546405
115222550
197926370
14814652
180935147
159787718
97925425
164793314
172707477
191346169
202347827
182558352
172706533
180935357
138898718
166370132
180949627
14806902
13779657
103740403
138842183
214781189
14805055
13524879
13437487
69455134
57300722
251552172
20225164
175977772
175978590
175977691
175977889
95483988
175978257
175978485
175978584
175977584
175977920
175977742
175977489
175977875
117569253
208423351
262494591
14806033
180314119
253205234
253347681
253349133
253283432
16920536
152784151
107618059
203538027
36186321
164977623
166369867
166370128
166369977
200707997
109849607
157135567
13779637
167171234
180951305
15265750
138839580
217168075
198895123
13415334
138831901
180946801
57141579
44882080
222640371
252570824
194565149
198895927
92766048
53451713
192450112
166318681
168498497
247657936
207025788
215148266
80021531
205495305
8315848
72577103
198444274
53442230
117566143
31847552
165036446
102261449
180942330
227135035
180946933
31596694
180947664
169455598
13510569
189632455
206749361
217865358
172192415
14264336
203149885
95483972
76834228
204928649
7071531
6694763
262671702
242718273
249600192
242718277
73669723
230056062
16317862
16330564
2882735
262522862
174340313
141613050
162842452
164822600
169824897
173467457
171258846
149581695
205943350
193733803
93273958
93273955
138385906
263390890
164975209
62884698
164978501
180949612
206270097
198019555
196545695
180935866
66918786
98869623
138902290
166369866
180951813
15265206
57282563
11372623
122870912
166369847
14455837
115223930
198896013
170848705
208676501
177559932
37756728
204449544
170986210
163558924
200854850
148017202
166369921
169455055
198898978
176852736
242294540
180935916
138839252
248679014
15264350
172345441
166369858
119426144
127529767
248682278
211314633
31948727
242435003
180949199
169008489
133777100
53143757
117570715
122872943
175978034
217168979
58167639
166392020
133776271
193387389
253164669
15736559
15736835
102144144
103601357
259321656
175977569
175977551
95484008
175978434
175978205
175978157
258766737
253891382
253892560
69091651
134844755
251591173
138839915
62757693
180951200
162752228
138851024
242430099
184295475
180941077
180935602
202347852
62888496
207805938
247399781
80021519
180935170
57899138
227659840
80022777
204928145
53451194
251984646
16230835
173787783
175546398
253112211
253051488
262491929
197605811
120461524
36814970
57454368
57457499
100992952
117565898
58499573
100999569
191495970
203586820
213882010
141497788
202789727
202448947
191346171
133673509
63119097
251151732
152652797
201164552
66900205
227135111
138844339
196547096
57141614
56511464
57288074
70938873
180937269
139226577
230315114
31596611
37469164
205855484
198899516
250071899
101855233
242903398
51003283
73856069
76123445
214645585
251999097
16690418
175979664
14525058
50410393
8061656
6432127
62884682
20176589
204927126
242647039
140379069
154940241
263339575
222608919
201605038
241909482
16313360
14589875
54391347
137996114
138840914
80300600
195805802
138898418
180951235
13779569
166370050
53724071
97925550
166369862
196546160
117270351
180941315
73606412
180939660
166369923
180940103
180943927
166369947
80015465
205495480
166370100
144506146
180945249
180948266
139215115
13899657
208774729
197085156
166370109
69092327
174051585
162577801
176488838
140569526
248636833
165707040
159727230
92765893
146258240
134380439
69611866
170742736
180949210
11736494
62852987
186737044
169335178
62757689
197722959
173136843
180940974
166369927
164541411
138832994
28890194
180941496
54081199
191489216
205522424
213560726
34468265
54129214
39140210
58415926
72688608
57455866
36539297
55411632
48959580
205800104
117380444
44344376
204282506
200016873
180937867
215194430
180327083
11743262
230315137
250149895
204924139
193524822
103459189
180948176
181917738
147816740
171208483
180940715
180944815
180946593
15267391
180936278
67073026
213882336
13510651
166370174
183111105
198800666
180944639
251656412
180953812
180936994
248638156
58086943
180937494
214113573
169942491
164974921
180940679
198800612
88960432
7547597
11791632
253296258
253245929
200701200
252865326
209600723
249856652
57456661
196803622
219462039
202451358
253891501
73167972
258403572
47140244
166370177
175977571
175977512
95483979
175977725
175978138
175978640
175978550
175977896
175977771
252312180
103740419
163033190
222417001
262495376
262494186
50044092
205518683
51532161
262589727
193887913
263048092
242718269
202643587
249417425
16297762
97925613
242730700
148565691
174349242
138715052
109392355
134843528
195763083
214829554
203860845
259557669
242645985
2774861
43932730
192690139
93273963
144342431
14804611
242430095
164539786
205220128
244161580
248636239
201858678
80022765
56511874
248682288
111518788
180936085
139231063
197505292
62837194
197720581
166369881
211314725
192963602
58167385
174942843
180941528
59344726
171210759
166369877
180941554
180937484
114050481
166370013
170870189
217647945
171890931
176851363
174824526
31945704
180938106
249180866
248636441
184282774
54008788
186260635
140569531
166370149
80356682
62838767
196146491
7026369
80021202
180947234
208124706
44882035
149460831
13510549
242127526
42497911
197926394
184483673
194564586
262079011
258231082
175978078
193383261
260942751
29638372
260645417
253072162
102261455
103740413
253247329
186189373
186189119
163734284
169313954
183352458
175977585
175978797
175978548
175977524
175977516
175977556
175977536
175978113
175978328
175977960
175978283
175977991
175978571
253204434
253892008
252791760
31949843
39700478
39709826
73496504
57454995
72577692
57457259
204283048
198579051
58498093
247799009
51526123
253051214
210508151
180951455
204929693
196545141
246931658
180935533
193881116
166151369
241909479
180935433
70621212
140131377
180953718
180936459
46598981
250061511
62888494
251092568
241527629
180935083
57117871
15736970
37719514
249896782
11791613
262488073
14610060
202603848
11375328
205966287
124272960
250077243
11922848
175977485
19285757
125852868
40981092
16316854
16316732
11791594
242718303
16297804
7018473
174643147
50089430
205465402
54104456
262061983
39359954
174330604
48494292
113530923
124276493
19409157
129138035
160846671
46208117
109768397
196233951
162175322
194406730
35153297
252653688
105698686
99037761
36570335
160395175
14439698
59177530
105682065
253456864
22154819
248330904
192780517
160188599
214789235
513177
150819269
93289635
89604175
112106504
2282063
57012654
176596664
216128966
200851056
146360959
45119517
196236489
36413439
192586767
213690445
185946852
8511306
252398656
125541457
188474143
251585674
92967292
180951286
43101488
260107738
252891657
192713446
8461049
131174716
205299244
167018627
59355828
213681821
8479670
190155571
171125835
143964489
248607646
251767180
196361301
150998924
213361809
249928921
108997016
68375092
36306557
251585351
17974843
13671691
174651482
8511756
105224363
263287889
111385604
24955977
196076217
251769441
19669431
204215680
252103813
513388
513144
48606920
217367569
205217001
249767141
551361
195743752
94694578
199646749
40925124
214493093
161231034
108187795
91820381
71158600
183531727
28161807
203147580
196019217
155314392
66609380
4057593
50500693
189340933
68782975
204804596
131246254
103933839
8504779
202347848
197181245
191422067
192780540
195731485
186188728
249809365
122870816
74976756
93289637
68358625
214651309
175782431
201048725
93289633
138828119
213728079
225967211
212635996
25491574
35190198
203585616
106906984
249798742
106906762
26082511
171631265
252055285
194038055
46760843
229765179
100186741
74606050
95523958
72045298
146289661
188844572
138833267
214163445
50253753
168392379
75584970
47252184
151592696
7461553
204631145
202042213
187601141
203585124
250015515
138245594
113049442
56690934
230136203
216900011
184937424
183051277
186189257
53089528
186189174
183701416
247320130
205257197
186188747
199569724
186188827
113637558
184282528
192782544
22477344
138933418
166369922
253461960
91818607
253545197
140946932
85827112
15404382
25008676
58211615
183053826
180938244
168388711
117067448
132206013
252791015
205514987
161018334
110974441
69675587
161618827
212991170
252107460
250336516
208195639
112949523
148016935
197181091
197181161
60886768
83664228
156177127
117186715
190641873
50830411
91820211
213683702
51653204
86162079
197181128
194321707
253218976
253125772
261984207
7465845
53725265
48110931
203023421
214789272
13642328
103934880
72187239
184696392
70627832
186188694
71611883
253411142
249453074
168005112
68861567
10181404
162175131
88043496
156177767
145717201
146292027
66063898
87623505
250337841
140947547
201004336
36499335
168387842
163912110
178778639
214789257
51488613
56596810
13816537
166370184
197559093
166370196
214789270
200652015
225948952
199518457
183084534
180943905
69068480
252103835
197181313
248384029
163576823
60890543
43066775
23062483
175977921
56659748
186189209
140948059
184617440
249396787
186316688
52977837
111861902
109217513
174627981
513345
10192847
113060842
131178600
93273938
110802768
252877020
175977786
203585988
56061394
184989549
147976975
184939418
250893434
127587590
246891253
35594870
105660791
251585474
229700234
203177297
262005225
193898451
176476917
214789112
35597801
253146703
195927212
169273476
55352260
168392647
109848331
180951941
55156764
186315398
250956194
100317527
162395713
159440654
249237506
180396496
222656608
50364349
183251633
252103757
160395102
34845111
106906549
48144318
214163206
38116816
117195749
214650552
203585933
95520919
148556582
199569929
148018562
195758202
5184089
203017422
21933812
143301545
252854178
180939885
134432264
191357133
13894979
252846043
250549318
93249321
110391132
81867612
230839695
204928763
75583119
180935023
103826441
207001068
191419969
252853897
262005381
203586430
202403316
513338
140947396
75360787
35597303
513337
216326867
214163754
183055123
204926089
248095464
252908548
170298801
260107709
58616271
513103
551394
513093
626995
513056
230839880
180947599
180937824
626991
570877
513347
513104
251321948
54435489
35593216
492353
84429447
136096804
112946939
48143443
112619379
197655172
40736981
197558991
93249319
492362
170749852
73606709
513348
31129602
551385
148015306
184695828
513157
56036746
200671461
170077362
121157737
162167495
513042
252877573
53092731
252053604
107682336
54786773
167496714
513048
187863641
148016794
72203871
55156766
513390
513271
207290606
513100
19768270
7513037
178778673
242717540
513270
54105650
51659780
162247906
45601898
262036774
188549256
54898598
180908511
513180
513159
203584430
513423
513158
20863489
200653551
118103343
20225575
626988
105112349
144480133
165029237
17929612
513178
67606604
24947795
253411288
16690412
69696039
93249308
160395204
202603875
19583869
513272
513346
6443725
186189258
513044
513425
184282919
26457341
140569194
513106
513179
626985
59562665
102405225
55457205
252877995
253021903
253018828
24300369
199583866
14525062
176695886
134677601
10192832
513102
148018421
626987
203586033
551337
81867538
513181
51570884
219456957
262046126
249600054
249639112
535489
194155123
36413481
203984066
217513343
248805090
109848113
171734886
214910448
188696990
194565097
81868264
165686247
183532339
155414977
155411870
216007099
214943777
165690683
64418669
160395038
197085185
51526577
202879467
208662312
138851825
207917050
179400366
180938979
252864111
48109540
257842756
166370021
172029563
253243518
253892359
254019884
183351181
160297083
193686578
43982495
144327688
205576173
196850632
171934375
22196646
166369860
168388812
170468311
45258024
17929500
214598203
248362950
84439523
253239069
155930473
208525846
253016815
262783558
198899360
51519815
248817117
262784539
193606541
68488275
211216597
16323545
252768670
249683095
217510230
242645225
249798265
226490568
140384914
136802239
144656007
161366752
226448672
252628667
188210667
201430828
93289645
42993707
181218721
263405203
263404949
263405159
263404710
263404776
263404738
263404834
121204266
5370843
49214617
170317714
170814842
193686657
91260696
184117524
180975655
10192829
5370879
229809357
112694104
166369946
249028695
144329984
157550670
148015763
166369892
203016618
112092983
112092999
23164691
180936350
193686911
183531642
222656281
215196841
49214608
172937111
513438
247269943
192844932
249885555
198763360
154728109
513332
180950419
99132697
42869577
200701854
71015793
140212601
242194611
252793066
48959809
214598988
208195066
253239078
21233172
262718470
253118483
262783412
25770670
219152757
263024040
21189517
217085118
249599796
252114834
262767112
58718174
113067630
48121698
34915376
174340029
141619107
4509321
58722065
251591370
215169171
181217123
263404756
263404630
263404538
263405155
263404346
221253944
252792346
31717049
177998477
160395444
171828878
144326494
5370883
202880189
146635023
93004693
174051596
176128031
217570235
626993
41611399
140568963
117105110
180940182
156037885
166370045
63095860
205217308
249889948
176799868
207359087
24188476
43982402
168655590
262478777
17935914
262486807
44094693
214597306
214598261
197894609
253392325
183352001
202177316
180913519
67813490
199010830
180949698
109849449
169302833
180974587
55129366
76155317
180951217
208404021
251014438
176271057
167942771
222656633
3051899
184941769
183082263
156025615
138736037
138723536
141618164
253663051
36017474
242646824
258378909
195759926
195762744
253601168
185926027
208766874
261801589
263404308
263404236
263405003
263404963
263404862
263404454
263404856
263404586
139150510
263404714
263404650
263404338
147976974
148017700
202877162
51653212
99132739
200707881
163842693
81868006
20826455
193268503
10192834
169011016
81867721
70896994
153368735
16375594
111505044
10192837
253392329
215100512
242044588
73284657
198884640
58151489
262022932
253348416
160213749
183351606
252860792
176781860
197818312
257842704
257842752
254080599
192886026
248293653
184114490
112092694
180920832
169334651
139226857
158189332
208071098
252571412
54738456
262496377
197595239
17930069
13688263
175781346
203586809
18002479
50738628
214598241
214598611
214597465
208526628
252876618
248263504
191433408
140126184
252658533
146587221
172066453
166370065
49124080
35912824
184783745
154945038
174329586
192586744
105609252
120169212
260730822
263405179
263404909
263404792
263404622
49214638
183533812
72923228
92913693
170842815
73826719
53098424
145181945
229003635
10192844
147976335
69612093
166370165
173754647
155021815
166308362
215893731
143793548
249467085
22196689
214748783
171887564
72924861
160296980
253131693
215611747
98059466
51653214
141217989
112093077
10192849
249817570
197926399
204828589
10192826
10192861
192886569
253296835
261800253
253147015
73284865
253903274
44819086
35595231
17929849
57728278
214598416
252859238
226473029
214598958
222656151
263039807
190170720
115222502
250379752
252053998
11823520
184987453
206315454
169945486
249797930
174350397
144670772
174325210
131592617
153515564
195757063
211309752
259560157
263405131
263404504
263404456
263404282
263404354
263404488
263405149
247398632
166370158
5370839
222647097
150186280
66470641
166369856
139214934
105787352
38382274
172030652
205102149
48146953
248076566
248076786
166369974
551384
10192852
81868251
154446314
23303411
98059468
42199507
208683411
243087701
208681240
169629042
137996321
209133480
186189536
193686304
44819049
205507888
204282600
160297062
17935795
252063586
180940514
205511895
205513196
54129199
35613251
42869099
110859724
183054037
113069604
227413495
214597603
214598864
214598595
21236167
21198761
177892757
207559533
125282366
25904373
262784061
151574476
192922762
33693941
242648231
149611265
156054082
140390989
132208105
4503195
253620173
216869452
251591218
169636108
195927233
244165766
34483177
263404366
263404362
263404360
263405072
263404143
263404923
263404746
23538735
248822827
249085488
104631453
50583770
263092576
195927190
197364634
247811236
36569154
232082125
120107567
252701303
52980750
5370755
232280699
197211035
138479630
48185366
253344430
257579203
109853101
71344590
92384219
93270184
253385512
168668273
115241064
162150421
260806478
10915385
91773559
208790833
166123347
250080533
203586238
197210309
157030205
191426678
215705688
180943569
109848949
221341705
251984913
252022069
54425457
153402611
196815832
247746334
188837387
121443510
214784103
263072461
189993342
70374470
215891063
160818584
201630127
7142219
139229265
132081720
92383939
209889368
248479899
196233327
195507535
196233204
91817174
195927310
184097520
201155931
257847038
225948685
180949531
55702405
160081419
252004484
172082746
72909223
196598069
214759554
138479713
252658613
72743179
262338014
180938113
197559744
67595236
32156052
128191179
225171507
180941166
196815706
189669919
75551281
99037896
237749425
205810647
105661146
111419492
191378712
108232215
54621138
6039203
6039199
58600940
68861569
213842153
24956858
196815746
196877519
164490691
202782799
262795907
203585468
247799455
91817382
15406908
176692219
5532093
196598087
140899944
197142531
123351298
237749416
197559437
199566703
68534756
248539446
56868782
232336645
78972651
72880547
197210697
250078799
168667725
250069223
195871283
196850611
196850746
184696393
48146964
197655599
64418626
250081701
195927250
183262760
170443984
184696412
116564909
112104962
197537621
34493885
203927259
25618771
196877309
69675394
51162292
200691592
249783044
42894358
186189027
189341670
203585128
191433810
208193403
92384456
262055007
151539529
161540264
74195179
93509489
259459523
45295537
188697151
214594111
145177043
627007
197211096
177546006
91817473
111752114
513363
201841200
172963744
513026
252641092
195740742
42868963
253239074
214597491
73887220
204943951
206086508
166370187
262971787
5370759
206249766
54685805
106349720
196815885
82735056
248891584
209378546
242729140
179534945
195927283
214818936
190623665
196815737
184093780
162175730
513433
24954646
8509754
140569005
185968782
94700301
197193113
46627339
208772331
252389277
198928200
243321485
225171392
222657652
172309279
195927314
196850560
176474115
64097041
252559081
111418581
209133383
513184
48146955
109848701
227135168
184097920
53254315
148016510
112092834
180948022
47423016
87623593
263309459
260804490
93289641
626996
570925
53291260
82940872
148017001
195927203
196815718
105058688
191436030
259483209
195927236
149446801
203585480
172309914
8251886
207359063
204387316
184695824
102524125
51164186
56031399
195927339
189460071
202822798
13630677
513428
205563468
551360
513459
117271199
214597695
150879656
216869735
54437435
197926431
513193
513192
165192622
51728091
196877592
513430
43182138
184098734
252356576
197191027
183050954
249797872
196850708
125603706
225205708
513038
197558931
253626647
165782404
196815812
206675806
249876190
54784033
142092013
551397
166370186
59435944
197559168
174857291
196877440
206249770
248076688
247414503
195150763
215706209
513353
178306076
206675827
202452196
206675957
197559518
206675955
195927427
42841039
180918684
177534017
68995263
112092623
195761758
105237123
214597357
214598720
214598840
262782968
58174282
262936845
46128322
191299133
11822911
197189419
263309592
195863386
263309045
196815966
197559723
195927199
93249311
45463446
263405209
263405153
263405143
263404897
263404947
263404530
263404678
263404734
263404669
263404903
263404556
263404898
263404374
190319171
190319192
16092644
203584539
104905573
136610653
147867358
207830337
207830326
197926438
206249820
188697047
177753544
195150497
211313381
193246843
248544959
197926435
18013074
206675819
206675861
197559131
35600437
197559589
190628200
253384677
214599030
214598257
205849103
161559269
195927213
262971856
68775969
253411590
262976227
8334458
208402974
144647806
138699095
140376433
141621876
154934928
197559107
263405157
263404854
263404686
263405211
263405223
263405037
263404380
263404410
263404280
6761233
208678924
513458
165854420
205151835
209133362
197926433
176502863
197926429
166370133
183351047
98059548
171877795
200672603
219462201
249889321
197559799
206675777
206675853
206675838
206676021
197559587
206676028
206675992
116564936
35613471
29185708
197558999
95668237
253626520
209132760
214598855
214598176
214784030
179501681
262724352
262724354
111200571
262971902
263310433
211313297
140377422
141617174
149597869
172472589
263337064
197559246
197559428
263404276
263404314
263404484
263405171
263405121
263405199
263405197
263404400
263404993
263404722
263404396
263404526
263404858
263404536
263404602
263404558
263404598
248545220
195760216
513110
139231141
134506972
214933684
196876597
513183
184695795
195758787
197530729
249890085
197559072
197559201
195927340
195927422
195927400
195927243
197559694
206676001
206675810
197559255
197559018
197559498
164228192
214150384
173011342
168222113
35600041
260820073
155763819
74895899
219462138
57454529
248076799
79967964
222644207
222645414
166369994
249585102
198040816
211314009
202447987
97925399
172573919
201841329
72909353
214598972
214598922
214598938
243035187
68735004
51193980
262971788
196815747
193080537
262971829
262976013
103914029
263318600
33478240
149607750
6920305
249218774
197559668
197559149
197559260
197559474
171792292
93249317
263404310
263404268
263404300
263404376
263405079
263405083
263405059
263404540
263404468
263404592
263404594
263404802
263404927
195757286
16092540
217719774
242745320
8146335
176751647
180857715
153407240
25770661
174051489
249712384
214076923
252693823
45261504
203586877
167579308
172965229
166370072
6330895
112093073
252697701
178013463
197559667
197559351
206675830
197559020
197559139
206675909
5816785
44819024
197559177
200682679
72139441
58081344
177612647
214599003
214598624
214597650
214598917
214598530
263046422
263274866
7010779
195151496
149338197
156043428
156036526
154955440
204948015
195927223
195762699
197558984
68512663
262707102
263404702
263405117
263404616
263404444
263405135
263405039
263405207
93249315
197856361
513355
222640390
10192842
170435035
8643761
207238542
513360
196850820
244301260
248076716
251392306
174025199
69544827
180976151
207359097
196815766
197558934
197559636
208422511
110982080
183351067
253248191
253891504
197558942
197559361
206675937
197559234
195927285
195927435
206675912
169657547
93191009
219462378
204947796
262017634
195224965
215949906
179717803
170478095
197926426
205574195
22604254
214488094
183052102
244169263
214599015
214599016
214598775
208180462
259559979
195126396
194345891
144643889
138703737
186079442
263404260
263404381
263404370
263404333
263405125
263404929
263404937
263404979
263404840
263404672
263348137
200677096
251984904
120067733
232123592
183702496
112075258
99037533
139200084
193899705
214784041
97886651
205899814
52869107
232029786
183375246
57747525
151539332
151591896
205049154
146479767
252052613
152310303
189539265
196758073
60876894
228911768
49459592
255175012
249011910
253106674
140095257
175146908
133258058
167958572
106014773
58205395
190155574
249256973
180940552
197181238
202422414
248915654
166369888
218750292
105684745
246159755
14037474
198413761
228865542
105677158
199566816
245134063
49375116
513435
243084381
212237033
209274804
123351378
70835375
193611171
252177033
248681374
182321060
132988190
14038421
175806238
212237029
230316628
191426390
250339410
193858533
199566866
249907789
250014609
193900481
251984918
244161015
14045305
249877142
186558567
248415346
247888865
246158317
170737046
205796676
191376116
148812522
570916
513273
54683996
559144
214200561
52600664
247842206
197210956
190236269
38114094
14045422
113637500
250074283
197181088
26352909
197046041
250362041
78960321
225178956
8829581
203586573
180975482
146240734
55066219
209381654
158699273
81937195
113637467
160582513
166369851
201894000
172075991
148812763
189539026
570874
162175417
248076754
148925008
209379677
165010242
10390155
175196279
161898873
194486633
161238910
49186108
188835591
259455623
183908043
250342841
178778386
39956668
160987752
252637883
191391613
36109884
36263178
153368936
252178533
93289631
513190
150922795
207391472
69572866
209299838
213894239
227185104
197528361
513155
93510388
570915
191356459
259560395
513187
14617113
148016254
222627448
214595085
191363375
194127841
191426372
36261079
199617701
40981203
195525984
248076574
54880110
196359867
51668870
76466629
199986586
177974993
92364353
139462262
144380341
172937319
81867263
205944783
208771214
194565232
66500497
125499427
103332535
188697098
54736932
185176182
213557160
245770217
214598632
214597991
214598732
214598952
137939247
50725666
219155346
263071865
160665574
161488276
262758382
138703161
262738812
141640751
140403722
217513265
263404967
263405189
263404880
263404750
263405057
263404732
263404874
263404759
263404466
263404446
263404496
263404878
248935755
116785224
81867253
81867248
259557481
139218239
251393321
51435967
7276681
214595333
214598981
214598995
214598849
251281708
26220734
172003970
197193306
67243423
144647203
262735537
263404708
263404742
247741240
68893086
263404983
263404428
205516367
216883977
208833574
195760386
189520406
207017026
173016517
203585825
113964930
259557927
254078173
187395266
214598765
214597592
179501224
248415355
172003561
191376114
160394324
160945351
57404991
263404288
263404350
263404402
263404548
263404500
263404458
263405119
263404432
263405091
263404763
263404660
263404820
263404848
263404646
263404654
263404560
263404578
139509049
199682298
194567247
154728117
170337588
103328295
218750821
143226857
207024743
54887702
198503209
249583082
98059487
229700764
6934079
56417083
161366726
214598680
248681981
194127701
10976275
179526297
250076103
214777872
191984659
49304345
263404895
263404272
263405215
263404999
263405150
263405061
263404915
263404758
263404798
263404891
263404568
263404600
263404542
208872974
90849667
249811759
92383600
51571291
199684969
208422275
170337615
247570840
244164136
229700760
111242454
222640140
217817218
260924805
197173054
214598568
217085052
68342377
263336460
263404606
263404254
263404614
263405047
263404754
263405167
263404893
263404907
263404700
263404945
263404306
263404552
263404408
198503276
36109882
81867983
229005667
200736106
212471436
166369919
54384281
254080686
112092770
170337667
82921619
214598698
214597986
214598707
259561840
175979412
186162413
49498452
156037836
50642025
194127941
263404462
263404390
263404472
50592451
263404901
263404969
263404574
263404830
263404626
263404740
263404778
263404939
263404318
263404384
263405029
263405141
263405137
230790110
193116457
242788471
205279639
7462935
53869858
208191899
11735404
217733265
214593811
32017910
56189236
205051097
214000198
54645392
78473135
222665495
209299747
81951525
22617211
214593823
252882410
195338008
53685849
120423204
213173037
47820907
191391885
228749823
44581887
214594914
13132355
35741482
191894416
248687744
113637445
214592904
214595291
49185969
217730305
230015340
68344414
48261003
197559347
172269358
196473124
160677335
46202337
95175310
203585188
169802756
247276460
95175320
151993522
197531269
191894627
214593806
214594826
221233696
197417986
208192663
92581322
252882586
120047540
93289643
168385370
214593814
159246280
180990328
32015684
209612611
214594736
192302316
248687838
166370040
253411565
49166354
121204410
217767300
513281
191893524
56813043
81868156
28162454
54106765
40723222
216088975
513280
262055262
10285571
180940862
191893978
32016520
559145
217769055
121208645
222645603
247810888
247795344
169376513
195339359
163898445
66941561
249774364
254037211
254082071
191378135
263069296
195741840
41188918
263405075
263404925
263404806
263404250
263404438
263394113
172573732
116789211
4786211
76564280
178000840
81868159
214598964
232210249
249797612
263405123
263404494
263405147
263404826
263404675
263405013
263404584
66940904
28160692
10192863
193686249
197417188
121204262
176708033
249881285
170144281
166369865
81867496
10122536
195338308
214598691
197164741
178001022
50529388
195335098
161238757
263404296
263405077
263405165
263404508
263404312
263405043
112733829
249774696
198066926
249767752
197558997
201841390
95175339
201105031
170629347
251545179
191390599
263069145
151987185
217526669
50829833
263404518
263405021
263404931
263404850
263404512
263404490
178000822
198506583
1839553
260405925
217512409
98059464
222417030
247787085
214599038
214594642
209393118
259512418
54782662
74918015
263404954
263405099
263404816
263405001
263404215
263393206
247811002
166370137
5032673
90504687
172075934
242690905
4595271
198068851
34499618
222640642
95175319
55874273
253306778
154102682
161413741
161256469
73172789
49485217
263404886
263404726
263404997
231981288
191378055
195514931
252052914
217730085
54640385
212977459
202422450
248701902
54624946
52600666
214594128
194572493
56744927
148814815
191390362
205264644
54634007
202424299
217730451
202424284
208311987
212994641
81867627
217726355
9413553
217766911
184692230
195318993
247761084
52600646
198721287
225383249
213960240
151978104
208285122
54646285
54889663
221274118
184696193
195287290
80873952
153825196
216888885
172076004
7015913
201105106
212942795
214594631
4786227
513107
4786221
6941665
161018321
513278
251545042
159107772
513276
201439552
41447676
1008759
791680
92086032
174627459
34498366
41184141
119309554
20402475
121206575
4595263
1007779
201841339
170629408
10192856
214939000
190529870
172076017
262498667
262073473
173518636
146368543
216869404
153823286
216425069
263405133
263405115
263404973
263404921
263404648
263404884
263404851
263404694
263404796
263404580
263404372
263404514
263404442
263404202
263405101
263392762
190468524
108897155
145134164
166369894
4786209
159259052
159175272
41183556
263404822
263404953
263405015
263404715
263404786
263404784
263404582
263404528
263405163
263405105
263404212
263404256
263404486
263404392
263404436
172075965
184492515
217196701
222416970
251544675
81938724
253388460
254093493
188086251
1007795
191372848
159097553
159234498
263404315
263404340
263404572
263404216
263404232
263404230
263404981
263405025
263404989
263405219
263405087
263404919
263404684
263404412
263404604
263404546
263404576
263404564
263404238
263404348
81867305
226566226
215110973
259568654
172076015
188050974
81868145
149447566
1007797
111242470
169816965
35613014
214599008
208289012
261114208
253306844
14045156
263404261
263404270
263405181
263404876
263404872
263404951
263404766
263404628
263404596
172075948
242692498
1839543
57456186
199753588
10192854
248697952
205517163
262479784
262494194
172075972
251545239
205837769
212600462
212583141
263405109
263405113
263405071
263404662
263404804
263404780
263404985
263404680
263404620
263404544
263404532
263404509
263404292
263404328
263404422
263404388
263404378
263404522
263404210
222642160
249011442
195274486
10192866
202431584
172075981
172075983
207027423
125501848
176474382
193215270
186162568
251544671
263404480
263404203
263404424
263404398
263404728
263405107
263405005
263405160
263405103
263404933
263404612
263404706
263404712
185948474
159010206
191410676
210427410
54631044
249208378
215728074
214593623
206270101
199854378
214593327
148749233
253237089
170916515
50075022
191365804
14032770
94693945
76594819
513050
197417847
186243089
186268735
54624590
80873949
80873954
225948108
148810302
7465177
198927586
148811534
43949309
9412315
68283189
513049
184482419
186238906
249206947
570918
551357
197656323
201114304
513457
7115609
214594601
35767308
173649504
4786229
191807150
249208168
159010366
263404242
263404800
263404744
263404588
263404610
263405139
263404789
205516053
54685714
172075952
15839462
7630025
148812195
263404284
263404482
263404644
263404845
263404844
263404943
74283093
139509148
98059474
167548777
262049895
84873247
14046885
205116774
263404208
263404258
263405011
263404322
263404298
263404917
167548842
158850762
196473367
121204564
54789392
191365861
14036096
228945962
263404278
263404301
263405183
263404448
263404520
263404870
263404452
98059574
10192840
215100096
167548779
98059620
242487224
186236988
186237817
191985747
16262678
205576424
263405129
263404866
263404608
263404228
263404324
263404368
193394689
207028141
157451772
5370779
172075962
186272458
191985548
263404226
263404406
263404326
263405217
263405069
263405193
263405175
263404704
263405033
200724501
73174161
158699100
242696599
135535872
210735781
20876924
187623097
158851849
21366018
113779657
27526166
178263304
214501908
172076021
166370114
208284448
11327668
158846828
202431752
248697182
249028791
153821676
158819446
263404965
263405085
263404991
263405127
263405191
263404720
263404394
263404206
263404221
263404286
210425740
243301235
205828072
158699188
153817722
132834539
158774347
260914439
263405093
263404911
263405031
263404414
34495091
181772144
513454
201841417
158851217
259557624
192909451
263404319
263405023
263405111
263404987
263404748
116788453
212048624
185189318
201841327
247343726
212048848
263404344
263405145
263404450
263404977
263404470
28161798
208401423
159008680
212048633
191391762
263404959
263404690
263404674
6137119
202384559
42699465
158819541
159060253
197100632
263404418
263404476
263404550
263404652
263405081
263405054
263404364
263405201
123351679
252091023
202424278
252018927
201114201
6214581
170144757
158748788
98059223
207724955
56801215
248687707
570879
627202
570878
222416992
197110563
253411124
7546237
263405009
263405177
263404336
263404330
263404502
263404248
263405213
263404905
263405067
263404682
263404838
11249783
201841483
263404304
263405049
263404724
263404664
263404524
11248309
242445668
263404274
263405089
263405205
263404836
263404864
263404788
263404860
263404636
263405095
263404240
263404463
263404824
263404957
263404812
11249433
166369849
263405185
263405019
263404935
98059601
11249929
11249817
203423029
44223346
263404420
263405007
263404760
263404994
263404214
263404358
263404224
263404426
263405173
73757331
9809353
77719700
105614565
249023189
166369842
194449106
207954328
120034428
113289954
129356232
72006304
113330894
43817112
24925313
78280402
202431747
67294826
84254055
113337260
249058430
113293741
253410816
190791314
252854658
98059583
166370189
242195207
81579928
185945027
263405040
263404810
263404570
98059586
200855489
98059269
249211557
158846967
185943494
263405035
263405053
263404882
98059581
98059592
249022223
185917046
158812870
263404386
263404294
6476551
172076013
249026247
158844080
263404590
263404752
263404642
95003311
185942126
263405065
263404243
263404668
28161897
10771388
81580356
54785686
232314168
208560797
158755159
122185030
228826748
149445773
228975938
251544611
84248398
198035787
166370018
201841435
208767064
164265809
54789577
71894541
263058730
263058658
263404252
263405221
263404640
98059388
108187932
255758687
263404516
263405063
263404290
263404474
263404730
248697593
260810294
129026078
178720963
263404506
263405187
158774190
263404688
263404736
263404632
201841356
222417017
263058586
263404818
231911060
117489573
243084649
214595361
222685185
85401641
214594622
21516982
191366119
84243001
174842195
198207795
113332501
165640944
138450752
165768454
229700724
54748851
262124895
263404772
263404832
263404554
263404868
263404246
164978648
255758764
263404961
263404808
263404814
263404666
263404638
263404656
263404774
263404352
198063079
98059600
262115000
263405195
263404889
263404618
263404794
263404698
48164820
222680863
48035273
202604445
263404430
263405027
208289215
54411688
191366457
212605730
263404828
263404492
263404440
263404460
263404478
205738290
202424552
54737325
263404416
263405051
263404634
205060435
252090024
225381006
175213800
85402469
243319814
88039476
85402302
155763511
263404234
263404434
201841456
263404765
263404692
263404266
263405017
263404941
263404782
229700747
88039228
263200025
263404342
263405097
263404696
207755439
54737814
263404842
263404562
263404566
182449971
191376669
205069737
50239669
192302320
50239924
170917218
75183406
49653443
252994738
247788594
205516613
214501985
56110805
253005314
213893059
199682296
199975082
74888293
205059226
72520382
173185413
255758856
159828212
214594657
231093555
5370907
5370899
66533010
5370919
5370903
214593782
251544652
147698647
82897670
186203918
263404658
263404219
161556590
5370915
263404913
5370911
263404770
263404332
201841346
263404534
263404624
93270180
80437322
206308318
255758895
195340721
95925957
210735956
248428040
200677186
9846642
93270182
247878594
80437324
173665094
186188954
229700708
217164192
9851722
73722955
164974759
159828129
6213309
217148423
201841443
172003474
263404262
263405045
263404355
263404718
263405169
263404404
263404497
202412331
202422481
75298497
30003486
214096576
197115069
10201962
203762598
262131409
59502517
210966735
198502544
176793263
197108087
262795057
197825187
198504004
187284500
169099569
9849575
10009407
202604286
198506664
172003185
197824912
176793357
49653457
252091164
172003838
72675873
176794094
197825538
118159086
198507964
169439843
172003429
252700840
68341764
56429347
176793342
198067010
197824606
172003679
198504523
197825931
176793617
172003147
198508015
48530268
215746929
215888106
215888121
165640932
159828331
74622493
198505229
198060480
198061375
262463042
261851387
176794286
197825478
263192234
215888053
172003397
159828460
215746920
198503122
197826061
183739845
177800526
172002849
178475241
178478684
176793704
177797566
75301347
183737950
178478517
177797687
263188915
198065331
261854859
249153097
177800506
75432571
197825661
198503952
172003427
197825144
198507315
59384971
198069006
210735913
262659667
193899078
20331045
193899301
118125190
125791251
172002909
170510804
176793824
198062121
253306837
195929256
6209657
76137203
261868172
263247263
247806133
91898573
17935907
77900094
159828475
51940874
197114316
261860335
72332357
197107553
50240279
198504465
197825975
118137741
8402470
158746215
176793488
93269030
93269027
118135935
170511436
75738601
200854374
93269019
76148142
115660051
13856874
130133540
117759586
198061994
263171651
261879282
242724789
198063200
75750690
263166492
261883415
118133867
90976677
261859087
125787459