50440386
68267309
67060010
52413566
7964040
241899722
146271433
22532958
201296282
116406680
194568674
34583393
34584985
79104657
116406688
7599412
170165698
248555097
26106262
7365195
171095756
571332
22271216
253226670
51286688
248591326
1689679
5464731
177926026
173755601
396595
571356
177142552
253267201
241899638
146271903
171874198
52386309
54512863
828635
34588491
177117527
402303
2619493
193050641
52386283
34581384
355287
133785821
146270555
69624546
84596260
536353
208565593
8009526
251267072
126481911
58209243
182783875
48480352
193050625
456169
193227854
193225762
68553703
595978
316871
261982682
8010143
34741236
1355853
253267203
262692747
34579577
554818
115254308
11311429
107647919
492343
180585693
15678895
242077681
208565585
36650041
478492
92551673
160299510
202046004
11717094
70624657
392532
208432623
262692749
247346487
53805871
193213535
201874769
14051078
6098069
177926063
253267205
10122143
21949090
6073803
191911711
146226509
194110680
6077187
6081047
217125639
193222750
181449074
11728066
208565581
34742895
253267207
230148841
117315708
217125592
439184
216986270
408916
54512893
27962197
90514020
250072391
193222437
478616
48480347
250078309
443208
416066
11310011
11586332
439366
53805571
72711854
137423755
72912747
246397552
160560587
207376536
10202529
124887637
34590948
14050697
217125837
201892040
205305650
205416985
216462247
216462255
242491968
120183422
177267171
184415023
32192521
194860145
115254385
132302704
54422760
540815
201801393
248555141
595953
129985963
214920583
253293693
181995780
184084619
261958943
250078459
163024971
920756
221701872
14875077
205601878
41071270
181673747
193223208
242077689
253309336
523764
14049020
253720939
920752
540818
194798612
115254505
202604285
34749805
16262769
437217
252079815
247394522
178311430
34723543
37794066
200999189
177270351
115254258
174308178
10330817
230332003
230331737
115254434
132303169
531484
115254524
248555107
253384122
431196
107653574
10684924
209176454
210515970
954880
184410008
178329685
227110310
216986255
216986284
216986230
251984848
252676808
247394535
193050677
250077175
115254480
34731729
14051823
7648804
12135747
117315766
1355869
263063171
262570198
262570083
262570497
50490599
202604415
197150683
212561841
127692631
46106000
124893072
124886927
207296932
179775456
132302906
177270323
132304580
230148789
124887591
173911195
178760775
252079913
202529252
195671005
252585685
54897293
216986225
51248812
178757074
26242852
185006435
195926988
184318112
186689911
253211999
10858976
248978325
216986280
9850787
205128708
254092667
203069552
120183570
34560529
74035517
174823136
115254470
263052819
189201201
253282138
230331888
14050876
11855448
216986285
216986291
73613043
137941371
91852551
71687593
73612806
247896900
73613266
250078323
178752514
242077692
6411213
117315714
117202648
258509069
262570389
193223871
202460182
22273381
230148768
181928852
117315831
177272495
216213474
253282182
252079303
252079431
250074131
180585273
50229186
247862395
91852499
163545766
216986306
51472803
124886890
51244212
191919948
10125359
14875229
177757938
262570081
263104737
263084254
263084856
260804519
117202646
252002971
252866306
201386124
216462226
216462259
206628999
178760949
177975939
253282179
252630596
216986222
216462266
216986296
14047748
127591123
73612862
247894173
247394416
130770643
202475474
73612981
41068985
117202664
7980318
250077690
201874750
253211995
209875174
263209029
192949013
954328
192137712
248075104
22269761
22273379
137941390
120183196
145669244
120183905
173755729
173755915
159349118
216986321
242717158
217123629
216986263
216986282
216986294
163458963
130770660
73612927
127033497
114204395
195862111
250078490
173755409
185406960
197218622
25188568
262860013
14051912
68392396
253166385
22433118
253282173
230331648
115254292
173566018
51477309
181673782
177976119
182477337
117315741
216986264
252877276
191911708