52709770
57913615
203095270
11662825
248176411
28449505
41647760
57913617
177746985
138269684
65008052
840760
217511909
7266513
177747011
165021308
51845894
160488656
16164225
69322442
125640319
406755
55284383
34746374
9688932
200617436
17615877
249273104
115867734
165627372
219150436
223966400
124859146
37751508
691496
170095239
31970469
175147113
79539097
172437125
564208
654988
22650063
198285167
55282151
202558232
405788
32424026
247867625
252640104
212610589
53599509
11659822
55084703
172959411
165851518
48894320
249173565
190502210
26099959
158775140
217511730
184334858
527204
212610540
34825500
564215
165849814
55283041
249235252
202961487
204430142
8149216
198103105
454141
217513565
115968704
31970491
549332
916970
26412693
375537
217511676
212610523
375529
17615875
42470148
20997366
210439095
257903065
1074864
109369090
175445811
172368834
76393260
515504
54370909
55279127
195237371
35178443
36582768
23297955
187184249
172975933
173093643
48894310
41554627
163021297
564205
210118453
249178566
390828
183560296
46500140
38110578
252078650
890036
556830
564237
196155771
253179917
31658874
779069
172981037
405792
103864684
83749514
26411705
48492401
196220012
252640161
603139
50956824
175445446
446692
243037833
10366616
48894308
253721648
199648804
418695
32583279
252078205
562598
177274859
199916502
43341754
32583287
67966529
1459005
148749461
252078649
610624
348219
198285175
217512034
252040645
253216169
252079414
252079423
755834
603141
192987722
163739578
247862423
212610527
148734342
26667446
199969469
146271716
515962
478971
204291511
438644
656475
187183995
42842809
203210557
28449279
63670363
82936677
29164805
2801997
252077936
217514570
469631
173660362
208634827
2666167
29284642
248697756
249577307
252675801
28449378
41556225
263088670
263104243
165626674
87632216
165021304
31970489
38191267
198285182
146273900
165627320
55282543
103474773
146224494
163021277
31658853
87632209
39357924
22631294
139247194
124394323
31970451
199964435
44812554
29353020
253152260
252674927
114945512
31658868
87902756
250549094
55064196
217124699
33110300
263098620
249001113
146270341
263208514
263103798
23832672
37793436
9688960
23832640
31970485
103864735
196219887
217524828
146271726
146226427
169887156
217514812
33089119
243037524
229808773
229809396
249682561
124391376
204428383
42201523
115325184
199648792
158775134
253265238
263328881
20975114
36570192
204428753
252079859
31658864
172961058
187184159
217124681
216213338
42842834
124859156
249179948
225386718
177274849
39532035
263085014
263081083
263118666
263108482
249000788
1074850
31970481
31970477
227408551
55063786
200976551
163021275
165627243
163021269
165626676
146274181
165627334
192987778
196180786
217510592
217510478
229806617
114693421
263109064
31970461
72843321
36569432
184415405
31658887
27830438
252604662
252674772
165627381
114945769
170490624
252078076
31658866
138269677
187184121
251984698
175147111
187183775
39371369
263098151
249221215
192950657
163739580
165627264
163021259
165626727
66579975
53599477
39335534
205802197
31658860
31970467
37151893
77051235
44983193
105663920
215538285
263208578
25962011
229809325
207564273
184438232
201110580
253152786
195562726
31658852
186880524
216387829
129309613
199179174
249177565
68301371
263078170
263101808
263086434
248994416
263100935
22643224
197337596
197337580
31970479
9688958
263108181
247865560
31658870
58136089
55284040
8442164
31970511
146272290
165627368
210134555
33089368
229809676
229806818
249604133
227427172
111498459
71928838
27830448
41556228
199975292
210138276
202461675
200616800
252676651
253151609
144639592
223963028
223960843
36940939
187184512
74451325
195510684
247876671
197150400
187616632
165627338
48894312
193976651
94597234
50361494
165626732
169379437
165626709
148747136
24156860
148764749
229808442
93953323
27830450
55084408
263208534
137863857
31970475
197878817
252079795
200720033