49910019
195624160
100931414
46626771
377644
31991943
52798281
48363463
74953479
50247846
532293
71553537
3737965
89480924
100931412
13454614
50356123
16570565
16570578
16570577
70540568
177569707
46723656
56941775
178231957
13527009
221223548
370260
3087827
4080373
190705665
214662126
75813197
167462120
70529917
7270519
650540
85923518
6879027
13527011
101839209
17016825
53486723
47161889
19792253
2406383
213496989
165098846
123447208
436544
158762504
197084472
136939572
99045834
243090201
154261300
33492466
1733407
11413606
171825181
15186800
16422560
479106
74571946
185271782
51030886
138226291
225264796
46789757
262783967
108241216
248591405
14770658
262646235
6214727
248523195
219144646
46626761
72711426
172923161
3236897
43981694
207354840
221719132
29352922
433040
1011884
10833322
99046098
215040201
162259839
3640441
215748960
43176185
533008
414645
1215253
129767977
195545637
2805889
22169400
16158716
212960284
221230154
13527003
97957715
14923951
99046143
162025769
389517
54382263
190826680
533014
197084482
75622611
59258215
249780113
174933116
5503077
522860
77858329
188713012
12081404
12081408
3640451
171746982
107630568
74859800
165021223
138330244
165150430
106066915
532279
134598780
46626777
253248344
49564282
252591767
108241197
193050673
93297703
11446557
340208
229731933
44858060
120183499
44858499
532292
252132015
37118920
115254438
375255
392133
186880518
195545324
1574615
181998045
186080600
249778174
181998086
186880503
12081406
186880520
186880513
532298
425939
370261
163172543
161207819
72159566
1986539
85924636
73516878
54380447
7886701
181998053
73794999
79006318
181998037
181998039
357832
1020624
5975127
36727161
172545675
12081410
373834
26412708
68124195
195545368
373385
21391590
415697
13527004
399804
45613717
1358089
410669
878080
14143678
22725674
165150424
73230831
262646222
262646247
200677716
198296809
10833324
13527007
408180
247777905
8155346
10784308
197084481
14997091
186080598
258752514
72513195
202961667
204875012
123447231
44251095
154274567
22552644
204880989
3640449
124893015
246856193
10833320
10833328
10833318
9946565
13177080
10833326
185205416
160306711
46789759
78289019
1742033
1617815
67060006
248773810
16570569
205050329
195545319
160814471
194954063
178754680
24886366
370432
22552646
217441279
508387
194033949
51833334
73230837
23433244
215748884
175533197
251984806
248894529
192692416
174321391
92551571
247981915
192722093
88998881
180399991
194033294
1478895
34749486
216866997
194033300
2473627
139288540
5503081
19884545
85375649
11227928
113000267
8312018
685853
8310037
263100010
455421
1322981
49716243
253236687
117035905
19665444
4407285
72206749
73356675
34825643
252912090
10864120
102074773
242835313
17373717
206603793
176080897
176080938
8312022
162517280
192588427
176080903
168899477
208528151
3954343
49640977
14997093
1733409
73795007
44627534
11227922
31993290
225195100
194583727
248585342
184587607
129767985
36454104
196382216
51200036
221229404
8312014
8312024
67874713
242265337
252714534
2664843
215414893
249782625
106243680
2395223
3658833
202804984
229979150
150372562
57767456
44858118
24165499
100958524
370431
160684823
217696707
750555
8312026
478534
229809554
253232522
551972
473842
5829059
392132
91561490
836068
11227934
346629
716732
114271478
215414929
36494968
336910
32636764
160684903
2002411
1029484
114945134
114945609
176080936
597440
248584495
439372
215414857
1577271
75948578
177933189
11227917
437055
491556
215746148
215388693
252755702
415686
120800804
215748886
102108318
197084479
195845400
1471851
170870071
15350495
250078125
32581644
194583712
248956171
215040118
229726964
232892285
198537700
198573188
215991147
180609851
1559493
172175813
246856169
71682133
248591399
65472226
255630357
253281737
242718633
215040197
162350500
189591792
198573181
567446
232895724
16284256
5772723
262758442
185991853
152743072
194595540
175532961
247446409
17016819
247937049
56814276
215123032
390598
194770504
102884132
215040193
1667309
51833338
346110
242718629
253291085
253279806
176024835
54380455
252580772
215746146
160372864
174566244
85924608
21176621
92010259
20443548
92552263
215040082
163264761
11814130
38108638
36336037
136941171
67874723
67874711
254078574
192588355
30628704
170870066
211828512
198495042
120183789
229979629
2664841
72040806
1925771
232886960
250077298
196382167
435723
215730509
242718631
194033293
11227924
525815
180749687
525818
10577305
467482
467074
181998049
241667036
262756239
208290387
440036
2783117
90522198
532013
14143685
202226365
138465121
230341791
143339236
190826939
194455077
186484914
252035438
71979021
222673338
402702
17016831
252040788
198573182
216459693
477883
120183237
70844529
253232305
180400042
102890720
49287236
1559495
557305
11814132
7125297
473829
481075
877882
3317087
253113177
160671642
209275860
25760682
253631869
213386987
716166
77221536
229809552
179442125
207567424
210968715
175533394
217561697
10131535
232891327
248773474
250078219
450528
253147179
253147181
192612421
508116
181998031
531679
41265466
67874709
470924
532276
180749697
146275410
262426980
94301965
34267255
229979366
10671563
616284
171548991
250078086
217499158
194769336
255612234
106066918
1471847
72040802
498514
8310041
441083
32795721
175798727
592814
467070
252558517
137296428
216866995
44627538
253232298
137263283
207642756
84932850
525791
8310039
11814128
160686658
255410226
206488347
215119234
77221793
369279
159765559
127377670
249533662
497055
193050663
253232301
247390183
205080646
253313990
249237547
216462292
162773724
202604492
243087619
253252658
230227831
252098355
247856749
253252664
243808321
246774404
229979413
229979212
230228633
242889411
89315929
250077253
132302675
92551774
194198668
230329465
230329918
253307320
230329358
182300546
248502998
253901132
253901134
181713449
228989981
194033296
253281140
263100063
263100944
252099024
180749701
186165943
13967746
1471853
16417112
215414845
247394350
247582989
205537695
241667759
1471857
17016821
48752557
181998035
248443082
45358836
207332534
253721340
84704979
250077328
253721373
249011709
205543500
91817380
137592491
2697011
139723212
95501247
169376970
222723711
178231955
184491518
253107060
5356343
2002413
1358087
225202724
194824421
2362879
115254393
215077549
36871753
242101807
215548555
215072937
108684607
198643476
176080901
175533215
212992604
207563347
205708008
207563341
253326408
638800
165242265
6932219
252098347
165319452
230206808
229976233
249660435
252137688
253313998
243808309
243087623
217123748
217123636
253326410
253252667
192692992
217901742
252084501
250078150
128711616
177315067
253581059
253581043
253326840
247277901
247277894
215730537
246773266
222673211
253291095
229976328
262766172
253242219
253242221
248502905
248502912
253239661
246773299
253281162
247579440
228989830
253901136
263102291
51720400
507317
175526744
247785245
169818128
176168342
215040223
185006071
253058480
217424021
13967744
17016827
573146
7865639
215414878
215040195
248502133
215040216
229727520
91562485
252073902
259512814
165243606
208652790
176024845
88998885
75948572
262758467
253239663
243091085
72647912
262516814
213959834
253273001
263256541
250078523
198573190
213383392
114944524
6206473
132304626
188537041
257767922
262756233
230214731
92552031
208223981
29354053
77220958
230341645
148924678
170467901
230214740
162597193
186392426
167614931
230329578
217123703
198641910
127031712
138181142
113527587
215104367
215104324
184496268
253326404
248789650
243808315
193315691
240626485
11227930
230228691
230228832
242889467
230227664
246971661
253252730
253252747
253252749
180897322
253900246
250077037
194198680
253307318
253581076
262817134
253326832
247277903
529684
250073960
262055733
262762191
182300721
253281764
253281748
253281724
215141156
229976094
215727410
215727412
247579868
247580199
248502981
246773301
263195932
228989979
263207783
263208506
263104094
253276800
16422568
17016835
20488676
1471849
49640526
180749669
262567742
262656534
169817767
508486
174830002
25760717
174321516
252040875
247792774
215040185
177703690
252099042
164483676
33312283
197778940
255612903
253380964
253308109
202152614
189588438
138463120
259513846
208643589
145371249
192704697
253273003
252136925
253247666
95501546
158762490
217377401
137432145
160814465
120183542
114945260
167615119
193044082
183339092
120183341
162619451
159955938
129574465
91986128
7043129
173188866
252940798
255630291
92551768
159349268
132304606
657397
19902720
101995192
212426832
246971736
246971573
246971628
247857586
229975502
249660426
249660437
243087625
240626957
193536298
193315683
192693010
243087652
253900252
253900248
32587700
207888428
127692501
190757980
192588628
250077649
250077315
11221402
246770429
180901736
253232517
253232533
247277883
253326835
540962
222673634
246773264
253291092
247580295
248502984
248503000
253281226
253308107
215557366
193922568
253252707
246774352
246774410
34678447
248544893
187746337
247394282
176080907
215040078
216724430
247446422
176080893
262654323
247582995
114435445
1471859
208652892
208653257
252009400
252083953
254038028
91564409
212554432
102513013
253229610
252760069
247937055
4700939
16422522
34463532
32797597
194807703
165150361
253380956
253308111
206597098
248621336
253273005
137129646
2853639
258605086
253247664
262908232
32795723
114945518
208906955
8312020
51245212
3640455
35125849
179546681
185232707
204429334
38117733
4935247
228989966
6348687
215105280
167615576
132302901
230341268
201106480
129668224
1559539
151950887
215141175
168559526
137331141
89314408
19584465
24858652
249947066
240626536
230227986
194595556
259536305
180897315
95501133
166503142
230206814
177497229
242889503
33320630
253326402
243087621
6932211
217185437
217900875
232897002
38385422
75948580
77221438
253307322
253232529
247277881
247277885
250071905
102108258
342084
11253628
253901130
36391310
160686455
74528283
196382192
258567206
254093038
229727001
253720951
1559497
4700937
5503085
5369083
25182997
51200040
3017915
14959400
193976657
247582991
88059726
248773139
177610359
215040220
175526724
261967391
252958667
25760672
253252692
253380948
183249416
685740
248621389
253273009
248621305
201308567
263292851
114944630
25760699
1734333
114944853
114944708
4056407
52380654
101447408
22532930
10191623
89314534
150896966
120183247
186165914
167615094
7886650
215727628
169818375
230214813
167614108
230341652
158868317
187786026
87659863
120183317
93297146
176753076
58957237
253232290
207563351
62257695
252098351
225205776
259795446
253252734
253313994
253313996
254038149
253900250
92552141
127692427
248789648
248789637
253252672
178313135
230329379
248773579
250078061
250078296
253307324
253581031
2002409
253326844
250078463
253291088
217499152
253252698
248502894
246773294
202152312
213960988
262464246
216001791
242411309
217577402
180749956
204417047
247394284
78956986
53390525
47801556
15350517
4700941
215040101
50330230
1471855
1194887
252099032
194807986
215414919
217510912
105985512
207333474
255605468
253380951
253308114
35457223
254113876
249058844
200616928
206377321
137572773
248621361
137424501
215727626
192949622
58437178
2823885
34819337
120165305
263206834
89315102
186369440
211951988
114945388
36369146
21271415
124893069
75623020
138459718
179492221
230206817
50579666
120183717
137432127
225942347
253271254
25761375
228989815
186256538
229975737
229976414
186080584
166025567
92551373
175533040
205708079
95218547
192475873
16391543
73553829
212992705
58213080
184782104
205942263
100384412
139979522
191148986
204875004
199706229
140635218
202429194
42459036
1635863
160929900
77539095
168559524
115897817
210277807
184781428
125921425
210277396
111256765
252456572
116877507
87389625
170708227
72225298
1443167
461974
182458784
426595
4309067
77986634
212324001
15181635
1709187
259514042
38576163
253361072
181122315
208591387
130230758
248745945
251545654
50228410
20642861
109580653
3236901
109018534
25072622
186256478
73230833
50883076
193433616
75813209
479128
162250562
21176617
131497044
221223550
8312028
261823509
215141170
170325069
181379111
252138279
207284582
207642297
146272644
215991146
9982535
248745943
20704715
3236903
182090596
214927078
252854169
221232714
74569920
207754109
199607879
185006112
252719821
208299917
20873461
253284508
212977624
2805693
213562779
146271358
137453195
32546892
190553923
13624074
30708584
101262166
88191428
176168365
167613728
249693676
8312016
11801217
237775948
124242376
1443169
35425931
247444173
29175026
3953469
4060907
198501832
248012983
250077786
196515963
146272620
90520075
7459043
53901827
46344113
195801298
171825185
226934821
108684589
185027578
206307750
157195141
21663652
170466794
683630
180853895
82996524
60863041
205696735
55505578
54862169
40752446
2636023
196283482
4150547
59488352
198240798
33007530
84795768
204027439
47161879
704932
571289
108684594
20737988
215111828
250078147
169606799
49192098
212567929
90960325
74859414
34744727
206153334
253237282
253480103
48480453
242222402
186080623
7175649
91998804
196284161
76585385
127479166
146272587
185449241
48579424
541167
190106332
95039336
573648
72089807
204337403
195545645
3859129
196855519
102411864
95218453
36341035
171470268
39820456
84881008
10235573
77149793
34844290
230224356
205113440
89793158
146272325
202438952
398522
213974133
104465372
558455
49398669
8106615
13582731
95039339
32976099
192949473
57708787
20956665
56095760
74746851
196517939
207563624
17458885
179546690
77149668
229998189
53095303
207771799
247287425
538807
171651727
175532880
93862443
252763824
160814582
202329432
187815676
213496993
193670592
208565143
394047
207643861
54380452
142260427
138214319
214661965
195696298
114275091
202780428
90513699
212326277
213562616
253303457
73633328
158762506
15248923
75621702
48135860
111711940
162534346
2213663
259483252
162340815
1826659
54374481
167019531
560507
146224647
191506465
90142216
160566954
214835620
106362565
120183206
203871031
162259629
162771589
35240889
222723665
63448528
67477628
83607353
10365743
3793939
193910679
10019414
215414877
556402
95311761
41093357
96613515
160370110
187746327
467017
248012864
96029776
538815
5001943
262646206
262646224
253231712
7004269
42656216
262836637
160814413
261808866
165150350
464148
137592668
4795141
53275216
138181208
249649163
253690788
229970008
229969862
448374
185711244
48035351
7866395
229970597
180962418
198996063
171585858
117202635
3953471
128817656
4060943
175533270
12502140
4441015
75580304
15009809
11373503
101931852
16178016
202183226
167609468
170345816
87659897
192124397
215085073
186070375
36812698
187811635
7005613
188712824
255368923
197380967
253229793
374250
36874039
208739196
253231714
211960958
96649480
21439792
197117231
209318971
261963950
253227722
11510387
127896149
220823547
209904956
7005071
196096363
192692424
221249403
248012559
185688729
179425326
184243094
140221949
170981942
262734950
17944546
137503472
252174747
216462182
206361019
416568
253900213
4440569
215940433
217123672
41095840
75313234
196382202
187157812
150984612
242506314
54917531
197652288
182708966
253300185
186257597
167614500
190231486
77231289
33330417
192949684
55650617
20931179
202292422
213886776
1938699
220666999
10607828
141999012
46719371
120141360
115254528
114275075
206488708
202243214
253467750
165150429
167613656
216462165
167613907
46108499
40564243
185692565
260810309
214612303
171581145
248585403
17466671
140221849
198642415
127032038
2804401
197047925
162342457
65472228
33360401
143146958
38494038
197602992
174104325
187315757
52634689
195637717
11723214
253414382
253284105
78974742
206376873
174122597
220656683
253395963
198192527
229970308
252892387
250078506
20127374
186484333
1725013
165150428
196382826
197687505
3953473
186705919
140579127
38072055
90511622
181473090
72330202
37929917
253628708
252853890
92714203
221261730
144934447
257682780
472215
205694672
4060951
20737992
17385149
2805823
210513642
252035426
75700729
32976097
148038453
180942443
255349595
6476741
207755518
97957717
245768574
248524520
253621426
136939561
253621424
262405221
50736014
15356036
175533224
167615316
65472224
20675261
113000439
25933395
188229147
212960286
178605024
242760799
19841774
12141176
72606198
197587895
197535080
247324895
151950510
216724280
225195083
10414680
42180173
112110206
249014007
77222298
146270564
213973694
950947
120183862
32955201
167615341
247814574
250078130
19415184
59207701
162259631
2782219
23423915
171584524
205807441
53107724
392130
250077436
212560935
255179030
77117184
75630583
33343553
180327183
10116851
215116606
212484277
404969
58615518
250070965
246209126
208436480
152370951
165150359
167614480
179513209
370332
56735000
247814580
14233588
75313824
184081967
30034629
550928
452693
201802999
137503515
162342018
247814587
573699
194331853
199943099
214597927
72878581
534790
195879151
162250565
467011
229969658
203201392
168664549
915426
77965592
197695116
99855058
183768938
77221269
110820113
52220716
208917636
6568641
253498956
95039273
36313939
176168253
30027258
189633374
102108224
38486071
137425423
48759402
204941433
34749170
20879440
20482118
201568534
225215639
154489021
253058325
262796227
254180609
214767355
167615088
48766450
253300100
253300081
10002430
72709245
174604871
897745
138183873
246182415
52022605
229997997
253300180
48983088
96057064
68591574
213669697
77231319
169267182
9911478
246282485
117315807
10565776
229970062
137375216
248012812
4071163
262665791
259514708
208591578
137432253
230231501
15081157
252583972
197604219
209349585
207281722
190087787
65472230
205257542
248746194
229998350
229998126
229998139
250077893
208587419
255605456
253284718
95039355
237777305
22651480
182295681
188492564
14455522
250078516
89313983
160836721
114945478
208201227
193050636
92551433
253620311
177924864
30029083
176168328
120183419
93871205
436533
167615279
39367796
77221402
257551520
29170988
202332448
163282646
116184897
2063591
48979965
247437503
77231203
41061827
259483232
70692031
212992096
184301912
248585430
243084420
72711061
137375214
209684957
215104281
214496700
167615179
166084399
92551331
53107706
569435
203231634
212561843
11601444
230224779
253101076
253414384
253231710
154476007
219280514
3159249
446205
148873578
92551564
190231482
92551276
204897859
215103345
213842351
191328896
167615064
51984906
240626667
217125799
77204029
55506688
243235441
42843088
107066575
4714081
439313
19415178
208748121
255349507
254089858
213680272
262067663
3236899
259483234
253300539
10414381
137440426
206640167
92551515
12052680
185711241
167615123
255612257
176168262
137440399
203200728
167615590
174294405
198898805
139953904
250070929
204941407
212924910
163326307
214732028
186256513
230231696
42403040
46723654
91986457
222723696
183916448
167615339
253414386
215748904
262756194
242727305
253238174
253236668
262657236
167019533
253230426
255612238
208559422
253284475
15541820
15356801
208739267
209905727
890172
650841
149153653
77230261
147723746
198638327
252853747
197464972
230226984
137483194
95039270
82035673
11435396
15409532
105378733
208097048
138463406
196597591
186582433
137252299
177569711
194406440
377499
12081412
1029194
254078157
12289264
46723670
253236273
39369280
230227232
262085799
209867695
138334118
206640637
206639906
139954232
199039288
140360890
109862023
60833234
137424024
230231600
11470730
813167
189688965
252384113
67477630
138422825
181922728
247394740
214818742
250078476
250078583
49873882
230224514
259536849
203128076
247792769
254080526
181454255
167614669
253380941
259483242
34750046
243017600
201829157
194451707
212953336
201842933
57405319
186394963
49179909
213960972
198228636
185242787
230226793
178310670
1914951
557049
174039572
20438188
415276
217273694
210732361
89317289
24862349
253238180
162546643
435694
242077761
4686041
259537512
202797287
254092810
259567321
167019523
253363453
32638320
248686306
229969821
251533477
243047386
242717714
207566876
52398781
253231708
243059026
211960992
132302734
213681662
11253091
248091062
17383823
59107037
213527256
217387233
139427939
137440102
247302605
253238143
248131703
120183343
207991421
192588403
253284658
28057019
248611281
191422170
178957583
252574344
250077872
214938661
455037
10413882
184218502
96301792
3037185
77231497
41092367
253403282
198894945
120183514
22367382
221229258
186369500
195526543
188896279
189533840
243033357
136482596
188537353
205696733
4070557
252681651
253414380
215748892
215543702
207564354
75313523
182985603
87931547
199901043
249738822
242505006
105070572
248131673
248131742
249738791
249738850
249738799
247718504
244316462
240626764
210960279
75316060
259858067
229978847
229979161
229979148
249648287
249738773
217123587
217123628
260108541
249534510
230223846
181772043
183520264
216213388
259507703
247948243
253601009
222726486
191149064
250070982
250070976
181673955
186069980
230339878
253300059
246209114
263019964
259537356
71062560
167019519
14382405
248679652
50426731
11951801
2213697
8312030
243059320
253058404
252853832
253308220
254113827
254078682
181922750
70018781
198301581
252825911
252765042
252352068
192623370
263208158
263207651
253363460
249090134
19776640
227053808
249090132
208648826
203945269
257767663
189588899
160090976
11470679
259512749
115254472
253309113
253292065
253300615
253467814
262836617
263207856
209313740
263292771
249716679
225385795
160814570
138333657
205574047
137486406
249679090
263023120
1736715
263383703
130785046
262859882
214827754
27534640
39165705
2624285
262836619
203200627
150859525
190099547
201477647
11962088
87857953
215738578
149377712
196579627
222660829
206561015
77230910
32955199
196029843
37942777
206376847
186369426
32860534
210418342
190856418
186392331
34679431
201120269
213842856
137502241
190109678
205897360
93296586
149404575
32976101
32955171
210425400
215738582
27534628
189529326
159349289
32976131
12135755
253281930
162025609
86532014
91998963
174321339
198531849
120183454
120183285
167614166
204923107
201929574
33343515
205311451
242075303
201652627
174291312
137481794
167613762
91986543
207272317
200631423
230231557
247019198
263209508
260435013
171625654
101995188
195526935
250073404
212323844
217268971
215913953
191893800
253281316
249970888
35420118
244300710
177007376
229978691
197647541
8294413
242485432
242077766
257749738
248978109
249014003
242504984
77222144
176229378
249007342
130062072
160306806
260108534
210138310
248592478
216462286
253413306
240626499
253413308
253309834
102074859
253228241
253228276
250070977
250070920
178505260
209332024
107366407
12125685
181523116
253274988
181523118
12220484
154490301
249693844
263103564
253309347
197098988
209273967
246208022
263207791
263208222
209643602
248523207
167019525
253265144
192623280
229979054
252853868
68570503
59339943
219297518
48754579
180399993
146275309
258823421
209867961
209900000
208652676
208682461
14841419
247464437
49404341
255612291
255317153
253308223
92551287
242506472
253284520
253466492
186165961
262836599
253587660
74239474
91984629
263103988
137453704
209901504
36368467
263027959
76779748
262852717
262907313
262908210
263384940
246206821
221251652
208406237
198240958
189557943
197143440
193600559
154726597
202862666
92552160
148071003
158622083
139953946
148801843
139431234
222660758
198868674
102141100
139294191
166025572
105664091
198897716
178787411
198901977
174314536
246282470
178483014
42435491
35412321
91985930
248249226
206376881
160924717
197643803
32855354
149382747
167613979
196669992
137242247
230001712
77231640
174817601
115254371
49369239
154474002
178329771
212958741
91985791
202258749
167615042
137411981
91985156
214835617
253264570
77230917
247019159
207195202
201430909
137375209
77231453
235728987
198897719
163337283
1938701
229998258
247953021
137331049
214597982
247953105
208286120
205696538
229979123
249038559
154474438
200557867
254080091
254080089
254080046
229969882
229969910
186598480
253309893
203015980
212564938
39854942
22878027
41098471
74747430
32860550
242743129
217276343
240627118
253281280
254080029
40362102
51892119
247858221
117315697
13590486
75317278
77231409
230204120
230203774
230203772
249014005
248131835
242504982
181256781
194198777
253783677
253783679
253783673
253228442
253254801
253254805
185941687
230079404
250078372
250070907
250077460
250077072
250077245
19689034
33321305
181916687
250071650
230340267
88191610
262825218
253274984
250077010
485750
253242324
262551762
254078138
253252424
263104743
22023064
214831293
253271258
253363816
253252771
20112525
247057721
189594306
168899515
259599141
202256055
254410791
252767545
214911819
252765105
177860450
212558294
213681810
208643632
253620301
242504874
200010613
259310761
71353265
247776776
262464254
253058490
248524511
29349080
44904284
262082564
225385797
210274639
247011891
214753109
263042743
263028502
200679504
259482307
249237343
189232137
183268538
246206360
248000845
211950658
214831295
208428309
139953595
253480105
253267900
253267902
11655258
198211840
212958755
150842396
159360926
174085156
201842891
101933561
248570936
7958127
247394742
106362215
32901534
154474632
197847639
174307765
167615622
215733057
77222694
255630318
77230956
215723166
215916999
185710686
174314538
77230974
172476421
176933399
112321548
250077918
167615151
178312949
152550248
261957934
226910804
213681535
198257060
34548607
42404942
209413558
138181130
178502056
196382180
146249407
185991873
208648832
20475733
226869070
124892967
32955179
92004162
92552063
132303249
197530273
10002436
161541518
178460969
118877612
29288284
212323814
200630988
253284243
207642827
200857388
247890452
247277745
247277737
247277739
39854956
215077303
186441013
74194454
85835499
192972339
260108536
171625637
260108543
162574429
253238132
176737489
253281289
242504986
99056405
230223309
247817056
127591175
229979186
229978749
217147377
253309822
253600989
253228465
253228271
253254803
253254813
247057724
222726484
222726488
9956290
173189477
229998230
230339979
262817469
253300057
246209111
246209116
246208034
254078160
251533475
253309345
263207637
263253670
262903707
263103098
14806245
130599681
253274986
253309102
253292070
209645627
247018700
249090130
11339975
169375335
253274925
167019559
253230382
258571182
136015834
248679255
230201586
262656195
251275896
249007356
253700845
12059812
90142318
257766399
255612933
255368870
208907215
209905000
208907149
212565053
213691849
252039279
259512810
207332526
214912103
132302638
167614727
253380954
188490313
77222360
253308217
242506235
242506712
253284525
200677891
7930803
263383773
211961585
262530117
221251886
225385799
177190804
255179007
263336469
50496988
186115544
259803547
253480107
215940431
127303713
174036075
197142657
19902781
253113431
177860556
215753008
76827172
102140463
198911493
170766357
163378905
174105062
36565088
189035379
212474158
138438216
217529143
132304395
92010537
198256887
181523363
167614474
196530668
203433560
33343557
246282511
167613780
102108253
208784182
198901998
208643813
138182932
136595865
186369349
175533033
137430449
229978780
18012680
190842091
195305728
249644253
216462179
253281268
137941629
216462287
253413303
179207651
45358904
108756461
247277760
247018744
182709695
248592438
249176360
14841371
75313114
249208051
211853702
262068370
162546533
230223442
254080086
254080049
190842087
230085901
247409586
247385754
39855264
194183337
201119668
257753647
193050672
25000756
92551292
253228459
253601029
247058080
197629493
209869065
34549979
10281141
230340322
243087667
250073837
263040981
102552284
253274978
21218412
251533482
197604226
15302876
209316676
254078170
20111467
249090136
262653950
262656546
213674850
209430457
208643679
255368882
244169030
203499019
243019833
177617831
258628300
253700446
253309099
263208657
253300496
263104950
263102387
253284910
253238134
76838107
208508353
167019529
47142813
222391712
248682115
167019721
247778346
262745686
213674830
252565364
254089856
208748093
105378740
242506353
242506112
130606777
262464238
248956272
259567319
253292057
253467812
263103993
17016829
262906925
50434657
255179028
208648836
255179026
214154976
95218451
143185998
190705657
253361950
250228883
170708209
72687656
250103498
12786687
36996379
208406226
208224683
198228434
20737986
194104226
97820566
207958464
19349565
249388822
171825183
20276181
1559537
249388991
37156637
250228881
977994
152205194
207642350
10742053
169268696
200764915
20915882
16256345
88196904
229707044
41097934
10264660
10413223
20879355
10576700
54746312
252063393
20918320
38002656
10576689
10315142
195168929
252678559
185718650
73128382
58213732
252334166
154249913
89793196
59305983
189170749
171584532
252178367
977996
208741274
37169512
252033133
185712534
10280539
37157427
74427712
54672660
33519532
53609073
42659451
198425929
69658840
155640408
140635229
186476086
95997953
54754213
54421536
197868810
216983078
88914036
249388150
88914069
10281274
21259728
62219199
50227247
255605546
50495780
88191837
82685459
86148865
254132233
205076290
91986489
202010870
30036520
252357169
74571937
249388117
57943346
190827253
55062809
22824706
200821971
21776246
10263899
42042497
180585848
179805608
150789065
26068586
13593819
10194305
252355226
180723626
195666610
38121237
184087201
207284499
207297311
74193857
51892087
41094935
35418638
10693790
10854958
10576588
12499774
139288548
90514502
257766503
183229971
36340107
247933005
185689709
108957045
55062807
33343551
10576572
208679822
205506493
128594025
41098192
176709750
180103971
253304947
71024340
186738639
33360317
185715404
187843891
252677111
41097234
222666162
42588882
191921961
72323532
198427025
201013708
185717523
181253143
11285177
28967950
41131323
184895701
252355287
169606448
173093731
205726390
253043289
187845679
90135994
49080586
185713734
185712256
69441171
191142506
14875804
73720045
210732851
10281378
202011708
186318146
92551629
88914011
10566295
10282012
185710117
193050639
41092371
186309320
188784342
25906450
174253145
74570547
75790253
209332784
95950070
10715717
16448558
196046014
248085681
12052515
186292914
53547625
253309557
214593579
197750074
186292081
28939706
191148194
246347701
186738787
50424538
253309593
75314021
177750125
248086032
197605119
187606080
48869719
86147410
88192106
174293262
249768015
87959721
205698781
188299008
180327537
186292235
203200716
152483969
74194750
87940589
146588621
160800494
208220077
34728526
145289165
186313189
30807652
54898312
179176399
186299623
12511855
95995311
185698820
97545382
170591714
186293265
185709190
127758924
205850357
182980956
90375335
230204877
171586288
42665460
10857181
185685733
98733629
88914078
204923148
252103864
73754054
115958497
10226604
187803638
192883058
185718368
184895505
34937209
37942067
32976125
74569273
180593102
207723058
41092634
207724964
246350759
162533481
186434767
35444705
147832194
42029699
17016833
206639780
259535562
198519017
88914083
170831108
193050679
185717431
152484422
62355633
57327266
50276283
205509474
190519334
174085078
88914109
170828115
31246575
11723621
196595068
88914055
15359082
182980686
193746451
186293456
185718320
248767182
174257209
11967307
157151022
88914112
158622144
68416464
167613628
107906738
14962394
164210848
187805104
146585777
180722270
198364920
186318571
215389063
75313598
75313047
241680356
217123542
12099082
41015318
41092461
185718387
32370501
39367692
174835029
33328930
77111623
249038962
262796293
174085163
174593627
254038190
68409688
257759773
263253746
208652746
10244812
68393815
68145539
53256286
54632984
186312602
185679724
186312995
181473130
195696296
229976534
75790173
229977193
24957212
208220085
229976903
181799262
174038136
202239167
32901562
222666096
243016989
52345618
108563017
138927756
68145985
68145712
193747318
186434382
186442830
197675725
14386843
180863855
41097229
74746963
41115722
37943406
19763020
185715544
32955175
41116371
17380447
31861775
53484887
250074103
245769396
253268372
68416302
68389698
188300801
96037613
263104132
34745776
192951096
167615487
252828984
194020025
213681802
174085176
174593670
254132211
250070918
115754206
174293191
262907742
177733039
74608863
192950661
186299436
193050645
41015468
199977402
170827163
14901305
174037895
174308255
40862890
28954603
181223532
192933161
68146005
214822160
68145748
203049340
41098752
15561901
203023398
201013622
192885983
185704274
185698419
180720342
180722217
186433644
184082043
52064717
42402733
19387094
74570845
30807668
32636627
68146039
68145730
115957467
11465908
71687665
19762981
174817224
253268385
216462150
68416197
68145554
253309615
249000776
252892449
68416427
86035673
37156847
208917610
24844828
95993230
116141683
229976759
229976948
241680427
174085050
174104494
241680602
181234612
241680471
132303679
214930392
186741403
88914060
186070272
142002647
35127029
185717442
68409743
11344890
186317752
77231435
49453906
96649045
253468607
15080384
180720619
194372572
96302719
185718491
186471638
54753621
68146023
68146009
215378374
52341137
194400648
186741728
186436591
185717606
186433886
54711289
192845204
186394174
254044191
13597571
249007340
41098371
68145738
250077337
140309360
50194056
21707947
186070296
230205281
230204884
68416200
50247986
184878524
253068905
37156721
53599513
185717622
205297566
68146043
68146033
20613098
259535645
88914091
199106330
174291721
200032351
68393817
68146017
186304918
117315821
99056126
10281411
101454147
229976697
22023206
174605369
11588177
13764702
15249007
28934114
263453656
41098298
249658361
108591195
152470611
68145674
215745881
185713678
188303985
68145589
205294115
37983086
20578316
182984049
74744411
73294540
10833330
68417718
41015316
167062707
42432119
34745557
7732173
191144497
38493205
74369762
244902409
253268369
215110818
68145750
68393813
33321417
219156896
205506485
254086215
255630373
252401661
252000074
68145672
208648582
253621428
208783573
95997437
253391311
198894824
96689030
68389849
47445469
193050650
186312874
186628592
92506764
198868692
196579542
214199328
192870329
213562812
42405854
194583050
186303931
193691640
208748406
101983080
214889706
53805985
257767673
253468613
10077503
50010294
112125863
215745877
93049389
88191758
68205532
14875707
196524307
180586328
184085305
181223439
184082472
51892127
74190162
152477310
39369425
136150634
73994328
140221908
41094704
171103533
42407206
21776240
173399006
250071174
253268377
263100775
253309602
73236351
186470026
213532365
253265435
15447901
259513007
259512990
68389847
208412896
254087629
68415232
188049925
213488444
259514597
24819588
138463726
174105555
174307942
174308420
15358402
209388761
185702686
96621088
186319523
34506874
173751824
41094815
174308241
214822185
12484074
185710142
7934161
71020023
96200943
219460713
88914048
88914146
88914128
253468617
195526437
158019962
100293908
28736195
34928912
170506718
39376972
36459851
171497668
7229789
51990652
43897520
193699465
36338952
3953475
152015133
15249070
252062247
7470095
186433820
95224921
152205191
185717519
202011255
50784535
7367033
195665755
31998883
170611247
184873840
74686685
184629955
180722309
41125773
15273364
49080568
14367860
40849479
27088361
186738454
38491574
90514182
9957201
34956712
34593164
22442897
73994484
72025574
34750947
74189822
259535775
176832590
175176391
186741753
68416177
157254993
91984578
37121912
253349955
192773939
73163369
23382544
39369165
10706180
41014537
185715644
416603
187808029
91102014
14055014
38121444
253211651
143034644
109593987
7889760
33753820
55784272
185693784
253349959
205136602
180722279
201112440
191148753
182296029
184096950
186394948
152482697
95944625
115254341
8465327
196190391
44888850
2299057
43739823
171651787
253621431
192774924
29358258
193993424
180863293
75765958
11220291
253281115
11336596
24999879
209905822
19355113
15429531
145768937
195650799
253621433
253468615
34600329
253211647
225961785
74490703
24731048
185710701
108715924
53599234
33742058
176709390
68416431
91104551
530565
252040545
169621187
15428256
192883684
11732989
73742829
70217289
213787768
14901260
54799537
195202008
54758667
185715603
10233994
72586662
14055081
180720649
16860727
181253034
187225173
178571409
193981099
66456446
253211662
253349953
192950613
208760851
72711648
255368909
95225045
180722223
68394286
37169810
10579831
186741931
42406469
212992305
159773384
10413112
68394284
177344535
57463394
68393756
192885022
68393754
180586236
73294933
148001702
147854934
91105574
68052495
179175784
202243745
24068419
213787842
68417728
255605678
86149066
33735474
104268022
52198029
68394288
198911404
68418128
159694734
174291716
74190065
186470434
186393430
186741642
58456974
32635471
252098341
14056341
191145638
68417984
92552064
213691841
251547350
182296015
186304349
68416429
68417982
12061174
95992388
67611676
34746255
77230774
14841688
181220903
169627902
186741836
53995922
14993248
201623091
180720345
184878526
54802828
184217366
263055749
195647480
33751275
225961783
160798715
174817861
185715402
192755507
37958126
68392019
10124150
102141083
215104704
146587233
73784092
48579902
14051080
178523970
41065322
253349957
259515038
254085907
263088395
178575176
192771675
51523528
205018812
10413525
99055883
195651084
217123651
180720333
12054033
192888532
68416175
77231169
12220313
68146031
253211643
68416173
68389907
20600181
184217364
248085262
187746410
181223369
198898742
193989034
33744193
158019964
222665719
229970198
91984910
54708694
177745139
213854157
22990175
253468635
7839316
20418240
14079682
11971489
203202276
209430302
90511035
152485740
259535131
186741349
50425231
176827864
188301266
53826377
208748442
20551503
26230863
199897034
53277162
52678639
204875016
11470640
12110427
9813132
208760853
252830378
20355723
213675017
217641584
7840402
15429024
14073253
92551514
174308446
180722403
184591415
203958008
15430191
246209174
213681812
229970469
68146045
195647655
152369073
10336312
14858409
201112503
23819695
68145724
182983710
229970060
117926947
189201388
181221740
16860721
178000246
246209170
254113863
229970320
192547318
29962285
152475923
68145728
208559443
257646242
67690801
186305175
73768250
193050657
246210422
35786025
229970322
145768934
36392761
110176125
186741199
263062501
203433686
181488795
187954726
55833101
180923145
252401139
14058009
53825966
38493110
180585154
213857828
14875688
181233138
90510179
51060818
170831631
14859110
91552802
22282103
249018702
187746414
14860502
14863370
14072914
71019549
53211896
34750270
14857076
173567106
258820426
186070283
7650069
23511482
184629949
3782739
106349462
187934722
111195171
167543204
74597438
208067261
176825475
53918589
53757978
14853242
23512738
50226765
197906954
14057805
116046876
195979866
263023665
208686270
195288757
207752606
87568915
203925908
263023656
203957839
14475369
14057994
198495004
53918511
95966294
53765002
214114206
14057881
208778402
14057764
14057950
259483240
110691464
187782616
11458158
134615577
60047678
136143601
253360477
174588792
178831405