706334
259510849
555765
259858099
257925094
262653758
7194231
262859155
15664358
548569
259479915
10186258
253329194
262705624
253324939
2057837
253327859
215605138
262701662
259479424
262876238
262046655
191796071
262305589
259482833
262653054
252647532
262974346
25205500
261798382
258897485
141094978
261999464
262851033
346544
262008634
7203037
258095601
259482288
7194291
137167991
2499765
202498607
197687724
262852407
89515660
7202797
26467914
193880522
139314319
135552504
193878897
216226137
262004381
2026603
262654570
191694795
261996802
262971627
20640986
262046207
262851596
262783299
263098594
51991060
262876690
262653390
262876860
261999814
250056291
248764646
262859769
261995103
262852563