253350290
261839173
261151750
252357097
252357061
262846080
253198051
192949441
126001664
72223123
261840613
192457491
252878178
192457509
192462641
196022546
262037822
259777325
263022860
263022856
262037796
180749760
192462639
195696316
261840611
192457499
262037892
176663182
194397240
192950955
202328333
262037806
262382689
259767906
194397412
209399822
209399825
192720585
108853513
210425312
184476620
252883317
172472194
108952734
210425326
188341009
209399823
263069822
263070140
106349007
192720783
176664181
180749914
262976037
194372453
185970325
213565559
192459323
192950963
112050836
169645744
111098778
202334168
169411394
170995413
188471834
103755834
214759887
209399712
259310793
196022712
192949457
259771404
112047375
213980257
186495712
169410634
122817426
213565591
110189695
262695900
178831305
72302722
201933691
259310958
188374176
125089781
249372997
221236213
263068539
185970433
194372609
263277606
263277826
183497967
169447678
213565391
169422979
209399756
213565286
214759832
210425305
209171404
263068837
213565588
214759725
122812309
178831315
252078823
249938012
209399751
200918073
171586372
252079163
203146128
249938146
209399885
263022858
171651705
198858922
178114030
214759943
120471645
263119185
249714128
213565403
172472225
262656217
183539068
193699521
200918219
178831492
209399833
183538728
87350857
184121670
183539048
178831317
209399775
146274164
112821845
186495669
208431870
178831401
186582370
209399838
209399665
183538811
182456561
182468714
87355601
247292942
193695181
252040576
197654225
263022866
193737016
262773894
208615244
193555547
252658842
200917431
252040493
184097474
253363119
195696268
217322014
252040422
183539060
195696270
186581120
262694576
252040445
252040457
252040822
214759851
182461402
252040984
209399811
213565447
249937996
197653940
252078051
209399828
252079583
249016748
251742012
210425340
125800149
200917543
263264465
263058465
263292036
262460421
252041026
160790489
249693646
252040623
249016756
197664777
252079313
260968039
262977711
252040495
252040491
262782084
262462810
249693644
252040502
248939583
182481452
177534097
263209728
263335834
263334708
263335758
249016804
209399818
251742066
122820945
262975825
262975680
263071962
120471703
178831499
262783187
263240510
263255836
263358259
249693640
263334625
249938032
252079275
252079394
251741965
197654282
262975499
262975701
262767357
178831371
182143200
248524546
252040476
178831488
183538936
178831366
263067401
195573582
183539117
249693666
205051138
263358253
263345146
263358251
204322921
251742279
210425308
249272812
249016723
263097207
262388240
263241737
263209447
263210058
263334614
252078973
249016783
214760051
214759741
213565331
214759995
262975433
252040535
195573692
197902410
177274797
263022754
263119183
263358261
263209903