247763476
247763822
252869361
135754575
248585377
222723667
247763938
205113412
247763823
127654497
52423044
255306246
146226255
115833382
111711701
50939379
195662912
207597233
52423042
199614166
146276797
127654495
34749938
252011886
31515106
252011893
252011892
52423050
52423040
52423048
34750340
34749958
177914173
12407647
34751481
34751670
136482951
195573587
261968972
54018431
26169808
139730463
205809746
206472758
137499914
34750208
137440728
82386550
34751487
155115303
146270295
11347722
175149079
207652106
116396529
127654477
155114523
252765986
242992956
192949356
242992954
242992934
142791752
442846
167509020
57318091
248789002
191443630
242992960
135754581
17115799
137503425
127654483
57318077
207652104
135754585
212961200
242992980
137430463
201424556
251872622
77581024
201424629
207755506
195573591
208118244
207755516
2168573
193856755
514627
178831414
249785860
557624
196488092
34749283
176522630
207676059
253129515
252024854
213997969
249257288
212323337
207643044
57300939
160671652
17937821
11347724
155260776
11306515
245787162
217577348
217577317
110204511
250064559
208118214
207597231
261151713
214493499
146272528
214617634
193737028
119313681
119313687
171580778
208118201
195573505
207933149
982135
207643046
249285815
50361728
126852941
178831444
72944070
126852817
250064597
248789036
214602161
75664785
66579928
217577321
74247025
212323531
17937819
146271858
64339752
207567346
263078499
157974582
444765
173745185
201424554
58709618
261151711
164266696
192774724
164268692
167034119
29353917
146273497
66580003
200673244
981819
171657316
1367101
126852931
200627514
248650681
219133959
248650729
249285809
71907006
472089
217500538
212960206
42459044
207567289
107802185
185006289
75581009
170727837
172422207
242084131
200673090
50361711
248774407
146273514
213973320
242084137
200689692
71682209
64253752
24164614
49592509
50361513
71682963
50361538
50361511
207971006
248650702
213972983
248650677
3336545
146275479
171823012
1367159
44976195
213973089
1275593
213973018
71682974
200627768
214493465
435674
171821346
44976205
198269758
71682978
96652408
106349181
114144641
214493472
117980407
107483534
16683175
91343801
3248911
50361500
242411377
45163731
50361506
50361546
50361515
50361553
72688720
165956847
80959894
77988134
252849695
247792743
171825192
49564248
14273570
113526015
14273557
467751
214815537
195623931
172421980
74269727
77753688
86417700
86417746
86417744
86417697
195623929
155114525
251872584
212326091
16683163
219133957
207755507
219133949
549020
253129517
114885508
57300937
105933087
249204097
440270
248650727
207604050
626831
114765003
68341626
230323399
49377595
34750462
119309647
546306
207755520
219133964
146275433
192774771
31515478
209603460
157824622
219133962
168900648
248650676
249277132
175526733
146226346
192125804
195472194
252138356
247936377
106349035
192772548
195573514
178831418
194183533
89691015
146271290
24263977
251872614
17937823
31514504
16683179
250060825
207621577
260803532
409920
251872635
192774645
192774785
251872616
250064580
214617644
193736926
192774667
149520471
23424830
322295
245787158
215914904
190502306
192774829
261151697
215914906
248788987
146273737
207567398
34750466
24263973
146272542
194183521
165021267
172422095
251872620
195573520
109765131
207755212
26439623
247564797
74943734
478755
207317538
195573516
131531090
73510567
213998065
212961256
73668292
193736838
207755509
250060826
193736791
155115311
162512747
215914900
162512745
44976802
455213
119026305
355552
198643654
80959962
261038009
214651536
119309683
252138358
162259560
192772522
212323653
502321
214493520
32221494
192774655
466792
192774661
214493495
252138362
75590287
107484418
115897974
514609
196901047
157345827
51843501
170325063
248650700
252024868
250060824
219146819
119313673
201091054
198495059
156199635
355572
75590299
45321604
260435009
44172672
212326079
75664941
212961204
64343030
252024862
182130660
67196181
252024863
214493524
57318079
75664993
262074662
248788991
89691023
197337462
178831409
192950382
158622113
178831403
209603458
117374869
119309752
252024878
914502
126852919
114885548
84565801
184521872
146271606
252024872
194085878
473536
89691009
258823453
192649236
472092
438553
247936790
113526344
196058100
185668581
438550
89691007
212323574
71353275
488352
207652108
249277175
55225244
213998043
13958412
73668401
549017
205695396
24263975
250064552
197652306
156199703
31515487
215152352
215152351
195304075
690983
249257305
138181033
180399957
201424624
192475878
46253694
252098537
193397081
212326174
16683165
146271189
192774628
205809454
205941709
155115309
197161628
208118218
155114511
248004649
74943736
127654501
250064585
113526299
171580756
165021300
208118207
192774801
212961286
250064551
75590289
73668369
198561934
254132162
2690565
156199684
171580911
80959959
207565854
249277472
443580
162327024
64345162
73668180
409926
162516231
165021271
1367099
171580593
25198466
73668403
438560
192774787
186495632
214740252
51307905
136482582
182603727
638347
178831618
427578
192774791
253227409
207596891
409917
257835579
73668277
162512751
71683101
194085914
73668288
20480432
192987734
442778
194959716
44640214
24594219
442600
250064605
73668279
198415071
213998073
247778231
213998063
213998061
213998067
146275524
207597258
212323967
504743
215914908
455444
134947104
145464669
190502206
208118216
475219
247982998
1360767
201424626
212326431
169818714
208118205
146275509
14581130
242411358
453880
77576319
117374765
215914902
217577346
20889777
151950445
248004634
177703757
80959864
247658975
241667311
248722637
23424847
195819043
24155176
107804381
206474450
51990747
116396531
248723256
64345889
214753037
200976602
119313691
217577428
543027
204803635
64310798
260941697
214818766
247658669
146273655
111107629
155531904
151950447
117374887
253089435
570753
107804379
207626821
207596916
252539578
543030
540754
146270557
257835589
162327022
170325076
252138364
32220177
212989351
146275540
107485631
248722622
67198101
75665114
472088
26440018
192772426
257835583
173093671
867702
197464865
192650772
248722641
248502047
217500528
208118212
196901056
208118197
186495708
162399332
193737026
162327021
253227498
510981
25186510
251393340
248501816
151950458
76051534
213997963
64346764
107804390
184859042
217535403
178831448
207564169
247658659
106349305
151950452
171581062
200673254
248722624
119309672
24166022
612816
200620391
248789010
157345829
192949278
200010718
64336658
249782832
50361517
214815558
207621428
105933085
209603472
262453040
249610692
71904446
64251884
214815419
171581179
255306240
207567334
472083
217387209
41369961
195573509
207567338
117978156
193736640
58708803
75590291
248788989
212324281
165956839
442774
438563
192774698
248788983
197464982
190502212
262453058
197464881
197464980
214815556
213998045
64333046
81576204
242084136
46253690
32219397
194183551
184075450
58708728
260941664
207317550
690933
162327019
119698650
209603395
249780682
106119355
262302151
214493492
192950787
146271231
48754226
207646672
252869373
178831637
75664456
182851038
209603478
177145289
249025995
64334555
248650674
249781377
67195474
71906000
260941667
82384925
68330589
74943740
249781942
67270950
252138354
208118209
167034116
151950364
119026272
250064601
75702866
137485679
169818040
76117855
249782138
207317562
192950803
514639
200673153
1188845
58708710
31969029
214617636
170819007
212314784
247658679
249782621
249782538
200673212
207317546
64238650
95220134
205705401
196292048
177349319
214731868
184521847
207317568
73510777
217500634
207317552
212323519
467750
2168579
207643543
107802187
196901067
58708765
73510775
117374896
74943742
73510773
72606258
195662942
212323626
207652334
253040784
72702255
208271122
207317544
209603476
248585466
75703828
64240309
247982887
192950761
247658653
119026300
196291986
75665366
441354
192948624
213998031
200673064
195817540
207597090
207597083
196292054
200673199
253319017
178831423
146271220
247777675
192950016
75828872
173093740
521955
247777202
571168
71903765
247792789
1275589
207563731
207646668
212324395
466786
252098539
470650
146271596
146271994
115967837
474240
171580885
197464877
171580597
248585460
248585456
247658655
467757
247659175
3248875
207597085
81576595
207597020
137440136
212961222
207567336
207646670
214732004
247981933
247981621
248722631
441355
247777683
151950642
129296817
248585440
186495700
186165451
247883857
196292027
247446414
197464867
58710017
248585458
252714186
247786095
173093737
84872528
434229
195573512
212324598
214815380
212326250
690932
64255825
196292084
474239
247786075
146271588
146270678
247658644
253235503
109874589
175526770
438558
196180913
212326395
212326369
205807574
198192449
250064588
200705619
146271830
212960180
209603468
73510563
196292022
506959
64237754
253619325
200673216
192950775
58708706
178831620
115246647
175526775
196180757
117978152
146274272
207596371
165021269
197464879
67202702
507054
690682
146271172
64344331
197464861
190502214
196180810
196180860
442783
205810182
146273443
559640
407198
89696773
559845
117595540
166033493
117595528
117595534
89696775
40581583
252040750
117595544
89691013
195443802
195443617
195443714
15669842
146271325
138183568
250064627
173745187
135754577
73668145
73668143
41432342
204878323
1275591
207645927
192125800
247548277
253300182
203873622
50939381
467756
192949918
146271927
186880459
195443914
32470191
100113379
46651316
109776030
77221236
249921185
55518630
100118827
215999788
214731988
29348831
443180
479403
195306819
100113373
443177
207639319
49640161
100113375
134282660
98218267
250064613
76127846
207566571
109765263
206488383
192643658
204803651
207621592
14273562
66579999
105231278
190502248
5829055
214617640
195623888
58709604
126527254
204803619
249204209
249089687
196488170
146273596
181783607
193397079
73147324
170960487
253227446
82996451
168654381
50322478
205698423
212326135
146271343
49592501
450865
85257257
55514210
212961236
109874596
50495166
200651830
245790190
165021260
115897972
55518626
207013409
217500622
108130836
250064560
192987956
200653378
464374
165021256
204878416
59201789
536428
146273857
203208493
170970754
102038374
116396532
439979
5743645
255306244
20889778
207566817
168663647
252537617
194819069
247939555
67390614
450863
197687518
137430471
207639448
212326270
15347029
48753783
204302080
242102009
443589
1367105
46253680
252132619
169887169
207626815
207639168
240451465
106348515
195623886
242440128
180103984
64249275
242651133
142419024
249957818
250064556
146273703
442782
214602162
87044566
29354007
253227466
129381390
252755677
182149673
151950636
102038436
206488463
164266698
250064563
146273716
247276795
3336549
73668395
207642891
216006491
82996449
73668391
160814616
207644434
58496154
73668399
207676162
246160537
252636986
105231161
205942262
217519801
91343797
262798838
450861
244755896
46253695
263091503
248773860
146273586
173515440
115884618
250064569
35256727
217577315
182149669
249201927
3336547
204878283
179953889
73668141
197745726
51307893
204803642
3240691
196653811
212961240
249789420
175526779
205113418
244170339
252585644
80414669
247659311
127654475
137503450
58495967
34750386
186080604
439109
205698460
248417554
198573848
137503436
206488381
3240697
50494947
180399975
205698438
179952833
146362332
186577893
248938999
44017469
720079
129381384
167451568
157575650
174321482
192950743
167615735
58709997
443185
510834
207658071
137503452
137503448
173093887
119309750
49640261
151950640
197597375
178831672
207596712
4399223
203889664
137503446
137503440
249664616
207708988
242101851
249277467
471434
209603405
197626654
91561431
207672327
250064617
186578295
188503980
1275585
112723154
471432
214815382
249257220
186581518
186577337
186582692
250064595
46253686
152705150
215040307
58496251
130388744
25979833
212323564
249277507
186582385
200689602
146272023
205113453
197597355
171584600
192774795
206560659
198415076
142418367
205698444
130416587
195623862
252869365
195283653
170325073
56609167
250077751
177703637
192650619
207639415
177274857
212324096
4444013
207643545
75540978
73228544
63516919
212324093
217577395
225269899
90072507
212326060
750504
56609173
212324174
207643259
49640234
137375212
248502035
147351225
192949235
32219278
199530692
106561990
16683171
91947575
105231120
247983046
49549958
454457
208189277
207604956
102038368
130441442
471441
50495044
210513697
23436269
207657990
102038376
250064579
207565787
45321606
81576276
59548349
198643657
205705355
128555417
197627991
98116118
159484504
682335
80358968
23426533
249135711
42594692
194096646
196058143
213997927
128555409
59548341
262425814
29348313
248722643
146365032
50022492
44858883
151950574
105231169
179063551
173911207
446510
172422251
187746347
174321367
441357
75581003
217184810
225269774
248650689
247276776
247276797
214753060
192774833
168654384
69701379
247566098
168654380
102038379
215242253
30764822
248788993
163739342
195815259
212326280
48754598
225269761
137441706
201424634
102038378
197161547
198021098
171580636
73843096
172422027
192650675
213997955
255306245
190608760
146272681
67270956
64250832
261834673
450870
44976187
179063546
249825528
439945
171046901
215732935
453879
100285567
168559520
247786017
247792794
210134578
207317572
171580814
184859030
249610688
44172610
205302255
164268694
102038440
440262
44172661
72165484
193736940
241667373
146272561
197629208
136482775
44976185
48753762
22649542
217577313
2168589
212324090
119698638
152705172
190502327
146271692
146223697
536388
247566132
106349222
207597057
207651136
146286783
71906586
197628956
247658671
80959965
197465004
180399973
173093677
189885584
247566011
207643937
207596692
438086
213997967
207643814
107804387
446622
248789096
217892884
262899591
169817771
137478195
207643818
257831114
216983360
23940383
262798155
374106
102038382
195623864
162140234
248502129
214753053
192772407
214815423
196901037
32219496
260941685
177912509
179805624
162259566
84932864
75665438
248722635
186069383
186495710
249610647
207677648
67270958
102038372
262061033
51307895
248722639
137430457
173093802
249921236
214493506
178831533
179584453
207566776
205695294
466803
194199169
249025714
207644436
108956899
160814630
146274215
107804384
438565
64337592
192774826
207643709
71907446
69701387
195623866
261975298
207642874
446440
531908
222662833
262453035
195444023
214617646
244303794
255306250
67196101
240448563
213705453
162259562
214602164
439948
261151752
138183826
207596487
217577386
248650688
200705638
261151707
249780961
195819022
207566422
41374968
197162100
197161644
137432006
44976179
207566825
207566842
207639417
128947563
82996456
208403325
1367157
114693733
197966881
190515417
51307899
200010619
4399211
261968977
198495061
192948628
214651540
73881156
137425536
107804383
210760850
249026374
172024981
72688716
507704
5829051
215732985
212326139
207933271
213997953
242868489
9680421
192949630
247883847
185006044
213563708
77581022
214493494
38110790
49564219
212324431
199942066
204267150
185006087
192949021
44172641
44172571
214651485
4444015
137375331
208403329
82996452
207656341
142419114
455435
249028670
216099933
170724763
222723705
82996460
439990
197633802
179805622
194182847
196672029
207641703
113000565
2168593
212324378
137485763
215733031
170981961
247983004
3336541
134947058
125926035
243244271
262530662
171581191
438063
204044636
262512070
160207997
158610006
252062318
247792761
91089525
340996
2168575
2473409
113791050
207643907
249694166
153922885
166084257
215917066
137485765
215732947
160208411
160208409
192950721
248501820
249026544
507177
43950711
31516011
215040305
166079526
91561298
2168577
137485549
137441723
48754451
207597015
139289045
247983036
247983002
470285
74209639
178231983
249415471
217892444
249825526
252040708
249610649
52112460
463319
340383
105231258
105231280
200673185
64336002
75664255
67195555
64248021
161236877
179805629
248880717
200620254
507072
194086781
206182170
172024917
192772415
208403327
213585780
24594464
199554182
85257261
187746435
461598
374951
357789
207567396
212324062
163702106
214651487
198228436
24594529
205695298
207644438
242101782
455446
205303075
455449
128555410
114885635
455389
64245918
63516909
103863538
404524
80359114
165626723
146271633
247566102
215040253
64244724
217891186
200010710
160814634
186495638
162399334
135754583
207971144
506877
247658667
550242
179805631
193736672
212323541
417637
708536
197464885
205695392
207639427
205705169
205695394
137398789
207656327
207643897
109347274
1188853
178231956
246026335
1037964
248587832
192949086
75590279
43950707
461574
353965
465078
251983709
193896901
32219757
4719895
484395
177145408
750396
217892193
192949954
247658798
182149671
160208413
247566122
247786061
98127951
192650728
137375322
146274027
550316
163712663
163701473
163739515
2168595
438089
207596491
82996455
1037970
136587342
207643042
215916997
76127848
128734564
206182080
127599450
206182033
49591979
217893312
64242705
4399219
105231276
67041112
461573
203422515
506917
172422003
188473496
247938396
207974060
165021157
247566112
204044634
461593
550310
69701375
247566114
248502131
247566118
247566130
217893166
247792745
197161662
179805627
197628925
198021114
59548339
4399205
177703756
249610800
137417455
196291989
213469290
137504716
137431127
212324380
212324436
203889668
212324084
205698454
138183972
212324489
242084129
136587378
207656351
188548409
247717342
247717303
77957743
550669
250064566
133868326
407199
506857
175526773
217535330
507230
115694806
247658663
261135236
460883
194183555
192948646
49592003
31515104
67607159
146271623
197687478
536425
194086792
217892750
200010641
193737034
217892970
217893500
217892294
217893552
207974070
460877
248501818
215040261
461392
114885622
83749604
67270948
531903
472379
446428
179805633
511099
207566807
43950720
191977198
149778994
214651491
207626809
205807500
205695388
198495099
550647
128728299
210513666
248585450
247935757
252892342
217895601
200010706
262688080
196488182
63516917
60392618
5803957
446603
217577309
208061903
197162009
193896895
461552
45321616
81576198
114885639
461579
32219724
217535399
217535526
172024583
172422101
428814
441275
192949314
413720
511098
346916
215732937
158868259
163739517
163677526
107804392
163739519
160297200
252062316
146274346
205704662
138342394
249025734
205810152
446613
249025736
208374272
446609
153922887
171585997
163303313
137439950
446517
248585444
584789
195328052
262899609
263031029
262899595
249780409
212560913
391743
253619331
466789
142791692
262451699
50494862
137936640
440273
214815384
502382
192774702
201088123
511100
32219479
198577187
506942
247662292
92993538
261151740
249781292
214493526
242867711
261151760
76127844
75590281
50493943
84873143
31515474
212323411
198643642
95866304
212323584
163792285
84932870
23423054
172421990
206145361
50493901
207359827
163454026
212324249
207626807
204878287
249257322
202961379
172421969
137406483
206182028
212324234
205694624
171824867
245005429
50494971
251983705
180399941
247778728
91561300
531911
262074680
1188851
23436343
99883089
192950974
242076139
215136553
52423046
249246596
262590464
116184869
193736734
142044314
26169810
196488118
81034996
185862474
124764800
175813251
202878550
77988130
69064621
192495558
81034994
219133969
164713883
195444056
98598175
242084130
249260087
108231491
196901059
86876551
991489
207841121
48095277
242411382
166132601
242411181
32221080
160449463
215136616
117073368
1594959
1594957
260926595
200673127
143395798
254113551
242439296
164431850
48095414
423266
187010978
186279298
99447858
26147647
262730717
101721569
198075699
249025713
60027350
44640246
198996065
192949035
87438196
86876554
55486533
137134252
186530807
249253446
633136
248325672
181657201
182112144
22443827
43340949
54762914
105614167
44640256
197464901
91833097
174558176
193893296
22445087
22445822
155567461
206335403
107360864
207658234
141419530
200991495
137440378
213301763
137134254
86876537
253129556
168181468
182851094
55492267
86876544
1985897
23431070
204044612
122273419
248325676
205810824
152177886
107356353
197464958
55183574
196488159
1594953
49640909
261151693
258929262
112988639
22135953
156221826
249267849
215890152
225958870
98605299
49659437
193857985
183538909
248325674
252714176
207389101
98742048
98739464
49648578
86876539
86876541
248501806
204878337
247444177
124939784
207672346
252719452
49002655
257868851
57340726
170325067
470476
196579365
180609897
251256157
218751211
73300179
249535092
180103963
160814560
44859064
165021187
196901072
86876555
43600386
87547358
95005770
160814564
247446447
173093798
50322529
165038792
192948968
59335460
206361214
74216603
206361212
216211373
250338939
108231489
108231484
252412044
111711703
81034998
214591962
253057325
13911435
188587618
54764069
204267144
245789805
242102039
263208304
263101592
247435114
173672478
480059
146272357
49720774
167043786
49721179
248325681
200010663
207268614
166525101
262696808
186495655
205810259
216935983
1594955
195623274
121386282
192850237
87106080
243084460
242484705
49885674
198285106
253378319
249874518
193736854
87106076
248655662
196389798
86876558
180539871
214593349
242504293
20276301
252759777
262798940
58533770
207596690
250339168
186136363
44640244
215341725
248325693
110204437
206361220
198699379
72587187
248325697
248325699
137440380
252024874
44640247
248325695
124854143
12523798
181215908
261151703
212323989
186070667
435267
76526355
258215814
217886638
23799983
98729705
201308438
203208465
198195140
198531861
263118802
54513197
249260275
230052834
49648063
68423760
217155608
262654797
168181877
54763185
205809593
73228542
183538998
248325678
243084595
249535151
193459726
204269163
37404452
197725971
243084558
249966235
205414663
260673148
250339442
207642809
217387198
247786037
214089721
171580812
77988136
204207119
229785950
104628420
48890052
170325071
261151717
252762246
44174976
50361609
222723598
198285186
253620284
193459839
101933390
214188812
192950471
173980503
49180456
192951042
51030925
203208475
204878423
160814475
243182861
173673949
172024558
207672329
160671678
206145423
24779876
155262822
183375596
166643921
192950103
253666153
180399979
227336068
172024579
192950418
3102745
131183413
206483238
49378447
242410650
186333712
242502678
76250241
205698504
442892
210273527
181780310
199111285
212961358
207596776
207596887
242411231
48891651
1985899
249825491
250342839
160814463
193742329
192950091
74985074
217123722
177145400
55514213
57841164
44858370
50215806
192950372
192950386
140221859
50322509
192950376
205802225
198562115
192950115
217123617
57859878
137440205
109776157
192949384
214731932
150296046
215914862
44872819
247778434
205708160
76250383
19415188
168293385
206377160
247564801
217889961
55809705
25200741
247883855
183375642
198574369
54766211
213476467
186070609
214651479
171580905
247776511
206560640
157030560
205702354
262903740
202604372
205810071
243084411
180020596
95966699
179584494
195623865
169339544
19415193
196671813
207564418
205694950
192120964
247556034
141648432
249610770
192987847
262692999
261989263
72688724
198128772
339349
217123564
195563171
175526817
87108576
12503480
137432734
263114176
192774677
247719630
54764704
251983674
253686577
253129538
24450761
206204969
194787364
262426933
199969159
198643645
51990444
262427085
148866363
48891708
180576338
4647095
205802244
169377723
262692288
193555746
137375067
217887576
215705327
212324594
142418369
167462088
129767994
242504295
173404633
250077159
251983701
191829970
204878438
150294437
127314430
207646254
198295595
179584492
71907864
1028604
195624219
154997196
207597256
183538677
74216607
183375640
181782019
165021192
605749
75313092
243084612
66619713
73589897
58166244
68424376
34747234
198269400
204373901
212324114
198415074
532138
168293381
897086
209399918
361909
201089493
205694957
205707605
215917014
180033325
182714541
248773977
25000047
20337465
51990754
251983699
247566013
171585935
354860
204206560
166644799
189542956
50723904
205705140
169490149
242438741
252565885
180609890
162025601
197745227
214752558
38110610
444753
206361216
196292026
201892467
217441477
209399894
129767964
196291967
205707600
205705285
207658168
205808083
159814801
16088720
240626532
242503051
48636466
53047229
84873141
247786069
251983649
146273485
253248185
214752601
17987241
115848567
16683161
248761754
225195127
58849194
115694751
158476964
144448858
339768
139624245
201090916
172024568
24390439
207317582
341761
87106084
173093796
111107763
207564358
190608647
7798112
428973
219460680
190527637
192950623
146274666
247565787
340703
172024872
179233023
137153059
91561025
215733045
49648134
82387051
155624560
177206009
139717772
252587362
252587522
144271307
214189006
159814780
77221246
248773834
252167134
124982855
250060830
263207617
198285184
146271910
247775829
202961764
253248181
146271673
183538690
214822914
146225088
222723611
72702338
196292004
221226480
247775818
180041310
213713477
253136339
210273511
196672300
196671555
212324360
144037025
206335036
205696587
263351948
263272786
225195129
197516221
3732981
205543852
205698476
206331262
206377331
205810475
212323901
137440376
137504480
137482200
169377586
197496604
104668403
57727057
104558875
205807363
263454595
263115219
205697396
205810306
143916558
252160496
252156729
240626487
242410672
50215529
64245699
139599875
186327499
174122664
204878289
177961709
252585535
58709846
58709816
263207609
263084915
73355967
196291948
263101484
180609843
169377256
188033147
192949569
250741815
247778340
242411300
169377639
196280097
202961569
253248183
146272118
263077739
183538922
250230352
190512989
198303163
253248179
197777150
210425035
214947888
98293726
214752568
263208610
191426676
212324106
186165374
77222046
33341054
213595536
186256400
190514106
206377340
111107247
207674456
263454584
263454675
206483284
205808511
137432329
205810308
212323969
242504249
252131991
23436041
245329520
247070878
54917286
180030459
186333815
154234267
133933874
201308531
197322967
196180765
181122293
201892531
101931534
263209657
263103815
247657270
102757882
73289808
49305655
73290117
196488080
197062998
251983668
186369222
247776040
197062967
171580738
197496470
210238131
210273574
191426524
198295812
262648671
72688718
114945623
206376513
50215472
11672256
174257531
197516126
195801311
137181837
196927085
225195137
195553452
28202714
12207652
247957926
215917022
243085058
206488690
58439244
57726680
198643288
201598379
212961124
206483254
206560650
206376515
212323961
262767208
205573895
205808501
206377327
212324452
137440374
205698517
143861677
96739495
252133046
77220984
50215489
49180959
230010446
164283699
206235664
32220409
259568300
174085255
111107328
180609908
14041496
247906105
247906097
198295726
4399215
263207615
263208949
198285059
191719727
262903814
263084069
198295223
252538014
222723607
247936742
247792741
75338459
82386611
202961573
184859026
247776726
43615126
213536825
202718681
198640734
51518919
136483468
212326143
212323576
2130665
167393635
50440388
206205026
109861898
137416658
172175713
216213513
169817726
204373935
197496503
225195121
263454503
207643835
205694955
15281579
207674420
213462945
212323897
205810673
242411169
159821247
251268401
245790431
159820746
24423549
158493223
206235814
214189577
137938963
252587786
73228548
53258403
252726857
212598259
48636534
198295886
213536752
263064001
263207874
202292453
262906774
214753035
183538692
29348701
197821172
202961563
36710488
114885681
169329696
130337244
214922307
200695899
214753094
201599170
262660098
137440467
250063615
214731936
58709758
263099005
204051831
105933090
204878348
263351935
207564420
212323993
213998027
207974078
162025680
215746783
162025676
201089490
196926106
214619520
176752943
201598737
170159218
102758055
206377336
212324142
212324134
206483286
206377333
205698468
206377329
184082109
169377697
252849441
240627123
200521759
252159845
186322819
113391699
208188707
149532218
168181484
212334309
114885679
72702349
190608809
49336863
34746528
194198390
20893155
263208582
213598592
205537675
263105076
215296399
168181881
213534350
208197439
214932826
43750119
146225280
146272140
196683768
198889571
250741760
215136618
214752580
213536859
172024589
213534658
197516119
263207483
117031840
164273139
199111333
44640261
201598287
249610798
249931439
142419108
220671039
252714174
142418302
138544849
57726762
190513821
193522307
3732983
205304875
195801304
196926198
186080447
206335405
205807470
206335199
205705287
160814449
212961374
137440469
206376652
263351946
207658085
206377158
213473572
263454568
205698498
68330624
63516905
225272653
254139407
214493510
81035308
52645710
172957246
122271623
434837
206182192
124975295
148761075
138342206
125346802
247271224
157859813
214493450
50495419
181782709
205745299
253619396
253146840
253146871
87106086
214617637
252891601
101757426
214493530
22135939
253785879
54482048
242484482
74811913
249963278
261967544
197464893
74984592
192673702
217500606
170466616
34567948
204664101
146482930
73228546
72291814
253619384
262704543
204958118
192673704
213997871
242484639
261967187
250230362
74984950
74192889
160814493
255306241
548576
205698474
155531938
203213254
186369408
249959545
34750913
215869792
253667800
200995396
260941701
217629839
217917216
146273554
164268696
213893190
205809605
174321379
258848645
227738487
215162254
19415186
239571965
212324170
208615243
198021641
177860560
191904863
252714248
209379551
196781649
253620239
127032609
69658257
252125800
176005714
206331085
242651137
112945229
248978111
214809848
73174959
207596619
440813
162227189
253046778
217890693
91561026
194787794
200995393
125644214
73510779
84932866
138184079
249667172
87106078
103675257
15849361
177274847
242643934
247459812
138184011
170873318
73721339
102757884
72291822
205695134
20857074
104270044
215698552
254181348
197889985
202529313
87106074
181779246
199969275
205695904
261970439
73722793
450444
217780670
87106082
34744995
206240858
146272347
247724867
158465839
263104183
263208216
244173800
197930322
199111392
263207255
110105405
142349736
26439248
242075289
174122409
146274204
242220885
253119085
206376887
249384651
158459405
257851401
142348895
109478643
77222107
247724809
263208250
178605159
208064664
177274811
212568366
137747327
142344572
102757869
203013032
167272421
226068281
167238167
167316039
167296994
252133484
262414593
250229498
246397546
247459800
160671718
263207534
263208572
252138360
193737030
51518518
173747126
193896897
174137947
245790202
177319482
99192373
207041181
38386218
143855076
50215536
181454014
35444770
263453455
212961202
50215493
48117126
142349431
89589080
227232854
146274189
247657233
263104490
53991422
195312079
213969728
196579516
219163655
208775991
190537945
201892529
205694575
192951034
155115301
251872606
251785013
204867997
248723249
214617408
16136449
247463691
199943977
186200847
6875505
8284359
193563181
250339987
24043415
249042622
250230769
16683193
205291614
217779204
192886397
121229050
244951107
51518516
262665865
216332814
263044373
73499967
134956100
53467452
125004507
259075482
248590438
250229476
247662302
195819184
192788529
113529578
262078183
203433601
192886756
75313088
194451555
104558753
51518510
251546522
174302248
250229489
115709277
50215210
157117284
262427176
262292753
200850584
205291545
250230148
229702029
125571776
147208744
147205392
247716843
215152785
207722980
138183897
202862582
253112447
52523624
33422032
19707913
51030815
250076922
261135242
171651714
109960497
263208516
200970455
84736199
206794625
263208183
155929543
166415522
99870752
204417033
207854650
91147058
263104477
51990388
212993198
204052348
48608353
200970766
182709349
179735989
244132449
263104725
214753140
262862507
136593810
214593570
47158814
242076126
213788364
263303893
263453862
215732991
206618780
263104612
175154988
242076124
216332896
1028600
143144584
176756963
88197270
10930944
242410812
112728680
195328382
247813945
474297
156679104
11188075
173672148
156275720
52380370
156227407
156666884
207855752
415645
197626809
202507676
23940381
242502767
180528135
95933130
8383420
245789875
99185299
174140427
197745253
263110277
250056457
202961437
192654985
229734926
139723228
7164719
263395944
149785140
142338335
247717924
192950619
214937417
106864418
123447255
177932999
134364249
177930716
122868492
99081809
242485971
99081625
257856743
130429026
7164715
82508140
217519766
247878599
143144587
110204544
171751924
153409212
212089094
213536878
215694341
168900132
96309798
205018782
155982160
137478097
99155891
223502458
82503134
229766512
254859675
130781054
102038442
208105641
186577226
108231483
125578125
206202562
263454715
263101036
263100328
165705272
7032749
97027236
242410729
198451278
248935591
44640266
195924881
216399506
186437518
247459797
191478220
113738278
162530524
85375478
171676654
173956114
85375472
169684343
178302646
203202120
215122550
224146336
202737464
251985149
251985177
251985118
190695056
198305008
251985196