58971674
181699616
87998123
221229392
58616760
9609167
5436013
172175783
1648937
160395025
702720
20934341
111271288
176906739
146271852
181131325
441930
807675
532163
78631648
112332743
242995008
64451825
191769420
5506017
93249197
471954
918084
248620444
86540825
201296286
14522409
58627110
681036
184282281
248595277
2196161
205986076
181938694
52327451
430591
22222415
72668426
978818
36570232
5402867
970374
181561286
13853119
74277054
548026
242492541
179442167
23426181
154041076
207763403
212960234
1582319
546623
253252902
348077
411783
343533
207760301
111271168
474723
1040288
566261
49391804
937777
62004699
137444800
262081087
399620
248789087
83757978
152546954
216724633
195961275
212992878
149409114
214924143
262673807
92551697
189035390
92552365
46759449
1044532
179236229
78631646
255175328
248733041
345428
1207563
30156408
2027773
704297
7393211
190502240
37468740
114944583
508380
1645683
22080373
253785263
37134917
107409377
242432565
22172871
500435
250077835
225208289
2395221
37216797
64451967
262745682
1276569
434880
255175330
546621
76249945
263046625
43342164
262570721
206376425
36701173
173904536
191058348
257847457
153349679
262654333
37216556
262515829
195192185
190301151
1044650
262656590
262414454
32613941
36701514
262656899
342287
955210
255175324
454397
13853115
68366667
181904595
262656630
155620587
446418
136595350
457271
255070748
441922
36701852
133055467
19774806
195192136
230332006
230331613
230331640
252178897
36700922
152547014
92551434
216724588
50322361
6215871
262043261
215548512
214932865
147866755
164077714
262654894
262654337
253252906
253252910
263209520
189035730
137260112
230332192
36701453
225208312
36828944
185907232
31207398
249930900
253785267
225208285
225208283
230331928
216387840
120149944
37468814
118693224
22172591
161984110
203498186
225208281
230348375
262043248
262043238
486950
253785261
36701886
198582923
198889608
253252914
195863687
154063000
198776422
225208287
950850
230332279
230331701
262043240
247337138
262654315
191375788
214582228
56069034
215737262
254909657
253785265
248265926
225208314
154030109
262656617
72040800
200976510
195863680
31519130
241785461
255175332
22370998
112334875
36700886
49126651
32351744
14378800
55506686
59262880
212356656
155463025
216226700
140360874
41754180
17960478
198737965
14645351
155463044
83664156
194960744
177746981
17960470
151994854
54208968
10397243
216226708
75601401
196001716
248593733
44540589
12705888
73684906
21430154
198197156
110447680
38419977
62648437
58616755
217764095
127814264
168946125
115702579
10044277
169640939
474820
136941161
134958186
171549994
208130982
408856
138504802
191148980
193895773
439662
193895771
171055469
104074997
54025540
573011
69162889
208128939
25775304
136939552
78975581
56256828
25775298
59291594
77243054
90413497
25037584
14983742
7556499
38567500
115889863
255175530
212992710
99461647
262083113
181131156
1559501
175700773
75639669
206675358
199196914
558546
212992697
252881876
71907878
15267815
70016684
146735967
192623465
216216901
186369218
74362504
74616448
569636
172157356
76601012
185925170
138396004
188383611
48657015
248613065
249794826
261830075
32701096
110677246
31122069
486641
25049753
255175542
92732206
263032825
155567130
159026491
48873335
471038
2422645
29676708
66580085
153408005
148803571
160370113
27582847
262874923
119063679
140221896
5907357
199970256
248503468
11307128
53495951
1310641
585146
26429101
197062941
163315180
433289
129138216
215136594
135419845
262934904
189035709
193412890
207193981
14378794
247441869
213144595
106362344
251268431
36702148
208907284
171292205
56697260
73887648
48659059
122489015
1590665
46107047
244299291
75639704
42843086
185903791
2302895
221225653
143858313
75639688
252385591
446359
160684518
75639671
180955499
14526911
241748800
169446255
262525573
98603998
73684898
407040
67991608
54468672
160394326
29643666
59207488
247321865
104672335
197623996
33132795
37902675
77858319
146368392
171580968
247755368
991877
246772903
160214164
57243159
261840619
260847312
257847632
255175884
170708216
852113
253271431
4054237
250020391
173903533
149409059
68823452
248497324
182743126
247661736
115889249
202224717
83664135
137504295
168234716
216216796
219140508
361694
202840399
110460950
1031972
216216953
87128834
584154
75600721
74245176
455266
146275457
257847630
162113115
41743051
75601625
75373052
35827425
248745949
93039531
29810936
458014
55079531
228604452
214889675
217320674
46107068
495722
196202006
261840654
175526762
185991812
184633829
205579045
128635777
173093655
204056881
177084797
253052531
187642333
215745911
416696
171037605
96616364
106362337
206376857
204337875
73108457
56095762
54761186
179983167
185005759
253052491
41182204
262058490
228615166
249019771
260930139
72680638
253248325
118900469
124893091
70016686
199547864
16829893
253150677
207753023
115254262
22172634
247297497
32411011
67991604
202328999
243080774
19361191
247337527
186877073
262303196
1208783
192950679
259310819
160374912
255176043
215788797
92732210
1065030
170611814
137592535
49062952
22172583
116656411
215788795
214203439
189264083
253444163
40995491
127692132
201039546
22482297
260922629
230083664
161493807
55302747
1205103
150998663
32352092
2363009
40983363
59548351
145399600
341382
115254458
55330090
1044562
195822407
199647681
163582125
15656515
206205124
262461884
49459972
65029079
247567469
253319001
257861448
207398346
573655
39854396
248495004
50243131
98068470
263292900
247933324
57243163
216216824
252877933
174582162
716138
71948001
262085474
249791330
35441091
3529333
42617313
262745680
261943429
315999
205894100
184495910
7393449
262780698
207933243
155770903
161367192
27979420
262664323
67477622
118419951
120183835
247419539
44934855
161384010
262392621
216216850
262656615
262746058
262746054
1016001
195966226
147884737
263107170
42538755
253293472
247304974
54513058
357650
196853740
112083206
153409029
253350292
55079509
170823375
97541475
221228359
247755296
87118215
250020210
217472403
159034856
77221687
248414500
77230906
186118516
55478047
36319528
253168759
181137489
248009006
262664344
102140628
184497226
31207340
31207352
186120450
97589225
262780717
196372772
178724014
249038957
215725852
207563862
262665867
169887193
176290759
252126703
41182100
259649799
171585920
42261368
262655927
137425253
225206337
248003207
341539
38137609
249679594
182834107
262526505
249161194
160814586
52757018
32351576
149779847
367810
148070990
184226416
1606121
242291849
263208981
225200867
173093645
215788801
213706308
118890438
167600194
263111589
335321
185713418
205416995
262084523
1015864
249489704
242424722
249825910
248585375
44546382
250059355
182457859
178302597
247381451
36705251
206248635
262034821
197062939
254187929
179912823
799151
191659414
73843098
115643434
118582531
146274114
251395952
612310
217493073
11424382
53107712
208118195
41868996
365656
94348618
253232228
247313170
173093649
119931729
251772669
77231671
195192096
77231288
13463304
67343968
106362448
195668920
262605359
607328
249161233
207671447
249789387
262780676
165021183
195952126
262083264
181145206
102140509
262034828
190608512
195462604
243204071
115254469
22371000
216216838
247421938
249589950
202529607
247430928
2731713
20073210
242487420
247567463
178575476
66464351
178058627
146274121
188533815
173986804
190156193
35800613
22834049
129584708
245767001
201355032
192941544
37134989
247808854
262044328
464151
38115255
200032722
262746062
217865411
171625627
187769933
214931174
208126916
31207252
31207338
41882284
163661428
210735960
73768246
262780700
195192144
217776685
686464
262463624
11257594
200677919
180718855
262064215
163562749
139435858
42827331
230081651
215788750
248761686
171584534
193511478
249789402
173903563
573632
176812495
252099739
53982591
262034826
248502914
41374356
92010269
206376500
247390653
219144870
184497114
118890202
55079507
262392467
163314279
178831521
200617023
195192133
19297933
173889002
215159449
30162692
201571489
248585406
56069032
51470403
137338901
181799288
184496101
249876092
252099737
149788254
212324466
146273483
16829433
133772785
192949575
262844594
203875704
215788748
22834219
183267646
41300585
41015588
262664336
262734366
261972546
102140905
248576262
205695183
206335075
176132386
208643585
246853615
33337929
215084923
182111081
161168431
73583384
19761194
189310476
183907224
181771602
181665606
160814421
205695165
173515445
195863576
249610411
43342168
99056535
189529499
600601
178528939
137941670
163581732
184248015
162112368
231625533
261834645
253284149
48480447
46643391
206077523
208194493
392485
195863580
208643557
57750566
254909640
190842083
261114572
21315571
262745663
199857110
72913062
43342171
77186592
386458
184411918
41372499
215788793
142403468
41334270
262034819
6580567
833905
205961617
243000607
213846285
129135828
963063
213858065
57707227
84575260
171580980
201033106
242749977
206334892
1365031
114895509
34812535
194847362
243080777
246971973
248008941
73768184
1026840
46772949
20275268
242693570
212560389
213185002
248620549
32241079
22222445
182463538
20417143
117668037
77231654
262515574
163677447
214930502
213691635
555326
181165502
215725854
900356
29907177
32352058
162261454
184217824
110916490
216520075
77231365
196154785
53107732
195993438
36388952
106731393
189365930
203199745
142419222
242075230
253284602
148805414
196180738
217492633
26664751
242432563
212475225
248082551
486697
180593079
10397187
32075751
237755526
77220887
242693586
215136356
217772539
129138497
212992268
200678973
1352345
136482472
248537322
195867009
243080779
252099731
180400051
254132142
212560391
212474148
212557691
146274206
242407449
198320635
22477329
242743162
36017571
230043333
32226416
176766589
31207488
199552531
217478960
101447036
116961291
179545377
148797200
216724744
77230822
161493665
180574951
406566
889125
249603264
262745639
247429118
44607691
137260848
207947488
32002193
197707667
194819075
73356671
214819319
193600459
135189677
215544974
248739128
195668922
39854982
72297970
252099735
262734359
195938336
262885501
341384
242432566
262466795
247901498
251590763
190319415
74613608
215561767
159034269
22980660
194451763
32219065
157198720
196156065
558783
59199460
240626509
77221635
163477175
228617805
248008916
246972018
183051122
41556602
67332803
154082954
261813088
36700809
37468704
230018997
260941441
178711335
260941443
263195737
241768448
253722236
22299342
195192114
77181824
242086245
246208131
213691941
212556445
212474369
189061734
184588774
72150918
135268913
114944405
262415255
247262756
263291963
263088799
263088781
230239404
253308370
213972665
205807506
205696339
206361044
32895628
138049952
32239567
137485681
178482398
148803203
162343189
178604296
184218001
148807860
136941162
192673687
118900401
208097040
194595362
36701101
217775104
186129011
149127848
119932081
34817609
32426628
199684954
215141258
77231619
96031649
200520509
77184027
136118823
77231231
169887172
205707636
206376391
241632732
215561765
49392006
53988363
39855262
131532347
178724031
215725856
262823932
262833379
214823090
261113989
102074810
195192189
248590462
262044312
148749488
248524536
242176926
217492599
213691811
208643621
991823
113498280
182090483
184301716
263273826
253308329
32428834
30162705
35413699
195192234
49505277
22080361
22551303
137457658
159060575
192666053
178604299
32426392
215084925
32075737
102141075
160402552
119692307
215136362
248495154
75654547
115641219
136941103
214595763
215119889
144599661
22172734
215748711
181910016
99056196
214594655
213741237
137478256
213872953
213886844
203866611
147865645
263335526
32352084
248770380
230329735
246971951
202343007
240627074
99056199
41556735
195292051
92551478
181929248
230239201
178572175
67991696
173449271
243594069
202529446
260941445
262818373
215221788
263085414
262044324
214823080
22400981
39839203
122091342
203247182
165021306
213490417
213261004
253665545
261972533
249024481
253308361
20859058
41773486
209273030
201874419
174182664
185903495
29907216
180592868
201098721
77231646
162140249
182546740
192890921
99056696
163562575
164242386
92010629
32352197
22367124
215752213
36319824
251443245
168461594
215116658
215746441
77231559
36700941
215752211
217620428
159012891
140174804
212961338
32246224
29907152
206376730
485836
154062454
127591196
262073585
257866706
228617107
214823098
215739322
36788345
261813073
260941447
36775082
247405815
36207056
208643581
212567743
215748709
186256411
113527173
183243703
263246532
171625592
181972707
252785743
146275530
180576615
185433765
183362162
184588982
49126461
137263318
263355343
253394186
216462129
230239253
138049921
263436320
263440999
263334756
174182634
178572851
215746445
41139113
35699679
206242855
36017610
237757232
22472010
189413485
205810029
187770694
184411873
194954074
215136367
192950042
251585330
206362965
190873869
36775068
248901367
251513333
253206537
248770375
190842896
253206549
41556690
74487664
181929246
261813076
261813086
36702023
252099733
261113983
261113985
261113987
22367142
248523334
29352544
215788799
213691833
212992318
13766637
177617380
127032512
67195769
261072772
14179612
205602017
261972530
261972549
249023565
204007292
1085100
178827060
177703598
77230839
74603992
102140711
32404980
215727179
22834135
77231691
129134659
182305772
208679371
32899147
168467819
137454898
30886055
191422691
251424982
225210747
247841138
207752684
30162724
30886451
200032712
41329162
241632812
73768190
41182159
246167804
248235697
180567057
225210745
178941068
181908750
30165546
181500742
48657979
253206525
42957936
105099603
14025765
248781393
32242356
199896976
262044309
263084917
208643665
208643610
77231031
180592866
206205072
208193157
152548660
53240224
134334315
184415647
179686944
253665534
262875347
262704602
253308356
49551461
21752319
191141793
189463056
199132452
113283315
192931700
215145722
163566627
184901322
251585328
149266943
179121070
48175363
158868263
242075196
159765759
133155416
195971653
205883083
215737270
91998952
148766338
11446183
252002843
207639494
108715084
73125816
209349142
81323246
136340700
107331062
108501279
73810559
186271356
262654791
96616370
111582624
262427038
131876308
248469250
204957471
84894442
143861673
62648441
42230604
170345811
184236581
176906726
189557422
217539783
195845908
53479462
59207001
115693395
143933076
124250341
172160196
88043276
184101365
161245924
51264140
189557421
192139498
95995881
260810980
190463820
249072955
45349383
12656351
58964292
55078233
142211332
253227474
216987199
215613211
216216846
214611377
8306454
139066351
262426936
10038509
252913724
191365599
215733822
26289120
249739629
216216800
160814552
147212599
262934908
20113818
217772456
258215773
174306786
249514292
176789915
247444707
225208291
216216905
181938696
129138964
244317548
216216842
43815636
545773
206376534
72543165
25663746
137952180
37151923
57773066
32287119
216216814
192949854
184790648
176005802
262747897
73810561
1085392
44858832
25757493
249798940
200919610
216987546
252880513
242616411
17620782
216216815
208505781
216216836
34380542
200035993
35729114
216216844
253248317
86331427
254411157
179805606
253284600
262082402
181938706
205851117
5524371
251274479
22760417
12500989
192950034
205850341
58962844
261944246
16254448
48585379
193603888
254132100
77230872
252574068
77913681
215136640
248978238
201009321
335322
248744495
176789873
169375457
253290987
186495678
75601654
138181035
26355065
66464211
190702770
174182656
86870130
263119179
262970942
120504065
253456928
176504766
249451781
212993162
26661514
1380755
525849
212553542
176753021
205894096
25733345
205894104
66878452
162113214
7363613
252880548
262055320
51409463
252881783
14072218
212920306
16084226
200557784
182603702
216216818
176504574
253403273
108956903
7256461
247321060
176736507
66144707
15082517
263023139
125638331
262665989
247729657
262755017
536584
249450467
253456924
252877993
262055333
262734350
74986753
263029275
192378545
190864935
263053677
23145060
137478258
262656185
253456931
127064079
25665459
230086336
192949688
262779659
68562908
53209370
34362341
49632230
213872821
191364420
176789834
68562948
26355485
29812157
262860721
252584566
262055331
248422264
261072250
262663916
116121976
249514105
259514199
225972207
262877245
263355577
252283817
58499439
146270290
169377537
253239609
132196221
65899147
149969472
73209372
262654956
22827539
215788930
174849594
22825044
253181934
262730967
11601934
253462058
201112614
92714195
123576475
170466519
41133175
10131942
215727728
242078759
195791438
215727736
77186821
215727734
184118917
216285795
215561345
251577747
262803974
33132562
11973798
16086413
145769923
189536223
42589165
253228463
210513633
555258
16998294
66939424
170466521
40981418
3288911
32409446
247943498
198481337
254411124
262779653
36766643
958060
179720132
85396400
77230301
21126664
41932579
173717322
15478980
205508271
34154887
30886065
74861817
190608374
213846172
22172760
66942008
136600126
262903833
262745688
262903843
58910111
176734417
190180143
263029323
253469672
213997881
210735229
247571373
263084931
178720491
262779674
249226954
252537644
35910301
190155288
25972796
155680996
242495772
261984360
75602056
69838446
259514191
253103739
66938219
248797821
253293487
171625660
242075163
32975727
138049927
247256689
192276479
54819808
177891768
259514183
251395176
190822918
20324630
191544181
117315798
58163162
30792490
54866797
77231637
242499984
197217894
182107735
24826539
176784629
178729570
73768265
13667260
1644053
215788926
215788924
248762161
23873128
260804993
225971146
185654115
28698181
242433900
144463166
215727730
230332312
261114482
56269797
16832492
246772649
54151580
32855398
367958
148875202
217332700
30807684
140219067
257844849
249024183
181996681
178521046
16070374
215727732
26314814
67612354
449449
247489626
133040713
66939215
249822721
74195177
179089034
253095913
129138651
19762647
32106405
185654084
19666780
189466538
186693257
68563268
35859526
74991843
259514195
253293666
34537471
182551141
189080452
146274118
246772619
141960529
138558662
174293138
50495437
227363031
41093446
247661160
182462903
242075188
31825594
85396636
74954597
35859463
32352549
147063552
29812159
182308857
32352221
263295270
215788922
263084735
209872276
29815375
214756545
263264198
246772631
263356990
263339929
262878336
68706930
32077225
173747265
247403857
49619574
138049778
229805242
10125377
166340903
26215810
149124620
31206275
32075168
34380793
229805230
34746924
49278147
221224679
74959093
57030030
32895646
178708202
146939801
230332413
225208310
22642690
215789122
34749517
10761081
161945333
253456926
41869381
19665869
208443976
28078737
34748447
184218067
230019867
246772617
246772646
246772644
176779640
263374615
54025651
163677565
185435689
229805313
229805321
138049881
248556145
229805319
29812153
213519334
129138996
32410428
148848909
150003424
157212436
249451512
193210654
148701966
35910298
29810070
205696720
68562560
11372706
217767425
92552240
137478274
263272708
257863112
5535905
249522226
230332639
247661307
9185642
35120599
182462315
190863746
199693070
193413587
74954867
193546319
215733820
230332335
174306978
198324831
149778996
222679621
230019254
230019435
246772609
25968838
262845737
263367109
23224529
199692617
229805236
176777490
149520943
229805317
36788339
106362453
91120328
192899790
15236629
190870690
25761421
32352519
57701738
10409246
190505918
202769490
69707086
194858307
190338619
247305636
247307098
32859017
242075162
230332537
217474498
230368415
11359476
178573922
19661503
225208295
246277769
247403589
225208302
101447170
13785708
192949220
205828145
26047340
253394925
208063033
212992129
181808911
34750324
263272836
190171158
263338300
246772637
246772604
246772613
247405776
247405771
247405794
31206244
25755966
159015516
230080352
229805221
190864005
22471998
77576972
248978567
137478254
230368417
230368419
22900562
85398036
73768212
85401639
73209421
230332522
182460342
182462063
257863010
262456803
32686734
149999644
29812161
50495530
246277393
247403427
34750558
263058933
225208308
113429628
63925586
247404329
40875215
262779663
230019699
246772639
246772621
246772596
246772629
246772635
246772651
230019929
251533595
208417615
225210786
67688131
150683647
213741136
50497340
68034274
195856393
182541274
189061186
63927344
118582583
34750078
205573807
114895612
36875741
253376218
247302376
257868013
247661504
230332565
148803062
1644065
212556422
140174901
28078761
200560931
31207280
29812167
262822023
225208297
225208306
225208304
251533602
246772561
246772607
230019745
230019483
249050769
20437013
182480878
221516857
180866086
43098406
87599492
33343222
213669660
229805228
12487664
69660183
207280589
36313853
49669506
215917007
195863596
205810255
5112975
253491329
79539096
212212207
74684484
253420047
176906754
153823331
65794213
38383306
77913824
10913290
42975887
143947061
55508655
7738463
113712247
180330117
201712780
255757225
255757227
35351641
253239643
216216852
257846834
101583263
201712778
252878861
177763458
252878357
257682743
174849097
150683649
62701796
216216907
262037896
217482920
11860704
177767600
4106349
215727738
14071979
248342832
67180418
253376488
10194206
247303166
204005130
198526071
261944248
11370496
38454092
172024623
216216887
194198168
171938406
159685457
196180852
20689831
259310854
217773024
253468633
191371835
208623446
56671715
192903589
261802920
192877618
193690581
217775134
257846736
190337314
222657882
247943632
14068431
125743407
57703730
157073425
51107897
30793695
52659778
92959043
228611850
81255697
59141610
42653510
148013027
56267522
160370217
209606179
263246536
261802918
204957481
159737617
69676274
67011044
242432091
203927186
261803113
190337039
253047469
252062340
150977519
77560080
215136634
56859545
242434187
253394166
173712092
209606191
92551413
190171503
36155192
86727770
247256651
69660280
52197756
199101129
42609517
118796463
22030675
41372772
96656746
199691031
262909046
55791400
201652922
205851531
48411491
95071993
67447442
52402955
54931257
200790397
86732056
53121272
11466706
208202092
54832620
160786783
173713583
249050856
73743079
181992173
195791391
242432584
119690871
31876086
192900430
48493668
195510347
227643261
216472932
87379871
41883111
249463546
34380886
249523093
32409474
34362732
176784542
242616875
149270437
33545112
151745481
201112739
56846948
35518470
65444072
190337228
242435420
10630551
189976271
68563147
177776555
38542266
204965488
35526909
248498690
86733149
35591893
28448837
51521482
141827580
242616515
215163358
72692754
55319787
117379436
214731904
119692493
35591903
68563294
56269690
171953457
50730495
88911713
182461166
221224980
230368400
257868911
27979359
197750772
83484117
202769499
13852257
32410598
263196607
177287572
213675585
158846324
92551394
68563334
35224992
181992168
204000241
205984134
185851744
192900655
69568978
27991572
208444132
213740999
181900641
191365970
190171630
176789776
74177079
247661043
199701101
36311026
22926984
40981315
253393983
34750099
205505717
36315598
247933534
248554848
177951172
35593630
73689326
35593301
190171862
34362335
155554221
34749840
88909849
69674766
48531689
67180405
66724365
67240854
229965379
229965508
229965410
212607481
54851886
190172112
194198357
228609958
77230792
85649623
34362738
51522250
262815849
59583459
123889684
74533354
73170089
66456264
249043044
19770099
63963814
71894566
192899586
189969916
69255775
34380523
73788806
69573137
34380888
35593293
74534970
23404566
67613318
24251726
176612821
88909766
77231525
253468625
247302818
7387237
67330813
35469776
230368402
14071212
54843756
142002240
43314575
200851592
35429697
31822260
178010672
49447805
68100920
174540371
10704434
253396887
54818191
263303966
50873282
125732192
51527711
202769484
181995797
66938953
185405745
34747077
66878346
24936766
230368404
248928045
208616406
72629034
182463165
74986302
192903495
190875643
228610960
43342166
25072327
24767255
214822374
67817918
36626586
263413030
68563018
117379434
117315631
153064796
242075184
63956770
169265373
63951864
54838037
96711522
208678555
34747183
171098383
190864383
230368406
247306272
33511199
115657882
19297945
77561256
20097205
190864667
119692580
25748643
147722547
35593623
192903171
176788788
249408006
261799441
20104310
262744974
86977698
262693209
263077598
201037566
262970676
189603684
217474391
208622868
75551913
177767360
42616353
208623767
253331964
262660771
125189177
49180968
212922103
181808936
56267690
64229174
53206442
70416648
201293651
262745203
38516706
20631944
249765278
262701660
262745079
242620112
10137902
203745724
25078040
33008014
212920645
48492651
194421236
262745132
247256658
52334415
54888936
217773729
242616813
54459450
63959711
77231277
262387821
263102234
75377972
14070313
247680686
86972079
97923245
32410140
208618936
212922390
212920853
73789036
253401946
37682858
242618778
84883102
33517845
190537760
102140679
242621132
194198448
209606137
69542669
72025577
242619541
180329702
217773760
92551988
242616751
208621419
242618006
57895187
253465771
242622148
202781652
77231357
33744197
67842590
202045994
77231000
206106668
262386537
68459988
72303195
193208103
242434601
52274979
242434903
208643701
49272632
222657976
25687659
33496956
85645667
33751264
66873936
52407066
42636828
14069979
14069688
242620783
208622960
181900606
162354164
21154069
54847623
41241775
263062463
38537563
27558386
33736587
68546588
171812623
263196903
14069773
242435268
193210899
217761211
13652311
35594191
56582505
90576106
52780375
192391163
68546689
54782656
208619042
127692478
248928090
262704992
138574138
19390992
55062992
123573165
35905738
246851217
52335158
119702775
180366850
181809096
212920851
262704984
31013195
23223946
51088496
34746050
14069867
53598366
222658308
242626117
102140933
198524061
68562953
32410772
55508651
210735220
35594388
138180879
31110624
26619124
48699911
72543505
208623661
161961370
77330807
73712304
178787853
117918063
68554039
242627840
248343281
215727750
191444202
51949108
57349187
191292340
162025589
212920392
222658080
72025564
48758245
202447866
191629935
180720130
36689897
22833000
202045567
14071307
52634638
174085923
50194478
85185342
89642561
222658431
154228215
66873045
52123482
189601350
68563155
181991915
85185300
168100310
68229394
53182379
36728799
33753888
11225005
217119136
52404168
22503039
37175991
180378101
66610461
72301509
252877664
253097184
14070148
17455532
41930047
257788923
136789923
128300475
72693575
154697122
55660278
14070674
55509674
42453744
147986899
189601465
131497159
147815236
85185464
180365720
263437720
66873358
9803542
263385048
85185168
36563754
146556775
72027503
246772316
66960386
85185403
225971907
98162159
176505990
68554548
90574516
215733808
43107731
247256704
134133788
215733810
215727742
215727746
262026624
14071963
215727744
67978435
38293982
215727748
215727740
26708517
202072050
71782537
52268160
89624676
21482907
52233146
41373302
145994861
217412424
168181394
135350713
104804770
171822877
151377798
260922676
251535131
34745055
171574333
171587812
251535124
261840912
161650265
249671437
53210539
217526680
51982421
124328697
166320806
261840910
261840916
188575695
207652102
261840914
188299033
77315201
24829080
154492439
263448839
33693859
150998649
184912837
5535311
51584719
199646493
199931589
230210413
37518171
199932192
230056118