95090203
103775057
34357559
88821735
160671860
198964156
98254990
953871
12624635
242105845
242107123
15942353
83205039
15290019
150604942
32225504
15061580
83021026
262653902
140644231
98250676
261965582
163476388
217181400
88826520
106539235
59548036
113822819
95091086
165255664
165255544
25057096
147593187
34357635
77182488
113967606
117274936
95295622
103815074
51512032
113589225
88822141
113023249
113593006
173798940
251423685
165255527
1710681
73674655
133563592
15353787
169379760
29362832
169355348
122558105
202644551
169354399
112632293
114266641
197069269
15357953
169355087
169356027
138533046
113098492
58624217
113833498
102262898
95090264
199639814
242201698
12492934
113912704
113098509
113834274
201035884
23408591
89934817
262653900
36377795
77678541
59131706
112695981
225209980
241822013
202957750
171557944
187838634
79006292
79646471
112686036
41819570
242199416
242211686
242107265
199671066
199685144
198966724
242177183
97517127
107348617
162593405
34768456
83021212
25002930
112643234
249021223
465100
149195680
98267795
50384053
164540646
98251083
122874178
113499853
2819377
465146
51595289
88822169
168867004
193486448
112690638
147011500
29362840
148076152
2736339
74898206
14971897
13669991
138147057
198964508
199175122
202645942
209119964
197066876
212610336
96588206
59207057
36318250
51031387
100859050
172821072
145564075
247731124
102262866
146381851
101194721
89980334
89965036
48458574
193486626
141733720
123442611
51512920
146381169
23633868
12338513
140976169
81736743
113021493
88861592
198963922
140174161
87052347
14419992
88917049
201572756
196906536
140132489
164541999
164538372
37795128
197182973
197065739
70055122
148715625
178329661
198384572
201037779
119902521
84940421
133562761
193648001
241879040
168726188
197063562
50216287
76520896
178312995
241890476
98262815
169355863
51595364
58670041
149193577
465053
217181813
198962118
76518827
113820069
67607584
187836932
82008578
248647746
202644451
140128968
193647527
82008188
98259640
113507754
248648656
239196087
114268172
96556534
50216393
102262921
140296190
209409915
197064357
162593407
83021053
208105119
3493387
168733598
191678221
202642202
202645616
202641761
50216387
202642856
202644280
67345250
15354909
148074944
114266692
253127535
82006751
199639751
138479558
116493318
149193193
96552339
119315271
51031310
29362848
202644991
25005257
193483790
243044216
208104748
198964601
248782715
242204382
112690685
247730758
149194932
84567011
20637933
106862966
20613560
202641598
198893304
95295625
198967513
34357465
113929965
199671145
82008359
242107229
101179544
242010282
201695545
178313013
177460839
29370013
84567231
152731550
13631758
32224948
198964739
202643500
242204380
193485702
34357486
113592233
140291292
112686250
194024734
15360268
202642786
140128949
141961718
140103685
187839369
133829891
188210675
127554164
248060622
162752488
49626275
142857626
248803916
249021486
122873257
187838217
187837075
206127069
201074121
253091143
253076612
217145175
148075215
203040173
140976140
192964860
253135452
34768460
202957473
249288109
201074179
241859094
95296786
199670805
3493389
113518183
88821783
86607954
107017115
107011967
107016383
176611127
242204377
263076543
124273582
74036179
248648666
173449593
248647803
248646834
48008148
77329000
35860184
37795013
32224127
248648145
16857556
48458640
132799086
15353113
178312983
202644957
262654702
202645731
51512773
51031383
59430462
136373149
198962268
198964479
198966620
23404724
4495817
58205601
167460767
167459382
140173936
249037478
122558185
122558031
200620394
249021382
249017082
249019518
200875775
35507089
249042694
199692964
242108180
106539219
261810920
217145542
49623458
199640695
187837859
114210435
187836889
253182364
50216279
50216273
106545230
249253634
202957487
133830549
253891859
253279323
117648575
214867742
214867901
140644256
140289986
158600521
242204366
106732130
90021726
248399727
242487471
36451223
188145662
35451866
77328998
168609700
33452136
71684479
178312873
48458168
248646852
202642999
242076495
202645887
122559290
37795325
178312904
51513067
15359476
1732559
197182646
198964213
198966582
197066568
198893404
185711184
51991461
160175541
140133110
253091406
88826549
252160607
127554429
199640756
247878712
199670947
199119119
192964917
91767544
199691101
199118670
217185552
187838592
203049231
203039883
122873420
34357469
16833659
253077266
188210061
249021642
199118993
172830119
73597521
187837012
110585233
225957823
115699732
114268143
114266567
190573236
199693408
158587610
249253619
263060579
77223267
262654675
35844767
71684481
48012223
51519408
51519308
10236971
51519692
77754205
153518264
35447049
51519655
51519668
112643351
23634500
262654704
248646713
202644194
186567918
1750477
177456078
15359027
35844917
74343765
59432234
108996963
185916716
173450086
242487474
176611724
217181796
140132533
140174129
140133115
140174049
140133092
140132576
160175511
140173862
169355771
146492981
247906936
122559017
115265683
202271970
148075619
117382276
199671005
150910552
140614457
261965702
140297603
34357466
3493385
250061487
249019206
114249500
247276194
248804435
198988153
117071811
12338507
106703763
107017281
106707443
106707142
140644284
106745934
117381341
79552253
199691336
202262804
95090868
253263919
215737584
260107760
169380960
248646753
80960949
248647916
209410042
244178067
163148364
209410074
202644933
173674406
173449688
129124413
37795441
33457091
25981713
23419928
51031317
102263076
67295330
10236970
33454110
76251402
23158544
198964835
145429893
169355530
140132579
243044232
122535460
249896764
187837496
199699893
114211162
248263343
149195162
90088358
199011334
207920004
247730414
241912189
249042879
192641777
216936285
117380451
203049925
107021814
259534483
187839022
199671272
187837030
112441926
249157064
133830137
249017709
249466972
13888390
113512155
95090140
98254074
140103689
148076357
242224751
248211749
199671775
214742309
106750298
106731471
101171606
245764843
110876472
263076516
3493391
248647565
67057417
59259417
145577305
1217527
177467486
15356791
59293403
36094644
248646804
202645452
263041206
202643057
202642909
263208651
122559062
263105100
202641654
202644447
7266595
248646707
26160794
202645248
262659005
202644780
202643763
158868436
26613811
74036181
119315349
51519349
23419480
216724861
248648042
102263085
198962417
198965467
49500622
160835174
122557981
121171583
199685417
67563597
148699142
85241562
188832291
242166657
92810506
242107582
127554123
249037146
201038998
187839305
86607223
164459771
113500054
249019865
247731073
100866881
249022687
227873578
249017020
34357482
107011383
106709782
107015634
107015941
262640622
197594634
248648617
262674464
73184014
202645636
209409413
202643482
209409505
33454126
74036177
112171292
80960410
150859527
59430551
112171294
36076788
177467003
35844335
102262926
248646912
248648406
52489470
193483185
197069055
140132572
169355495
1711799
242498853