8885999
31509726
7369223
10383904
48629553
9948023
6807847
119779164
24951095
96750999
253234675
105633605
179063580
206781741
191807771
4790471
250074899
113117422
248000095
206781754
169263626
71078787
247298929
169264400
179063571
2720383
252994467
3656561
8288935
188043845
205958443
128711569
250063683
8835137
176168434
189573152
109295445
13624080
169264546
160591617
8835151
10099251
8886003
189573147
169264696
169264670
141823724
262573149
20844710
3656673
217125753
189573140
32218434
169263662
169264521
169264654
241040418
168234712
8835133
216288832
217648270
169264559
10758484
114944498
169264633
176168508
169263780
169264358
241960274
187622003
242085602
187621738
247719142
160591593
214780432
248773408
128711533
682535
176168263
187622782
10640593
253234587
253148744
585192
192125758
202529362
169264031
250129386
8835157
574841
189573145
169264330
574843
137941666
574857
169264418
8835141
54445420
160921277
247060582
255466187
169263977
247287431
255466206
160591597
137941403
169264567
169264013
167930207
52393319
187636507
187622848
169264268
252961246
187633575
161385897
202529321
216982882
169263465
169264014
253254485
202604410
171551613
250201720
169263944
169264462
187623289
198123525
9726705
185005703
187621355
128711662
11078704
169264640
169263857
187622499
169263566
194109554
262464216
169263928
217125750
262023812
217125631
68943210
246922407
160591613
176168488
177723294
249348763
192133524
169264535
187622556
249959163
187636662
187636028
176168604
169263981
199897479
259536003
17376768
188043847
8835155
187621295
127032834
169263835
187622903
169263551
169264430
199916046
187621509
127033074
169578634
192138165
169264607
169264267
127929590
187622681
8835149
169263900
169263738
187621876
169264583
169264508
187621655
169264476
246931588
253584017
65008058
187623005
216333355
160300824
181773398
210514084
169263706
169264684
182774477
253005283
169264066
169264148
248774527
192134242
183341335
169263881
169263832
169263657
192135010
169263560
169264164
51067629
10761888
137941343
10756373
169264251
246239780
169264308
203275539
169263912
121613892
247778528
189940697
169264741
176168561
192134792
51068285
105840461
160921279
169264404
169264064
187622614
127032448
169264428
253148723
186293380
8855454
249854952
192129862
192126036
169264500
1576147
185006326
249955198
169263951
186309237
170067002
169264464
137941338
176168553
169264595
242484473
128711717
128711704
166430572
169264294
246265735
52614036
176168382
242497195
143144366
192135153
192129599
252244750
10761903
127692486
195841285
169264512
169263817
169263516
128711617
169355885
8835135
127591127
169263518
23084454
192134391
169263924
181362184
14660321
127591553
186649599
176168599
160635064
248774506
169263827
169264458
248895623
203429179
173360392
169264144
186309310
242800290
46765652
117832410
195663000
195300142
187623138
10383768
253300550
253363449
171556714
253271310
169264372
169264368
169264356
169263532
169264382
169263530
169264310
169263781
169264342
169263787
169263779
169263674
169263891
169263870
168789543
194500971
127033331
169264734
192133375
35511157
188731911
258628307
186237323
128711597
201385955
185006390
176168424
120183339
169263967
109861871
129138407
211948513
253258356
246160619
248592408
169263484
169264424
202475482
195318359
195952277
253258291
253235884
185005715
185006384
169264408
169264290
169264498
169264234
169264003
169264348
169264274
169264324
169263698
169263917
192127631
192135400
192127165
192126264
169263556
169264446
253255793
169769722
169264395
127032647
178050875
210955808
143144246
176168402
198869095
176168480
263396089
195304038
230307461
127591361
195821430
176168394
169264228
169264250
127692390
128711596
128711556
129138593
77222174
152567012
253271281
121317317
192129001
192133289
192948863
169263754
169264114
169264160
169264573
160691535
189630837
121610264
253235882
174481381
127692125
129138566
128711605
176168500
11078646
163874896
54433510
193116259
174501081
248643217
182975423
195663002
248723220
137941471
129138209
128711519
169264272
169264312
186309349
169264288
169264494
169264190
169263688
169264214
169263546
169264303
169263564
169263904
160814497
169263466
169263550
169264218
169263664
8004756
121325744
192129771
252575537
109862027
253258894
187623429
116904724
198898244
176168441
198902836
263396061
242629684
250548968
180381320
195834660
195834888
155420455
127032851
129138403
169264440
169263969
169264402
169263614
169263477
169263604
169263759
169264263
169263558
173360378
169264434
169264376
169264023
169263642
169263606
169263574
169264005
192130007
253262679
247331422
8855449
1734395
169264080
169264656
176168404
187636784
242627827
217641319
169263538
217123690
243093614
243095064
189946345
189732531
76527155
242484511
183030068
246380027
169264286
169264422
169263610
169264362
169263608
169264420
253255833
192134500
252574473
189574355
169264488
169264046
169263527
192135230
192133031
160666656
253262403
54433508
114944655
190320145
198894904
197161271
169264575
169264142
169263578
246160820
169264478
176168458
209891492
8886007
8886001
8885995
157240665
8835165
249700047
249700055
54120846
113540576
113540588
210824414
9948021
248745933
251395973
8886005
179063576
179063535
261808860
186578993
213680830
261969101
198198479
196395411
34842759
103663136
185435297
9948009
4790473
31509724
201390510
110595955
201390508
121211009
169264359
34845615
24186754
129138203
207256595
34844144
242992943
248560215
76526978
39370170
220658909
171876675
4086873
179063562
169264280
54437038
181699626
252861876
169263845
247681687
173360429
8470250
243152486
33645200
48629535
251395985
200947446
8835146
169264412
56801013
160370179
158815895
197653678
3794227
212218653
38086680
169264043
134222634
169264194
8835131
169264425
249876843
179063553
89774428
186578228
3656643
249694164
179063543
202604451
159820679
56801325
200853726
568219
201424552
179063579
213893350
250056825
185443165
212213077
165098807
130301833
169264435
10757235
115802283
35612600
169264537
252246188
34844622
53641113
181699601
110595933
203995675
35670443
252759252
252861819
186578226
176168465
217482945
110850682
169264168
215779719
34843929
186578225
250077983
13311714
23425232
185006347
128711696
202529485
249983292
52289083
167615300
169263829
169263687
176168338
38419979
247407909
8885997
50705354
105366572
154720316
50678328
189955655
184410915
169263869
169264442
169264009
249960051
124891052
208253156
169263934
176168525
117832413
194773029
188741345
59362961
169264313
204049270
141825602
253148810
214582208
210153184
602422
160591608
252859732
169263805
169263807
169263841
9843940
169263643
102779442
253057466
206847852
35445410
169264743
54624431
169264714
214189174
248499034
195656432
162140222
188322742
250062784
9686896
252049538
165030729
169264170
23226660
105896044
262082093
252861907
181699684
263098206
247062814
120183136
249876163
249883313
1026714
169264365
169264320
169264492
178109205
253665952
161136845
251998775
169264708
169263839
201562333
200855819
559128
8886009
248556135
35612352
253268913
248791961
253265100
35617661
169263987
197340313
169263659
23046217
169264300
160691523
84791391
169561964
217125780
215637584
169263594
36505735
84791358
185005711
169263795
242872546
249853293
169263801
190514879
127032696
195862532
178240555
202604281
246277771
244634232
169264563
169264260
249169810
217125772
249959663
253236039
202608637
253269085
110447674
176168340
169264730
169264613
54437035
193008088
249038669
242718021
188727323
129138254
184063648
217125652
253264594
169264466
253253236
229725728
176168460
252867344
252861922
207852959
169263526
74569926
129138284
9794500
249044139
127591423
127032024
121210679
176168498
89766745
176168314
23026910
3086713
168342302
169264627
182458776
121219697
176168438
127031826
201292142
176168290
176168504
169264486
137941662
249053516
169264222
127032882
249983962
202529582
117254516
9810506
100023508
196320744
34745778
253236090
253005201
253238060
181238423
127033079
253235890
169264340
34746153
194794462
249567930
169263471
170101084
253264548
253363854
169264589
176107164
246650937
191421752
169264186
22942245
10752426
167611676
249892424
247256797
217125722
3794229
169264192
8855466
202604277
169264078
176168287
195922328
188728955
184296624
169974133
137941249
252765914
217125752
248541655
167615737
169264664
169263600
26106990
252632425
169264651
201719120
253236762
10608464
50330234
169264156
176896950
129138393
252630125
155154185
215477712
169264510
169263797
194769793
176168472
31816015
253305363
262464194
128711576
262024466
225936340
169264631
249908296
127692259
187301341
54120842
54567406
194585204
248161281
185006332
249885495
53235643
176168243
249052137
194420692
155200589
252389214
77222235
109861967
84791381
117832524
176168378
186578986
209415545
206544451
249576746
129138452
253271615
253285213
169264609
129138262
8835153
209891409
169984408
253252945
197634995
172411978
54752456
169263799
253265153
249890603
212315286
169264306
169264577
195700118
195851308
127591183
169264569
246208913
9948015
214930728
169264056
206946004
1026610
217696323
253262520
69177759
10381425
79320633
1445363
194787309
179797007
253264217
164983260
253273690
54638706
252765441
249893306
128711496
202604382
252636352
149771755
109861916
158755825
194769789
169264739
1026692
113252954
262024229
253401742
128711589
169264098
196287806
127033229
169264473
250133802
194590118
169263503
205279854
169263469
169263863
169264336
180230591
127033456
169263940
249984267
217125693
169263930
193203503
23223789
169264593
53935751
179797060
169264090
247945161
260385537
204049285
159872005
260805928
249918162
249919024
129138584
201843689
176892645
128711491
189946474
215795494
215795490
253298695
127032226
169264722
77036051
216333785
169263618
169264110
173360439
253253412
246931172
127692180
169264728
202509760
169264076
109861860
169263886
181448650
200923232
249940859
172408346
183510218
209377337
253258890
203292721
208493975
253276953
169263459
253005254
246331491
169264074
249907589
127032248
169264724
203064929
169264553
111498894
176168428
169263670
195657814
249935571
249940402
242504579
189658125
217125715
210143465
173360431
129138555
249910264
249908831
176168474
171549140
169264390
176905555
77221443
160591606
53770200
188363608
243091130
189630697
217125761
173360349
252960796
253264551
246227022
173360433
229699511
127033203
253306476
169264062
176168454
172475879
169264171
8835143
109861975
169264128
77221347
193005470
217441475
249576607
214594252
201385783
162399788
174003948
253148812
129138281
253284269
253277092
169263568
246401318
252952807
202529594
169264088
169263672
169264116
173360413
253305774
253300502
249910766
127033477
176168410
10640645
243096143
169263961
183344018
176168418
109862086
159390020
202529129
249787472
117832726
191682774
169264266
50330259
252765965
225251434
249920337
169264637
141237107
127692567
165941554
8835139
54057023
179063555
169264021
132302651
186305133
127033092
127031710
191682849
236028215
242501837
243095264
221226980
169263638
217125611
217125670
248767518
195318964
195318947
252647169
248209424
261943004
201385739
215120834
109861961
246167230
246167237
246167304
242504583
186309219
193530125
164465528
207999640
202519722
187017435
181448909
127692375
182300591
215637586
263195977
249856155
184080698
263195924
263209513
263195951
253236701
253263010
169264210
169263809
169263500
169264204
169264444
169263962
253264300
196467157
117064837
252866994
202529414
252765327
214908840
169263946
169263936
169263922
252390876
263195984
185243181
243096175
168356741
263079995
249092498
263352556
169263914
169264392
169264432
169264480
169263684
128711719
246160168
194025471
169264745
10640739
197625276
127033196
210878232
169264208
190110095
172476812
190096652
210524742
246105948
225212148
137966351
242324614
242504587
246167245
198958119
244132716
189475949
249053500
242484652
248643181
223896697
201763061
169263652
169264449
195851302
194769197
195845291
137941271
226325072
183320596
187010885
137941550
242502311
262077931
262890866
215637588
160691566
242799112
253269061
169263973
253264246
253282428
169263847
169264676
169263885
169264236
169264178
249920669
249911901
217125782
252576706
252765370
252635294
252596721
127033429
188735704
253263923
169263883
137941672
169264597
169264662
263195928
169264539
216356990
169263636
243094377
263023145
128711687
205802213
84791395
194590656
214930808
169264452
169264635
200919320
200919443
143144251
169264543
177187935
202724725
169263858
169264398
77231053
109861991
169263580
169264456
214497606
169263855
263396117
253271402
195671107
201386017
215795427
215795492
252239997
229718959
242487108
225212064
242502305
201385844
208126551
249576599
231702730
240626791
247778997
217125789
217125804
230019256
195318939
242502319
169264240
33421411
262803095
169264712
54876993
202529384
249203328
242487437
34748953
263195956
252870515
263209493
263209510
263195942
169263910
263098205
195659419
179968568
253254029
253262423
253264202
137941592
248643243
249026453
169263522
171680719
169263666
169263498
193623889
169264158
195028694
252060792
198415245
127032236
169271473
202604356
263195950
109861893
217125733
202604390
129138485
201875108
576594
184521906
169766164
23086460
114945089
263395298
35612249
248707420
186309683
143144212
169264550
178218933
176168440
208603847
177145770
190096742
185443527
193525995
127032311
210884588
120183133
171555876
2316591
53935552
178533848
246251148
249960321
262023178
176168302
242798136
242629689
246161471
242501910
202529391
242501840
136753136
242487126
195821552
244132730
214932957
225212146
262423575
194585200
194769195
242484707
169264007
242484643
242487090
242796199
186277397
252870532
210276082
262462385
177638273
117073764
210147058
169264206
225289168
249030220
169264134
263195920
242865609
253262925
169264410
169263639
169263590
169264516
169264565
169264184
215954254
127031804
203969519
253265897
252573275
252273089
263209497
190109986
249857835
252872586
253363471
193533039
253306391
167057485
169263815
249914464
169264380
9810504
169263646
193616764
129138340
209400979
202529211
196319453
214115444
263352558
242628013
200923037
169264244
178050906
183494105
210884538
115254386
169264370
198523840
132999658
176168631
176168537
190110112
169263548
200561583
105366531
128711525
200918755
127031828
129138438
263396099
263052665
249981439
248557255
249392718
143918137
201385630
207255762
242102015
248592455
127692210
195671103
202529217
242501832
248443071
246156916
249026496
252870548
253107396
171944447
201055480
247821581
195845490
213857703
127032145
262636236
261942981
199036741
200848617
210146190
200915990
200915900
137941475
201385917
249085154
200788917
249855150
169263472
169263628
169264688
169263624
169264678
208250652
263195922
252870534
214186116
253253643
253271330
253284882
253274960
249644733
253305788
219147106
25194927
58939516
246298158
246282410
187012118
169263680
253232026
263310944
148990270
169357616
155006070
169263971
129138317
193526343
169264230
117315768
176168595
77231594
109862013
169263906
244309159
127032764
200918645
169264617
169264115
176896903
246160723
246669431
262022086
195316644
246160096
242501912
127033351
181147555
178226623
243244797
195821317
246167300
246167278
201385580
242504589
242504585
248767600
244132728
216285811
169264438
242618069
249787483
127692433
54923915
249029929
217125762
217125608
217125711
261943010
261943008
195952180
177297574
207314395
201385659
215120543
190094101
253252900
253255876
253254797
246635262
169264525
169263983
253284733
253258484
160691621
203969439
169263993
248767567
253268991
2258331
146271268
252635813
252581101
110698419
127033571
198328190
128711723
169264643
202510785
215779862
246970081
215779787
198956637
250077912
213858952
137941404
202767892
160691572
242502300
249203359
129138383
24155020
190109812
262890911
215637590
263246499
263195937
263195959
263195972
128711660
242502314
263352560
263195946
169263997
169263843
169264248
210524175
6802757
190096788
169263819
185443167
169263656
84791401
169264029
193526395
263396060
263396095
262018491
220669871
249876840
253656607
184758406
56801009
220669873
68267007
262662798
400661
157519559
32188061
198198501
23053509
261961019
13311708
169264599
23226819
32463425
186578227
125760043
6807857
580326
261803216
158815846
184758477
215897797
23028216
13311704
54925983
169264519
183488700
34512159
167631906
255480979
54751310
229768599
32788332
138214368
54437057
34513446
183487764
74212037
176761126
35612764
35642375
36376578
215217903
192583222
31515729
169263653
33422967
84791385
169264502
137968432
32589469
73215353
169264019
183509411
34513065
262086147
252647539
105837900
253382090
55196817
169264615
201424550
200679295
169264104
169263994
23193323
187187268
32480965
15541408
23225993
34750028
262085472
203999579
9709310
34746974
246772291
169264504
252859699
891198
54924216
10827164
84791378
31128102
200816801
105901361
84791323
129138218
169263877
169264052
210525803
210414515
253393422
556288
212218318
207336506
215897799
37304403
183482875
105366564
169263991
253264082
202529364
169263582
23378031
217482933
248773277
169264406
127692417
195941247
143144190
188288245
249964533
223774271
213857871
169263596
188960198
252636374
260967962
124893076
176168591
212569029
253271864
169264692
249891223
212462405
195549418
54788949
41096838
35619864
213893325
129138242
12540346
35618532
48595528
58453324
252040554
188298906
249881537
127033410
247953516
252867924
169264674
169264242
169263998
214591897
195833601
195833509
242483120
539039
195941287
84791343
712721
197536717
21016057
129138561
216388068
169263630
188947591
253237851
23391096
249881553
84791373
23290616
169264700
252853788
225959713
195663529
129138238
176168514
36377759
84791399
195844738
204049277
253626720
249145021
169264298
195304519
495553
14464755
169264505
188946824
188947214
120183699
253281136
23012434
114895484
129138334
253254042
249915391
20823177
193529178
35612451
216296826
71672238
169263598
137968458
129138222
182976021
253235553
114895504
225959706
84873681
21572486
183484113
129138204
253304984
252635931
249889470
249919844
129138456
84791387
129138210
14716184
54753892
212212392
247256726
217125796
76527775
195663477
247464764
252063823
173523179
42689703
169263793
84791313
127033012
33421452
602400
139419713
198957716
248773405
182301033
169263592
247785835
169263785
176910041
84791317
199527288
24193857
84791341
127032025
169264374
190110011
127872713
129138329
169264322
263396087
249966259
248247156
242767140
217125829
249004538
253066072
262636234
137941303
187012595
199734463
147415621
38086196
54924224
183512633
159432635
263195976
263195944
202604399
253253454
207332059
249919981
252635329
132302643
200917408
167612031
190094122
173561211
127033008
169263789
127032724
249208067
216387822
217125766
253398308
192031931
84791371
202604364
263209503
113117261
253284731
38084794
253235920
249915874
262890953
203049328
106362170
169263810
253398312
198957918
54900983
84791368
84791311
242447992
263209524
38081207
263195964
129138427
191977987
169264529
262890923
34747740
129138580
225959701
84791319
263396093
84791331
33420990
209399930
33421317
117315846
178523007
253252987
263255925
76527771
41247603
195510268
194783391
34472670
34512553
169264386
10827876
263338205
263401286
129138543
169264364
207645235
197531796
182980652
181978922
129138412
129138402
129138270
242627964
84791333
249053528
56305451
34470969
216982823
253237917
253272403
84791365
187186885
196029587
36375923
263195923
253170596
128711702
32217171
169264352
169263916
11381529
202255956
182974873
12198487
196515659
169263851
584931
54925059
241982689
255480976
34850365
23007855
169264010
55512491
176897257
253317793
201424548
162399518
169264068
10163157
478672
34750263
23372816
121220303
74547201
155420924
11507901
183718961
169264048
262821865
172408829
11274891
54924992
169263711
170767585
34472236
74528057
159820744
169264220
53901799
20936420
33491771
222660020
173576949
176775772
54622804
217125617
245329504
441297
223964076
129138448
263195958
54925852
84791355
169263932
38085631
23376172
23014176
114895560
14051417
73769169
26471522
183502637
249918564
217549736
192473846
169264326
74527077
807196
183502000
216285733
129138532
117064539
138910206
84791347
55443072
76527781
34473043
128711650
253235548
59234015
176737557
84791321
84791327
263209521
117064668
252854126
263195940
263311050
54929461
37157182
200917365
252858305
249883320
127031640
215221490
263209494
114895606
252829557
133785755
173831025
141821393
169264481
114895474
54753364
187214619
263209507
185119852
84791334
84791324
23002389
248362451
169264346
34471791
196338908
190747364
263396107
230054694
199566524
33478110
188299040
10683078
198858508
152561042
137952622
262890907
199244321
262688485
262818696
249782940
247677233
54624024
134708140
188919647
54750444
225250661
249906999
34465505
127032923
144454970
127591561
248773394
173360358
712737
184074894
129138219
176168579
160591625
169264136
54752432
129138353
37158793
254146798
197645598
263396065
74547303
217125811
263310999
174308991
202529665
201385874
169264647
248745950
259542137
204871666
254148846
216124891
207852921
190115242
185443170
189475741
186208073
215943588
479793
255299120
707424
192033119
141822799
54750760
117736472
114895485
249348466
263209540
249604617
263396077
221710969
214189402
263241975
247922012
200849311
127032999
574444
262017356
262018895
262452058
55511783
74458743
34747421
54753157
201308236
176775666
78280079
262067642
214930460
249940786
262636263
197184574
173832423
260922770
129138382
208193259
253281153
141662739
203401943
216119758
197545098
198122041
163793847
197589851
217535067
263209495
253614630
221227063
263106873
217125669
197582844
217125808