160814425
248989511
69162891
397616
125362334
56814270
146273722
181122325
146274145
3547971
151947116
225911224
68688353
146271833
393540
217387216
14839769
160392805
142249865
14455982
146274166
242001250
126742919
207773094
90508063
155463021
141483251
44904838
248621423
54753485
255317093
2796921
180586400
3547963
57772694
186369224
3672563
76688189
216462168
163577792
3672583
207810985
72001045
10263197
207357277
229795379
262043204
262045862
262037865
188658096
56814274
248621446
50434867
102074894
12269308
248621421
42684126
15446477
173903464
12741781
53918416
50433485
263202054
50692176
49786845
217531255
78553595
10643534
197589555
111581980
9813224
20277307
196525368
92764110
252539373
247477463
14778962
129036151
11487086
407064
158868221
113526311
173093847
53598421
181774532
15446983
252577244
197627242
127802267
253291894
207356537
197628913
217765729
14844236
435718
221444443
127814392
227146527
207811581
9813205
24862862
253291901
15444981
160686236
140412830
184629932
229780846
10749004
155642901
219151154
185439542
197628790
15064527
25001093
24998509
248621777
205809875
180340872
260671788
184496974
225267240
225935018
15446350
210735709
216213426
146272280
242433089
217123746
216089448
196382194
20475087
192582283
32635474
197629247
225915938
225268060
192666248
205040577
113527497
249823418
253036649
149130393
197652302
24998542
216986288
11050434
11049272
253291899
217195181
247862417
11586311
253291897
197628299
201652518
110916530
207357124
249823421
11368963
248621758
248739596
217195239
217123683
217123718
217123732
252619670
252040834
137238063
14993029
201385644
208623995
116406087
204802833
203511856
73252040
114945708
23429858
249823425
262037808
262037810
225268149
221022979
243033517
144228259
217293477
217123667
14996281
217189022
111500035
54753778
262080400
262080389
253308289
253308285
241666790
225267567
110916566
190319805
197618815
201308245
203957939
14779881
154463516
250077508
252850125
262080395
253308266
253308257
1667535
197627105
198123531
249533598
180343534
114944749
217275930
217125747
203958136
196382182
14352040
262045920
225933281
225265106
263196633
11049527
201891893
197676273
10642849
177994889
217123686
15444026
263196735
50431051
212465365
244170088
225268482
223718725
196382239
114945550