58546803
176099801
257846842
113655533
1197801
113656189
1207561
1325399
52669600
83162438
83178401
113656455
89041426
176522878
216216675
258497069
92163861
224254435
402769
74687334
192398103
410620
54683104
403001
72082605
248602521
117078219
72478188
262792240
253097626
141922877
249204658
109392185
72947198
85400267
235583117
249875164
172422109
58621057
252044475
253364306
55551538
254022887
247790801
197781642
76551903
175110822
204338560
185968919
174896455
49837187
97755049
213856580
186187387
113655001
168900620
74686423
72630718
531243
72454134
261964728
244300872
252159575
213973855
141799014
75833008
49180946
246168924
52217170
532348
249527004
244297582
402450
75618459
402455
76134012
174318514
56602530
165701877
52216446
144621058
113655308
185446924
88248974
74731969
214718148
174319221
71294040
247787420
71076107
175436547
194149883
199109241
192884966
250675583
141837620
171580694
402463
250246463
243083203
177713176
251094445
602634
1207567
209873155
217641621
198238527
136409979
217641631
250205131
108974100
186187331
96925334
175445363
175096203
149520459
158851755
403233
248885114
158379294
250588297
126258781
108973936
78906657
193110519
117045397
117045353
712853
251917768
88797339
184886206
403009
31686650
162096503
253097084
254022877
91835951
193107867
244299696
58253788
113656892
1197797
76394647
72026705
251514771
171618449
206240327
171580796
246202426
403184
87672400
243732948
173969993
143787016
402031
247681414
160155864
247329410
243808407
58548229
86516725
254022869
1197803
104558369
192397601
213977019
169547805
114949464
249656606
80940141
113656685
190454484
247442144
214856953
247443849
102773563
72025284
156821162
141837785
250977664
248786936
92499868
146272273
403211
243804444
1197799
248876970
253400694
52216445
74459955
68510745
250061029
253213251
403236
52217174
253310692
252060884
5490683
188276550
253183276
210732823
146272261
251286075
220820776
139653584
72025117
72666054
253089599
208062353
175432197
253483061
73879859
149970554
91777894
80927136
74687439
187594847
78905870
72026326
119532596
214809988
247311520
72222988
229706634
169462944
165704290
76023474
178783363
249092650
74731993
248786973
254022863
174865747
247787049
95335078
251102676
22228504
141821396
244306180
249085990
1207589
185447046
248099214
119348868
546180
181379121
250016806
107796236
93207217
169308429
402107
261944818
253087128
402062
248120361
165699977
165701195
54640619
252850165
4759043
165243550
251092072
248982908
254022871
249152283
558038
248797054
221270121
248885586
175105048
74459612
197952049
262677329
258848798
102757848
248739353
141909016
252060997
602644
253358333
213857252
71089767
73279107
253097438
225386437
109335325
248177271
75626990
14710086
117079901
189603310
160821153
190455210
216401465
712851
186234897
244303492
1829941
209400770
103512033
21821963
175163167
109398829
248802119
159827633
171463854
242484505
72453854
253113182
58124073
72222913
108037931
78905981
175176928
248861528
22222848
187388307
248707906
56602532
242484076
519000
171451183
244193861
986230
149969467
82737185
252568860
249011913
90523883
248722011
198642722
171618071
113657077
212438559
22228523
177776817
243804466
249654002
73124278
246173702
73475677
73726484
210125264
111190055
77157542
196488055
76117706
206236895
179786745
72454858
22222825
187379215
56602528
402383
25909073
262692631
72289163
403234
171821638
249656580
75540426
135807758
136009381
403218
243718684
200920801
402091
250206707
101008274
174851322
252079531
247666755
103512035
248876020
188276078
403195
181783042
108957056
117080141
230160907
250009214
21471783
253310114
187397001
22228506
54640625
402868
179555527
174319442
248800149
249602202
179758064
248293758
92145618
49834684
74859150
105359065
73267801
249655359
119529036
402037
75540122
248786732
87588118
74690289
91372988
197951680
124596301
437528
217095012
54683108
186369506
149970547
186304119
160822361
138891060
253111633
1198819
75970530
162601382
248542246
106074128
252080036
73266999
73262759
141907095
213862647
21739535
253310019
73475002
131086046
124638102
196551957
179764520
175432127
113657510
263063951
263100838
73726697
263100513
258496211
248704811
402497
142049734
1024080
213863988
252575476
141919669
196184247
202154716
97099460
73718750
124635904
252002552
196292431
187409255
261971187
177778506
263072931
141808627
252073919
263244350
198800181
262603248
248983044
253188032
101091265
119252906
262726295
74690327
21408237
141816023
100018405
90406374
113108772
76142720
74687468
72454303
193395618
247463222
261801972
114906384
546177
136942933
246168747
263006058
249653766
189475668
133436494
109392637
251116916
174319044
251249636
253317773
257759568
137256414
75751671
250671744
262681322
136942666
72223450
252002558
74689832
261027734
250591340
114951715
253272134
129593418
72573019
244304926
71308674
402977
75617106
165701866
58259955
532700
252528997
253111227
248731973
262605255
49722805
192398267
253183073
73674594
253111696
117079056
253187942
73633135
255363067
174319162
248711964
257846999
253188068
251113635
262677087
104840696
75975192
158773408
217779103
247322026
225255223
160821119
193747612
196290841
173661662
78906424
208561213
252160617
84844763
249011262
78970403
249656743
92145952
185044436
75616476
197604712
192563966
403190
249026111
252075216
103512036
712852
194563236
189601697
207206885
252004482
119468791
74460103
252004039
252080265
258420610
252106545
253188002
21739613
251589279
403011
42684165
1024084
252850852
132096671
260685549
73636146
191089523
21821954
190641838
52217168
261974949
58983749
250008991
250687149
248864878
1784651
169549281
252068659
181976418
253310334
213974051
261944907
255764975
262075534
262651423
112058731
252596205
114647025
71091293
260406472
173820602
253089608
262075458
402059
141809691
252631657
252676894
250924944
262676106
251101703
253111551
262640411
76120523
249656637
262676977
261945874
261971819
263049536
262679513
250679747
263044448
225191484
193913307
252680398
248786960
262676166
209399038
252078414
248893457
141908162
184639425
250007814
252084148
141882669
103400519
177732639
92145844
74855436
92503155
217350926
402135
73262264
243783862
172075743
165144134
1911491
250335220
252078897
252079780
22222827
198425047
247309886
252079891
207035136
261802679
261257681
254022875
253427340
174318664
75948755
201439481
251277698
206230672
48018650
149525558
73263165
249085490
119537571
222723449
203145391
175192215
1275139
263083398
263099881
175188257
213684824
217778627
253107843
262427015
402985
72513168
203213521
81576449
222662811
119537206
55882025
193724509
248913151
244303779
173137635
243497766
263209703
193395342
165702956
230200488
177782781
54512811
174319131
257846787
260795140
161947049
250397785
117083937
119087708
177775382
654615
71896251
219156900
247324915
188487854
204325313
218742101
177758403
253087793
259482807
75629426
175157926
402909
250945655
165701078
248695097
247878623
213977435
252012132
171585993
208537322
402267
117078988
402866
21408877
253420555
219156902
74860131
77741844
174626669
253420308
248914474
253335296
174319086
74458670
252165891
402770
243120956
119478131
198224318
5490581
119087290
250016470
248895853
253176783
177772920
11327092
181379129
261947414
205924152
181379139
75540522
441584
175154544
113107350
58247793
259566679
253444426
532183
210154708
252679461
252006883
108593631
188489954
177706741
254615783
72025427
174823971
253443572
193724488
72221583
74439798
262692284
262603273
72796608
253187990
247327910
252105292
243084629
80940875
149970552
262688096
58442040
177721848
254139164
252420995
262692319
160821518
248851786
56538278
248697595
141918173
193748017
138572037
74460003
243045272
90986038
247662400
165177338
253231661
94646257
533078
21472663
253446044
47871687
254551731
111200581
253036623
193419513
249028818
22222821
402048
217350037
252078974
21471697
175106408
141916577
258379342
213975531
108989901
217528994
21407436
253195066
114185882
214501439
402161
198240114
174319244
201893010
260685233
198261190
907446
261944744
21476129
196292355
243553559
174319120
252005851
119447189
252078887
1784657
260115324
225947018
117084358
185718374
171585875
252849829
248915162
119363137
186199794
184240420
174823728
198517096
251099416
250667901
248786997
103524571
72222374
217764261
119531458
403813
253310880
252411530
194130447
252596668
141841490
45663014
103524570
84878975
253248040
250066913
253444432
171022522
262651799
209869628
185006255
74853612
2283711
206674250
119446166
243637533
225368113
127032272
253444216
171580710
171586380
175175325
193748161
2284247
190861955
75617508
75540072
90072631
58610117
253317750
250017185
248293687
230201104
253443620
252105767
142050485
74683846
253188036
169467070
402872
21473005
129600252
253037547
248716922
1077258
186239061
533049
22222839
262687661
93208035
187381969
112459341
252676422
253185184
248982336
262651665
185006433
117077513
261811176
243245159
250207738
253184973
191978292
138896471
253335827
262055504
248542138
402270
171585937
213976872
252629390
403182
402678
471753
250935181
253113365
252079297
206334930
203936256
260235947
92206811
111189882
1784633
248836514
402369
175162056
121157177
201039039
194154937
403209
257847099
5909003
158851753
195128953
252078357
201039365
198269722
119449775
250338271
189600599
260222368
119446126
123118878
252077986
209888455
262427204
260115496
244301490
978072
248118600
79909715
402659
253322679
253350486
248803137
193717254
119528496
3831953
197953862
137852160
252077950
113105835
251108074
260407515
37941759
129768042
262073700
181379124
181938698
58565457
195668983
217648286
251098159
165244602
986248
73265938
197749002
119515588
175433195
202999642
201550433
403210
250430031
260406238
712862
262526529
260685524
73262885
119348169
72224256
243808427
253150048
112461501
262673503
248726544
252083976
262673679
262640363
263113223
263088875
187398122
225214554
117078840
177550858
127032748
225386234
243245116
248786576
252891648
251104766
149520352
244239407
198272399
262692306
74690060
72796602
112815960
76393458
263264934
252078801
252079465
252580165
248787516
395983
263042964
225205477
81576436
252078825
249086509
251109123
252060933
112499932
263083213
402055
75948632
109576719
72223641
197951923
149969461
253253645
175452178
248786856
262673673
262673651
260114956
262676117
181782951
252079527
254903577
252079444
78906699
261974942
181782878
165701096
248796723
174319405
253113265
209869040
262687343
248862786
177736489
141822948
188299070
192643802
21476131
253335989
253160372
261380340
242052059
262692615
146275315
532945
216450380
21739663
193691678
141919587
188694656
253147290
73655456
163477094
257846607
22222833
262687697
253095267
252179443
249654036
58124092
402457
58246541
402130
194147691
189601518
180584646
195950253
252079995
248541377
250338456
198270722
261945637
196291852
141823709
119527948
213862840
108989165
188998063
74689984
200705852
248694253
402679
174319381
244302102
119451408
141848537
209864234
250200845
248708680
260919984
250678807
403203
217779378
175176021
254139138
222662512
252581405
248787535
251251700
253151451
195950306
177771474
171584554
403252
9432895
402779
175437916
248209285
177886732
113657324
213936893
261946385
163476213
217345648
75618391
262640421
119514317
117077804
198271191
200931916
175436930
254959421
253088661
248861387
261811221
200672543
260223776
248293899
72933180
262692698
247793000
197530269
261946450
213973711
108983229
1024092
58622722
261959361
81576674
73795144
58841536
163476559
191021695
58245834
72099175
201845543
181379119
253106150
177755313
73265621
252079370
253198058
254188631
249072006
253166393
248866481
251110610
136952517
262681137
84872909
177777779
175164584
261992857
262651491
262651385
402955
175438819
518769
162371509
262692410
225201282
73657006
243591912
119446030
149970536
22222835
243808411
119398722
216356908
250338863
249077259
254610262
262075429
260919962
252173902
253176288
260817622
112485239
190124164
214666955
119529348
196548082
149526254
253310462
531022
131192597
402509
74860055
177744738
175155784
171586501
242146069
197725429
533012
252078574
219160932
253425912
252105427
253166332
253184148
262075314
252912290
252600926
250677887
262336198
58565879
248696575
229695528
261114491
22241873
262570107
177774725
262570306
24489982
163132830
252574036
76564769
174848996
202475506
209601086
260669348
72666052
216401573
253060122
262074821
254904159
252179047
248720012
260815221
262075448
113109811
105071706
1197793
244301812
262427382
248235444
217102535
243707263
684749
222616783
160821451
532341
195998956
253318511
253215955
402670
225203310
403250
109576723
201802253
216353829
262679706
146970524
58124061
191978098
262692723
141688724
164839573
54639711
217778562
186618215
262570260
244304020
210402346
986226
986228
250582893
248716019
252676518
248694878
251248959
251093083
251126602
250427499
248802839
76393950
260671985
396090
198642718
253188115
243572894
249938248
205116961
259514872
252632734
252605084
252676679
252581795
252630186
252159892
252240934
252456756
252635305
252636875
252673723
252458615
252556609
262427238
104247419
262456497
225386344
225386609
225386527
252174606
248877364
249655373
262076070
252173688
262075082
155255876
158774685
262676160
260672508
92518623
73475831
225214496
175446285
95333865
171580658
176470868
143144233
173135223
74277021
217779172
262640357
191628742
263082223
193393780
253311177
225266724
263113068
119479597
263272734
194160740
263044391
263073116
263073226
165701108
196292639
185206113
54640621
58124071
22222813
178033290
252078936
168657806
252673530
252674866
252673224
252161749
252635499
252162181
252672574
58291034
252575524
141792234
252675755
252646077
252165905
252159533
252004246
261037908
253300187
243245153
225386298
225386714
262075061
262687928
248787498
250585701
250656858
252173925
248724210
251513337
249653788
75950752
21821965
9432893
263272752
197606911
109837531
263244121
253311094
263073240
262651237
261971883
253188056
171586329
197530270
263113026
263272770
222618509
213861628
87579402
74689901
177780466
253187936
225171368
196291912
22228508
21408939
112056449
217351881
87585156
119445997
119446014
262640413
173135259
247843143
262640402
263073235
193219031
262673542
174624019
160751602
252078454
251734151
262054997
253248104
252079881
262551562
202529659
217386528
178575620
252673416
252674255
207367914
261037801
225386392
225386191
225386463
225386352
145396925
252163179
252004149
257758597
252635466
252679670
87391748
262673410
252354585
262673592
253111329
252093774
262603260
253151338
252093753
252125590
250598029
253148379
248840042
251102972
252600476
262677371
258480680
260406686
2284687
262640404
87589251
263266385
263246588
263113077
180584467
176463701
204090625
261946092
253188131
109576721
74684836
247681784
72027302
242165954
189172009
73124129
109576725
111149117
173979677
173865597
176466165
72224140
141841448
21374004
108989705
171585906
1510815
213974686
174319415
217102273
103774150
262679224
165700865
22222846
402961
263063953
175431288
174868598
263412933
252079727
178569746
178579398
252165715
252635259
252632324
252632490
252159340
202529434
253349742
252673189
243245108
259513143
252161616
252160512
252673732
249656817
250009386
248695199
248727593
260685437
260816877
252107602
253150054
260815893
254903162
249653942
253089198
262078155
248788434
262673375
262687382
136952873
262074078
252161712
124638251
263246329
263113007
263101069
262640389
263088801
263073149
174848660
187384175
196051668
119309642
193394241
174319431
58621700
263272779
112059097
186826482
197966900
262640400
186080629
253188034
251448125
262303308
175161617
214927074
112059233
216936464
217100415
209645379
192287373
108987312
190335796
160821362
75757753
261993178
180584842
187403661
141916920
201845510
21479965
262673511
195783784
199516015
181379131
252078088
252079016
252080349
252078184
253058488
36666113
262687065
207563714
164755220
252240311
252157660
252674991
252672233
252641100
252617535
252424523
252673694
252161980
252161637
252680300
257758591
252165660
243245236
225386507
225386266
225386752
225386212
247878771
253195796
248857815
248858974
248721673
247878720
262676119
262673573
251131068
251589154
251105303
260222455
252159632
253152761
248877163
214199354
263206718
220754187
263044414
263072940
262640381
194151512
253187958
75948693
112064580
263272758
171580760
21765524
252563245
217102027
197954854
167316105
77746546
184415236
250593734
263072699
178034163
262603228
252079936
251929192
253195785
252079210
252078938
252078918
251734144
125289838
143144371
252673610
248780831
252584526
252465404
252679718
252160587
252159836
252246709
205506555
188782828
222678945
263272743
262815682
244183386
248614212
58258527
87578320
263266178
252858779
72032971
262640385
262640367
262792236
75947967
181361118
174810982
249348690
217101960
90375307
263073172
263073138
262640362
262640406
248614214
217102228
201794798
225386740
249656604
252107648
248787632
262673359
253089649
251096558
252701616
262673772
251103476
262673729
251123761
253168645
252105563
396056
73655772
75834542
75839429
263063955
54640623
602665
203065232
252078700
252078304
252078857
262530674
252078660
253197141
179072493