28369126
146214670
166413906
230027659
120472205
217560297
23628813
121301287
213845619
247862788
81702744
230124631
172841257
139136036
146214767
217613650
194142650
22100723
146493325
87151652
143676146
84873919
101687518
140981708
176230808
141996496
157616329
197513830
83613754
101702897
121228586
102858123
249272477
23634744
188831758
125604212
112110003
105614588
200856778
194958658
87485418
199597446
215705260
208077464
55995922
216280604
72513571
136219775
192876722
194405091
107327714
247730971
87293280
112126794
206662482
123840569
188907044
153655082
53793362
252771085
247960900
197505110
206134551
197504504
148808910
194456948
140309449
181147420
17014767
262691958
55019869
242069865
252066168
74208086
142554726
116254879
140309026
129645441
145412528
252566655
72513677
130387160
123845952
59536158
212256900
59536661
102859515
214868302
230027670
55958799
109651185
131266187
195185016
253267056
252668241
252100544
466493
42850065
157030044
59536162
173424936
107412505
124276715
151597584
117722557
195850434
217778321
242498403
13440921
215101621
144341262
125603568
86149184
144465352
200855410
230284790
164539460
212256893
181979109
58544909
213560482
262504122
215779625
55804542
117817959
46307725
113914136
181979120
42750239
22100917
248647722
148850645
208683881
21865530
147977771
205292574
253307713
164539674
133828648
202643920
193686765
895418
132833932
144756222
91256413
123844729
51993959
48010662
141316333
137996217
26612893
195510522
171652270
148810002
26613822
123850196
241977897
145717826
157044260
195850169
107182693
132833996
85084595
74029330
125508945
194958577
194498634
225241844
129422039
108694930
262782245
51057444
193900448
112171039
195284066
162583817
247554312
99842064
48721803
200947840
111510069
121654918
99840289
214867748
214818998
11880511
8031254
121641707
69323450
213845667
193686887
56794018
198778344
36265440
124273877
145134221
59536193
214868060
13440959
136741541
196203384
121654943
194590981
227139936
260451918
217171071
203911858
115222566
205609319
206847687
148851112
144341645
121649277
55094323
253227327
221833073
72711229
117069904
97042775
97816753
186581133
253307806
145093526
119501340
212261465
205512345
5547199
214692726
82006663
130742716
246971953
55797520
195766108
199996614
119501203
212603144
21413532
23413206
99842055
23412527
181218329
186187374
182485583
196837886
252672863
253119159
225272910
259488332
217536032
53961987
192690284
252673120
50194417
217168796
248649091
184082383
53251107
205828437
122869835
198193534
108755294
26613778
59536198
181794015
137003900
133792230
181216979
203585618
205693249
205763687
164537427
116778453
197515097
115890084
250731029
52031314
261854241
247906993
102137068
73492568
130930896
204038417
138015083
214933767
205236488
148851550
221515416
197217944
230027642
149193110
129225426
215362546
230124646
253622880
138013212
192560421
177056990
145838242
32223778
99842057
2537835
89054083
137994613
133829422
208681879
190818411
155137357
247888949
144341122
214930977
197501939
199996577
199996662
177883329
207840053
144448837
251022000
146781155
25072127
201296625
148850908
164536244
230124749
247888858
210425661
254082705
25005337
253297175
253077659
165911376
214593756
215110942
215105492
247296052
197847937
253041703
253115523
253113308
253041705
252668914
253041727
253118459
44887443
31849464
167871137
199994969
215190178
253118962
205512016
109479533
145839136
144757309
199994855
202395442
179580773
169036913
253625723
262491493
262512867
262600078
252400968
199647326
202395447
261865431
261880513
121336045
263188955
262640581
68668916
96555583
73207626
26614162
171063520
142850207
103475407
124041095
51057447
257835790
248647423
263179877
125508957
102133619
198562440
262674349
242729166
242729532
249851879
262292758
140856619
4513735
138014854
259293037
263394095
121652070
9944927
58545099
230374235
133829410
170843121
135072251
213672489
247888936
199996595
114680280
144340622
81702663
188730968
252624978
171935518
252295049
163832116
247887666
199123029
210164211
247888743
199996588
249937989
247741204
252102999
109954628
261816956
253119325
261818755
87507680
261816996
259484787
59115143
199994784
144756220
197559883
127220342
247887636
248263193
199993627
205069930
249582334
81702456
230125008
122873068
195341631
112330906
253114210
110961192
149194937
148990716
208188521
247888714
242320523
144401603
215084523
253625036
253124825
208423094
195508836
262512782
262512784
253072917
253073282
235739620
198800737
253114006
262601186
109629968
125800145
127353185
261855400
261879502
241970669
253164756
263192582
263250185
263257442
258752393
224951730
229714607
82390263
2305849
73207630
123442440
73207701
68668918
48458365
262674735
102103753
61557385
262674976
263208887
26613539
198562442
202641511
194958573
244178014
111095271
253288629
252721659
242729934
203500409
208296982
2435709
102843804
85112657
252623324
136741487
252784618
230124738
253041707
253119194
253115348
253111817
253114220
249816982
252566577
249583804
178604970
189203998
141333894
25071873
144339631
229001268
230124840
138558549
148715445
144339612
144339591
162538293
66570404
200843871
93229386
195510618
90613837
262512780
253114216
194504609
253072378
253075858
210752111
215099150
247298864
254003039
247888830
115222896
97817074
247554389
214867771
249637115
199996602
192381800
199995639
248261788
148850648
199996647
143613836
68615939
253115394
253118393
153382159
111191043
262462649
261867675
255764705
261848337
261853853
241973569
262897588
249024021
263169787
263171884
111717973
173449823
181794409
225272880
2180099
68668905
202619360
77576581
171652197
251257206
129422321
252644483
208904248
247266039
40048760
56793946
263394291
199683345
217569469
143863450
115876924
199994853
208188135
249580770
247887613
243301248
208296504
182485555
253076427
253072635
253347834
215099095
215118498
214591698
247299608
215101145
253284121
254082979
261818672
257843051
259487575
262385725
253041715
252892488
144757456
249583532
204897060
199994833
208683465
249861260
207854572
166413923
148700035
253242688
253282674
133811526
25072460
125603702
253189646
253113190
252668808
253041709
253111709
253113226
253113378
121004489
253113398
149658096
197502983
206455388
199996576
262484042
262512855
262512761
242153947
261845622
262890280
261867316
137026537
26604378
230054537
262674369
252721123
262833204
262674773
73207646
262674818
1467301
257835788
103475403
169380639
99684032
121649667
252628991
242629389
254711722
261964209
73333772
140998889
253163280
242891019
2435707
2917621
243223400
253664729
139582387
163843049
119501456
74330286
153406998
217646931
148699176
136741395
205018549
197515683
180936966
129422259
199113674
137003564
199994936
215195026
166073091
161953781
129646227
184944312
192936285
199996617
154184397
169688160
122871876
109835867
248643051
217734330
245764751
161540385
253116781
253111659
253119087
253118591
253116775
136741373
199995575
249861165
133929396
199994791
117918016
249581333
249582520
48518909
147326498
77643179
198648828
253041683
253041713
253113371
253126711
253119112
253118476
253114214
181979182
253238565
253238163
195514629
107187093
253413799
253074386
230374209
253622584
262292759
262512836
262640624
253073162
215284313
261879925
261860917
249025683
263070049
263256902
263208918
252721254
110205497
195850289
115247138
107004798
115247212
25980798
173449960
244177811
182553464
12371530
201358109
201358203
217527094
96073354
14521441
217526943
242729958
91752022
253619719
217169949
250173017
6430661
170720374
133005768
139223296
248934540
252080033
199738583
81699174
242320490
166413954
160369468
205264394
143862946
77117847
208295569
215161135
145563733
169647380
247887065
217647665
194827531
159915984
182114592
190819584
210133458
247892181
198515780
85920924
205150875
230040936
252100375
242639209
215102384
252669062
253119352
253119312
253116773
253119183
252400835
253071760
253074255
103849509
253115423
252669252
253041711
253115550
257843089
254082954
254082441
249957318
193927472
230038253
253279700
259488094
58545002
253122605
25071948
148076461
128326727
251015356
199972067
205081998
144479780
115224391
195510200
235739387
25004313
181979118
205081934
262512843
230374193
217524166
191823899
23634874
35452242
125508953
252644810
181782780
29357784
123442498
193900450
250071402
253163291
87520943
253163416
216947024
263168292
263243932
110975046
155690596
116294746
263180226
242650067
242730758
138839285
203841434
169060573
181218785
95014166