59618902
154126228
10869020
84872460
63187290
24404720
71553539
72027523
58708929
149534843
27957156
119692847
63587142
2172771
27962195
71657241
251885300
177736610
206190662
70844537
177736589
72027525
212261732
602445
72878583
251885304
70844531
129381392
184096103
184096106
176437598
95253751
251885273
3159239
656998
74259914
905108
1227735
1592323
245772272
200627853
251885308
27960131
111186533
68589805
182149677
50247848
179122075
97095648
247405800
34340283
35862185
116747392
38223383
38223377
71353267
217750956
63587138
98731056
83607989
252591814
169818126
173748417
50302188
214730865
106457465
75753877
37699897
248880590
176522660
96927622
19275985
74259898
2619503
87836564
809815
116955229
213676503
91544577
106014631
98748548
19276012
49762658
140635227
34956338
63587076
15271653
178831364
116614329
69624537
74259902
90742699
74259885
6426695
116963313
87830367
160671694
74259883
111177029
116614315
74259892
74259908
138423083
99642442
180399961
42889850
4337403
242992964
71958259
173911190
74259916
19276034
11616132
117315681
151950538
656995
156001018
188229219
15271655
178831352
208783844
146274327
7493813
19275990
72668133
212260874
41549137
257759967
34956330
55551509
81176329
115533829
116275843
10869018
147564338
1673617
787571
91089589
76378726
63587078
176522654
247386538
260933182
251872571
197906227
188033183
119026307
32057005
95202706
214730904
178831350
201774972
74259924
137431801
242992976
72027529
111152008
74259906
106996381
95202708
144353565
4337389
215560800
116614313
38223375
251735675
7493829
38223384
242992968
177703628
85560154
87826608
169887182
251733655
87631922
251735103
251733307
55680668
215985829
194451543
95202704
119026310
212260350
166159558
117408998
215560764
198618790
199977017
251734679
213997324
176522569
182149658
119026352
242992972
116653938
252714296
253300020
109479657
97077574
11616128
187011399
247390511
7493841
74259920
169818108
247387193
7493833
50356119
173763064
1592321
146270353
119026354
73147294
183501168
155880579
111154991
32559762
186080449
38223393
116614326
252591808
167497401
34340293
6470231
242085616
251918452
174099292
209333084
91089586
34956348
34956332
111645652
15271649
84592952
1673529
178831356
19276016
109329372
257765836
6084301
177703639
24343875
262526540
1227669
48813118
170965055
8657608
57761622
116573565
208886350
19275988
97104414
1592317
63587074
11616130
143274612
87826919
105099569
35750619
50356121
6470223
55680751
170969474
180591473
10302239
8452919
186069949
77089889
170969179
209125776
860768
136143508
38223387
178831319
116966231
97034326
83503452
47269261
170968714
119026356
44300940
178831342
10869014
7493817
41549142
146272581
109588629
208405342
47274918
1592313
6425423
160671714
140622371
183507076
190826837
183539436
167011759
73752987
191281524
198618578
257763583
442743
174182698
209334892
198618640
8452949
170970189
106703904
186277071
75753004
215560776
118948264
38223379
136137149
7493821
71005769
73753398
3801233
214730896
253300013
187011031
117113276
97091567
150633996
7493825
99619024
98128551
210969009
126596699
174933112
262503710
106006576
144353422
6470219
106867385
112169735
172216294
172024903
98879650
442772
1673527
48457415
195192492
197906530
82936127
68589799
47268706
109582948
208387209
167496017
2172729
249882710
166155029
14790755
180399914
190180960
251734450
174099357
170966847
251872600
34956350
146270335
8452937
175526781
97321490
19273230
87833990
8452939
150633304
14790775
210978450
105191958
172025024
251983688
1592325
111626132
198618733
197337484
160671676
74259918
177703597
162214413
242992974
160671692
83607361
447857
184096112
129381400
34340300
2172777
105153340
25922161
187608671
48658387
188229209
116614314
116350327
262837204
8452941
185024345
163821634
67140365
34956340
19274341
215136572
252714294
169887184
198495584
173885958
14790797
173748411
116904048
155929677
173763082
75754653
146271488
173764551
257761565
132302807
155880587
110414530
174182660
602440
109368923
187011167
7104873
41233875
214730916
250741857
214730851
49377739
22169394
19276041
235854826
155929674
22169386
106536536
190118919
174182668
15271651
257766423
97890733
58709902
49707570
250741874
49077763
182149660
4337397
243245766
247405810
71682378
85560618
249373261
168900805
178831346
175533421
187010992
187010946
72667998
98128770
41233861
35862187
1060882
75552003
19773248
215560796
214730843
250741821
2822863
183539013
250742171
106863836
242992950
204817429
242992952
111639858
116651236
174099347
213997355
164050403
22169402
191410477
35750690
35750573
47274900
87845852
109455095
47027964
191402225
170981200
116653751
77084542
167507229
188785990
187011437
114601862
207811652
49174360
49904672
73753728
263105146
207502969
77328498
250742317
14790807
56373821
2619505
214730902
118985497
109450477
250741957
257764945
116573579
49048305
49048619
174099319
631752
3159257
116651235
73102185
116193200
72878585
187011088
214730869
114843528
115978575
171581164
55680737
213997314
250077322
10399100
71958577
71958454
116521774
213997310
1673619
170966264
116750188
173911221
247405779
14307805
47274781
248537997
156641746
167549064
191446975
97917071
90737518
215136576
73147334
187011121
186277242
194451547
14790753
3802049
106541544
253300022
192258399
213997312
14790803
109587387
48658384
260932906
71322896
71682385
243245789
185079214
27873877
235824686
243245773
243245781
250078276
250077230
248537513
183538844
199969137
7104881
187011027
24594205
215560778
85560158
2822859
22169391
176522884
252049522
76015661
56373623
187010923
187011049
47273257
83607355
860774
250078168
244178078
170981727
77938162
74209626
247386217
164062364
179063966
185024342
242992982
116937816
2172671
178831435
180104015
173911184
180104010
75405399
191406129
50416373
107841051
116573551
262833389
8452917
10399104
118580557
166155158
199977321
170966348
129381094
73257327
250078655
183505744
183497987
8657293
108863226
250740025
160671682
146272231
58709913
831413
114601858
860770
116651234
116651233
186080635
187011141
262798930
262831358
7590993
90746005
192158005
71322535
174099193
250077722
250071066
91301004
162399303
34956334
187011077
215136588
94347289
250741863
213997349
198898549
106541115
114601856
164454070
48658386
243245760
463267
55592759
72662897
187011062
213997298
252854343
252050538
215136580
97904113
169194124
200851591
213997292
85560126
71682473
56374156
104628579
173764539
2832573
262830571
35862183
212597863
262423921
197337594
186080342
2619507
38223381
111107909
111183794
97876756
176522571
249373259
208056285
146273570
250078161
114843529
183506025
242992978
72668181
187010968
48457149
10399102
185380057
10869028
186069311
111153723
215913827
249658271
187010936
164061513
143917189
164060938
235855068
191891971
163797766
32548965
47268751
73257338
19276026
243245799
243245770
243245776
243245750
243245730
243245779
243245734
250071638
250077357
138557021
138596580
124893106
72770417
1060870
250076863
71682258
163825913
175532867
263103245
263104986
263103861
263100133
263104091
263101584
263105128
263101494
263103149
263101466
71168111
263206700
205802120
173911225
171580684
160671781
177703661
157824608
200010635
97440832
119026318
187010899
146270647
169818150
187010934
187010950
213997337
146275364
174182683
252714306
72769165
73865795
2822865
76378728
23799191
71682938
249373267
213997316
248880578
146272391
14307803
91089506
2822861
15358788
187011075
252050692
106540595
75553503
174099288
14790785
263209973
114601870
174099317
187011039
263208623
263105039
75754417
263207767
187011082
118959376
174099304
174099247
185380127
173763077
183507012
262836831
105664013
214730857
214730861
10399098
98128759
127692243
146364843
4337395
262663268
261830573
67139989
207502937
207502923
244178783
198618763
251897511
163792648
162341998
19773246
192584043
173764541
77940288
77323886
187286665
19276028
14790777
73315758
164060958
235853708
162532321
247385628
163793620
164061511
187011117
242101714
242101862
171580794
19276035
250070979
186333554
15262405
38453333
38223389
72818179
2822857
3136197
250077051
175533319
263103153
263207864
263100000
263104628
263104964
263101490
263103836
263100125
263104940
117275140
87808694
262792176
76378743
77328639
105663906
22169390
73865909
250743428
252591800
180104017
187010952
213936051
187010928
187010932
146271375
146270327
171580704
186080338
207811658
174182588
22169372
19276020
109369065
146270331
252714298
171581141
173911182
146272171
106542166
252050204
252050173
14790769
75754749
14790759
187010986
187011394
187011479
187011459
187011056
14790813
263207761
109580769
192090847
3159399
262798943
146270323
185379792
187011095
263209002
116350329
116350343
214730853
109505385
47273261
109319378
146365115
6541111
164060910
111195059
146274267
32546418
74259922
67432371
3669963
172161469
175526805
67139892
260930313
262657161
85296325
174182666
140635211
118973428
170964355
164058657
170969444
247385160
247385307
247386006
163821700
163825805
163792379
164444832
10869016
170979606
242102016
47274833
217441277
116572527
15262401
631760
243245796
243245741
250077342
73753543
63187275
63187292
183508900
3283553
3136201
1661221
250078175
263100151
215560774
263207807
263206726
263208258
263208934
263105034
263101454
263104653
116902762
111198805
119026316
14307799
22169374
98128649
119026371
187010944
250740800
173911145
173911142
157824656
72769187
70202689
213936101
187011036
58709933
178831327
181267664
252714304
213936131
248880582
250741927
146270519
213935979
192950765
248880580
180399963
215560780
252714290
213936171
187010989
215560794
146273615
197687432
169817972
187011154
174099240
263208643
1218731
118960535
71958159
263208181
114601872
186237329
252050644
69624542
631678
116350330
185379765
263303938
185379976
15358790
2619509
263394673
263394946
263394559
263395015
188229211
263104998
186369250
192157971
14790793
19773270
187010910
164436779
163797883
163797676
164062371
163793214
164057152
163814256
163793532
163793385
187011186
167508190
170970241
186070349
243245748
250077865
243245780
243245763
243245761
243245775
109450948
248882370
533921
138569423
77221397
189641502
248882396
248882372
201385962
250076987
1660869
73753125
175533549
263208682
263208910
263207751
263209634
263105051
263104979
263101458
263101425
263100160
263101486
263103118
263104635
263100026
263207889
197628719
193045272
188033145
188033155
176522890
67241945
197337486
85560601
250741897
173911153
187011068
169818627
187010938
187011017
169818272
157824616
205802122
15262403
207811647
146275343
180104008
214730871
250741945
180399977
146272425
249373269
213936011
14790801
187011059
185379922
187011001
174099197
174099278
116651232
1661223
831415
140635212
55505523
75754701
260928958
220669038
119026358
73753066
174099361
185380073
116573562
35750712
185379785
32546404
191298059
48523418
214730845
105664019
137375082
186070311
174099161
249658205
251888903
249878116
77323989
235815368
235854553
235841507
164062351
186333432
164060929
250077168
243245729
250077121
250076708
38453067
569658
73753626
4440953
250076925
155929676
262823904
263208276
263101428
263105124
263105029
263104120
263103736
263104554
16283593
119529310
150279547
183538712
146271495
176522567
248880586
192949599
157824658
207811633
187010908
195283662
171581041
186080445
213936001
214730863
113004757
85560765
787567
22169396
116350328
187010958
187011099
2832543
146272410
248880605
250742289
186495651
173911141
157824612
187011145
146272331
207811660
250741865
178831323
187011091
106869093
174099390
14790763
14790761
263207812
56373444
109579400
263207818
263207799
114601860
263207923
114843530
114843527
116350345
187011113
185380094
105664033
174099227
192583949
187010922
118590771
42189696
83607939
166156401
247815046
247815033
170967658
170957584
116645651
244883639
153409150
186069843
6470235
252077951
164048651
242101756
4337401
235854778
14307801
59547149
19773244
19773264
249658195
163793183
163826712
164057190
163792792
163824847
164454641
215136570
169818248
249373265
213935987
169817950
187011009
247405806
248880569
160671680
14790773
47268667
169818642
263208185
263207755
263101590
263105013
263101570
263103819
263103809
187011137
187010942
169818224
106457317
2619501
262792178
215136574
183538842
146274323
247405781
213997328
250740021
171586023
68585262
8656856
146274329
180104025
146272083
192949606
248880588
146272136
98128658
146274651
157824654
207811645
192157975
263207777
183539273
263209560
98128547
183506403
164048780
250077314
243245788
243245742
243245735
250078584
248882387
187608411
250076865
42469936
242992970
242992932
263101596
185379797
105740431
185379800
262836628
77328635
47273259
44184221
96112628
146365373
137499132
137375178
174099241
174099389
260931829
253300025
77204185
251998836
247815037
263394846
174377494
109322300
58342212
75615273
119694726
72667834
13797246
19276003
115097457
173945207
175433178
123741240
114689806
136126085
252591404
186277000
105529448
125101095
157348101
129381398
10012192
56373209
84593531
174099229
44026892
75615221
8818431
32159261
177968147
174099324
78013670
7822079
74848846
888720
247059802
14790618
21198661
173556252
242992958
178461665
215540682
154134636
50300141
4675497
26086773
2791453
72540039
21369326
10578075
7823310
166643806
71325168
213674117
52144433
114843531
6621291
119108461
21218327
110047797
134615920
75754587
198589505
96927577
75752868
144274598
58341960
55505747
172923154
38459619
247843269
74852417
74851766
49369651
198618512
21205769
174558270
197337492
194148362
71113627
192704825
127805124
21536786
23300471
73752636
107211601
242992962
229977182
27639434
47268536
21019135
75535715
77911696
26084559
56734261
14763447
49369883
38276926
200985494
71957923
86975497
207207921
253271597
151830628
32162953
105531553
51252512
10578079
51693556
23247521
174099340
135498073
212263118
77198809
28295046
195505309
2822867
19791716
176509081
34746663
7239259
173672060
10578077
6621287
36328350
175847006
19773273
229976655
21196994
73753322
168866933
106445305
31815666
197923000
50298244
213534436
14041317
107804130
888688
170491458
6461887
164034054
81176347
199118643
157422651
51990657
253275535
173671978
104461372
135498945
214730912
243245749
198618445
106395336
82386918
24602037
74851433
177427628
32408338
178333771
74795977
26086130
170963029
197923060
31994580
19276024
26086463
198618473
129937258
104370127
114842761
214730914
20446678
164429918
15262416
970932
182300843
29357801
197779127
75616543
32164710
66638540
53241739
13309586
173780965
74851204
146271505
10393740
90745977
199171556
78632853
164040943
74851887
163792676
45817152
86585932
157782238
33543727
192859563
175192338
177266724
6644039
199171893
34752057
147866759
74770479
100297317
215540856
197855923
197782386
180591580
106859658
106443481
248773710
243245733
157293743
35750716
39821825
164438853
104629165
250077764
51990676
75616400
74851254
247295331
83787187
166135666
32160479
41099632
2805791
198618535
198618452
162350151
157423525
174099220
186070266
174122402
162341293
174099212
242101724
19773258
7493809
49234333
198618737
198618509
198618438
162773817
163824717
201385887
173672070
11346698
200985096
73478257
75533757
243245737
250077346
51030947
263264684
197850117
89783332
15358792
7493849
180591532
29358313
203275530
49373158
32295931
198618777
174099231
192584299
252402833
180591407
179735605
170956494
198618437
147866721
163879987
250077873
7239201
7493845
72510251
33543693
216211333
177665620
11983252
263336532
180591520
215540695
49373210
166341359
176448228
203846707
252166213
198618457
198618740
235741769
163798173
174122334
74849987
164440243
242085559
177264165
174099370
241638800
48515987
34752061
32164118
243245747
11986601
74852265
57522326
10399108
74851980
185380000
180591432
149496036
263278415
142237950
201003182
50301743
52112403
25248389
71658109
215543693
97534849
198618587
21465571
74851708
180591504
86292233
68418516
162327011
163798144
164315890
11507686
252401677
151950646
116667845
252167940
199171654
175533187
197745750
197746050
197855844
253274788
173551208
198618520
195567356
74516179
74853058
251999001
194773264
10869022
202784100
153824038
252402133
192698947
163798267
164431408
164437591
164429732
164430525
163798289
225905931
199171716
36710082
104507196
263278409
215540950
215543765
249679388
251998846
180608860
50215666
50090706
19276001
202659317
176295619
176119867
180536388
203783605
199172110
74848848
242085732
215540774
157422141
252400375
186333644
164430152
163825173
164304295
198618440
185379822
197850089
214730890
263100029
7775714
199172061
52719974
7493837
129381385
248773571
69624550
249796700
180591589
174099325
50423292
32296431
53924658
13776238
263385133
92492870
7003909
76217977
173944534
251885298
2299059
12707393
19790428
7775718
16440529
16386134
34571193
888708
7775720
162471869
167507851
67139861
11384277
251736844
167459311
74037093
199520549
7775716
34827430
52335782
168925217
93719705
38459622
102911233
30752550
44247305
8306151
186107437
164062391
120183172
19790518
16919212
44248969
112065522
215540845
175533085
16386706
21200073
19791710
889046
197852476
10393475
16747868
45816679
39323732
198618463
888786
250077364
213595203
16260128
191718207
263206792
102917932
198618689
16915728
75629511
34750210
67139970
197854019
7719934
132863510
250074266
2063601
263060333
229978159
19276031
251983653
19790440
74984782
32295066
23503645
19790494
16759817
19790490
48476210
45814897
73497066
146403855
146388568
19790476
116572545
5495327
83920467
74851328
34750915
116614317
19829573
197751115
33345240
251983658
99199917
197781631
19790488
252050827
70683732
249246543
186276997
153816777
191500902
189474605
109427921
16802677
117031023
116190173
657020
249945212
49187562
889042
197836592
207698277
198618448
10694724
16736451
19790506
23799177
263104076
19790430
5464635
198618459
198327630
252764826
16736555
15444530
73315754
34744991
26090719
32894850
197855275
174099358
174099329
32294287
32298293
198618537
22893082
116190140
198618591
19790434
197900404
197899262
181473741
51990662
198618424
38459618
73294767
11346696
249945509
244178189
198618497
19790502
1024351
23783559
252680138
197900228
19790426
253219951
248787435
180591464
32546423
134020420
11616134
94917644
164287214
197833938
192859628
19790492
186277173
20363426
197855090
90745770
13309534
181904820
10705162
11997674
96625571
251983638
34575284
249796308
197847601
32300551
116651231
71658956
106063767
209880390
177727418
149847670
183679563
197907374
108888181
39375986
1889199
4391991
197851705
20318701
2299063
67171215
249571063
51990647
175153280
199171804
251983682
178220039
207295397
19790511
138927723
19790444
51329614
29357798
51334695
76119594
176057579
177723298
29357804
249945359
49496162
6875551
36390481
26090656
53996044
186567753
29358326
39729092
190469681
889038
7164711
138927669
36517387
262689863
19790524
11346700
11794844
263103780
203092516
48602859
11384279
141788396
189542415
116622300
15444185
19790446
34723267
15445442
193736773
15445211
51338290
29358205
250076962
34746526
62487303
198618455
163798525
242085717
48601776
199977157
186277185
34719998
34719962
50721366
11384282
191694955
191694583
78501501
17425118
251908557
174122430
73497430
250078362
19790522
19790508
114601866
21218864
73498422
42174151
225174490
11188073
32802874
48603028
10678954
49904794
52491439
67169178
249246537
38166598
242992946
106061810
41125514
150716247
656999
4696363
200832636
102758084
247924205
210946628
15530937
216206229
10782581
87569233
200833277
209886863
23911894
216462280
164061037
32900551
39311495
19790498
215540714
251983676
49185904
125762736
19791708
197830393
108912354
49186055
37266205
215540723
37266183
68617319
59469898
51029286
198618426
249946152
197828745
191494685
105634865
78497261
252576620
32894555
164432768
53996330
29357579
87570974
248922867
252764927
62014010
73140767
188941199
74494233
4371183
11407083
10678763
19790496
19790500
124893213
125761654
105660830
229978753
198618584
175154517
15444660
198618510
36399283
114944787
252249372
36524965
66769814
217123736
52233140
34719499
54497858
60195185
158220447
252765035
15444891
32895003
73477418
1889201
55506436
249084760
73119076
68618051
188544604
186452399
168158362
8602548
34749363
10670983
11515251
14041483
10675236
14563844
11521888
68126007
81210181