161008717
100321478
69644748
4313653
140416373
173093879
69219919
95218447
71090268
72334212
251769246
34281582
73316970
54624820
55957270
196315284
248595205
220684094
33594585
49904674
116406724
166614357
50339399
191781256
173732586
198707308
50339668
248591343
225911232
171212876
206474734
492715
167019723
115099157
152522279
209890421
218760996
137149339
73316982
209890418
225911222
261151719
92502307
92996206
251769244
115099265
45306778
493278
193386206
592890
248716956
108852541
252176909
115103700
1196101
190601856
196019293
186192089
252435155
196176532
213476734
209890417
57521538
225919972
516825
44104460
66398385
32219910
208115246
183530612
213497002
2345547
217122743
93210689
189365673
516886
77900450
116245747
253498953
252099012
203401550
342826
1940577
247271324
217124985
193007713
54045620
249238101
574300
205696116
225911237
251253051
198203463
248555143
492735
207400590
118808877
241804370
45613715
213488481
261825411
154997617
79006320
4275915
115100440
195656469
529806
252871070
112056102
492694
249238097
190601864
247776500
184873955
207742577
261852406
212283496
196187049
155759213
248591407
252137385
625294
249517906
261841275
77051263
505095
541685
196022370
115099539
7690678
160664938
247786081
85643020
160693888
192582054
435562
262295785
52690974
212257631
155049261
161008713
196944532
252681166
244132344
196901045
253412206
206128483
435332
12057563
253632216
262799023
253306721
4430985
204069620
190601862
111029956
2621905
3026033
2777805
1725011
190601857
35802516
3026039
1404321
3026051
207961505
220666925
115098689
1008713
196350372
436944
439380
252307914
229809550
505681
179063937
596965
3750439
601778
249693739
253581962
491798
102813698
200995385
32366456
252124579
32314549
252357087
194199556
3026037
492703
254896825
253267114
205851409
112056354
473776
516907
573491
186239095
10605443
446334
66712452
1028645
73229719
72101156
2345543
196174884
52887211
195477822
2183497
98355177
8485328
52665709
439390
2777815
249719150
250474020
19250088
160594662
3026085
146271730
94803523
137129369
436927
244170425
52789019
253619021
576589
225386530
205885026
225386516
68538237
196351046
127591404
196350551
190489474
94230516
205879106
653552
196020113
52789560
108914306
254078215
213492428
974498
4429839
574278
252125568
208091070
36028188
438799
260685677
2777813
196174370
43950738
573492
2388517
70743635
446420
436626
55281980
249202769
5009047
186319416
69337902
126743459
77879823
217333885
253067641
57505844
4053575
248018134
492710
72098736
193411074
492730
200617428
201562325
196351051
217132139
179722513
12647237
203812596
84872866
97546178
252636872
52592314
107798665
2107323
248937103
435538
206681743
116033195
4014013
198928478
126007929
2777809
253567467
56512141
534365
1423797
37944154
218760952
258857798
196350412
196176223
215118751
570216
196280037
247817385
242620551
208317014
253281777
602243
436662
207044896
253281121
3750485
88043427
1523005
7924870
48210095
173744182
491462
415672
42116010
193386211
84859596
12735183
467879
6216043
574017
516972
110204575
102764004
591509
202226385
595927
3026075
51100899
10563853
974480
3026073
55143453
87044580
2345535
178607667
767918
160707317
253241177
252957391
446607
403597
253134858
92502447
261901771
225386658
242718220
3026063
196187243
446333
208115368
2777811
5009037
538554
491792
53226803
136403528
214498685
538300
516839
202608438
601571
2621921
260930565
3750441
206681565
248652963
208222105
55462098
54653532
109854313
160582068
87631837
4792909
90933536
155759226
2621931
145092076
569597
908594
199846902
539116
32249015
32256123
132302712
320934
1660839
436885
253325904
1071518
3750495
253630373
252080380
858220
196901066
253242077
249569540
200995392
254146928
720777
74747805
535583
262463185
1667461
178112131
22631282
163831345
198699222
262456679
241823545
251447090
45321626
251547946
247395831
107409991
109650615
24947646
262730257
225919285
115136907
493641
252163030
447504
196901055
242618742
217163671
171574050
196351068
207335634
250386756
257654213
208886585
261830136
217103777
253290867
7922568
435789
49747011
491415
263120945
262454186
196187308
205879048
242716983
247933242
262745190
177703719
32347433
250078078
544000
213893790
173752905
248697140
244132308
2345539
244132171
174557434
4031951
160584326
32247226
252671529
104557897
207162617
115254329
204420729
692228
52886494
2345545
7458255
248894679
4395587
262570381
184073489
173755221
32346488
1392997
263091486
196186726
4429629
262037894
3026023
248894635
180592922
184073581
358789
438687
183527678
625369
200617434
51200028
262073928
146275353
171184629
446377
14475269
258820475
50322391
248017681
200649907
405203
3026067
90223420
249348570
113836008
369403
35443503
358792
205539815
152522282
260803637
246168097
358791
1617807
216285513
120183356
435373
359291
1660835
23085197
249010174
184080181
132303179
207341189
492598
160584344
115882201
369338
215745952
3750433
215746364
263090414
218761958
214889716
204267140
637222
253281119
247337994
2621915
4430965
215119081
245765293
200005410
213488474
538161
214186162
32250687
684448
247349646
262086255
247666294
3026053
247413002
203402035
146274048
123948658
241745764
358707
116244765
214889685
52888227
4166683
200649555
204301359
115099777
209603437
241811511
248894510
115098358
247759679
152710085
859272
1651927
198239927
248655664
3026059
196175596
129192395
208092365
248637882
2345549
52331723
4386319
193896498
447481
2777817
207961348
213842256
160784205
253785426
193896061
120314159
206131643
376819
248877906
248792249
165988992
637647
104557895
4395621
91419681
499784
214167095
4056413
176549318
253785417
208060986
249091687
7887177
207336356
209871142
342799
248132791
52331721
84873192
254138128
248636860
261931051
261956789
262758620
198651105
859262
200995382
244169128
257670536
1725005
355811
247778237
8144205
210959798
115101274
171212878
127031516
247347049
220666051
214889718
253241189
204347361
19346647
446528
209869464
7823170
52331733
209870820
198584907
32564327
120183267
141354708
160584320
116030985
75968637
253785424
4085593
81237697
252566938
433834
218738554
492678
446749
204356881
261967375
249854372
477065
470995
1619619
576363
251585956
255628798
10735308
248695063
120183729
137413965
455436
592978
451738
492722
146224377
21864122
193643416
206860023
573493
32366486
32374720
242319471
405201
23619284
253785422
839300
212963694
32347232
262671665
505707
248774629
214155216
538508
263090291
492747
214911038
192363897
3026035
125760030
249091701
435688
378248
196901027
225386322
253700832
261813282
247817349
3750437
219147673
101073608
2005423
230339559
3750443
208115239
261812900
262692303
206859995
138395281
32366474
215766356
343500
213738279
244304018
37943524
241666799
253241191
446318
41265448
253797203
205508438
247335678
252605490
253787840
215118846
188783758
90899216
252383897
638921
2621933
138395235
232963477
253787844
141367840
249014042
177287531
1443165
244132397
541714
254093545
254138395
254138339
225936337
202529473
129138308
29559665
229998145
247346623
252039426
253161619
204069160
253241181
252125620
248740074
127692595
205614351
189688663
250078478
263104631
253713066
263076419
196901030
205299240
263092613
5404365
243054804
183702841
195771424
53225259
601532
197852625
447490
196901070
48595520
253237381
198239844
115254334
2388509
31972585
48595518
205808315
223694779
1651911
405206
247776048
3026055
120183911
176760838
251585954
181926833
249205482
248476047
197852943
3026057
545049
94688238
262665774
126959476
215940323
218761932
53200366
242264828
516874
3026047
253796931
684083
1016184
249693664
204421319
96752671
115254260
404225
476977
193450533
257845353
202768340
610845
2388515
445743
2057057
110944231
214106435
435466
224095309
208134443
215730375
215730377
215616702
215752220
253150607
253414463
129740121
17615881
248680929
194516081
246208315
246208321
424053
198698751
1392947
183551851
528061
147949863
181656170
121201084
229809546
229980540
230339665
32380072
218761561
511368
445213
507612
261967367
241739840
246208326
253580658
252906217
767914
249727019
252131083
3750493
146274037
703770
545044
248132764
48595516
396712
596752
213710163
250100842
72514851
220663856
10735310
120471835
262086775
602636
77221650
737040
249023833
213488470
207336624
650025
404945
1617803
229980656
214931272
178458036
215556639
247061170
253242069
253325902
219130387
251585958
197852720
538128
248523245
191954422
261808814
143173442
213698555
501033
602666
445537
445538
446331
249011864
421997
550717
551122
177991555
210417486
213523555
171183767
446319
625423
229997862
194128929
127591091
215483319
205074185
253242060
1617805
493335
261813268
251392962
82384947
214836173
344237
198360232
10735312
32346893
252396457
215544701
84872580
160743837
116249985
229979178
58440819
207565721
245765136
229980768
242504868
248590480
651385
20451657
219461240
405198
261899599
260792047
250077866
102783684
345102
593227
445859
36061933
215940328
3026045
115254526
249204237
229998352
564630
245765364
244132436
252480217
244304466
438331
253787883
254025577
261813241
102764114
260795241
261813203
253242010
247397113
253380214
262292883
174112077
165250869
36564954
247395487
253241901
253787842
253325898
263195968
263081814
263092867
263292882
247590998
253414461
253414459
253232061
137741277
1934563
69177755
215194854
192950555
111108017
260930301
167981116
198699327
198721813
217115141
252759262
254094064
253665864
198589358
261808884
215745946
127591620
120183354
198894849
199969315
222665588
198902079
222665594
229809544
116209698
253720650
1725003
32586911
196389589
117315805
215746865
197628821
205704840
607277
232962051
250076696
207643048
244132181
246208338
215752222
244304585
258552401
215122424
253242006
253242020
229746966
828995
249085239
194767310
247397037
247395796
255048545
262671696
262665688
250077692
167983294
262822017
262978013
247395420
154248457
253242231
246168177
253242254
248590470
253414457
247591017
252040955
253059887
7823261
159814507
252767847
215194940
247059800
249014069
204419924
212213333
262516148
248928202
249012188
422003
122488255
215727291
3026061
1392977
215556846
1028647
261957964
120183177
229997772
263451433
215730339
153466422
253631395
257772114
258508997
261808854
260803624
261812852
254022258
253787881
216462294
119335235
249348609
205080543
262745755
262745258
250078246
120183470
262977975
253241911
253787838
253242256
217179313
263102226
220665726
91847976
247758329
1511231
252176370
247059793
253566855
252645913
247438565
242630140
247817467
115102223
81510822
248727372
136482330
248928385
3026043
1746381
155759235
198738778
177267198
120480844
216213167
137432141
120183214
259512031
222665648
214836168
215746861
116245140
207048540
194102566
197603916
196021771
205539817
229998301
263454761
252680417
251530840
244304167
215483504
247813509
424050
261812477
255298895
247412243
184475292
251497924
247395876
120183564
251394008
230502741
242078387
242078391
217636751
247395491
249014074
32530741
263120769
253796814
253797201
253242073
250077379
253242000
263075039
246168126
116032178
253232069
252043610
262655101
214889691
17615883
248757904
248711869
186880505
243054920
207256166
492746
197852772
246208342
247059765
257656127
247302578
204069302
246850922
215737209
6112263
263209935
198721297
249600371
215727157
254085397
124231788
117315852
192931586
181253247
215737593
196021841
222665596
116234248
215616504
229809542
214930465
198591070
252078745
263413071
232961373
181809100
248132793
217532543
248684301
252456091
247813507
247813504
174491339
203950518
215730337
247395834
253689480
215147288
260795247
230339628
247396855
253787898
242078385
154284160
262665472
174112684
253241913
253787900
253241929
500189
253325900
248723228
253232071
263057526
263075676
438787
50490691
43751782
72514425
246168083
246168108
246168053
252567075
253409739
262725687
207184533
247806925
192167306
198724859
249726133
248704831
120183493
215548524
215737211
263199831
868263
262782310
85029024
4105315
10606006
194120959
198897973
198650096
988943
132302757
222665608
343497
184248433
263453699
229998226
116209902
263443508
247059789
263451499
206561016
215746360
214828442
214828438
252877662
255299216
253307241
253048155
249348562
254022906
183540276
242078383
247061165
247061147
4626431
262749804
48018371
174112069
250077834
253241903
263062858
215561712
246168145
247591019
214836177
17614751
263091552
262665696
186691264
17615871
263206682
243086161
263092564
253232063
7822509
261808740
178604772
102847551
1287249
261812959
94230861
245767732
198721285
192171060
90529205
263355578
253043690
248697621
88881362
215388956
4056411
215544720
215940326
252388206
253242229
4019129
2777807
2473629
197628635
196021795
124892983
229980023
222665592
132302882
229980238
214828435
197707544
215727227
198868825
198707321
11819291
177264430
263451446
229998004
54748899
243097256
105663942
205574133
192950685
73316977
106863962
129937246
139979524
78289021
173515982
67491398
143185996
213892346
244169087
111580006
229725276
126008193
253193676
217729245
241821098
137241842
125930806
27971953
91650843
254139276
109740141
209306291
178483638
207710050
176824199
160488837
57503149
197920647
189478971
252389448
185499832
60392121
243090206
149974908
59511811
163021291
202780362
208418981
37793616
253626995
252563976
143157819
184223798
92096347
214773794
174444187
143157641
196315292
251763105
243090196
242696649
179063936
241821089
262757967
242656496
37793536
57647476
178032061
197704314
37793571
53834486
216239568
251756016
189366377
193212451
177060075
203812361
118232326
90656074
115897976
204308821
262783932
56692529
197695172
45970461
213492163
176784540
125739799
60392164
214512469
132790390
252567128
106362216
60808686
192692429
208118203
263052540
198087461
53292785
262794672
241667352
108684603
173742720
230203635
120432131
54380460
253579575
190489592
139975192
176307881
215201262
213488472
212993216
248716943
216166172
198499784
248716959
179059376
146273657
404737
225911226
207395730
20084593
213496988
158720019
128635783
213496997
249765147
116158350
198934249
252803278
5404391
252784383
247292621
249043624
252755667
202413202
168239763
203402259
173971256
253720846
249220806
204051990
20644468
5975101
23134440
262862475
198651161
253632214
196280051
195634996
68439635
247823269
248021683
36609294
516750
109627952
262522868
104300412
193583944
155287931
52891359
193433944
215040213
107707570
254085673
212993228
255760702
33108577
242484150
180016869
198573179
251769247
516764
262689383
206677713
11470360
204880977
205829000
186110165
213492412
188533766
253227549
113932895
107428141
481559
66619979
252063150
207710202
262797372
11819293
263041087
215123455
252861475
152705111
21808429
197897252
178606083
516767
225911229
204436528
107798671
241559512
241666539
176753022
83789484
262799768
205961637
263057532
204639312
184062025
217577311
36630161
7690627
2345553
160584346
74486743
38038923
252402416
262732980
638583
262936762
193450568
262672861
140138680
253307914
179686122
178329663
248704656
14475267
196350503
574428
15248885
182708961
247342715
262295345
115254548
117202643
251772944
228361268
196535051
492941
249112076
262862958
208124017
261114695
179685836
199747298
254078642
170352757
155759236
199709625
177974840
205423656
108676245
113783543
176787478
87045651
215141287
160744156
160445784
602661
216225658
188043171
246851021
180104035
191353862
13761540
214496638
20555381
178085376
217482654
173971068
118685514
220825723
76730157
782294
212993166
110850693
251772742
453827
179058899
54422743
213492403
195477807
1656023
253665764
491812
218750772
247853912
252576572
172936094
118219774
192949097
214841375
20645753
255759967
4085501
438667
246853589
203902560
147802908
216159995
225269642
31848218
11470394
248398748
184466177
262590453
188695903
254132170
68188673
252584151
174182689
186369482
50476677
252664543
36613115
20644937
225386760
194199545
11747529
243096106
141059339
192582305
728515
1016196
152710035
205810083
242696252
216467077
115254396
181485341
208123988
258805994
35446004
108684609
262815747
80896006
249975831
72282013
155049263
7693369
90242621
170466626
19702166
1016190
242759358
146272249
225386617
247955848
109776228
262522653
56753902
1510769
197897256
207359941
212993254
202610972
90227279
720913
463044
194199554
243090197
207933172
77151519
217773062
241997191
381533
63585344
492356
128569625
192623431
128711559
247548429
189642774
253365869
215746143
196830263
54760888
492351
249205768
116246335
262783937
249717641
229809682
262457316
192890130
197952143
208415402
170500854
120800240
21512897
149844589
213476418
104074999
143100205
195563248
31856603
248758240
196554762
73316975
215786777
20645181
206873278
4317037
203071441
192950342
57769370
261026079
13939816
253264764
253064768
253548408
118124353
251547911
248753026
120444761
243033780
241860538
198435056
160797957
243035070
248636308
124015613
20644458
244318152
241736508
21812726
550718
253630757
225386239
72515600
184464582
2057061
248937223
181789827
207171441
242702969
247030151
242076096
203402281
177973958
261967382
178740681
247750495
66850201
34747008
118107848
80365389
196536959
121163300
192287345
12063321
249092530
116188482
205299471
52607517
127692111
108684616
249387813
241994705
216172258
196342396
249383054
248696848
206681512
538147
205808067
208123996
253133991
203070264
259512976
182983719
253318997
194128927
216137032
249644232
204435879
34745483
132304182
204195726
249220617
199747166
205704821
137416310
199975439
212557674
91372600
187623700
75696170
684509
432399
345976
120183671
177998545
193607547
195445924
435389
193668002
550167
102846667
192679229
184475805
247059551
252861500
49349807
6485695
252004921
92551721
263064003
161310216
260820276
138395251
253146610
248398437
225195526
249882029
7336747
102879831
205289370
68535368
10411433
223719941
248644715
213738281
4503885
189557726
2621907
188050440
223757403
262745441
257759328
212993264
72516228
213965792
251585890
255298824
262915321
56878215
247936391
33108574
253638824
262990933
252861523
262783953
263022153
36601583
2004703
118219715
137741283
199911352
253619047
25125922
262778212
77858317
253630357
436659
253621486
137502354
262637062
253621484
253384271
188695917
193411529
250098082
578509
116188707
123982772
262295348
225385725
201569368
252960901
194199552
201693075
125097312
248939034
116192020
137502272
162537237
208303101
249978718
91444410
602642
262024411
181922547
161541338
97844915
263064007
205881516
1535521
3750447
464215
248638211
217183365
172066206
249693127
104908284
74488131
202230830
124233855
242658449
597150
36858777
59522935
248594781
247759891
262779560
404843
203983941
248178623
248211169
263040613
225385659
1667459
262886025
247809075
249092329
73320642
216137554
745336
63585346
248741935
207782525
225385717
206129302
260801614
176728714
253293690
246282638
206323494
109862080
225269922
262746150
261151785
262792317
49904676
3672767
261841253
5975087
186265467
198523473
262455456
181673980
215727262
225385661
228674863
206376062
247927800
206681732
8081149
206103163
1313979
206131556
578500
207341351
197106185
262800081
638362
153364489
176784639
108876558
194109633
207793007
247930802
253100453
255299250
255298751
212474347
205051691
205807496
117315844
205691817
10670178
253630833
206480658
160584332
196029467
246168345
253346262
207336392
193670893
491794
229809518
255299088
173718628
115254542
92454878
113914616
213842278
99513999
217499413
215379362
192685701
180985608
207336429
198128032
80878135
214941998
558927
208124023
202328218
213492408
116191904
178092503
54387652
208124027
191413309
404864
173911180
187017239
263064005
252664449
225937120
183506784
60854821
207335711
247686017
201550406
206103157
253264837
255299450
262886037
248652886
179805618
1724999
247926986
35426718
259512741
249273189
249589976
252399720
260810606
252299402
127591446
69838512
253541559
192714425
225386415
262652397
116246231
195472152
115098817
212993117
225195531
255299214
253161594
258918614
55090583
205696301
209412385
263242349
263291704
263195980
194954035
249570222
195552676
198869753
202626455
248592431
229809654
261967393
212440958
263246619
20243069
263200476
252854085
263101273
209421669
243054171
124045045
249269647
205220303
253392985
165627239
124893227
202217007
184787592
250275204
191767841
212213277
249668316
214200250
181562766
212993230
345398
247342415
77221025
189191482
195477857
2100759
262654866
72281613
596742
133895871
116406684
252939366
262470087
25980515
252853888
252406549
201549553
199747473
195301275
204050073
1667145
439237
205808181
154283956
246161840
128313285
199969490
203842427
249373318
262779223
263045771
597159
155288274
215545171
253281123
177777768
249946233
180993623
186189901
262570292
253205939
521441
184878512
197964292
262570220
262570103
206331174
196046928
262017469
205807498
194770539
205696896
253237836
257844091
183227623
249208069
247820172
212993176
30764226
202961607
491800
216199564
199902268
197897200
210275429
177860419
262783971
220712089
253311055
257583230
262570002
74748466
225386531
215788393
262570342
60854813
192950364
253268310
262730998
248595199
391749
250082642
177974205
189642772
213475070
208485812
177266307
229744486
248348171
70419308
147570963
225385723
206133301
6776029
206473598
196338123
252941622
172111104
214501443
180400059
257843539
128817623
160584338
102764012
767905
174307988
242722238
215727116
246397823
115254234
36399658
230001212
182851018
195303217
171210701
181655998
171924819
207794463
516913
261957951
252939265
251438900
204302365
207794754
253358663
249821532
15163736
252296483
249823638
247302615
195303942
52696003
182149650
207563737
160814419
198820890
200949449
170766349
215897964
249664214
162399322
48136165
216983038
249694469
52690978
138811734
214961129
249019268
249644231
260795244
247342464
146274090
191081506
170781774
189591140
215733115
249670000
179980846
254077697
252941092
179718754
212424989
160814433
31852023
214862273
262301755
253236662
160814632
195312014
181907390
1466203
197215369
116249618
177266598
205704787
215733111
251502911
192949706
262464183
229781424
116191987
215897970
115254508
215221629
194478462
219174305
257855877
241776359
250078039
262086708
132304490
181924116
10411435
215288709
225386483
262073660
253235068
52607489
205508240
176759691
253160621
253656633
248179364
241785090
215788395
242482981
55462094
257759237
247540072
257646244
214200405
210760861
179685848
48018374
154365597
5404389
252284911
258848706
1934569
160754913
173904417
214009973
248877605
193450575
222703530
214911069
200001484
215136467
184333901
258667039
246168375
252595845
146274450
187285354
225195528
79115902
120524075
48759938
250078000
246168363
38588841
249950119
249024837
198591819
249091678
180002564
207730325
259310988
253285762
207288204
220666547
248876668
108877402
193895860
174823963
253621899
141663053
217509813
220672946
241667242
225385655
194226753
179167391
225386258
261812337
468576
230248387
227185892
19523388
105740337
11593230
76827176
192091221
148063847
117315836
138181202
110965058
207641709
162025622
253236595
252576552
246208113
191978805
230011982
152751095
32307773
193607449
199993392
215616939
202283255
181673989
118343326
248760987
115254518
160584310
77222802
124893013
246282666
201036652
248132071
139451933
196901061
254085776
254113693
207018801
215773077
215786773
196901062
117202637
215767513
190532073
262725454
171581031
181745975
214933082
188695904
230003665
262670843
225212267
203842370
212993258
253632226
74953475
205828424
68445823
253633321
194083976
195696314
261812412
190489570
177860474
124893151
249201711
96151923
164813730
48980901
252591806
247797153
252124001
205708265
195444615
249775059
213488422
253630258
31330205
253213481
252664541
189474539
213488419
163021265
436845
207794549
179575553
173515959
200848776
225386381
254149150
35722189
257856132
202283595
247291436
583237
249091716
248877731
110961443
215720723
248329570
254077717
195305020
146274698
154245330
173185776
199569311
214236477
10508112
117315746
31920976
111230338
225386574
196533990
250073794
208124014
253412117
249946114
204425399
230066562
181990976
207672656
26044380
251440491
218833640
180985482
195307189
215136555
193006239
260814136
522573
192360656
248878321
215123886
215140198
225385767
249693730
200976633
67055094
225935302
249777322
214910005
249853323
538139
172476287
214933007
198531847
214496610
115254426
117926958
137502253
216285775
259310775
262570290
262570228
207335522
254086464
201594373
253635540
250334777
2621909
182541247
222676727
247885255
206084161
252558466
230339359
246161829
230003528
180499611
251585888
253237632
253344522
248329603
252040627
190235121
252567530
219155857
248656342
248210633
254077863
253631305
180987124
252098914
259514965
257855822
252567026
195305607
214799092
178329644
248696826
247945927
249348489
1988067
241671722
229809678
182481296
196825505
214582349
215221665
198780921
198699381
257767912
215478667
124893007
177273315
116246144
138198965
180976788
77221092
215746022
215580066
252635481
198240230
137425544
191077607
215119061
249694455
215766576
210882377
206129064
261812308
215123116
229809646
127032494
253629422
2473633
262670413
262640359
198723991
259513886
212556394
258605073
244318014
249684703
253631635
183550520
195283681
189502000
34751403
31841336
249380414
258497079
212993268
249743574
249743723
248721922
253274790
181453700
151950495
177267323
192811163
179445865
215745948
174575895
216285748
215786828
205809209
206483173
127591476
230003416
246161527
253346264
124893056
248502546
207011094
229809640
229809644
208123965
178330003
253197361
253197365
177860470
247023878
246168398
175445448
253543060
179978624
257588932
252567427
257855770
204354730
249011039
248931822
249171959
192168832
261813214
204420805
435592
195547238
242432958
216469464
212213093
207011115
177282191
178489193
137503468
225385665
249823628
249644270
253346266
201385632
207789667
219162227
220671806
247028553
257856424
195722162
251924929
212476335
252853844
252765558
209432056
253626679
205303559
247323747
637749
248818685
249852118
262075423
194585684
204299941
113526193
171586304
194585934
244316284
257765101
199889928
195696318
203200913
198592810
204424131
205695155
161541358
204267139
247885258
229809516
252563963
230000958
213488428
225936502
255299243
253265444
160796432
252558234
262570151
258666969
217510157
252399852
181924687
200687082
777245
203402232
203402190
214237988
248693962
247946119
249570860
1535517
690605
48595522
188383596
181789836
120762390
193607496
177264161
203208902
222677055
222687762
208616382
253137766
574303
205707582
206331153
246161476
247947987
208123978
253113500
381536
2100763
171658296
194332262
194335298
254086054
123236377
179575856
213488468
248880212
249092599
201430938
181908140
132302676
244169109
193612614
75313094
198739012
252854247
248759769
204300923
181774567
215737589
257610515
181561638
228678139
241671615
189590447
230001084
52331727
244132241
242631964
249669975
251425016
253229884
198894976
253229870
253299605
253237834
242078479
248131882
248132073
249823633
248502550
253326611
253326636
257865992
255298860
255299270
255299014
248131232
246099969
246209063
167334510
253632114
253446020
215766545
253366301
253313903
185863040
215720859
249238535
230158765
57521529
229809658
249085134
251763941
247947974
262667302
206133014
230223124
150965751
123956424
184629959
242428279
250078266
262775007
250071077
250072082
253766747
253324812
253324799
230248206
251438915
215767566
192360915
253165256
181452217
247930818
249776862
252853859
252854311
252675328
219461506
263291989
230014621
198906761
249774876
74362890
253543098
208061091
259513866
251027338
253366784
263063982
263104862
263099703
10303688
252578482
263085148
179981738
212557743
249388669
246208139
245768139
257855829
258646156
252671569
201652965
246161535
180001942
212993240
250890187
249743323
248877368
263383916
195573528
263352630
181783050
193610899
215389463
216285963
137375817
185264166
181774564
198898849
79367290
29215667
215746018
209421719
193608899
257868728
230201005
137440050
117315730
77222750
196154297
196021701
196338151
193611321
191683270
198214307
143144626
195544362
242694344
154365649
193613823
189466761
215746020
194772998
198898837
196338155
198739413
253399834
116406690
196315283
120340416
199671901
263453161
263453858
263453883
91419682
263413006
206480662
252173558
249173775
230158987
215773054
255298832
262073989
255299239
253613861
255299247
252768252
255299288
255298798
253299594
253147069
201385721
255298792
246209054
246209050
195326374
247415571
247415573
77222333
248502544
248132076
249743227
249743045
253326605
253326600
253384836
253629575
253630696
253631710
253662330
127591622
248502557
185882714
253611123
252763091
252767527
253237843
248502582
58491419
247947994
251980571
251764757
230062289
246189970
246191467
246188238
262670423
262662481
262637132
262295616
199641503
149781267
242424003
253237638
230248425
230248244
229809642
263062571
247948091
263292784
249695085
252664518
263241825
263202105
48753427
263074661
263100531
263104097
263117224
263078251
263034230
253264808
247775821
220656685
215949610
252853936
252853792
247817517
247321726
252681706
215723176
208124002
207904374
252289953
258571120
253291062
247999238
241736959
254080866
253535962
87991410
191353831
217568407
182541222
192169482
91374071
136593335
248204640
257845193
137375243
197415301
205540481
248424734
212993262
249743767
249743707
253253197
247965712
253258093
253281833
253281844
253281842
182487515
168160059
197620431
204429185
215123438
120183230
143144622
205122541
198911609
177117437
215737591
172422243
249114615
201125748
150996686
214933075
249277848
193605271
191542746
205704789
191452162
215545164
219163710
241671694
174312383
215730360
215750671
126257357
193512423
120183543
187946662
249220600
152750648
198914375
193613754
177991497
191076375
249278274
249278135
209425166
198214714
202722781
132304500
120183494
219168386
242078544
193608820
137440054
210418256
177994950
215388894
5498489
208608581
209413545
215388697
242078537
247323935
247345190
84872764
250076932
263446316
212567718
142419058
263455746
246097959
215748650
215141938
215748648
247321663
247321611
246209059
246209077
246209085
200995387
215766574
253867370
242077917
253413383
255299205
255299165
255299277
253611125
248131237
255299119
253229874
253229876
230203448
246161483
230158722
262513091
246226725
246226212
229809495
253147071
215720863
255299194
185884755
253380889
253273918
260811707
262434068
56878836
262404872
94173462
248446185
262405219
253665496
203841948
262423819
213701365
215141293
260408023
111945017
262453834
262407772
262405534
262423888
213619207
248351138
253058430
193204764
143147405
262679565
150682463
55876061
136045856
262405509
262423955
261813270
213469041
262405511
248555119
524224
96751352
262506265
252456570
262448714
96301753
251540170
436986
241747785
262990656
207936663
262407370
253057681
51523770
203146371
110649726
45299963
5469317
244318459
217533347
213492441
214658622
254206764
225924608
254180896
47508027
212324429
170094972
57509454
31854868
147759248
52327447
204069543
225288990
194199558
251547356
210766011
259537489
213876229
31499648
262419739
261151781
262405660
262707461
262411048
252700639
253393782
242504914
252786366
102769505
213684396
262457270
198582933
253182851
197354149
253722198
538409
252231157
204051988
133426480
248591411
213997353
252765968
74201302
214067710
193212469
262414260
262411854
248789034
247299979
242493378
180380514
253412829
242432647
140140086
262458156
253585808
257848019
262424685
573987
262655129
243096455
31840424
72516650
248100846
213841360
154019294
205111579
262423728
184035546
777244
262673235
57486122
253313497
262692989
210417759
262453301
207775568
216465855
216467106
182714901
214941494
253241992
212994365
139815974
262405311
214630487
225385751
139260790
187567321
7664746
216333136
255462749
107491660
136808358
253313493
221233091
245765308
257769863
257847990
205611408
142557619
113117340
9493758
215123449
193530140
191915979
56363994
248543183
259568232
51703770
262086230
103120850
213532618
248895324
262395205
57889364
40933983
247780341
174291588
195443878
225175161
8144201
146394403
10766265
161426372
197899375
67059201
195561504
213738283
243046715
189648346
206955200
188505156
643733
32444993
159773049
115085294
76774933
104558881
179731941
252962355
253313443
215478700
252819419
248420078
230238361
55504374
262344763
194595424
171897856
194473158
91097896
262860137
262791648
262729288
262704803
262459556
107364149
252941240
257831435
192861644
160175486
34754172
7919907
243043331
139463810
255299337
207358447
194965210
253721726
247296773
87846163
162534628
259507776
206103159
191148973
5348105
4430201
262464280
95497508
225267089
262974719
262516947
252341225
253392279
248759229
261027973
179736863
247667849
263022035
92136456
262637021
198900210
257708760
204288337
148729686
11988035
199916661
163739527
56754283
261002638
257847451
75587490
15777061
198021643
193417596
183038478
109776140
205684157
214831232
236335368
159810988
72283507
720994
215077410
203401882
194773142
125900536
257863288
263057542
160584328
113914644
248818428
32443069
252940925
252429286
217149652
207640582
187952639
248083722
253284265
145274964
208123986
259542502
247997120
247910261
249779685
252974720
253091009
208123984
197597890
262038202
249092610
180985345
247298518
215730762
242717743
225385747
196199348
553844
57436393
192810628
212424986
225385673
185595367
203402224
193746942
248685743
259479592
127692418
160691088
115096583
32034826
252763730
148782797
184883858
217103739
207642230
191423420
257863314
51059919
168984762
205220485
230013545
96113940
207563733
90523501
253313581
260671802
5183141
252584129
257846892
253556136
253220104
179058133
441352
253563298
182111017
195435048
249658517
262455986
57598510
242499713
259512444
195716213
185882121
2544201
195436192
247878732
201561925
236377841
208124025
15281565
242793588
198303134
183889337
217153000
54833883
247878763
254132231
208124010
246208121
205744565
222661270
214889708
118419959
260222653
208123961
262693022
254148821
189174026
200729350
217540035
9495530
479374
34738570
9493159
260673350
258668558
51048485
115097467
193747125
208123963
100289508
242717998
187950047
160635033
173727720
161863403
185882687
262045027
216285815
101470917
184886412
262469750
208137039
202770471
217417574
261808141
230087169
192949876
217621767
181506890
259295590
207825083
216469563
6491371
253444787
111043412
185653987
215478592
214823913
214823907
182844459
187651161
248799424
230334197
253165621
247718724
194465153
262909468
205695874
198253947
214930597
177266924
253268519
214614182
263082086
208124031
637056
214823911
176226838
32378742
258369928
252635485
214655863
248181821
176774404
257831104
253393722
252928768
195435998
191513166
184880971
66104791
225385679
52585346
200035239
213920479
195444149
253410309
51702799
247949376
253565343
55509730
57433769
146398954
178525679
249779025
10792258
253313501
253629771
214909171
54827002
225175172
241748293
193895746
252584236
490847
213488454
252875777
225385677
185882766
242432514
102763577
242500600
253313455
205220537
214909629
218754625
253393685
245765762
225215417
91373953
218760930
220681112
73588693
216282167
60854818
110346571
248731984
248172357
219164488
201099506
225385671
252583585
242760911
246167872
255299317
240626631
188513636
249092459
51699891
57890224
195837371
51044871
230339222
246161545
202475552
258209520
247949106
249598758
205967454
177747966
213887338
189461517
235365058
129138602
253313426
205029722
184880750
201561983
252681712
249789513
262043923
205289497
205748435
184886668
180380414
111233430
252583663
58209213
246161575
225971234
219134727
219134610
189413600
261807671
28679955
253599505
182603201
253384329
56269535
242195984
235366012
206126015
193747566
252583618
222392752
225195102
215189710
183726004
252671644
174101238
187558020
140580879
200969863
108676179
192859199
182462114
183223752
214823336
255299335
255299224
10315827
261028127
197462579
246161570
247878744
225386677
263101264
248897975
262570200
252853767
185175612
253391321
263208641
160907872
247999803
46654124
246167894
249251771
246167860
262293515
215773079
215773884
182459033
194827800
34465259
91663986
215580025
201074010
8826664
205809406
177991866
253325872
253325858
263412935
263032607
51699699
263334729
195303774
251526563
249237994
140139769
255299276
257847424
261806426
185882596
182460325
248184554
177758382
253618723
253444585
70689453
194103700
205500638
197499597
217191838
178292904
117315796
51701959
246167866
61333245
262665937
253253410
252853765
247302602
249658347
115092877
252769222
194207965
263309889
263292199
217767115
177749392
248695002
53205628
222661194
177290758
222661175
222661261
34750052
57349990
194102771
174799924
194205605
215773882
246161871
215773286
198495048
215727648
255298777
254023780
245954177
249021905
255299431
195301288
253444795
204766249
252550256
252872357
244332027
246167843
174849004
263196651
247878413
246161435
263057534
143144267
253631464
258571260
170871853
253165233
184633081
242107217
247929977
248715723
248173686
248758039
207332038
177770803
263199869
263374537
48928982
215773209
215773150
202064500
205563317
187587457
173758347
215727657
235365878
235365408
235364760
198591212
198591625
180720693
198341870
191565821
205691943
195637039
199739418
199740038
201073933
213738286
158868313
235366262
250070943
263453369
205809853
213973603
195837412
194103527
252550242
253713190
253414753
253661308
253660400
257834963
38956481
255299163
252767996
250076913
246161442
248205225
247302577
213738290
253253319
199997873
204163362
204050195
66104785
38937377
34463570
253621802
21179307
201600171
262376392
263207595
214496155
192711906
202610758
127123565
181992147
258509463
230000565
230000777
249680216
247936529
248870676
263352254
197499670
195656070
195300998
253313446
66104789
174600610
174575951
215727650
177990259
195301127
187563952
215727646
229968834
207938977
253325850
219152268
253325870
263453893
213973020
201385717
253366160
255299225
260795248
253420084
185884492
191141799
251406028
257869334
255299155
252872375
252872532
208783842
262934560
215766393
253629222
263241977
252853908
253629994
262665935
215475453
249658436
253600832
253698764
253701539
203705212
159810982
262076636
247922027
247927815
249258416
253363859
263080210
229999867
8814971
186689892
198902465
252854313
191135933
172327979
174836764
235365816
155620181
207395734
177752046
235364638
235365501
156286077
190513157
160584316
34745973
214823330
175437046
213738288
141243412
215475335
215773886
229968632
215773888
66104779
215562041
263454547
263352248
253367544
253325868
263452244
222661224
255299311
262016328
257864910
260798185
186693230
253446026
253394338
252550258
201386066
253600910
253660338
255299309
262637105
262695337
262665496
257864526
262704847
247878724
215766432
246161354
247347262
212474084
185405496
253493094
125893113
215189563
178302044
183550372
188375154
252928776
196009752
242073486
215950107
66104780
194205814
253136010
180581384
217720280
214842129
252204832
212993742
263352252
249598969
248880240
263392861
230000717
195696873
195855192
137501137
160940870
246161886
189468955
177273119
214823364
187569871
177515706
34747006
235365398
158999822
174224253
197830095
198733752
173755247
246161883
263453669
216205063
229999782
263455837
258955005
251769250
142002263
249019417
202781003
145279201
210762361
205563269
11452589
247336733
262653426
181234970
147566812
55325825
248619213
187636660
249151920
97818943
199113417
8051278
492610
253413236
203402214
176170503
262453913
206560708
24602605
142443113
170352283
177860462
8145636
126959461
248756639
42838907
219135233
208623963
197148668
55509278
48595526
227849107
19901648
262675109
262469760
247971042
253235048
55876057
195623465
67056045
213479459
63538256
415432
203401721
149520285
179686470
214658895
217102259
106474755
113575309
56200092
68437872
190792533
262523172
115092264
176170189
72851565
161409524
174247585
56732948
75589275
453816
880304
195288797
255298988
601520
68668508
782275
193111760
146481384
205868089
176784415
257835551
198746477
248542320
206128786
3495615
455141
249050776
199145163
430344
253350543
197605505
207427384
139490953
225385749
141298651
260801384
212994449
253176730
93838226
406397
263109857
262693008
242711536
253206091
248547169
547855
253206366
214212945
251540801
253483075
249078657
252565805
262795981
247415776
252714284
63935067
160594650
205884588
262673301
208123976
57324803
394932
146082871
246850846
262783589
43815625
174839231
249010261
214656443
248895558
257865746
33108602
262013994
66104781
248823390
248592461
198590682
249569671
262766063
91567201
253169116
215730764
249145207
114937825
198122050
6916967
168668432
57325945
253392293
40933979
531912
218062553
207358669
7330317
188695913
194464580
593341
58669305
250994705
249064850
252868793
207358526
206659677
247865496
220823396
160594637
249019255
253113498
225175163
262692911
199914879
176728564
215379211
38958485
168984725
216172546
222723426
55580981
212425002
194465270
257747427
194467708
170846514
196054930
215950317
257925179
185910712
262692993
217521832
177270503
249697761
160814528
242428290
531888
174013019
205684464
245765898
385330
245765862
56196022
263027911
257749647
229998632
246850924
203000807
255076688
205696812
148793899
152532343
180853818
229697951
63548610
201835803
115096105
249052297
258215832
247935732
170600766
262791116
410603
248536667
248805596
449990
113232541
217116183
197748294
255299003
177515637
204300352
191374273
225386364
249675099
125918389
424170
219134065
253590634
152531212
98183865
212993232
248181421
12367178
102766676
183540579
152530817
248371279
248181985
162997421
262392752
195510706
217621986
176172372
213738293
216282374
225386209
184886759
248590507
259512108
249776858
249658349
219133915
209306289
194312709
216388101
202782088
7330325
529173
207178859
215379200
249092137
171020975
248546399
193746380
531900
243053785
197830056
204297834
229998940
252063917
56733249
531558
186278415
174013045
450000
241980918
31084134
246162583
252764205
125914062
215379208
247308898
59528375
249022048
107904871
253252999
248000659
529361
247910633
252004591
407503
253662069
215379202
248346031
15666516
117315687
193535398
182457697
246162607
531916
190532163
166480544
225266669
257682879
430341
247722531
248880283
249645616
177752320
248799545
262300526
255299176
255299199
257834351
107707586
249019424
249017061
105651045
246162590
202518039
262795905
253252997
263098241
251027428
253137249
110918386
253590517
209415160
249273073
253570093
192129521
213973831
172815666
255298826
255299125
255299185
253384983
253394138
253470231
218761995
249114669
254078337
225212277
225212272
263293056
263202547
143960583
192152290
180986708
252763682
207899893
246397599
252004566
113914804
194207543
248199418
249906909
248929119
66104797
174308036
180977909
263443257
262084554
255299260
249144941
255299200
249135584
182461438
255299251
253618993
253618844
184093560
262795917
254078343
254078341
242325864
229695906
253284543
213738298
183551260
180987027
453690
253165927
8097076
108326692
32455806
177980046
177976407
177976026
191427585
186271133
249135742
249021841
249022494
248531084
253662463
191474239
255298897
260798142
257758724
246162650
247879387
230003725
166625892
253252992
225212279
253241894
253272999
180582418
190707479
257682865
219135482
181992242
101363504
137399042
186272460
174293765
260798145
249017032
249030217
248797977
246162578
253253001
254078339
225212274
225212281
252585744
248688133
262795996
252854194
242428272
253150661
154001682
197829560
215136434
174292807
248928980
176802806
262456485
229998771
216793898
161298390
224199736
194464985
249018929
214095077
255299236
253590363
214096278
241907386
247324721
180904529
38719914
247446347
212992454
253240086
179519147
8020953
258509448
263273662
181502841
173093743
263453336
95470626
100289392
187957971
240585191
212212326
147759051
111849841
251756030
145279381
198127139
225938305
207197062
252603302
205884473
176891124
251253807
68135478
253239866
108937169
28577300
225205423
249004252
115082467
249973589
230202677
130386917
242717147
225385729
58442804
249157066
187828866
116565377
54672650
108933638
188492548
206134183
213960968
173515987
98041571
214775000
125896371
98039404
184878628
55508711
66838291
214658788
249855911
248994377
177860482
91855012
202781419
145540353
216327148
189035367
78290556
263020142
252861642
262453748
125741214
107365274
447607
262676130
217720006
230239881
248731706
249946784
205802289
253205947
216792099
179140418
253630782
186279125
249153374
535565
57763797
200004357
105501437
249846791
108876064
248697295
104802112
252764285
176761128
186256550
253350533
207427388
252640254
177270241
213698488
253350529
125897271
255299306
261821272
217389526
203696483
72885024
146393177
186270836
108130503
204932143
464473
242718119
29582257
192275895
242297556
252714220
98039409
190491201
39056921
176731246
255299164
146396652
435544
253040755
182975952
195184269
160591600
141336962
254085642
58828016
203711070
176788807
1955527
186273859
249021337
242430318
247331135
216982885
194114896
218736709
253182723
248091154
248199020
11872960
253382126
146399047
218750271
253238424
181171023
21180258
216175029
252854196
171874429
52720937
161207591
180853396
180986875
203702990
172328501
213973945
253712396
23619288
117926959
190588519
249085162
201565258
196283345
247659862
184073478
253418065
225210503
186270056
254024662
263062469
215136438
249659187
263372578
186369460
249569799
186087098
262068570
166649079
192844861
253498856
245770271
186232564
225210509
225210505
11327323
178951973
252765932
215727652
214009903
206560710
174604694
214656103
216274715
189529512
93838259
116249814
186273129
253618956
253660540
225210495
221223066
173100206
263202111
252585601
263098188
263083726
252671682
242430097
205695226
181779268
253394231
186278777
254074237
255299346
194005222
253661382
255299180
249144056
225210511
53467470
202604508
247879410
461022
212564310
254077625
180973065
187562180
174849174
216282709
255299047
217125707
249019775
253712400
253382157
249802813
255298760
255299160
225210513
225210499
225210507
163935874
254146963
160594520
263107196
217334541
249377266
252854217
263372558
249694884
254087569
177999110
255299173
188375089
225210492
225210497
213997351
215727655
208650870
263372738
263372549
262392704
174291604
214197718
186278670
174291593
185032219
252948373
257758766
4317253
196283404
253410292
117926914
192155893
249766747
241755127
227864058
176784427
145541730
248929446
751307
76357787
252947974
208193977
253414455
142250307
217324109
253150656
252002407
145549202
253206067
239115590
252002497
249763667
210428806
218754863
253307537
213886806
247779679
75663655
262991468
253420361
594025
194420612
249696957
249143136
145540463
255299285
161904015
213562808
258567610
249822600
251999989
213738296
150534349
210964818
225267339
210432372
248755384
253166147
253169638
213673273
183501136
570238
252000009
248539725
257844530
212214313
212238265
160753943
249021542
207563394
212939433
160707220
208196955
548050
200994625
255298940
243059369
262782529
218750241
254124099
254024922
229750040
242295499
183540854
249763791
217612138
241757359
253394408
216467015
209898156
248799437
222638931
248161356
178037773
248799751
212044613
253236693
247823354
253384149
187927722
174291995
255299292
257865852
255299231
263105000
192950044
51030870
198740621
263385082
177266217
218750301
262782511
262782521
262782518
200985414
214931270
248896449
66104805
176944590
250076852
255299321
176728484
253183188
252009347
248857313
249017810
172662359
195814157
262295236
257834830
185498509
242136586
31953239
262294702
253720090
255299146
252009360
263021747
255299015
253400665
221682125
217568431
59523631
262301191
262405490
262904430
262469756
189557807
204416855
184318257
96990416
262515708
257759795
137115757
262450406
198123515
133940790
206244382
204317461
221224230
222218575
262606230
262427031
262517040
198779912
262414611
262414348
34749441
167019717
262673799
251284065
63078269
249762422
249765136
262426995
180722430
218750327
262414709
247730168
262427050
262301949
262046648
250488725
146396768
185024102
248745881
262675103
252080371
249764255
189557786
219312521
180576330
249761394
219134873
176784658
248929309
257763309
375843
248727495
249259058
262664164
188042211
208094109
219135094
203401861
180863311
192859507
218754696
248797360
230215163
255299396
248755570
255299035
253721399
262346324
253314338
262086671
228605078
253420166
255298954
216828121
249764479
262664161
249043141
249765824
249766135
262346347
199704708
262664088
219134852
253721789
183718374
249765284
263098318
262346376
248092503
174293732
253376113
253420191
253618932
262346132
248085264
253619163
263445722
262817554
20644460
262463214
262426997
253363195
184830427
174216765
106349166
262042786
248876868
207807539
190108283
241866058
262833377
263039948
263195974
242778322
260409191
252004215
221022375
214492754
249764316
206204679
193916606
252680298
257866038
188720838
252004217
249765015
248799525
154577302
143793638
254025455
124893112
248180103
247925956
248341959
252079419
255299350
248797721
255299089
257866248
248732017
255299256
205744371
60854815
253382084
253631227
132003968
30742870
249773425
252752477
261962723
248088051
189557802
110696108
196286272
251998791
77756603
248077302
205967469
174291595
1051178
262693104
46332482
262425810
262450613
262056984
216388077
247337661
247337680
199901743
247811023
248746312
133940864
253183307
247337603
174619861
174839248
251998864
248733112
248802833
249982744
248896737
179576224
5009055
263354773
216828130
160169445
205696305
263354853
263354835
253376300
176522908
15241771
160707601
253721605
183891684
212993226
261956784
12660398
200672151
253380973
187712262
249857725
176733544
262037757
71176909
251289042
213680254
258567188
199977833
107425308
251267879
203711319
205802501
176779017
251999310
22641696
229695505
115254236
253401327
255299152
253631353
181485463
255299262
220663053
251999312
253394683
262084666
253721434
25281040
253401543
248087867
262072341
32795058
218752871
207754534
252631726
255299331
249700025
253401800
249849525
146274106
218752559
249967890
184073194
262056957
262392149
263201830
253401759
253621798
248091064
225386439
252877033
178288720
241792551
252877178
257759801
204043712
252007042
242425023
255299237
252008040
216387988
255612267
253420055
4316737
200764922
50303900
102769105
16997967
262731532
140222278
197606442
165205429
120471863
225386410
16997809
242717362
252131836
244289881
105691179
202770451
169587870
248837880
203935805
136981257
260804893
178330009
207740559
176785095
262974368
252807092
250978814
251394742
253101930
257398119
252857457
262779576
253101927
262871416
253411503
253101906
262779582
262779580
262779578
262934499
103757670
107530492
258131539
117411504
216387918
56756518
216388072
57790046
183538887
203936486
249783618
59594009
182707716
67052827
158693861
253656247
253311433
258184495
205802357
100018202
95886624
100289541
173865842
218749977
538462
253635147
253635572
255299097
262899653
262433910
262432363
262433883
262431587
184332993
184217963
179064444
202620917
176784372
184769061
179575530
262023245
262023247
262044222
262023249