195257491
198899548
214748722
249238079
145016663
251404841
251420702
121155681
198887136
205472272
14617093
189867727
83396127
199638667
199972306
214747676
251998156
208130235
249946687
90145500
249946685
251418784
121155770
188032383
160825470
186072738
145031066
14617085
202062378
145031076
257915639
145031376
145083683
145093738
144988526
121034186
214050295
188697611
193126210
121169621
251996905
188697587
207699941
251997603
201687635
205523478
188697014
253380472
249237595
121155816
194373007
251405210
194468436
214748695
205538333
252126615
253503350
244160539
108970891
121003712
122812324
186741789
158012429
169454289
121157045
208098737
58242634
116991300
214748040
77758931
180935141
208498813
116620459
121157745
186240437
128326921
214747480
121258521
34675666
193686761
119255388
244162134
180937538
86410803
214748224
51285712
107310358
110911614
214747958
148802493
122438859
165691642
121258696
251423537
216960555
50127896
113578808
122789870
19240162
173136345
214050381
180953707
121169160
262991225
173136622
180947088
121167178
103793719
180937849
50417846
253231308
110948590
214748787
76138240
169456022
214748155
117974683
122437371
122801730
176270875
204816396
76087785
121166274
164813634
199902325
121167653
173137319
204816608
249941614
39370093
14615062
205523660
197849616
216960479
6498521
203147343
109269420
138071953
203912456
20204745
180949739
169455809
180938450
180940887
180937195
90835646
204816473
95649289
180609719
204663425
180953921
174020736
176270954
149129185
106871881
244163938
173137133
67110809
194473208
166413297
207732898
56523160
121008551
173137176
176271159
193686493
6498383
173137324
195434664
186314633
169455662
198899774
121245126
48697861
145131206
208023301
51003260
121245463
179974590
147897847
176270839
207017834
176283394
152649130
121154433
47344256
214748631
198899784
126725129
193044914
242646717
118734995
252891894
136136493
122438012
50724739
198899831
77574738
207807255
195663407
253075850
252563568
128337010
252608987
198899546
176271108
176270800
204925134
144924349
206662213
253298284
173136508
249135328
176498613
108997059
121154655
198933493
195623224
113046386
121036913
169650808
195663372
116631511
174629240
56541031
205304436
11501681
135082102
180944653
204816388
122437816
253126980
85060421
208099583
174858739
55731284
181102218
252587350
121168647
181102223
169455282
207699837
169455916
244163336
122437471
132712874
110953553
184801592
56536680
198074903
19883891
113545121
180938299
229732778
216935817
69838985
121157793
51008543
180947204
216360145
176283329
214747747
170780175
85279331
200672574
214836656
198322592
194851340
214747754
121258641
129766344
122488819
80417205
180945770
23477390
139224344
252891950
180948289
214748140
56542037
180947862
121157241
152385165
145013885
152384889
13859316
201549395
15856475
80531205
7615119
204635114
6498541
148802585
173136328
118775450
6498419
194567938
56522686
214748274
47545269
121166049
24494345
116666517
152385055
152384969
207719819
193790478
214837011
11501683
180938806
17913935
121244140
127220494
121154589
169775065
173136524
169455382
121169015
176270780
122817430
46757509
180940996
205304398
180935172
180935837
180952520
153500648
180940279
180950101
187140535
180941314
180937706
180950364
216960578
180935767
143794334
180935988
126211116
207692826
180935712
180937876
214748435
199199673
214072817
169454450
180947340
180936097
214748663
131183039
180953125
180947776
180949617
180950850
180951780
249484136
121258404
173732553
190551552
185654261
185924551
214748330
252892003
252891680
180943597
180936998
252060551
139227253
180945857
180945930
180943697
131337511
118760979
194563842
180946111
180950771
214747648
180937227
180935423
180949084
180938988
62682380
117570761
68040728
205591181
253891356
121031698
180941568
252891838
207389821
213875757
262846104
15335764
262991180
68669344
73493256
73493393
152385044
202508498
214774226
20670240
248696809
262706785
13797071
121244710
190214508
263210252
180935138
172575392
180939696
214747428
180935598
205304502
180954104
127220976
85311712
180974404
139132170
180935339
252060602
176127419
112976115
214747962
214748048
180950622
180939762
252162129
113044306
115222548
180937692
163888832
127220864
180935947
180939165
80947210
180951523
180942455
180950577
252532073
214748003
109848743
217410534
214748097
170780415
170780225
169651424
249085176
185165819
180953986
180935360
180949771
206459347
252060435
115325536
203449450
22478793
115225112
163513637
254085220
198899759
19908238
53670244
262991226
262991189
68669358
73493359
152385332
73585424
50362149
262725598
262076905
263028879
214598351
98035993
152384915
110947470
214748246
200699392
252892028
252891690
252891922
252891769
186314566
214747983
252891906
86412282
180947619
180946029
180938897
180942469
214050483
152618981
181102227
180943414
179400148
197529295
180945840
249484052
180940105
180938357
180947618
169009216
180935634
180949837
36331996
169454935
180952746
204928700
122437154
252891749
262462595
214747601
257553157
252891848
190538397
184954731
191490291
191490472
170780259
173711129
105301735
180947174
180948464
180950477
113623116
174859051
180940516
68728507
259558893
180945754
113474437
180936829
180939388
214050416
180942842
207699895
50594584
56525247
252060434
180943495
180936962
180938611
180937624
180951321
68188061
180936633
86411779
183681701
262991179
257551864
263046371
262656290
50362142
73585416
73669642
73493377
108996781
116572599
13859307
16564901
82996312
252060617
262076964
192480273
180950498
114685571
86415084
131183178
180945918
6498363
180953959
180937524
170847960
56223054
180945936
180937144
180935026
180941273
51108975
180944189
201687633
214748536
180950976
201167697
163170995
229701372
258766772
31142922
198735610
252891789
252891837
252891748
214747504
214747782
175549242
178939637
200689614
190551183
160921146
180938119
180949022
180951030
180937943
180951083
173187553
180935090
204926053
180952177
180937905
180948740
180946019
184801593
258403561
56531762
194564820
204923977
180948163
180951449
205495493
180935416
180939139
180939595
113041514
180938215
180936449
180935718
173136778
147975885
252891667
56524055
252891946
139107314
180939018
180953856
180947148
180950909
180939654
115224369
178057117
262790044
258034731
77203648
113496023
176270855
262991178
262076904
73585420
68985101
69838953
262991237
16458058
262076865
180951736
198127990
204105566
127220537
138842786
127220735
127221088
131182941
136136544
180945961
176477199
180952962
180949694
180936912
138853511
180937159
197084986
14055149
180949468
145717184
169455556
135474057
214748470
251552232
180937326
180950898
252891839
252892002
252891751
191491042
185654223
185924467
169772180
169772474
169653465
41320527
180936619
180940746
180951628
180940422
252060407
214747869
214747577
180946190
169455119
180939856
180951021
180950171
56540750
252584242
121245052
117570733
185024215
127220514
15380259
20581491
76153955
198899713
205045425
73493435
74208204
72527622
262866342
121002437
206990750
180939174
68615797
248262308
180953833
206109448
180946890
180944046
80947633
180941133
96609224
111421858
180953985
180942379
110845489
162766312
180940509
180949647
201549438
86410851
85313071
180943536
73881487
173136268
180935296
155263063
180937370
180947951
257770781
162521707
252892048
214748545
253365468
202045865
56532146
173711099
182150678
198734013
110872436
180953329
180944590
249484149
180948501
138833308
252060531
180942078
138840200
180941471
173136552
252060577
180941930
127220954
180938544
180949752
180946731
180935693
180936955
247394009
112954825
180953033
262476488
197860391
109970681
204761790
195434646
253062706
263028867
201872399
261990909
263272232
73493254
50362144
68669337
68669348
73493385
73493381
31909229
81355856
152384965
252903133
180947316
259559277
259560433
262653409
253231008
104900845
253052800
253127346
207810551
195351526
80470677
184802011
177643490
119412515
200672841
125572887
186738811
89646774
214747508
16334500
126305893
216266093
28724427
44295063
113399896
229997789
253052855
32267968
14993067
252126673
249129934
179970419
58179182
229823986
108990753
173135571
215874867
215874580
49760630
133246430
69145344
92556239
26470074
55790887
75960157
193686209
168868925
36380664
15673077
180937794
190582580
173136470
109194332
137543514
46633939
109191062
201677522
214748372
173135844
92556438
214748237
247441603
184801587
112984609
133930466
207807312
191575149
23225726
214747725
19563643
121244288
13000028
23305443
90941289
148804289
200672652
67907458
251546630
91207514
23305467
174628060
108972232
207316839
184801948
55967322
19775008
92903384
173136630
34212483
147974403
23305459
45859059
173136804
180936537
185351180
181102217
140575143
214660781
109113174
181102222
200672832
85065959
85084232
253052812
44055766
83920575
253380015
191604643
106672016
221414113
214748537
184801881
190738233
51064923
193686412
187280340
105301973
72680606
214748477
77558364
87108232
46632155
190081105
248329865
53234295
252570823
193043903
92911008
216248377
23305451
91606516
191412624
216255120
214748585
191604403
173136571
253052881
173003508
137996578
217410555
188541781
198538352
47477981
77618442
81378669
214747691
204039419
194851443
251575397
148680018
253052816
173135624
127372595
23305454
204816385
204816470
195245802
157652742
148679886
7615132
148802527
176283348
191604281
173136706
173136708
113105820
173135894
55967203
170820324
249577219
58133806
67096696
138112171
213966687
253613646
47490866
214748514
148680097
77594697
206944819
92556437
23305453
198578691
25051016
83378771
113496025
98120192
206235288
108952309
184801653
23305461
22170581
127196208
147974394
74865380
91605513
46062080
253241187
45600610
127120438
214748367
214747450
77605587
189266387
55967272
173137170
195344194
171327315
108969535
108973855
194473772
49638954
74935098
251403615
145881932
92043700
43841878
71172067
110152599
21932762
108970291
260673489
105602609
23305446
214748575
196797457
71663809
17943957
21480594
45606515
215999843
195528721
20025493
77702162
51717452
125341622
253240506
83489544
80946660
173136604
214748613
173136657
198740685
262734847
67955680
214748452
58399103
113086236
174128272
56542599
214748608
57363375
133246473
41593919
55967069
214748638
121034162
174626857
179971876
16944583
73258714
173136860
173135551
171105447
190725681
73841027
174628560
41015490
148802617
205304522
23305456
173136519
215874923
92910872
216960496
75955969
23305463
23305465
57325595
208680628
59314823
212989205
108973072
174627398
151490213
127459302
121244363
194851488
215780426
52029892
41588946
83429611
73156109
172989617
50387204
74676905
195902807
137181937
166413291
39962236
168867223
108996941
59761136
77702135
91605621
147761118
45882544
242100149
251552279
121607880
92904416
180949399
55056227
194851437
216246363
67040550
184955369
214747520
253419862
198984640
68034829
57166181
193551409
83489478
136802651
214747576
248498974
74177539
216255115
202876874
58423290
77597700
77756675
175549421
161254076
106671966
11658541
180937793
122437268
195955466
260107902
261034886
46817608
201549177
215874690
214747868
167638316
113094777
7615136
162089207
16766060
6403897
152385103
17898845
59772214
251551420
207807265
160835824
209413245
216264889
138327740
160660768
205304394
216245652
13571013
177976153
80115984
262991192
14055143
215874769
162089179
55094213
216264877
173136291
215875068
222513607
67955050
109190921
19369830
108989950
235738348
202895375
35202481
22968113
52757046
195660850
209412995
179971449
145789614
203016767
79323265
167647691
209413267
80947657
209412825
168867532
209413200
209412906
215874684
209413227
247904725
205917159
209413013
225910509
173137100
197861821
202224457
202224522
178102269
216389790
217198940
253299688
59315060
173135854
175546611
181808789
170780211
209413022
252886852
214747813
215874921
77895448
180941889
249389715
214747815
214748117
209413070
252126405
80947343
252891903
56028246
258010371
205984096
108972422
108974185
80115989
109223980
122029679
14663091
173136621
191081326
214831549
247754947
196789953
262972139
176270926
184853374
262991188
262991229
263271835
202958313
73493417
73493244
113495997
242648261
257861220
195522216
66988607
229003018
263419146
80947159
140569542
191304553
209412843
86415148
208374013
166031976
74174916
235750988
6934105
188889336
68049552
209413108
217197018
248108598
217205041
209600702
202185844
216247028
180939254
209412816
209413171
209413162
114251130
209412921
216255102
221238205
209412890
103958580
209413079
198733725
192860313
189463501
94306248
209413088
80946998
216353843
197926661
248914143
209412834
199646706
196338384
209413091
253295065
209412968
116572663
252891782
242100142
77895443
79323293
68554775
127461625
14978273
78554187
58355753
260668229
19369031
17578371
257273637
262523655
75026173
75514606
225176710
91606893
176271002
262991165
262991175
262991158
263271877
73669614
73493236
12376433
12376409
242648091
248329294
262076939
216266302
263406039
263393303
249171549
209413180
214748624
197749879
207699959
203586629
178950467
135474005
155021788
53777567
77163333
210425742
198538377
106876809
216354050
259535207
166391883
252886805
103093771
217200297
213692738
198040855
202224598
214748339
260644153
122029670
77895433
78554189
77702199
214592257
189464124
175549320
215874693
216274694
214747710
216274767
6498399
130695990
184801994
209412957
198538342
209412863
216354082
127220838
216247004
175206416
77895447
121185490
17577503
214748417
109320019
248853428
197926679
209412980
22478952
173136703
58742064
148802666
56863289
254077157
209413109
258010246
205304455
262991205
262991222
204039429
125568033
263271850
208307605
252628041
72886144
92019819
46781164
196800125
213519148
263406029
263406100
263405992
263419549
105302219
209412900
197926697
252125971
214748642
22353612
209413303
80947642
209413191
105301745
209413268
98122097
216248576
248264571
214747611
214748714
217198910
202204024
202203115
202203636
202224649
209413060
27853221
260644143
183921253
74213285
17578102
59316501
127220390
57812319
126523756
11631904
77618448
78554191
122025877
77895441
57031477
200672629
214748484
214747812
198732163
209413294
209412930
77618444
80947672
209413027
126523892
180946925
209413236
216246232
207699814
6398297
216264883
209413153
184801848
205304397
209413135
165676737
118257645
108969882
148802507
209413138
187299357
113103109
207807220
91605227
73159221
37894877
215545095
173135889
173135914
10672976
262790057
262790034
262790066
259560006
259559392
262991219
227545997
207810553
263271868
263271860
74678658
15418653
12376370
242648479
93935635
108997043
263406093
125791265
167648011
168778666
165675857
216353963
216714292
208099482
80947433
216255130
216255124
80947058
208098648
172548677
260673536
173137168
121607755
68247024
78554185
19369838
58735410
108987045
259557556
55658763
252891820
126523796
170848337
209413285
148802531
19285703
83429653
140569488
249816896
197926670
197926688
180944630
162089183
214748460
225362788
194397914
180951810
57850890
209412931
22968117
216354023
209412948
204731907
214580208
216389785
108970330
214748546
87135916
209413126
209412854
5370859
35361895
113496043
207807217
146931819
262991231
262991174
262706655
262991221
262991168
262991164
262991210
262706982
12376360
12376459
263294681
242647443
242730524
108996780
88249961
248329841
216195341
45895070
259562783
87159353
215874760
209413040
252060424
115344713
215874771
209413254
6398209
6498391
209412881
198929713
80947879
167644666
248264986
80946673
191268157
215874553
80947444
205304480
209412977
216246981
180953904
163170885
209413209
191268204
209412872
146250078
214748580
242107268
252060472
251550482
247295577
186315471
252786835
252609026
10131103
91605688
213665779
216266512
216353931
50297057
77895438
66746244
75512170
77618443
19278335
47349547
77895445
52724918
251014497
253162411
108989681
178950664
260216050
260644172
209413218
216264817
12376393
209413049
189657570
209600717
202216995
201687272
206605201
209413004
37893268
14333871
202475514
6403863
12376382
262707173
115882047
109028628
262706934
262991169
262991184
116176230
214761322
242732785
87735966
45689776
43113086
262972156
201252159
80115988
263419577
10282180
253300592
141772350
195661531
200004811
92556356
54804153
43332274
165691580
77703967
249390307
198241180
132809193
56852372
11592388
186433485
40925090
253299545
191575528
196200944
117808890
50016452
49185590
229827251
92555535
117089659
2282077
120803166
175721295
39971477
53716263
171103659
14678287
14971741
57320319
213653706
203013681
11584781
174609204
196029170
15283637
253231362
12121005
199010864
21602030
215875176
114986573
19914809
204216103
119285138
161255955
213669619
247438680
27768708
57363054
205538362
147891493
173135794
68820696
109692868
173136276
67485200
158646245
11632785
195697192
19665233
36295805
117505125
41589701
111822517
186598872
55194615
60228252
174858049
173136976
199024699
207373845
262049399
170062515
203996366
23442425
44138411
161255158
77563292
206650899
184801845
247439343
165690336
45313221
77702125
252605522
204217189
172801282
191575930
165690812
114818612
158009424
198916751
117576510
74386772
40298016
19915685
174624114
196029288
59388032
204226075
177145166
203006659
203016380
56942926
187274484
173136459
74864893
173381697
173136125
161255770
68018705
137732642
203020410
121258400
203013090
100924171
196028442
100083640
173550187
16626957
44626263
16451250
77447820
72542729
77702191
216354237
56890447
180937274
55121085
253230921
191575756
17764690
195456493
247904653
178059561
180936373
164222265
10646729
66635090
196201473
193012356
174249151
253052776
196201683
196028877
188899019
44628830
164223459
251976371
191283188
190755019
127046213
190759573
91606252
179489860
26474663
191826461
196029365
253231118
203013144
203995632
156175133
75715831
178043631
207373611
20581596
205803262
215897959
44628802
198735197
185353464
172800585
119616212
215874469
127120173
196029497
92556334
191081397
52624330
196026346
203995841
216354164
196031491
182095697
205052868
92946868
191268546
205052707
203014909
203995723
196201599
196025749
117575200
172971052
68619743
206648959
136539487
214747668
171702667
196025661
204669327
6364667
170065460
187607405
244160140
252396292
244162512
114818914
130757189
158009682
204669176
203013106
15675982
191579913
71882182
198591722
196029570
185352214
170494975
112329165
173381174
77106570
191652514
191580531
182095238
206651391
206648784
203499370
203015231
203023390
193433602
132837462
159828148
96480423
165691515
202877145
14991970
174253389
160653744
68268671
93347464
247439298
56742429
191580009
15330982
201872468
77702201
77447934
41903823
247441451
253231096
174609731
247441943
213653651
146490617
127190249
191410475
196031909
253231277
152341994
244163352
11653954
196559331
191581043
172364248
196028318
155976063
164221806
242098963
68820531
191672316
157609213
177137483
193433476
252425682
184801627
203016570
173383811
173389716
214597919
127119955
184801940
59257028
13576802
206647237
242093803
198292340
14617091
188900313
194851391
203449342
187610913
174627357
252125806
125178675
113624300
49165793
191575709
191580430
86743831
56929006
12119690
56321416
55101390
262456642
203584386
244160619
193314779
126302839
133246333
100916859
17924586
77597697
253295137
91606414
253720773
14982107
242092356
196201730
57272550
52692751
187608080
8251626
19575860
6640043
198538354
206641740
244160745
139496458
57381483
216960472
11585143
32847880
155975898
178059388
117576454
173389904
24199269
164220304
84202293
251551040
242093723
197973341
172969032
206643799
191575997
242092482
138110653
225379648
242092358
179972096
169269590
253189378
32905818
26436689
248898788
259397943
74895000
195697117
99038943
186156710
203016474
12024860
47141311
177140372
171104752
152384874
178240730
259561114
77702197
186436632
71655514
191958396
32905853
248259979
191575689
203003749
49724699
115811472
57759301
251046236
248834752
169091182
249854378
202499334
195971087
31447601
186654779
196022858
255361872
56092005
260644139
252908686
203014930
216270138
206643103
173542134
172990361
178063670
260736270
126523806
55998353
11631359
50242845
213669945
66635585
258050982
263295071
55703581
76213027
109399920
89675507
193413843
247441800
249390416
249390253
249390384
199109659
252605794
203009557
203004198
92364960
251046237
198538356
212987531
73606942
175194647
174609369
196020086
258003808
191500137
186163081
193510557
206643695
191956907
32905801
203006164
202042269
5370863
91336279
203016342
139834617
196555256
249389918
155976225
198538347
242099058
252933806
185483919
180975504
50243072
91606528
262605337
157616358
174609397
262991186
116588153
108971466
225958756
263391782
202876803
242093427
206651336
247439224
126523834
11521890
193493306
163170992
255368794
191500108
258668409
117570645
259535641
196022095
253059646
50243126
14662896
196021878
206851343
206644812
201632581
249389879
249389893
249390329
247992938
150387179
202878180
143227342
141654149
117576541
145397260
155976017
206651582
190170002
252912260
126523755
186073459
126523784
49723657
205052905
92947404
262991233
166135672
253364495
77702205
263394746
263419533
53231172
247993409
191580064
244161900
102112188
53968080
182558143
253293505
253295111
11252600
158774700
177138933
254080345
21049608
252795158
109809673
249389827
170064220
207252363
206648518
180948604
198538328
126523913
158227358
165690968
216354392
206641898
216899515
191581544
186156723
242093752
6640307
253059834
93215093
197578736
50361898
150550244
89702555
33008248
125791361
149586244
57382707
263406157
120354570
206643273
203003721
248259656
196025271
49722369
14617099
57362664
76277248
78282478
126523780
170064995
206643749
172248492
171702665
203005329
215870407
248538599
126523905
126236689
253720948
77751876
209379703
249390100
249390166
249390219
249390683
191579425
191574996
213653687
117625341
225910502
248834089
191576090
206643616
198089293
203004119
253230995
253230919
200700796
252909126
177140345
117089763
173389605
158009532
255356236
54539527
187302292
196022553
162373122
16456248
177141846
161255873
262972099
116588147
50361902
263179357
198521068
110729147
263419591
191580494
163171110
191579760
248538507
248913711
52032788
14617107
146490779
99038031
191279368
191579811
249391037
249390020
249390143
214747846
150551525
252409806
253231097
198303171
252912046
83924068
191500124
205522321
255356297
252418841
47348370
10283651
174624191
173389218
126523921
99039034
198306227
176691768
255173758
133246941
252607115
57914093
249000582
19577659
180531707
178064971
262972133
262972141
10008884
262991190
262991235
173903141
248902142
249854884
225936052
55385625
120373224
263394850
47028462
263394831
263394663
87378706
68683874
198089219
41607513
44984947
210510083
175721258
253231073
193492901
119118041
29569572
173864443
179971902
190514311
91605137
193012077
203013303
198088407
225264327
181777325
230366633
172981171
141650845
199010778
127120788
112332893
19730755
253230910
203772665
173137264
253052720
177145656
180343546
253231333
165692033
247904657
253295125
191299214
197239779
172980857
172974316
178475654
159828335
197240433
198089121
193492872
45352301
57350665
193492808
151491554
208099333
198585302
177145457
77605593
114818656
191571678
52386893
203449384
23227088
193762194
172975214
193494869
77593549
198538329
117311563
198538373
172350529
58038093
198538368
2083107
17004150
257774971
91605921
162177010
14931656
117089903
155933337
73586052
198087917
172975487
196024896
198087775
202938310
141652568
177142554
196201822
141650979
76051672
6330663
193508538
191579889
206651658
163170865
182457270
6330711
216356536
177145537
14928559
138111332
141772442
74192893
191271570
16342171
56701657
244161494
28378098
253379879
190861669
56049392
66709448
155564916
194003686
190861303
96915478
14928783
138111998
32865478
187607021
253298155
182095797
205113408
68844720
180343385
253410858
76053380
205387472
253563171
186156734
259520531
259482232
76233129
163716576
155552023
253293710
254079921
187608243
14926615
253058768
260818174
116588130
56699896
259519988
260820195
252685656
200672948
247437469
191268266
187927368
197173500
198538316
196025186
241672987
56652897
113632993
229826310
34705638
34705825
174609234
253299380
28162297
141654128
191268391
206851376
197973015
187607015
15682259
174609960
144309937
27731882
146430017
196559401
91606756
191298225
173389698
253168755
195709116
191281495
148802491
253230990
161844759
80947316
178247190
207708361
132847798
179064080
120109602
145062288
52280942
52403129
53061413
199020553
50227034
174627304
72168747
200672770
191271048
193501371
195663553
197836586
53398676
53394482
212924250
241676938
106349033
32370612
193511405
74192885
187584882
191279160
112687878
253059509
212924708
198091036
6582357
169847354
252579747
53426133
93347042
187913632
198538339
225264296
164806710
113633634
205113393
249085164
193492896
178475761
91606236
253420057
253168681
131880831
174857885
196200303
173799949
208062910
247438722
191299403
207252345
199113311
191268287
260668101
203449390
219462011
191958648
249389756
126523909
111242436
203449400
181170950
253188179
139711626
180536192
253378321
263020992
55079696
73493470
49592442
242732853
259482525
35373793
6556563
191574181
198538322
109339683
216917604
253231335
202880279
155550610
196034850
214013544
203449351
109854387
193487212
178475800
208658065
91606976
91605886
14713947
73585352
186161475
12341235
263406155
19242356
110729099
196028784
180941380
2282101
259534963
242091794
106349487
10122904
174609828
253293264
191268740
136522914
182457165
190861046
135474205
208099381
10390129
192376306
73549142
242092004
91605332
178247619
262790081
73585422
73585360
242873496
191299900
263406037
162105529
225910400
202878338
247438524
252069412
204997048
193011769
253621793
253293280
187915115
178043921
173548764
178059401
203449327
169655149
215875171
191574836
6580931
204888353
258007811
131879932
52386892
259520777
252912771
91605739
260819072
198088988
187608267
119616197
174610298
201872467
73585354
263405977
53060967
193686340
52386896
170144097
198538331
49700645
56698800
135474187
191275334
52386904
249390874
191268674
247441854
254082650
75635618
52386898
15281066
15945921
191298972
191270329
151803837
251537096
251537208
203449421
253295099
197173508
197173559
187924972
178247203
21369899
109400042
260819433
262884747
91605564
197580277
193708552
197628189
76183731
263406120
114818910
198084825
202882865
185658452
191574960
34704951
196200922
193497031
178059464
261840231
253560833
252917366
253230953
197173480
197777432
253299158
253293717
203449293
114440458
76052031
198040826
192377864
91607015
203449322
91606386
242732893
174375196
242733132
263406102
108992314
108992192
175901421
11583753
165691992
215545039
112947386
196978995
27656638
45470348
151489423
181782874
253231076
196990796
196987803
178043559
181453424
137834230
138111503
14384836
253293719
105301729
173550998
196202021
55098952
192019768
100918583
91605402
106043078
25475364
91606479
172988229
206649472
244165922
174382915
243463759
198088212
178470877
192919330
214789479
174609525
182457282
91606313
25178806
74978831
244161062
73737265
91606686
114275102
113397742
15973201
113406674
247955003
91605993
191444675
180395532
129792629
244161080
244160141
113633060
244160490
244163219
214660826
253711151
114818719
75792644
11783749
24935174
193511245
11583926
199992988
196984887
164084810
53056445
200810937
19632584
242091586
58162121
74814603
12331759
19632578
113397687
203449328
253231236
205831669
195111582
32564373
242099744
25492179
127220511
196350339
192522191
242091766
178058888
216868047
229830969
242091588
193686400
10282928
95138871
187606844
32261663
178064837
69001411
185351692
182457137
155976058
31980736
237844542
259561113
113633615
198087424
225910485
190861004
10122357
203996875
203449359
252908914
257771589
145062485
172989856
258669902
27655641
262660277
242867356
263317144
263443475
263419943
13746884
205051709
196025082
190860965
203449389
253380707
253230941
253231007
253231119
262057305
262605040
138111259
187606772
110357076
252911677
253231034
73585380
6354477
263437503
152100655
216868058
80947443
242091557
214660835
196200313
192019784
192019754
203449374
217574633
77032534
91606883
200833108
207252704
263436276
263443481
263419893
225936409
19632530
253295083
6360119
108993985
260830072
203449340
19632552
12397956
191270062
253378453
111242434
192523960
91606452
253189144
73585378
242733159
263437411
191268951
196684255
35507873
260814055
217196744
191269069
19632524
252126236
251546659
181452926
193044922
91605383
262604976
242732632
242733614
83872234
263419986
106349648
163569073
192536965
115264605
28298696
28298700
251537500
205030952
209266550
106349263
108993517
108993200
252819424
25651414
203449320
100924215
194793934
192527080
255356350
181452389
262660844
263179300
91606393
21909766
263437439
262605031
215548590
198285050
178475307
106044900
207922960
198283340
215544034
198283578
174622753
200672537
155563358
178062821
12419424
253188968
145062314
253230890
207252292
106043196
225265089
198277482
203449419
86742138
198435100
106044787
197161964
198276184
187802669
198086013
198435166
52402151
106043025
196026416
253060125
198433352
203998278
188694613
158774598
114818847
215549003
253231169
169034144
75514532
106043248
198277905
243497692
188694592
192019854
192019739
171022338
213558623
114818715
204001035
64354175
52281309
253185803
190172470
217426132
105987503
106043946
198284907
192019844
198284790
253298014
215548565
186120329
135474103
108263417
179973236
116588128
52489438
91606620
174150662
91605146
53642419
105968537
214748065
163568672
193439436
252293495
254081987
114818826
52610893
213558558
192019766
155551241
192019852
198283495
70822820
198284879
160843256
170067478
253168575
213558601
193315685
114818697
193439277
192019787
113633483
94583131
253189444
192019791
147917206
163280965
147917967
203449248
253189005
198434929
91605095
253230868
193439338
192019781
91606317
182786455
91606347
260644114
183040667
52601301
254093327
111874229
215548647
53060773
192794834
253187894
183042890
253189328
67832598
19632698
159828133
174609383
91606482
198283481
203449329
171022696
255076044
12418007
135474047
54623705
207252685
155550625
203449353
182457246
203449332
253230979
252892035
6396925
252126227
251537197
192540372
213966691
261840233
198283381
253231122
87668335
252090353
143061076
192376695
251537171
163569332
180951240
80947450
149880408
58424263
67835916
174609833
6410687
191960004
106011098
106011159
214660841
182457229
253231289
203449460
182457182
215123305
242733397
242734102
186441127
182457170
182457097
182457091
192374196
199946031
214660806
134863431
6336777
6353985
6640121
254078982
159828137
213966689
251536628
157662106
198103441
252605288
198432769
242732868
139101841
177552523
196684023
253231127
253295130
253231432
207325337
243422022
182457199
203584817
192795606
187805569
192792902
192795292
91605547
262707908
262972118
193446176
192795945
192368090
113398534
195340234
198327578
197892624
252126687
54119407
56098118
203449407
182457166
192019761
106006139
253231084
252908589
100104621
253168772
262706820
214678277
242733393
242732897
263394959
6397255
6396703
113633308
235855456
249390934
249390778
199141343
192019845
182457295
251537120
159828050
193061783
111242473
159828035
136076593
242732396
242733119
191081306
210510172
190575800
214748593
205827812
248912678
197647353
196037327
53013039
257835377
91605077
199946121
204005234
67844575
197212791
126310152
253107701
253299473
63233991
243497800
215875055
177923488
182457309
157603712
77032178
213966699
243082094
68664773
186189088
201872486
192019825
253419933
262787570
138112078
259559670
213966695
214678270
203998508
203449335
193413757
190755348
91606376
190467254
186476103
193686668
6410739
49936490
252891715
52277215
213966693
179983668
253231353
214667858
242733538
16262680
16294777
263406161
178520339
174445563
253591557
192532036
192731404
130458740
243081888
12728871
214013543
235877570
109339973
263021001
242734271
242733015
29892948
175839770
161217733
170851270
11370571
16262682
16298538
252913234
185001687
251537074
261840234
257773325
253231322
214660794
262082649
215118782
242733785
242734286
252126086
199118281
216899549
214747837
253556041
252912359
203449412
108429325
253231082
242733976
242732486
113103101
253230936
220672845
11654565
253230895
253230913
201872403
249776009
214748636
229820975
186479785
192731321
204000768
243439845
216917588
198538319
249775994
159828105
243422141
188694620
243494254
161237457
252038000
214502517
253281971
25475097
203996779
243477614
182457121
243080781
253231098
203449405
204669256
253300132
215877946
253309121
217769076
178770052
203998093
199946229
159828058
203449365
158898850
203449409
230281828
253230922
203449306
252580155
215876735
258670034
217767330
203449380
249776011
196200989
225265033
252581093
182457262
230281267
159828034
235953964
199682545
50227393
235882865
253165415
159828044
206851172
262787532
249802514
15287718
192731375
217426274
253231069
252891687
257770361
170337659
100917125
91324515
218754356
252684599
262787522
158210217
244166429
249390737
135474163
215877075
157143027
16867009
203449259
91606700
159828091
262787549
242733240
192019750
215876894
215876049
203999316
249153196
253230866
261840229
253376447
159828134
253168562
242733753
242732608
253376220
91604924
203012930
58408943
197419551
177302128
254127293
253295104
253384125
260644130
215876950
159828122
196927330
242732652
214660827
135474050
53999464
253542871
126523819
203449266
253293080
190530077
242732726
242734524
242734665
195341147
113737675
215875583
215875271
252891685
159828291
262787564
198523752
242733854
203996074
203997816
190755207
110170708
215874454
193686805
189684584
111323472
203998768
203996417
253165665
207252290
193044911
215874273
254125762
192019783
56116709
91605138
192019757
203996102
249696731
204669197
253165423
189684550
217165905
182457103
203449305
214660815
203449357
222624721
207252316
241588711
203449395
205051627
203449262
253410666
196600552
108286494
263443550
190755295
173878354
189685445
263436011
193617580
200653597
253231260
125636312
198373271
242732335
242733789
242734196
263436135
203449302
135474039
16863563
253231151
180974996
249083782
253231364
262714959
204884851
72460946
191446251
243497702
191446768
215874263
208906728
253231336
135474006
159828322
204000054
243425507
159828032
55625659
249776326
190529524
202882732
196924562
91606891
241590600
254187544
35362232
91885398
235797087
126357059
217767252
35349940
253187863
203449347
192019823
247890447
197641815
214016457
243080510
91606873
243080634
247956003
6369815
197106813
198538338
182457164
243422434
197892459
162771996
109340461
196234383
151922856
6416841
263021008
151933917
242733419
35365982
252126766
254188264
203449349
244164907
253298145
91606671
235885760
253165674
6416719
6416545
199614012
253241426
151902752
151924358
53238725
199112275
203449312
253230959
37287535
203449252
236065246
198538326
203449417
252578614
186069280
216918660
206851133
257770485
182457134
253295097
192019733
182139787
257773948
6395121
52700535
253585728
186069322
80947075
253231054
253230870
52698422
253230925
131342876
201038672
6395453
229833638
103551021
253230896
92664489
208907244
241000310
26159327
203449432
217425151
253188403
253168801
192019734
208099422
25497525
253230935
52487262
253189303
182457160
190343964
253168647
154988187
214660821
253168834
237621254
253543917
203449257
253230933
126523787
253168846
249698112
253275555
253587942
253220780
251546513
253299586
182457272
252933684
243080493
131344119
253300284
214013556
253377640
192019819
203999125
253188547
253376690
198538337
216917606
197638446
230272547
253066139
253239049
183337309
203999195
253165366
253165273
253071087
182457105
253065562
242734526
186275020
215873718
253295123
76545433
203449246
253165332
192019842
255076065
247255013
251451147
203449269
253231048
243496829
172374650
182457257
196598214
251276294
251279213
253185147
182793538
182457117
203449403
76119568
253165637
131342482
262072667
159828240
263331962
262707804
160841308
131347212
192019850
91605837
252427022
252683459
263323959
71894603
252581024
216900102
253230909
192019834
203449256
203449268
72000661
255076068
215118766
253230955
253293254
203449337
201872481
145449447
187347722
184282728
125743123
184281721
91605124
192019778
253230864
6417611
253325813
91605841
160842154
6503629
125660132
249881328
131344696
253230862
247816215
159828268
216900116
253061606
243051757
243497764
6457625
253297860
68642962
243060053
252581065
80947055
243050684
6416633
242732880
68642251
131342691
149880898
186552647
242065555
214660816
91606131
196581991
216917590
173889040
186441888
198379300
169091304
242733720
192019837
149880593
253369302
216917012
203449430
253376039
235570508
237548529
254083228
207252706
188446372
216917583
207252279
253542483
237752728
194041517
216419139
253543222
242732865
184920663
201038727
257770159
257766395
229824834
140956879
207252368
253248169
189366244
189363608
229825801
208099453
207252277
253185491
67851844
203449339
159828164
253554461
159828319
174037367
186471220
251546864
216918646
204281806
248689678
253295113
159828266
242065557
160760380
162516081
253293238
72071149
201038718
253298047
237587983
251546978
216899560
216918665
201038747
243053320
198379745
253293242
253547663
203449261
203449382
216335414
72519789
131342769
229835577
207252332
207252334
242733891
242734521
208098933
208098977
216900111
74196355
207794304
207794512
227534879
216918655
6422611
72076047
72076888
153604298
192019753
182457307
253060226
253188874
237745414
251537516
182457123
214732858
102890986
214660799
101197062
125668250
160945682
125740269
107769731
216333814
126523813
192019843
53089376
230199894
182457146
237640788
263021037
54474511
251535263
165707980
208099021
159828238
161937321
165922068
215911470
126523848
53034799
215911398
253230964
255317531
208098965
159381444
177961898
261798167
253550897
201872490
126523791
247806300
125740014
208099430
133811454
125789594
229832170
252409206
73719188
72677021
205533194
54473123
102893889
126523935
207732939
251536522
99541325
257835459
125652870
207754885
99611670
99615702
125644058
159828479
100082075
216232021
125640276
216327188
125664420
101187569
99623716
125743013
159828060
100049337
159828431
213524448
136016846
215877078
208099353
229834619
126523940
126523805
190179912
208099368
207252312
216199524
215911378
216229423
117068758
217263142
64710510
64707791
146507723
117068671
53034602
52892309
217417094
217419305
61344630
165916898
252578583
207789675
207792341
253376704
207785019
217419847
220684167
261862020
263255088
217419812
130287426
263250328
261862794
207785474
216327247
181991802