12302729
523967
97619675
25205424
74744288
191779033
2691617
206715256
2361077
191779914
198285436
21061010
253350379
436507
44860613
21113587
54000324
21113581
7569965
21061014
118522601
2061515
44860419
261994627
262852588
257925146
2371023
109666040
48984368
521970
247902531
103475286
58710084
2202937
2175873
195994013
202485032
48755068
70656388
2378021
57791669
191779042
25202396
122521794
49994460
197388056
21113573
249825908
74451604
191780675
192333577
74744249
21113601
193101778
195696929
1384883
35778291
34753728
51471131
44605282
2499719
44605344
2377651
317659
317675
21113627
331555
51422931
2499695
89481471
2209025
74744278
73766414
74744225
50078738
317650
2691589
2447819
21113625
2378025
44860274
44605366
7574707
317681
48552824
173449510
2361189
2465213
2361221
21061018
88043492
37794709
317668
261994775
74744223
2377805
317674
317651
317677
317665
109593826
197897305
317662
317684
317672
2208949
523478
247902559
2377535
523476
110126370
109852185
2175869
70567507
7677881
44860317
2361211
317670
521974
110126362
160402337
109593822
110126335
109666030
109666026
109666422
21113623
76378878
23009388
21113631
25202398
170828312
170828169
198285400
117374926
78907780
10766571
2208173
71043358
2202613
2377781
262852648
2378017
262852632
115936287
2209229
263388466
198285420
109666059
160268654
170828266
170828279
70543371
70565233
263179622
48984040
58711268
50322775
178832070
198285462
174533557
110997937
35777516
111030373
317679
262852606
2377679
2377807
21113619
19830352
109852278
109666024
109593820
139989742
109666022
109652149
129947548
170828283
170828252
170828198
63939239
10768585
78907656
46760857
54021746
51990877
58710300
2208179
97650352
2377401
317661
317667
2377801
261994769
58341750
195696951
117375184
317673
317664
2370999
109666032
109666038
183682814
263098543
2202945
193101786
51626945
51627070
142395734
261994681
58339252
261993419
317683
262852680
1384851
2377469
2465295
2465291
160402432
70527531
2208587
10766661
10769858
5851519
51591006
51472780
263179594
87045221
87636081
2675929
89481477
55287980
263098510
2378023
2377999
2377799
2499803
198285448
74744241
2370987
110126374
170828287
170828254
170828258
197652315
70524368
198285563
198285549
263099036
55286416
10768858
51423303
10769766
51490741
51470518
117980569
2202941
55289374
44860377
70584660
97631481
2389623
2378039
111198348
261994700
317666
317682
2361065