262977989
214493090
11475738
170490702
50783116
31568245
487001
108327033
11850357
100105932
1228399
106365087
26665880
261025465
25688274
201855074
104908726
190751010
244168843
209605630
247412722
200649575
145500758
177234550
95866394
103794760
87573892
243293368
113528599
145757338
257866383
253090970
208906987
195192129
159050447
1256317
118582598
181782957
100285563
113396512
209606074
101352757
210402018
80920029
146368517
205807566
11314516
214122715
192376840
251547351
531118
7628651
243300009
243300466
95472038
89159816
246160430
95866422
248208240
73631582
84698738
258509039
14338392
181904620
243300285
252714229
70016680
95866375
251577304
494199
195192104
181783036
3605393
118582551
3605419
194784249
91759395
178787352
47964885
203122576
201829898
198537346
198537334
7644882
164534285
209601948
7706030
95996133
202961701
109982874
247679247
452707
122529197
14338800
95866348
253629680
258509095
56267222
50783108
225911919
205840387
89159771
2428429
253346386
160094903
163553768
95470774
149463234
190743209
248210245
243422449
203216770
181904590
251282548
3255859
51971290
209612568
221515429
12133141
71682528
541139
23426460
3247781
206474611
247883762
216933907
108231098
8113539
66769417
201829297
199101369
3266415
203064715
94851869
181657152
5821831
44604648
209613213
95866384
118582491
10705581
10639004
190337598
249029550
242658983
177056183
73631657
262045008
247655152
205840295
10810095
533036
92551734
174182722
181904608
184240479
181782970
249640068
246770493
32439034
262043704
181782929
209863881
246206209
177272872
254139184
1275123
157579052
174492012
33594557
249639795
346386
145759931
210138117
48462073
192951014
181782933
48751641
181782909
125236170
201832650
148811488
120183215
181782935
122494199
11356045
459106
262865768
262975695
262865590
197647896
100285558
248206704
203190459
260402435
258509051
250099452
94903589
181782903
205691630
181782985
253295067
93308807
252543490
198258854
89159555
425354
202782379
192360632
56736330
197530500
10709878
250077792
253346380
262045659
528910
107428026
243089292
140221943
111332642
14546127
200848698
251791625
243089224
250099758
127692099
168964840
105660588
225386615
262043714
253468491
126075871
207563860
11474824
251888915
209871113
210398864
213865036
257848293
210401903
353329
14082432
210510562
253346376
253785900
189494357
138049945
24597082
248772187
56267172
52123365
172949812
214189347
243808354
262043711
262043706
55420893
196235911
430327
189035372
37468754
205785561
174509034
251394899
12136869
396975
243808361
243808352
262045641
70796562
169626387
250540737
50783114
184414000
263352015
252850897
263080891
247286304
96991576
189658219
217147851
250077350
199958131
198228619
251813043
197530264
8460220
263352028
36701542
37939490
36700908
187843361
259512682
248365860
217124787
252676278
106150814
199957913
19251112
262676949
50731579
181938690
259489563
263352010
207563858
108716696
109882306
250078148
259512690
190632330
254410495
215122712
241482426
180530958
11126022
262673732
243808357
99056725
198223868
127591194
196234625
100923545
38290716
259512671
259512693
77560670
198224061
11310789
109982872
196686938
253346382
262045652
262045654
197647795
36701185
99056519