115750096
253322211
2027177
89314604
91985341
132304475
91985189
3320501
89314902
89314598
91985787
31587456
213949411
253182461
131165937
430508
89316076
91985793
647932
91984859
58839773
525603
92004164
102552263
651251
91985263
129770958
91986181
91984768
7202821
131165929
160268694
94277362
89315486
91986116
89314895
91984656
176432353
90745201
129947556
247795155
213936804
213936778
253134623
2043809
1822107
213936798
346689
1822099
213936802
160268751
129770952
89315884
91998968
130439473
3215959
91984580
91985509
89315365
131165953
89315976
91998841
89314489
89316177
129770987
129770954
91984654
92004153
25679146
336331
87567918
107428678
2057471
91985497
56212659
93297573
129584830
92002612
101933564
94277378
131165957
91985889
92004081
102552348
129538028
93297655
91985867
460615
103807638
91984584
93297256
91985771
101933472
516546
89315729
92004079
91998999
160268733
129538047
213936811
460613
93297626
43981815
89314525
91986190
91985620
92004221
195994052
89314200
89314747
160268662
91560866
91985131
89315674
89315791
160268761
87660061
91998924
89315065
48984336
91984587
91986425
91985673
102552351
89315983
520182
213949404
101932882
2027223
520391
107759813
213949410
574034
101933103
91986200
101683413
95249852
93296901
160604145
15778692
91986099
2061785
91985773
92004174
91984601
101932848
91998992
93296907
131165940
89314880
101933698
213949414
91984713
89315690
93296520
91985818
101932421
89314107
130440859
22600881
94277371
248760594
92002597
103807691
93297597
93297516
89316081
92002740
91985668
91998978
92004190
89315858
91985197
91998792
89317326
130439469
74451796
520232
91985917
93296944
92004412
94277384
91998891
89314052
131165943
131165945
93296603
89315997
129770983
7203057
160268747
91998988
90522539
93296966
191784527
91998770
89517918
3483063
91986032
91998896
91984937
93297181
93297132
90300898
91984831
93296602
89314959
93296848
91985046
89316230
93296695
93296623
95250693
93297854
160402389
129947564
91998807
92552359
89315974
89314548
89314352
91998806
89314306
89314508
2057319
89315788
91984780
89314845
91985621
91986075
93296545
93297274
90521638
91998962
93296659
89315205
93297842
93297720
93297281
89315837
91998994
108748249
89315227
129770956
129538103
89315374
131165961
89315459
94277370
91998954
92004159
91985741
89315753
93297334
89315131
89314329
91999007
89314830
91985458
92002655
91984740
92002607
91987907
92004404
89315245
90522207
90522444
129770973
129662388
129770981
91985734
92552279
129770960
89315153
120471956
2865535
91984940
424957
92004075
92004431
91984837
91986490
7695674
91985958
89315141
93296711
93297906
90522147
91986153
91984855
89315040
89314013
94277393
91998934
91985408
93296835
92002669
93297956
93297890
89315193
93296568
89314789
89315299
130439467
100384181
92552269
109681675
160270497
160268737
129662404
89315891
91985578
89315288
89315980
101933509
89315913
263105037
213936792
89315192
93297150
22140177
93296584
91985806
92002653
89317321
89316248
92793354
89316235
91998856
90301047
2027349
89314811
131165947
129770966
109681668
87569149
193001021
89315806
89315238
89315871
95498593
91985549
91984585
91986412
91985480
92004394
89314875
93296612
91988250
89314750
91985339
91989174
93297921
89314741
90522054
91986469
91986367
91986417
89315373
90522684
100384100
89315904
91985796
89314611