261993244
262068484
262068520
101163794
209388125
185300652
2465109
262305598
420855
16689408
16654168
15359407
16714077
2447823
253429786
262970648
262787594
2648377
259767861
2465337
262795850
3923343
210155145
52155996
262974147
98552074
2532685
160268749
185296414
262822570
262872066
210530968
249876679
262973768
98387491
97682291
99180212
252648280
2466519
16713204
97550009
100517610
2465347
63670897
196560719
168179471
262851046
263076121
262701107
185262436
249854555
2447827
167600034
253134716
51971123
217477378
52183052
262803826
2465343
250058623
99189837
2465153
2466539
57772436
51971308
2044517
193005465
155631292
100455017
262730580
261113147
2530239
253275442
185290012
2465339
160402403
250336083
249945265
2648379
98370596
262046306
262705657
170355268
263118580
263100523
57793162
193762494
185570763
16711985
111005277
111153188
262859477
111198113
263387393
263265622
218748165
262652400
262706405
185332978
2565241
250074923
185282256
185290613
168051057
168006855
263395191
16709862
160268677
51945887
51970604
262046789
185307511
190238541
249947254
37414423
192048420
102687784
262453638
263385671
209402868
168104545
185274411
250063130
263056512
51971890
263082535
247799372
253206002
7193915
262705716
2530801
263081906
16708391
100021796
262744998
15193396
253118478
262895737
259648275
263265623
263265666