247858581
248936930
2469661
13065337
3976835
48658400
251444983
197719871
13673966
48658394
859053
55407407
169099364
43341584
51376699
2873383
54051756
54051754
51376708
40824600
485326
897989
41492701
21129050
861192
13061338
13065331
1932331
17336364
51376702
200710308
1513855
1355895
14990459
4687533
3794199
13061423
1587281
2906447
57180809
40824596
5974553
17719728
1823525
189573835
17530147
1886279
53924654
2202105
486350
149534847
2583037
526329
2982497
92763764
4687535
4687531
73481690
73482133
1674007
248839921
4687529
225216828
2880299
192949429
2982465
3149769
13941933
165023962
17719704
225195098
15612817
87108688
40824597
3024831
11873727
15254915
5974545
2907277
24015376
857978
3024679
4280013
249659363
4687527
199890148
4889061
970532
1674005
217318366
51957708
194033286
2902225
109109714
192459622
194489313
192453236
194033274
146225998
215890843
249853667
146225025
146225167
57520291
1725527
122817489
146225007
91089597
51957706
79603006
113526775
208103504
91833091
146222965
249785816
175526891
217629785
175526906
77900448
449923
252039152
249269593
38484300
106882809
249785822
229736247
243035322
250052315
214930444
210513558
262463265
149199102
194489361
249211745
178032379
249029784
218748278
215727094
198515442
249760815
194489362
192458763
13290564
2879923
2852761
107462599
146225072
76756195
252606875
214189141
194033279
194033278
194033272
35355716
248773716
146225078
109109594
194033270
146225014
2361967
6332379
195845301
451728
53871388
172024985
146224576
160449161
195844812
247302568
48166626
192452786
53871396
195640085
195300129
120183680
198515269
146224981
192459302
162025741
207337069
252079167
165145285
195300135
194033276
188714272
177274890
198368127
53833202
195292125
201055517
198515220
146225055
189595819
192459724
192459777
53871129
198564387
53833191
115885020
195640066
109109675
201308137
146224830
194489336
194489344
3658755
201385820
195844885
149198032
198515198
192458462
146224836
146224822
154476175
109109678
53826841
15267821
263381026
207841114
109018530
261993080
50414368
3876677
248755010
243094541
76528029
87547362
54053521
201580268
21031780
38436486
143858325
103550551
127077157
158641027
193979870
57761618
54308767
203701749
174037877
216724574
111537689
192909292
193897099
182972777
76175424
170490622
201592092
13673968
262687880
58957235
76278485
253393150
199177647
48841784
51903728
13673964
59107043
260810133
148866412
997549
187827433
110448030
163149658
117595280
114896023
196517619
148760915
595476
224959061
248781469
261823323
66452062
207398344
261825190
262687687
262687634
5087505
185027514
248176871
196001724
53722909
102412533
253305434
109488203
8835161
19274771
109488209
109488211
187827438
186290800
242076129
182149644
252099044
6766205
129911452
109488205
247901934
43341578
19783680
252571325
261995835
148866344
25557704
216724582
214490418
200627662
982037
148761077
132834655
43341577
760251
73680686
74793313
146224278
21130350
646673
419336
25144368
246772895
252138656
149531821
201004693
66067659
43341583
235728500
247311440
44858351
206308058
41493255
196932300
42460486
157250483
15267825
261970704
177860570
5023493
191260641
127032225
606191
888211
199177645
997529
236113770
109282351
215618883
247444701
57911668
57708766
193979844
156824943
161903419
55067711
262812009
67607088
21031760
262452980
262691918
127692450
615837
180103993
262892210
413096
145134926
2393625
4365225
251275423
262338127
683219
146274569
91832896
252574270
179938904
2202109
111711731
262569405
127692472
217514823
110204641
44433396
251275654
262451675
3647851
197657918
44858143
361908
242980613
55067707
913266
253393198
251381598
393443
27582653
194959718
51376704
48543855
248207400
419249
260810308
193099634
57180811
193109496
57180817
134313606
193099628
69177751
249619472
242281379
171549988
158868275
249257140
2119903
83789519
449571
553859
161961361
215544818
76013335
187341520
164932239
190702831
43986355
151645823
90866357
141002531
55093773
4698327
41492152
201122305
247658612
427449
262691831
262066005
134313604
22643187
152700527
106605693
1471833
183250421
193109498
111537683
247448854
260810296
423272
55605406
183551343
907708
2149567
1823527
2906093
249921297
262581996
260813903
197072586
195545835
198214258
177274837
17719702
970447
153608283
33543715
167210783
137941244
261808858
248004886
261965462
207398349
492876
209306675
105736391
170330629
207244644
16967879
53775022
72079032
246772885
185668589
129355980
49365821
177727481
56514278
13101929
17528626
6690759
24603188
255299833
188137027
239314536
46649781
254859673
28057027
258284616
1954013
57587821
197320322
111322367
197406267
92503582
178219251
150372905
438454
253252960
195287245
215617766
482247
197897222
46305794
340026
49640886
55998430
124767708
247479493
35283861
155463012
84786454
160449159
249372922
55066557
109109499
79561343
434171
146226219
14529483
183315088
206147895
14746553
191914718
109019778
262909310
40052159
249958374
58547337
181998063
174215355
263063980
1725525
24017754
71345379
35193354
184859044
36723876
210527062
263063984
57965533
127591610
55070247
102887973
90885611
115967810
215200730
74024702
50883581
109369159
19578815
146225070
595480
215101416
173420792
179063974
205819812
94347530
113540582
205813809
114271480
148600247
67607090
122336562
251417378
142791773
219163417
243223699
1471831
54051752
20460124
262691861
24165072
131388799
66107833
26358078
1059658
46344117
467583
37289747
139507270
262455645
203204618
51851874
540867
208507369
208739689
45175775
257866685
27633936
248523154
67889293
159947242
258284620
215545143
186986445
340502
37699909
107212223
195822391
262455625
16967912
1429127
196395653
122812555
249954815
104309999
196203482
198958656
163739576
255175062
247936759
356297
199251387
249553042
89766747
186668993
521546
51376710
262905678
262344793
262455599
87726799
175545179
91832901
21435647
261970950
259568224
242504796
249035922
209302315
1954187
248556238
48592470
415476
199895208
3656207
208739630
199892980
93374921
263239211
196338080
64988223
21326550
38089864
208739544
126814162
197897218
254896870
55066555
262892309
262691913
203065485
87546490
249489584
180609942
13065341
595478
199006640
44859801
183481659
251445407
261034705
53871194
348174
194585502
50269973
198958676
215543878
129138370
262905350
262694255
1941033
262983867
192588122
208074919
201292132
434170
214187927
262345032
49463318
140579352
252641824
179063972
208739587
208405375
1215273
262452982
85375647
194595455
505670
2202103
229736472
248430476
199177641
196180776
34180385
260928461
251445397
182090511
127033567
202529449
242976313
260794283
145134962
195860294
202604465
467927
352165
159914217
205858497
194583652
195852106
186495597
109109687
472387
49396263
251445549
262845674
58807122
1645493
253468337
557784
50883579
578249
251983006
254896850
252345978
45613732
212424557
251982922
426555
199242682
198495057
149119800
144611454
127692228
255466162
149095222
208789387
212465752
253468303
253468295
217577642
201292148
262570518
260967960
197003319
145130562
196180778
262455643
251982949
428435
202961780
188697934
55330092
144611531
208436101
148551644
208739640
124767702
197154160
53871402
13782192
252867098
900070
146226229
210755765
53748777
262783976
416425
92145942
262892038
48544204
248343215
73207153
262453000
190298253
109109570
207760198
2431529
248619071
158812920
32220171
46688343
252794149
212241474
262016106
206907635
252664539
550112
109109585
192564272
202055583
109765192
241666771
249372913
216333761
172024868
148939889
1954115
1429125
736378
193237247
71957691
36992405
237228830
177187599
252768044
250364401
193005359
193736658
192949237
206480712
197850110
201759771
199892704
262053181
187444114
24957726
165030727
394782
198958627
193736664
109109659
549801
437447
195861530
194583656
217577802
212424870
252770474
109109739
442826
62349864
262016116
209608417
36827340
173093667
132196515
450679
194586211
137966224
85396264
207521414
197647859
168924459
478622
189177311
144542341
127692130
49185983
250741819
193646128
109109489
541206
195506364
249349176
252574477
188134905
262065991
215101373
262891958
127692230
242498239
252643115
24153057
201836966
255466214
140376176
261810713
253660461
208738739
62349860
255455645
230016248
217125821
244236919
41072108
152517438
215620773
215615730
262345023
252765539
249372924
113550761
127032208
109109578
208602470
70202813
452912
252763916
252575724
641868
190741070
51348705
215797556
49745274
48758527
196338097
261810700
137941294
252771093
182735483
179520695
163831472
262345026
646151
208740744
53826902
247306135
163580421
210527449
179988653
38235259
492983
252764293
127032777
190157234
218748174
215802330
109109565
252574232
127692531
140221883
200765444
125868157
262984150
77665546
193736650
463104
146223831
109109530
199597322
43801501
199598203
215543865
186457047
209608148
136984617
235855452
193268397
88917447
199974420
195858372
262891879
181451947
216285771
200815367
199243246
46344115
225240756
109109628
201308068
249963831
146271176
208178157
129138521
109109708
215104828
252671623
262037780
177975814
540385
248652752
183055121
203950210
252768001
192563664
249881911
249213274
200677851
195852109
197745371
182474472
74624902
195814304
257766269
208740301
247760205
161539856
261811186
202394837
14699293
215613674
185510427
253104869
125623373
252578548
249052382
207759472
252643854
189573844
250562443
24155257
215545224
42090209
166085713
163576683
205840416
205730799
195319586
190749545
248763050
213498797
240129567
251383006
176761068
204428571
249813518
215545190
109109486
258284624
451182
208739680
197618846
248843086
227164646
195292171
208415555
261809990
252570746
129138572
344010
48889710
248418228
242693582
1661279
261811142
261810937
261812134
147689168
76527761
166359349
176734427
229976324
17016823
261810703
58497925
252569566
201055530
209606105
262086149
103625739
248896525
10395424
192951111
252585246
249646826
125435888
247879818
195292175
262345030
24153005
181449657
204049302
207710200
197162131
438537
213954089
261812048
193268410
193268380
38483575
215543807
122521475
205837940
200766929
480193
783911
127032873
242075917
195316462
195306832
215896368
109109600
13782194
53991434
210524077
927297
207765788
253319005
574112
248822568
252766458
261809764
203950212
21147137
194595469
78957098
201877320
137966159
180223371
200615963
166359321
125432106
185448046
199965041
226698633
225240703
195671021
245767727
109109705
49191793
145134954
109109542
198955698
215525170
215545156
67607077
96927673
262345028
253403298
145134960
261811216
213676906
253166328
127692444
179528235
197641879
196514273
202604412
109109562
43109583
200615951
215802277
200614429
215104804
242101909
215896370
215767979
194525886
547608
247444966
235389314
201798944
260928477
190156725
23427026
193237237
170331076
185439125
183570209
186984227
20430589
177136404
187191368
215723248
177145286
195866942
249668334
242486813
49648487
4365081
195861792
195300751
196055075
84981065
137936398
251445463
215525188
215618309
195862438
49212236
453299
43801506
109210225
252635520
204049307
521536
193263936
16210435
213724098
172475706
214831329
207280402
115225868
205838393
196904755
183701852
177158859
138618722
201055513
127033128
248896529
195671016
127591302
195668683
252794203
242718043
248215974
195863181
177617577
195862617
460589
172934713
493002
24999997
252596985
252578364
239146679
247655749
626789
202223057
197314843
201914510
197381075
152105078
250364349
179980732
206248640
195844854
109109517
248684020
249668093
249037385
184417145
249052303
206480495
210755767
196054948
245767752
249813542
183038032
215767977
245769402
195664463
215617591
194595591
249881886
230529102
173568504
176939649
215620323
159891293
409759
247816498
202529521
179063566
253229908
42971729
253227547
195845178
195559349
215796896
215797250
215796752
195856966
78015037
198996078
213954012
125867107
114569617
215797653
215797322
193736654
129138250
199597681
252671646
205819905
195859297
127591105
195860720
174321415
195860761
183052034
253360325
193263854
249772219
263337107
198824224
193643177
201622752
208740493
178603815
193925971
129138280
202625889
200815567
190156616
166359327
201841929
201891947
11816122
186483247
178545066
200815554
185006359
210523656
201877317
53748422
77222077
179758366
199975286
190109326
217497088
242504493
195801339
248899163
245769456
243121612
195845998
188050025
245769669
194583745
194583747
183525000
188322723
182994396
245767723
48481871
249037285
248683403
248679161
195863404
242723565
242722810
53826876
51070611
261807694
141333760
200573257
249145685
195559344
182786356
201055533
252870466
252870425
252870503
253293522
182115218
263294177
253182552
252649303
213669735
200561689
249039095
195859848
127692303
193263815
127692197
214831331
143144374
200813039
190156339
183223783
177998604
120183583
201293379
201293240
188995431
214831333
127031840
263395903
195827644
109109605
242504489
242504485
242504495
195821811
230563045
195844893
194770529
245767729
245769691
127692087
227122491
229976959
195845987
188057608
109109513
261829870
195328062
67889298
176933466
199040021
180576259
186433825
261807703
4069821
194588024
258284622
109109588
193736666
208740742
253182706
253293520
210426495
235856645
185438276
253626944
192197011
253239797
253239795
199597402
202529359
259536001
2067475
201385841
195859325
201385603
179690039
230038397
201568504
24155054
127032361
38545330
249039137
197634550
129138312
201293214
200765551
7708919
217497086
164848237
176885805
202859074
161536174
180229658
194563109
129138489
182543143
163576685
193411465
215580054
195852226
263105356
194585052
215802328
261829975
53869715
434668
248899172
245769428
109109660
182800113
182975985
248841399
245767755
245767691
19577022
195845981
195845995
109109519
245769703
245769688
245769675
230368525
195863336
195827658
215767946
215767897
195319588
249029755
195863376
194200543
129138600
197381061
249038710
261807701
215796900
109109610
125874103
263251768
263251687
214916534
252603672
252581216
212569379
215797488
127033550
199974736
205290209
188352723
253103795
186495570
186395091
263278419
109109528
193601947
183054967
127591449
195860770
195860747
109109592
197745368
201383266
196525485
201293203
186479842
189528570
25190244
215723246
245766194
127033030
201698575
250364412
177308138
245766203
6802475
53872101
177312947
186495252
53869719
202636710
201709196
251382779
263105368
263105375
195305005
109109596
194583763
195801344
195801478
196055077
242076509
195664385
215617593
245769479
195328023
245767748
245767725
195808286
245767744
252793948
42970991
259770670
245769727
109109669
201385997
53107736
42092238
230310757
262475744
210524090
202782583
186304587
194585014
249039221
159890037
618325
500483
249145683
214189438
215797062
215796965
214189178
215796973
263251701
263251679
247442547
1667325
253293526
213672313
213708094
252632450
201385758
195859853
249041163
201293258
181451970
200615943
178218242
200815402
177145213
251383306
196904408
38233066
200766902
248792344
77031214
49786840
200766931
210524740
181992164
262972773
262477177
195952178
208069851
201385776
195861799
242504491
245769506
127591348
38090410
245767741
245767719
195668640
230552103
195822490
373109
182786594
195328045
180381242
76756136
242722833
245769718
194585016
261807696
195861547
262984253
249213276
46178818
215796857
215797025
263251697
109862001
252870498
146226446
210134580
248798712
263102348
219453408
262466019
160814479
202611845
261812054
127033433
179983662
205290215
215797257
215797357
201293366
210755993
247299213
193261723
195860292
193601922
253360315
263308203
193601925
207504390
181993100
87834261
186484323
198858937
200766492
197624427
120183365
202796256
197315173
214921120
125869116
129138271
53833179
171937564
77015938
194183481
190090688
201795524
200812912
194585057
195852240
103379147
248755029
26168610
545278
197588247
78015041
251395989
205942269
246208032
252912093
148600242
171549981
259479626
247858745
110448020
10084275
262796288
197142885
59235432
258284713
173406524
25144396
257537738
263049471
75612437
253210653
177924880
248004990
110448019
107410035
207398362
104074401
200976579
196932362
196853079
252138652
106703848
157252253
197894996
208734412
259568256
8087401
248445562
176522692
262792307
197352178
262464081
262903955
11220951
172365666
208623862
42190371
180224923
251448902
247239904
259568254
108177983
249387294
258284719
190707678
19761804
81499978
75608977
257845158
49873824
197636443
11277416
260222319
254022207
258284709
242660600
167019514
102428481
254073510
10120288
104370281
50884654
195861358
247415558
109109523
14522406
136020881
148797469
252005941
257759965
20453254
845553
259514103
25118135
24766025
97825974
208738753
198425373
51286692
1517213
247346471
79465383
262455617
260222200
4984097
174444202
263074982
244307275
182785147
56200970
252671730
260222330
260222314
247415251
254037981
72331146
77269893
259535994
859175
247062657
258284715
170105240
248325683
205414637
169379480
200010682
248545107
37292796
262852682
81437618
253629162
217568419
252422993
197746037
201622315
12735175
79560731
44447043
186090003
165030719
193005871
54377331
24765754
410105
263048892
197340973
165707868
135552441
250230847
186317962
259542766
10369452
66461801
208738746
128669692
173449323
183362168
252965983
200768149
213490673
14057926
179805639
212565076
174293276
205311865
148940449
215221692
262512093
207398360
49745278
252062782
199171224
11407716
178957491
24934161
73679854
94390904
204204838
208436541
113452588
177980309
197894998
248545004
195861406
262691096
25117901
195863442
35458872
257759831
197745237
184423223
197627833
158716091
202639983
197663396
262906077
48115282
202661579
202654617
59252857
252768802
46158804
97678001
106119685
195863455
199543119
51286826
199978206
245774618
251274750
193601821
191530002
198859038
146225822
203950162
37927340
235854914
38066761
253101184
262085484
193601916
261810106
193263785
81035298
197412234
197645087
198512085
252767980
179193959
215545111
250338943
201860503
22782820
249390980
9688463
190707676
250338941
206147926
252635173
200995355
197595342
204848484
243017176
8175883
197607044
197644114
213698485
261002741
248541358
202961363
179805604
56202675
252646075
42846780
48115321
261810992
252392046
116947326
173449196
201795865
193536795
261810399
198523780
41072579
37921006
200789492
197601182
242483969
250084779
134284776
252767685
179584445
226130712
36313684
242504752
90576212
113117513
209871119
261811391
235856155
252636123
176778466
249390694
203015290
171089968
197162378
248574872
183525122
177617735
245768087
195845207
193223882
197576390
248492297
250343537
208405335
245774513
199006585
208507072
208738285
197897194
146225661
252769043
249382898
184410314
202051841
215221636
200969875
114830477
195801935
261809712
122521513
199889490
199037000
127692294
545932
245766171
252804189
249390929
193268366
114944768
250343531
197602794
235877302
201548835
127692357
252090822
197590164
48123810
248794210
193411389
37917823
4364909
249038535
55797260
249038452
209866422
251275932
10570561
196048816
197299745
263206744
214922305
252584505
206205028
202612857
200790027
206874047
193224543
200788889
197235379
153409159
113165433
248206696
253360640
215257703
202242936
178603835
35457909
249037022
195814781
209865234
146226315
245766192
242504611
242504602
229962959
197644862
171125840
205926840
197644316
213185330
171580907
203201081
253362245
195861361
249775752
242983082
34750590
197604653
172342072
140221881
153409157
198567977
197604650
114770604
50302317
254896291
37927596
195323925
178010763
262887283
242504778
195328314
242504744
245768125
245768145
195845212
263104585
208776529
202062572
261811223
204302356
252647612
202611393
200768157
193268354
263339486
69838424
173347862
201246571
197120315
197162307
213526956
201293047
36710643
250338934
197165074
249037212
53833218
11384926
230368427
171125463
245766169
242504746
242504769
242504615
245768047
195292179
195323059
174933109
212992415
199669151
204049312
193263769
199036808
8025968
248732949
163576679
113161247
201237594
102132815
262887455
66227441
31318428
171140972
199039661
201600628
262784824
245766165
242504600
196054999
263040883
245768137
261811287
149779823
253362247
215545127
199974953
195861352
55512208
248805645
206147980
253360634
113117512
114831452
35242313
197165076
201246190
201237645
248499402
250343542
197663301
209865231
146272402
208062175
176938322
205414452
176938776
252671502
120471755
201074020
204940567
200787329
127591535
242504593
196055001
242504767
245768117
245768040
245768082
16211633
195863458
195863444
195861346
206686419
208747503
201293033
203016208
197823212
182484020
210522655
113543590
252912096
205625925
177772638
254073695
242488487
73203530
10120976
73682817
370811
80358840
73685374
12765697
25144196
13673970
253098496
203433288
177924937
33485705
148940378
11474698
58695341
148939873
35471153
134284486
202767765
252298199
252635523
49412032
57784410
263063974
72222991
262907032
262746915
11407386
172350487
52727582
13328027
35191896
182541461
33502236
69248886
50301126
15117280
253395959
35408153
196517685
185860401
21570198
252390170
247212309
40427319
15173342
148797719
35410147
56745634
2442161
11592695
252571334
172368315
197411131
56745861
261829886
148940393
73483761
169379478
201998779
35483256
253619368
35431502
197847351
243037645
107467461
19880773
179058530
199543378
252671506
49410750
148797443
206245878
84865840
252640863
205543082
40750383
24932826
49429499
260933287
261945633
16230189
35434730
35438381
212424878
199541610
36361877
205563583
10694791
94393791
73209893
10752496
208741956
171097360
252768806
10309018
84865655
37401906
187182748
96006269
108965065
184430494
191672397
172349664
20462504
197366280
88096712
207267590
200672447
41790957
206245880
249971762
172369675
35480719
77322619
38068311
242693600
40824602
205927383
205290069
201243303
252765971
181449647
248293187
35477849
248293172
208740740
179757404
404011
184419699
198127113
195861978
21270360
93072423
243036826
74783479
39942116
93069200
252768062
15170237
143174411
176731652
201426550
183332149
201296317
54994886
197645068
201243296
41578414
249971715
21266982
11285183
39333567
248293204
201701135
194465182
201798414
33420923
201305527
174248145
97678563
248293202
21266776
262704783
21266581
49455422
195861981
185709322
88095805
252580988
263347836
191436146
108964764
96002434
198415774
181181995
173752008
199978740
11382366
195863326
46439819
201296629
205414605
197745208
252766790
201698801
195807104
73202482
195822494
35410433
48116387
201295361
198120034
49459812
194465897
21266850
15172717
15172139
195862530
195862598
15169285
206783882
176902015
201295815
253281783
194769659
197897240
181788961
215525230
242743168
214584879
182976573
197366047
184433823
172368056
178778211
248293335
195866950
195306838
195326431
195306866
248293344
21300997
140141534
36329609
39947851
37923057
195863408
176910173
262551603
36704683
204302282
223949941
35931011
189473285
59234153
263385505
204302361
195852254
196054885
195852259
194200687
46689153
209866419
93071056
197499378
190155334
56200130
212607477
251983135
199125520
23598599
15174456
17719743
247401667
10398468
11591703
21301270
186318174
114730679
73203156
79396154
145977552
145549081
174599765
94409926
37793814
250595912
148940447
248590474
248687340
208742046
13930323
143174541
34744490
197062965
174248957
137563641
188784319
176731704
193701867
109083922
196205264
73594380
108317897
193411537
170338409
205566585
35446118
252714276
11855743
39334490
40626270
192032989
176765079
195801672
52343862
205414531
192460288
93067626
81595045
201695383
252862038
14875845
201622134
190582268
206798352
184419081
208741982
253161190
176937704
62230444
192471671
84866307
201307841
50275362
176765863
176789377
172352772
137607916
114895710
172369955
241482461
10570789
24408685
195523735
117046816
173577892
197499426
242075251
53993001
247442535
173577880
21301454
114895598
208741970
137976873
174602483
55795735
206794461
205291394
177145306
195852278
176767155
176789519
176789424
208741967
248133855
51376706
79565300
258284711
185517194
261832149
195993449
77578583
51957710
54777110
77323110
258284725
137238804
194033275
10650587
258284723
162865519
174247793
208742056
252570534
24149846
253040794
258284721
190582693
77765063
6721583
177772901
253297395
34746661
190582578
217123540
108956755
186208862
105736501
66104107
208378563
206314512
195863481
201305760
153920917
77323294
208386425
262550886
195863479
195860139
195853764
15173892
195861240
72606188
176766551
75983628
195859868
137918175
213675729
192705722
195860952
72647922
468008
77317086
53047309
195853754
203016476
5079449
183551389
247243561
158706437
262605378
198111127
24154843
53993102
99838179
53993335
201430946
159484696
247892526
145134966
205572924
190582841
243716562
159979652
106518340
247243592
199108804
107469084
195993436
248793577
198867744
195861455
247243596
195859583
54512596
176822188
127591592
195861447
127692473
195859349
21301088
254089571
253097574
161964702
167019479
5079359
262891475
159017056
159733583
201385830
262906070
248805368
159974651
159893278
157277701
195852834
201385974
248796469
201386054
195853750
248764386
157244552
260810305
52346615
262084886
174246442
208432619
190124357
247241465
208432701
263251682
252819234
35131239
52347870
109083898
77516376
201841005
202771648
200749493
201012084
252912100
242180949
154297241
242482827
209320472
217574486
178951731
10226596
77578312
172940374
108312683