84745954
39841449
128326016
19257712
71087979
169337367
120291094
26254247
169334506
148007515
26252038
167579940
105322009
15385038
19368246
128327107
128327347
136710439
155011083
252941022
198559469
54548610
56644085
253619013
167578304
109872972
133674614
167579468
215897936
133674640
54548625
56644269
15428205
16006092
108998562
140444593
144757358
195677030
164541126
17952710
169336423
16059189
214829857
217569164
174283943
229728690
208681694
16930028
200855062
7221747
133669719
127878933
252614377
54548575
169335455
56649424
122873295
197855638
262601533
133828815
191328126
163887348
3898249
22018072
54548496
2390183
56648970
20549119
144197198
167523306
23306409
203853553
150648284
122870604
82483797
17945675
106081104
109000433
15385015
139224061
89279671
127880722
144474205
128325330
133674474
148699713
7221759
131961148
110064071
58805082
26834898
181500463
146492389
146494188
56649584
143613064
253073779
253074016
7221761
251022518
145269670
145563983
146380124
34701232
34707365
124275112
18005628
20825077
176583739
181217528
122873391
169898470
127881126
249816410
122873066
143613110
155382846
194566398
253242604
164541010
37879091
34705032
262599458
124273151
214737795
20809324
259479681
4503301
48938051
20587663
15385034
15729325
145269520
7221749
56648637
146514601
252625105
252623503
26831299
169337616
195300409
149194935
214817215
180974699
7855430
141764532
117773761
204924794
252628788
208275850
4503311
181219263
70055194
229728322
251015055
23013605
143613339
56644382
142383352
54548558
98128831
133671934
119055692
15385040
202643634
263069997