168060555
76162140
252875881
88197182
178605945
185855658
150613266
122172053
36537158
36540108
155007572
141393283
90329438
173449722
193487021
198964728
148870093
16155105
73402148
129061233
492885
193476993
202561234
133946992
96587608
262674400
129061232
200982156
253248158
13510574
105614547
168723033
88784841
953893
202644501
16301036
129061225
88201553
12491176
168732097
88206465
208587391
2028555
99045718
162582233
138147675
83021086
243224080
73402727
205894351
96556097
953897
183348662
193511436
557537
953891
93211213
182996204
171652258
195773172
144463962
96551946
152705347
185993741
953895
113431213
144465177
2028829
222723843
187836944
164541196
22663820
2028785
466212
217387963
202642637
384429
198954259
11387803
141514515
168728059
73402009
168733496
134851842
144464702
73402706
135072418
148696961
140212090
143612989
243300568
199678806
174256305
187838347
199684422
384434
129071248
144300290
73402022
171063517
136430588
214000850
167237578
73402553
139661775
73402362
202641333
114456166
148716851
466209
96554652
121228055
10680210
166398085
16218049
163887879
159897730
173450092
25900851
129061240
202641913
384451
198272031
77223280
173450069
193483439
110575115
77223335
202643112
72165849
73402713
199678971
198893246
88821794
96585519
170988240
187839171
48602307
168061309
129948417
152107798
7827790
77182452
97043958
252874724
77280707
11387825
192333208
25887139
34357708
97043250
191365098
73566834
242092456
202644158
105513272
73402287
214744798
249894705
96557878
139660205
198284458
197514523
243099134
216702839
140214343
106236972
83020817
73402581
73402247
124230604
88206691
95863815
202643630
20107128
185856821
99139700
143010653
216573592
199145761
97502054
188831779
83020784
216453219
73843528
149917212
70014171
109235400
217529048
47143042
82360798
199145360
202642849
96554346
170084414
52424838
202628512
252396371
202645684
2028913
209409713
173450155
202644081
202643695
25039762
31519292
953899
104903242
88046540
168062316
247730347
96586869
159909148
188832130
7990300
253239080
82390184
169381109
198961846
253127651
253127677
149192093
1711601
25005277
73402795
128326328
252062369
248647493
252062375
96552721
23629099
82389544
2028681
95864275
202641720
83020800
169380218
492887
73402350
96553204
96579001
384448
121228494
198967227
14941679
242092458
17525720
148698733
97044083
83021048
198436009
133924849
216475438
115921922
216476430
185855851
214050511
144464492
32223666
216720544
202643794
88205783
11387815
135072514
187836718
197505831
48602015
155200650
103475316
248647040
13553076
216725552
9657215
253121795
56336479
199103154
168061187
128327093
202645075
182994620
96585293
74991516
77182444
35860631
112171385
472882
196073046
155256570
148871952
110377688
198965193
128326513
20585797
209408881
129713027
188832211
135072127
187837505
215745794
183054249
193486382
197068520
188722980
168061777
184859294
23936969
82433017
187837066
122869701
88212416
247421427
50740457
194086903
138148174
187838994
188831556
162752327
140981819
197514678
214742327
191331145
249153186
32222920
119315108
147588593
183285289
171089273
83750576
183338524
91284367
79554864
79555000
187839167
216247715
168060948
230220593
96586840
183319295
97498398
202643200
209409738
202645534
173450067
248647200
248647066
210878265
197068054
242092439
171558022
144758647
492878
175797081
88209328
384450
492882
144342460
205396039
249874363
24471697
29357833
217500676
83750642
953889
32223553
11387832
48010763
11387836
106539092
82006801
191809865
252002575
174838407
163148292
48282629
25005655
138383101
176582701
101265556
96556861
214742044
127554089
144342292
106364827
492881
117612858
54450237
205536809
202644027
202644309
193482750
198964891
48756196
11387799
11387810
199103309
122870897
149194379
153885131
52650877
20857658
90088067
197505765
199103289
183288741
262674794
466215
26613989
182997249
96575189
77182458
10073893
197064039
557540
135072365
199672344
201852555
135072880
187837673
207292171
128326549
115222576
205288201
249219751
122872772
187838998
202418555
187836959
122872280
197505181
128326858
198444980
197505257
207562683
128327522
243088510
197505367
205288504
168335148
143612298
258861629
253127718
55040197
201852404
166152408
242092403
89591345
25904777
262696086
15323195
262674355
173450169
77223279
183058760
820924
23410451
117375216
174006905
209408953
97480588
262658963
14761676
262674270
262653837
263273716
251983855
248648191
17512963
183251558
221032142
183250487
96557110
186753106
185925452
216299184
221517223
96557096
248647079
252357243
262087171
198964563
198966525
217636375
198966221
153522271
141096910
198967276
198966220
248649002
263201933
144197265
119315397
144238800
144239124
199103501
96553456
62878860
86424567
92503704
32225192
199682822
248651526
212610345
197505188
106540115
197515135
25901901
20586987
52649022
10680188
106539777
132859007
145297447
149194129
195340001
201853368
49863661
187838285
140103375
214742292
187838155
216449511
205537049
199103355
124209089
213690881
253296556
253071941
262696405
263060856
248647001
192870201
96547478
96557235
72527557
96579726
262674571
250233805
247903513
263103743
202645678
202644279
202642134
183315332
32860548
73567105
73567706
247546112
263273872
197067111
198892741
198964142
198893700
198962573
197063898
198965964
208275055
198490040
197182874
197179621
57838474
242092443
144238934
96578971
15284810
78554620
11387805
99043083
99043095
96553452
48011235
200682918
120504655
252608289
160278683
135072214
145563969
106539369
148075293
143612978
212610343
187839433
138851374
201112821
25903657
106539139
200709370
106539247
182114740
25904392
136652463
133104063
133900339
171157050
144340802
135064277
258861517
133005375
14486582
198435627
110378142
249153106
202641845
262674412
263206764
202641765
209409808
202644530
202643684
209409232
187162136
248648603
173450049
12491187
103475522
105665054
25002961
96546610
165024068
248648541
262087928
262087043
163148412
217191117
208276722
197067074
198964262
25981518
86424561
96575235
99045572
99045575
168777703
96586653
96588866
242092423
242092406
10680202
154184710
252162338
201852857
106539889
187839238
251589028
106364923
128325391
253297128
258857843
222677674
253348024
25981103
177527160
170880698
208658128
176119431
128325131
201852236
106539103
106539516
25899431
208767329
249219927
242092405
15283952
133900367
133900345
198435976
107351142
216462300
133828460
248648462
247907337
207997117
249153107
262696361
191366521
113332496
202645945
209409465
209409858
1994247
202641869
202642508
186753108
262466990
103867767
96557102
96557079
73566659
209408997
73567019
172366755
202643058
263273960
261840885
202643080
33456868
96583943
37152450
22670601
262086763
182975224
208657407
182976000
198963923
198964532
198963444
193485165
198966719
198961376
197067194
198486408
208276861
157137103
255173226
144239007
144197214
96574188
90087197
31519096
35860635
48602140
96578247
96589023
200738897
25891175
168777573
199678895
143613841
130948294
128327891
242092450
239196063
197513267
187838803
177634366
48282671
253349223
219144592
258857908
100993591
136933819
207772459
145562495
199678929
135072150
194565469
201852637
199678340
187836930
188832273
95864114
187836812
187839365
230248929
249220005
197506118
187839408
262640560
262640573
253120970
262696008
262696023
248650848
242092413
248648046
163147406
73567916
182971903
182969881
96554372
202642557
263255928
263208673
262674723
25002526
14761015
202642031
183283270
173450057
96557215
248647173
96550230
23410270
248647186
103758324
182985640
183337841
140786226
197069109
263200430
198965423
193487122
147966014
187838761
199103508
35860643
72727474
82008124
11387821
73402817
99043087
96575229
96585544
15284287
17513629
144238973
48911345
148077254
143612122
97942714
242092441
55589442
127879885
58072010
90088850
197513733
143613139
249219895
127878705
219462217
194565439
243014141
77058460
52647774
133900372
15284180
24540073
10680208
247741222
164536397
197513595
148871855
197505130
255076757
177197202
197513679
199103312
168062128
191357153
114689544
248647101
248647176
77223289
202644323
209409744
209409891
96550132
31517815
186753170
173449846
82391461
96557246
263210208
202644525
209408925
202641519
173450159
11387817
24754875
247907238
197064543
197068778
138711898
255179454
191357975
199103478
96291184
90485506
96553483
31519032
96586785
96586790
11387834
88046534
242092408
247906969