8885999
10383904
7369223
9948023
48629553
119779164
179063580
253234675
105633605
206781741
191807771
96750999
4790471
250074899
113117422
248000095
13624080
169263626
71078787
247298929
169264400
2720383
252994467
3656561
8288935
188043845
205958443
128711569
250063683
8835137
176168434
189573152
109295445
169264546
160591617
8835151
10099251
8886003
189573147
3656673
169264696
585192
250062784
262573149
20844710
141823724
217125753
189573140
32218434
169263662
169264521
169264654
241040418
168234712
8835133
216288832
217648270
169264559
10758484
114944498
169264633
176168508
169263780
169264358
241960274
242085602
187621738
247719142
206781754
160591593
248773408
128711533
682535
187622003
176168263
187622782
10640593
253234587
253148744
192125758
202529362
169264031
250129386
187622556
8835157
574841
189573145
169264330
574843
137941666
574857
169264418
8835141
54445420
160921277
247060582
255466187
169263977
247287431
255466206
160591597
137941403
169264567
169264013
187636507
167930207
52393319
187622848
169264268
252961246
187633575
161385897
202529321
216982882
169263465
169264014
253254485
202604410
171551613
250201720
169263944
169264462
187623289
198123525
9726705
185005703
187621355
128711662
169264640
187622499
169263566
169264741
262464216
169263928
262023812
11078704
217125750
217125631
68943210
246922407
160591613
176168488
177723294
249348763
192133524
169264484
169264535
187636662
187636028
176168604
169263981
199897479
259536003
17376768
188043847
8835155
187621295
137941338
127032834
214780432
169263835
187622903
169264430
169263551
199916046
187621509
127033074
169578634
192138165
187622681
127929590
169264607
169264267
169263738
169263900
8835149
169264583
187621876
169264508
187621655
169264476
246931588
253584017
65008058
187623005
216333355
160300824
181773398
210514084
169263706
169264684
182774477
253005283
169264066
169264148
248774527
192134242
183341335
169263881
169263832
169263657
192135010
169263560
169264164
51067629
10761888
137941343
10756373
169264251
246239780
203275539
169264308
247778528
121613892
169263912
189940697
176168561
192134792
51068285
105840461
160921279
169264404
169264064
187622614
127032448
169264428
253148723
186293380
8855454
249854952
192129862
192126036
169264500
1576147
249955198
185006326
169263951
186309237
170067002
169264464
176168553
242484473
169264595
128711717
128711704
166430572
169264294
246265735
52614036
176168382
242497195
143144366
192135153
192129599
10761903
252244750
127692486
195841285
169264512
169263817
169263516
128711617
169355885
8835135
127591127
169263518
23084454
192134391
169263924
181362184
14660321
127591553
186649599
176168599
160635064
173360392
169263827
169264458
248895623
248774506
203429179
169264144
201385955
186309310
242800290
46765652
117832410
195663000
195300142
187623138
10383768
253300550
253363449
171556714
253271310
169264372
169264368
169264356
169263532
169264382
169263530
169264310
169263781
169264342
169263787
169263779
169263674
169263891
169263870
168789543
194500971
127033331
169264734
192133375
35511157
188731911
258628307
186237323
185006390
109861871
120183339
176168424
129138407
211948513
169263967
253258356
128711597
246160619
248592408
169263484
169264424
202475482
195318359
195952277
253258291
253235884
185005715
185006384
169264408
169264290
169264498
169264234
169264003
169264348
169264274
169264324
169263698
176168480
169263917
192127631
192135400
192127165
192126264
169263556
169264446
253255793
169769722
169264395
178050875
176168402
143144246
210955808
198869095
127032647
195304038
230307461
127591361
195821430
176168394
169264228
169264250
127692390
128711596
128711556
129138593
77222174
152567012
253271281
121317317
192129001
192133289
192948863
169263754
169264114
169264160
169264573
160691535
189630837
121610264
253235882
174481381
163874896
127692125
11078646
128711605
176168500
169263857
129138566
54433510
195663002
248723220
174501081
182975423
193116259
248643217
137941471
129138209
128711519
186309349
169263466
169264214
169263546
169264303
169263904
169264190
169264494
169263688
169263564
169264288
169264272
169263664
169263550
169264312
252575537
8004756
160814497
169264218
192129771
121325744
109862027
187623429
116904724
198898244
176168441
198902836
253258894
249392718
242629684
250548968
155420455
195834660
195834888
180381320
127032851
129138403
253262679
169263477
169264434
169263604
169263759
169264263
169264005
169263558
173360378
169263574
169264440
169263969
169264402
169263614
169263606
169264376
169264023
169263642
192130007
247331422
8855449
169264080
169264656
176168404
194109554
187636784
1734395
242627827
217641319
183030068
242484511
243095064
243093614
169263538
76527155
217123690
189946345
189732531
169263610
169264362
169264488
169264046
169263527
169264286
253255833
169264422
246380027
189574355
192135230
192133031
192134500
252574473
169264420
169263608
160666656
197161271
190320145
176168458
198894904
169264142
246160820
169264478
169264575
169263578
253262403
114944655
54433508
209891492
8886007
8886001
8885995
157240665
31509726
8835165
249700047
249700055
113540588
54120846
210824414
6807847
113540576
248745933
9948021
251395973
8886005
179063576
179063535
186578993
261808860
261969101
185435297
24951095
196395411
34842759
9948009
103663136
4790473
213680830
201390510
110595955
201390508
121211009
169264359
198198479
34845615
24186754
129138203
207256595
34844144
242992943
248560215
76526978
39370170
3656643
220658909
171876675
4086873
179063562
169264280
54437038
181699626
252861876
169263845
247681687
173360429
8470250
243152486
33645200
251395985
179063571
56801013
200947446
8835146
48629535
160370179
158815895
197653678
3794227
212218653
38086680
169264043
134222634
169264194
8835131
169264425
169264412
249876843
179063553
89774428
186578228
249694164
176168302
202604451
159820679
56801325
110595933
200853726
568219
201424552
194590118
213893350
188322742
250056825
185443165
179063579
212213077
130301833
10757235
169264435
115802283
35612600
169264537
165098807
252246188
34844622
53641113
181699601
203995675
35670443
252759252
252861819
186578226
176168465
217482945
110850682
169264168
215779719
34843929
186578225
250077983
13311714
23425232
185006347
128711696
202529485
249983292
52289083
167615300
169263687
169263829
38419979
247407909
8885997
50705354
249960051
105366572
176168338
50678328
189955655
184410915
169263869
169264442
154720316
169264009
124891052
208253156
194769793
169263934
176168525
117832413
194773029
188741345
59362961
169264313
204049270
141825602
253148810
214582208
210153184
602422
252859732
169263805
169263841
206847852
9843940
169263643
102779442
253057466
35445410
35612451
169264743
54624431
214189174
248499034
195656432
162140222
194787309
9686896
252049538
169264170
23226660
105896044
262082093
252861907
181699684
263098206
247062814
120183136
249876163
249883313
1026714
169264365
169264320
169264492
178109205
253665952
161136845
251998775
169264708
169263839
201562333
559128
176168290
8886009
248556135
35612352
253268913
248791961
253265100
160591608
9794500
35617661
169263987
197340313
169263659
23046217
169264300
160691523
84791391
169561964
217125780
215637584
176168438
169263594
36505735
84791358
185005711
169263795
242872546
249853293
169263801
127032696
195862532
196320744
200855819
178240555
202604281
246277771
244634232
169264563
169264260
249169810
217125772
253236039
248557255
202608637
253269085
110447674
176168340
169264730
169264613
54437035
193008088
249038669
242718021
206544451
209415545
188727323
209891409
184063648
217125652
169264466
253264594
253253236
229725728
176168460
252867344
252861922
89766745
207852959
169263526
74569926
129138284
249044139
127591423
127032024
121210679
176168498
176168314
23026910
3086713
168342302
169264627
182458776
121219697
127031826
249959163
201292142
179063543
176168504
169264486
137941662
249053516
190514879
249983962
169264222
127032882
202529582
117254516
9810506
100023508
34745778
253236090
253005201
253238060
127033079
181238423
253235890
169264340
34746153
194794462
249567930
169263471
170101084
169264651
253264548
253363854
169264589
176107164
246650937
191421752
169264186
167611676
22942245
169263807
10752426
247256797
217125722
3794229
169264192
8855466
202604277
169264078
176168287
195922328
188728955
169974133
184296624
137941249
252765914
217125752
248541655
167615737
169264664
169263600
26106990
252632425
201719120
253236762
10608464
50330234
169264156
176896950
129138393
252630125
155154185
215477712
169263797
169264510
249892424
176168472
31816015
253305363
262464194
128711576
225936340
169264631
249908296
54120842
54567406
169264593
187301341
194585204
248161281
185006332
249885495
176168243
53235643
249052137
194420692
155200589
252389214
109861967
77222235
84791381
176168378
117832524
176168428
249576746
129138452
253252945
253271615
253285213
169264609
129138262
8835153
169984408
197634995
172411978
127692259
54752456
169263799
253265153
249890603
169264577
169264306
212315286
195851308
127591183
195700118
169264569
169264056
246208913
214930728
9948015
1026610
217696323
169264714
253262520
69177759
79320633
10381425
1445363
179797007
253264217
164983260
253273690
54638706
249893306
252765441
128711496
202604382
252636352
149771755
158755825
109861916
194769789
1026692
249959663
169264739
262024229
113252954
253401742
169264098
128711589
196287806
127033229
194590656
249935571
250133802
169264473
169263503
205279854
249984267
169263469
180230591
169264336
127033456
169263940
169263863
217125693
169263930
179797060
23223789
193203503
53935751
169264090
247945161
260385537
204049285
159872005
260805928
249918162
249919024
129138584
201843689
176892645
128711491
189946474
215795494
215795490
253298695
127032226
169264722
77036051
249940859
216333785
169263618
169264110
173360439
253253412
246931172
127692180
109861860
202509760
169264076
137966351
169264728
181448650
169263886
200923232
172408346
183510218
209377337
208493975
203292721
253258890
253276953
249940402
253005254
169264074
249907589
169263459
246331491
169264724
127032248
169264553
203064929
169263670
195657814
111498894
186578986
242504579
189658125
217125715
210143465
262024466
173360431
129138555
249910264
249908831
188363608
176168474
77221443
160591606
176905555
171549140
169264390
53770200
243091130
189630697
217125761
173360433
173360349
253264551
246227022
252960796
253306476
127033203
229699511
109861975
193005470
8835143
169264128
176168631
172475879
77221347
169264062
176168454
169264171
217441475
201385783
214594252
249576607
174003948
162399788
253148812
129138281
169263568
169264088
169264116
173360413
169263672
252952807
253300502
249910766
253305774
253284269
253277092
246401318
202529594
127033477
183344018
176168410
109862086
243096143
10640645
159390020
176168418
202529129
169263961
249787472
117832726
191682774
169264266
186305133
50330259
252765965
225251434
249920337
169264637
141237107
127692567
127031710
132302651
169264021
191682849
127033092
54057023
165941554
8835139
179063555
236028215
242501837
243095264
221226980
169263638
217125611
217125670
248767518
195318964
195318947
252647169
248209424
261943004
201385739
215120834
109861961
246167230
246167237
246167304
242504583
186309219
193530125
164465528
207999640
202519722
187017435
181448909
127692375
182300591
215637586
263195977
249856155
184080698
263195924
263209513
263195951
253236701
253263010
169264210
169263809
169263500
169264204
169264444
169263962
253264300
196467157
117064837
252866994
202529414
252765327
214908840
169263946
169263936
169263922
252390876
263195984
185243181
243096175
168356741
225212148
210878232
169264208
169264432
210524742
169264745
127033196
197625276
169263684
169263914
169264480
10640739
169264392
246160168
128711719
194025471
172476812
190096652
246105948
190110095
263079995
263352556
249092498
242324614
249053500
189475949
242484652
248643181
223896697
201763061
242504587
246167245
198958119
244132716
137941271
226325072
169263652
169264449
195851302
194769197
195845291
183320596
187010885
242502311
137941550
262077931
262890866
215637588
160691566
242799112
169263973
253271402
253269061
253264246
253282428
169263885
169264676
169264178
188735704
249920669
249911901
252765370
252576706
252635294
252596721
169263847
169264236
253263923
217125782
169264597
169263883
169264662
137941672
127033429
263195928
169264539
216356990
169263636
263023145
243094377
128711687
205802213
169263580
177187935
77231053
200919320
169264456
169264398
200919443
143144251
169263855
214930808
169264452
169263858
169264543
214497606
169264635
109861991
202724725
84791395
195671107
201386017
215795427
215795492
252239997
229718959
242487108
225212064
242502305
201385844
208126551
249576599
231702730
240626791
247778997
217125789
217125804
230019256
195318939
242502319
169264240
33421411
262803095
169264712
54876993
202529384
249203328
242487437
34748953
263195956
252870515
263209493
263209510
263195942
249960321
169263910
263098205
195659419
179968568
253254029
253262423
253264202
137941592
248643243
249026453
169263522
171680719
169263666
169263498
193623889
169264158
195028694
252060792
198415245
127032236
262023178
169271473
202604356
263195950
109861893
217125733
202604390
129138485
201875108
576594
184521906
169766164
23086460
193525995
186309683
169264550
120183133
127032311
208603847
143144212
210884588
171555876
190096742
177145770
178218933
176168440
2316591
53935552
185443527
114945089
178533848
263395298
129138254
35612249
248707420
242798136
242629689
246161471
242501910
202529391
242501840
242487126
242628013
242487090
242796199
242484707
169264007
242484643
136753136
225212146
195821552
244132730
214932957
194585200
194769195
252870532
262423575
186277397
210276082
262462385
177638273
210147058
169264206
117073764
225289168
249030220
169264134
263195920
253363471
253306391
169264410
169263639
169263590
169264516
169264565
169264184
215954254
127031804
203969519
253265897
200561583
252573275
252273089
263209497
190109986
249857835
252872586
193533039
167057485
169263815
249914464
169264380
249981439
9810504
169263646
193616764
129138340
209400979
202529211
196319453
214115444
176168537
210884538
200923037
190110112
128711525
132999658
169264370
183494105
198523840
127031828
105366531
169263548
115254386
169264244
178050906
200918755
129138438
263352558
143918137
201385630
207255762
242102015
248592455
127692210
195671103
202529217
242501832
248443071
246156916
249026496
252870548
253107396
171944447
201055480
247821581
195845490
213857703
127032145
262636236
261942981
199036741
200848617
210146190
200915990
200915900
137941475
201385917
249085154
200788917
249855150
169263472
169263628
169264688
169263624
262022086
169264678
208250652
263195922
206946004
252870534
214186116
253253643
253271330
253284882
253274960
249644733
253305788
219147106
25194927
58939516
246298158
246282410
187012118
169263680
253232026
263310944
148990270
193526343
109862013
246160723
169264115
169264617
117315768
127032764
176896903
129138317
77231594
169263971
169263906
176168595
169357616
244309159
169264230
155006070
246669431
200918645
216285811
217125762
217125608
217125711
249029929
261943010
261943008
195821317
246167300
246167278
201385580
242504589
242504585
169264438
242618069
249787483
246160096
242501912
127033351
127692433
248767600
244132728
201385659
195952180
177297574
207314395
195316644
54923915
243244797
181147555
178226623
215120543
202510785
215779862
246970081
215779787
198956637
213858952
250077912
137941404
202767892
160691572
242502300
129138383
24155020
249203359
262890911
190109812
215637590
263195937
263195959
263246499
263195972
169263993
169264525
146271268
246635262
253255876
253284733
190094101
160691621
253258484
2258331
253254797
253252900
253268991
203969439
248767567
262018491
252635813
252581101
169263983
110698419
169264643
127033571
198328190
128711723
185443167
128711660
169263997
169264248
169263843
242502314
190096788
169264029
193526395
210524175
169263819
169263656
6802757
84791401
263352560
263195946
253656607
249876840
56801009
184758406
220669873
68267007
262662798
31509724
220669871
400661
186578227
157519559
32188061
198198501
23053509
261961019
13311708
169264599
23226819
32463425
125760043
6807857
580326
261803216
158815846
184758477
215897797
23028216
13311704
165030729
183488700
169264519
34512159
167631906
255480979
35619143
54751310
229768599
32788332
138214368
54925983
54437057
34513446
183487764
74212037
105366564
176761126
35612764
35642375
36376578
215217903
192583222
31515729
169263653
33422967
84791385
169264502
137968432
32589469
73215353
169264019
183509411
34513065
262086147
252647539
105837900
253382090
55196817
169264615
201424550
200679295
169264104
169263994
23193323
187187268
32480965
15541408
23225993
34750028
262085472
203999579
9709310
34746974
246772291
169264504
252859699
891198
54924216
36371706
10827164
84791378
31128102
200816801
263052665
105901361
84791323
129138218
169263877
169264052
210525803
210414515
253393422
556288
212218318
207336506
215897799
37304403
183482875
169263991
253264082
202529364
169263582
23378031
217482933
248773277
169264406
127692417
195941247
143144190
188288245
249964533
223774271
213857871
169263596
188960198
260967962
252636374
124893076
176168591
212569029
253271864
169264692
249891223
212462405
195549418
54788949
41096838
35619864
213893325
129138242
12540346
36710794
35618532
58453324
252040554
188298906
249881537
127033410
247953516
252867924
169264242
169264674
169263998
214591897
195833601
242483120
195833509
539039
195941287
84791343
712721
197536717
21016057
129138561
216388068
169263630
48595528
188947591
253237851
23391096
249881553
84791373
23290616
169264700
252853788
225959713
195663529
176168514
129138238
36377759
84791399
195844738
204049277
253626720
249145021
169264298
195304519
495553
188946824
188947214
169264505
120183699
14464755
23012434
253281136
114895484
129138334
253254042
249915391
193529178
20823177
216296826
71672238
137968458
129138222
169263598
114895504
182976021
225959706
253235553
84873681
21572486
183484113
129138204
253304984
252635931
249889470
249919844
129138456
84791387
129138210
14716184
54753892
247256726
217125796
212212392
76527775
195663477
247464764
252063823
173523179
42689703
169263793
84791313
127033012
33421452
139419713
602400
198957716
248773405
182301033
247785835
169263592
169263785
176910041
84791317
199527288
129138329
169264322
190110011
127032025
127872713
84791341
24193857
34468047
169264374
248247156
249966259
253066072
242767140
249004538
217125829
262636234
137941303
187012595
54924224
147415621
199734463
38086196
183512633
159432635
263195976
263195944
202604399
253253454
249919981
252635329
207332059
169263789
190094122
173561211
127033008
200917408
167612031
132302643
127032724
249208067
216387822
217125766
253398308
192031931
84791371
202604364
263209503
113117261
253284731
38084794
253235920
249915874
106362170
169263810
203049328
262890953
253398312
198957918
54900983
84791319
84791368
84791311
242447992
263209524
38081207
263195964
129138427
191977987
169264529
225959701
129138580
262890923
34747740
84791331
33420990
209399930
33421317
117315846
263255925
253252987
76527771
41247603
34512553
34472670
195510268
169264386
178523007
194783391
10827876
263338205
169264364
129138412
182980652
197531796
181978922
207645235
129138270
129138402
263401286
129138543
242627964
84791333
249053528
56305451
34470969
216982823
253237917
253272403
84791365
187186885
196029587
36375923
263195923
253170596
128711702
11381529
202255956
169264352
182974873
12198487
169263916
32217171
196515659
169263851
54925059
241982689
255480976
34850365
23007855
11274891
169264010
55512491
176897257
253317793
584931
201424548
10163157
169264068
478672
54753364
34750263
23372816
121220303
74547201
155420924
11507901
162399518
169264048
262821865
172408829
54925852
54924992
169263711
170767585
34472236
74528057
159820744
183718961
169264220
53901799
20936420
33491771
222660020
173576949
176775772
54622804
217125617
245329504
441297
223964076
129138448
84791355
169263932
38085631
23376172
23014176
114895560
14051417
73769169
26471522
183502637
249918564
217549736
192473846
169264326
74527077
807196
183502000
216285733
129138532
117064539
138910206
84791347
55443072
76527781
34473043
128711650
59234015
253235548
176737557
84791321
181238278
84791327
263209521
117064668
252854126
263195940
263311050
54929461
37157182
200917365
252858305
127031640
249883320
215221490
263209494
114895606
252829557
133785755
173831025
169264481
141821393
114895474
187214619
263209507
185119852
84791334
248362451
84791324
23002389
34471791
169264346
190747364
196338908
230054694
199566524
33478110
188299040
10683078
198858508
152561042
137952622
199244321
262688485
262818696
249782940
247677233
54624024
134708140
262890907
188919647
54750444
263195958
225250661
249906999
34465505
127032923
144454970
127591561
248773394
173360358
712737
184074894
129138219
176168579
160591625
54752432
169264136
129138353
37158793
254146798
197645598
217125811
74547303
263310999
174308991
202529665
201385874
169264647
248745950
259542137
204871666
254148846
216124891
207852921
190115242
185443170
189475741
186208073
215943588
479793
255299120
707424
192033119
141822799
54750760
117736472
114895485
249348466
263209540
249604617
221710969
214189402
263241975
247922012
200849311
127032999
574444
262017356
262018895
262452058
55511783
74458743
34747421
54753157
201308236
176775666
78280079
262067642
214930460
249940786
262636263
197184574
173832423
260922770
129138382
208193259
253281153
141662739
203401943
216119758
197545098
198122041
163793847
197589851
217535067
263209495
253614630
221227063
263106873
217125669
197582844
217125808