86973344
34357614
110584757
160131450
34357580
187853143
95295522
104842818
2862637
161246586
140580557
214005468
160270221
114571957
95295627
181171150
34357636
95059437
37795683
253389839
103369629
115888364
114571922
140978264
3679607
185654362
225265953
219147237
154493701
105231815
73402222
38110946
2736315
168094384
114572160
57043613
105195219
38110942
125604205
29383843
159955940
160152066
83020794
252162553
20615292
110824027
214824088
114687401
1995057
19737740
116018187
125604468
171652307
1995059
1711933
244181470
210942951
41265482
17602002
181184896
1411407
585345
103814968
73192552
103813954
607561
26619000
97451702
118260318
200852278
188832289
25020354
73498238
473989
2736335
199011358
105231758
50234923
262674771
23053194
227179283
51120917
48011349
103808355
129238689
140978214
31517172
84714514
51120989
122147265
48828775
111110830
158884066
261825314
105231778
121712616
23482661
167424523
143860306
92553538
160269369
983179
59278254
103804154
133830482
171652282
186567916
164223251
158601803
144739505
73402644
794466
220682601
199737164
105192964
121735521
32223227
192262081
466110
37795675
211962149
192815625
32223410
2736325
111118220
48756005
225957809
119720140
31517156
24070329
133832119
35451532
103817325
103806808
73569206
82939152
109786829
97043185
88962694
122577
170979608
48008789
107004861
111118146
20204422
185970998
105205598
51121014
95295755
50491360
82939150
206107252
242204410
187837097
210942205
85241600
111117427
214656547
216936287
195875293
216936347
199737803
144737423
207811068
203435201
77767649
208498127
953875
251535967
70800793
150374519
137542768
115888380
247730542
262852778
32223415
262674796
262674820
103867075
202644874
35450759
169381107
48010454
62884060
100285758
96556433
55289964
48008229
96578436
124041297
96574101
12491193
143638130
96588918
31517160
120472143
160269008
207341092
50234784
198963936
248643137
103816787
262229418
140131869
26613000
50491161
50491200
23413926
199977145
35361845
129272327
133899066
127554478
95059249
60880454
148700506
127554421
215188687
111111919
55876950
187838698
35613578
167435334
235853798
199734316
207400727
73402784
144227708
77759796
116936152
116959958
142113411
104611485
262483116
168734553
35450825
96589487
96553555
96586884
31517166
144739318
96553417
53048027
32224502
48008080
96553553
96553550
262674432
169380880
185654379
202641691
202642640
202642500
202645666
21286926
198964224
196210095
262757679
103816475
204460110
37795681
87676115
50491182
50491196
263316823
249277104
214737574
210762251
104710144
144756734
156789784
187838655
254082468
86978313
38110950
210942694
137542724
105231703
262488030
83020683
73402767
73402404
251253406
168729462
142555096
253127937
201126171
127353261
247907193
170991940
262674802
262674244
202644010
202642505
251754923
190539775
227179242
25679372
169381530
76251998
48002932
35859813
96584643
96585556
58565991
249712812
21287055
54811502
247906671
72314960
188712961
56876546
247906399
187838267
187838189
129712787
249086071
235853813
199737881
104672732
216023198
127120614
171557954
58471181
216936329
235853789
48010468
117032785
181979139
116018299
48923111
252400936
56879344
253133447
247731125
216936299
177813944
247907183
201677336
127353324
263076485
170991885
191678253
247906732
124041052
58135415
202643402
176080985
96552239
48010910
124041521
32224205
48012481
73669447
29399583
48010908
102608063
35859793
51121004
48010902
96589400
96580417
103869919
177472394
160148230
50491219
1711579
56878971
26613537
247907197
32722887
192714592
215901457
49501551
96927608
207840362
201648332
35613648
35613445
170965738
111116739
29387817
131280691
254256785
187837974
201293528
199734477
104714088
23295043
249276615
23140674
158602021
77720263
96574649
262498266
202644200
174144690
125089871
97462875
102601692
31519290
48010904
120472145
50217139
97480284
209409260
173450019
262674835
262674357
29397957
19615626
188712994
252892497
166389366
96588529
55289858
25679404
50217133
216143340
163147874
1995061
96574117
96589459
160296417
50491333
50491335
78965939
187838086
169898511
212936000
73402688
90092265
203231024
210938389
35361919
85241263
174144686
181979134
116932353
202395441
247906395
253127849
110834373
111112536
151509353
56877590
121004825
31861519
101173322
104717987
104903389
48828995
199738248
1691159
197667593
187837027
254257286
253389857
158883223
3601385
68142212
59285296
169380073
96545085
31517576
113432522
96589461
82389184
151803026
122150761
35507050
202642391
96553578
202641837
209409725
29357897
262674575
50491305
96556447
120472307
48002117
55289752
123442536
96584533
96552195
32224229
194960687
96580549
96580279
262037995
24910236
607470
156176451
25981848
29385948
34357553
375931