217721764
217721858
217722030
170119816
261840821
56212955
43159181
216199086
217721788
217123544
198562315
198562321
198562339
198562362
216199088
198562311
216199163
216199151
216199104
197530355
490114
216199155
58711171
2290793
217722699
197530369
217721920
216199170
217721756
216199062
574256
217123623
2530171
216288812
217721916
489560
217721962
217722695
216199060
2208251
489591
217123740
488008
217721826
217722043
217722721
217721846
2499521
56309581
489805
488016
217721860
217721768
217721904
217721952
240626694
216199126
197530371
263179576
262701542
217722599
217721880
217722100
217722047
217722781
48578686
2208255
3770163
217721890
217722596
249569951
217722675
217721954
217721806
197530373
198285456
2499519
202529626
217721926
217722629
217721722
217722648
217721832
193101859
2245407
12644115
2290805
2499509
217721878
217721772
216288857