253213647
261038020
248957263
207301603
212992673
247838135
249156895
230036519
222679465
248380457
186237324
195187480
212567558
205039761
196394972
214075599
251885266
173364636
217535055
202853032
149573910
122336552
214757466
185340443
204078070
155880591
181699688
186237333
144079756
241803353
202710687
85242387
197964585
206607121
251762737
251762729
205299640
193206168
194959173
177746995
174444190
260847322
169621664
144451595
185340441
196284164
202466690
257845372
214075603
257845351
195190105
160585764
169621657
217148634
162837790
196284160
117002702
169621652
241803354
247806777
241737934
193895769
260795219
49365848
206847854
188767663
122336553
169621666
202533847
194471830
160931492
97075764
182736912
212567556
190238358
157955619
205576470
201850382
199195796
185340449
178483756
134846265
205576473
203211985
156821176
260114699
185435307
111981249
174444162
169621659
157071616
158812932
261966305
196851826
101932550
248416055
167600182
89316009
38433931
212287901
182709679
241784474
161383542
225934768
213863186
252066413
186094200
251762733
198198495
204825131
216406926
91104638
249935654
450156
249935706
189035757
158866414
104744325
83677565
159004131
249945457
261829935
234948712
257786707
124863831
99410911
257846803
193206153
160585762
213863185
253555882
248575657
198123674
398537
46221917
480922
248524566
103477219
145634338
213863189
198127671
88999728
184861034
215402048
249130048
261829937
252208945
82702643
262899551
212981750
261829969
261829958
247878958
257846832
186309372
101933232
262899573
202012269
261835295
247666437
248703256
214824981
207461264
220823394
161026915
248805707
247777897
249202974
197669508
116947308
248341934
201106411
214915863
212287888
248738336
213863183
262899543
136425164
193206157
253555889
262082307
153815206
248167583
197635105
262085584
557519
248341932
197635855
95250057
253394111
253555965
108652743
249260555
262899503
87640475
249674273
135322600
181893
249693708
101931279
262454782
253168765
116947341
195472232
160346923
249794978
189556188
254139264
262084693
87640481
108716729
212982020
253168757
159482817
91273176
201592094
468614
262899571
249135594
197880057
197629362
196339362
504858
185435314
225217198
192588653
191920180
248230386
253168768
181998057
253176282
215139999
250052404
214516406
176143087
248360157
57587819
138029695
206641694
190647816
192387478
248930336
178056242
87640596
252675760
260795265
245766834
214771389
225935202
243033340
197635663
249972759
248546475
206103978
82529237
253555917
189556177
101683235
225216866
253386417
247776051
87640494
98242705
195928151
101933477
249347378
197634917
242344522
80937475
90981413
245766843
262907214
262902123
104743109
78964876
198111806
112321528
232720093
206634398
204438893
191493555
198127616
252768704
249260079
260794044
198123539
262983796
198111577
261835236
249349430
163831410
87640496
153815199
249349433
522720
248802031
195801647
163831386
167029912
173364639
103901277
205472224
187300430
197669732
101683173
198081866
214860371
89315628
248524935
198817353
262454757
195472187
262454769
101932025
225926216
206643296
177892208
195286801
207730327
188831251
197665910
185433587
198082014
1017113
198188959
249347376
251999023
138396005
87640594
249347380
212981386
248802096
251762731
202495209
253364889
87640590
163831388
204766253
195927535
87640471
101933480
87640592
247778554
103870594
248225819
506560
178058614
218748514
10396942
102412523
215798478
198380027
225942679
207732879
250002619
198817405
248241413
249972648
194960029
262899567
173137652
214930564
197623288
89315687
89314433
248223198
262899607
206674323
208119632
262902125
262902139
194794279
252400370
248221182
248179584
247778594
249772560
249971901
196559815
214915761
103807644
262454778
248583370
248546415
206663864
249693741
249772418
250056192
249874943
249962281
248185423
197629737
87640598
197643920
201874478
252794284
249646487
178761098
197626485
262905601
206676968
250017640
194794274
245766838
245766832
249872740
546594
172476609
172476736
178827368
214908474
197634832
214915882
195855786
214916361
50254533
89295106
250053180
225946981
197620522
197629294
145130768
197621604
249531952
97483598
196021707
89314800
107366393
198379904
248523282
1613317
179141980
248214867
248244122
189702434
147938106
152517833
249874814
215798476
215798474
249654014
250017621
197625189
250017082
215797553
189684599
189462841
178264057
191493616
183900703
215798472
248238127
248519086
194483325
197622794
197638924
172475773
197620526
197605142
249767735
249653987
196560154
195236063
249349435
190461247
163831458
208590111
248235751
197647137
235577837
262899635
98038003
188831033
249653040
248575904
89315032
202854316
190461318
154528748
197636752
160356285
249872704
202854334
248523341
197625655
197620533
197628002
249769557
247823542
215788610
101932979
194483109
101931376
198380863
197623544
214824964
178502490
195288464
195928162
197628308
197621869
214932961
197627003
198127389
191422746
197635863
248573039
249768134
250052862
197625329
89313958
87640473
250465287
249654011
250052885
262899599
152519771
185872892
247944560
245767759
197634222
250467225
215788606
201874425
197636767
195136400
249874945
87640490
96301307
247346459
197622744
196152819
206669505
195288447
196152997
164273269
122336563
248978289
249767592
260114673
186591832
195134322
262704608
197623887
249954944
262899531
193702144
197665883
201874492
196917437
241784476
215788604
249653997
249874683
89314147
262704549
101932098
230203551
249532010
214921002
160585832
202855283
197645243
251460652
215389418
249258046
215739390
213710595
89314104
197628477
245767757
101931222
195237450
262902121
195286803
249963051
198127468
229726907
263339023
263344876