109964038
562450
107224090
213565442
191956481
198120393
174280278
209399709
192949624
213565411
23619297
52112370
17974725
13443851
252857366
213565366
198119962
32701108
106583336
235853876
252906219
252137039
110001779
213565291
110447669
164980122
213565373
2054841
108201660
109698927
204880980
191956893
192950283
114090403
72663938
129309627
230206733
842680
191958409
261968303
176522876
208559490
192949634
213565502
19691954
199515832
198120959
181131176
185006413
195797761
106589604
176051502
261968416
603612
246772860
199515755
35957457
212213007
13443843
4465507
36607467
213565371
55139871
72744598
49960719
115011934
114597429
58729297
49665330
20459308
139730407
110181080
35957455
252857257
198463973
213565318
73179457
35957463
164983830
31846545
74684065
16850109
32921510
209399783
242148460
185028061
186530802
242453950
439889
106599960
246772982
58118922
246772942
246772959
5401811
213565296
200617456
176522870
193450820
261969003
59207569
199734515
196515741
114598104
31845761
253182588
176522734
185575911
59207575
186106748
77112152
191998412
185992070
191136672
101882512
4790181
246772974
262078213
78491162
181379275
251520380
262078209
247796237
114944662
36607698
7087107
250334895
74610003
100285591
107409415
186106750
185856579
247291046
247801142
195471053
17960472
261969622
182124438
191684389
173557581
242484711
572976
572975
869750
242484562
247291050
217268919
78491117
250020298
195623916
194115765
59207561
72314509
2210795
230048530
36606284
252253418
36313819
1574817
246772970
72542519
262085501
253563111
181379279
262078195
34751666
74684071
75391945
147988180
4790183
147988194
262078163
201073926
247564773
185448023
1036416
66512250
58442443
242411256
262078197
111030170
619162
262078165
242144579
155149094
252920343
2099833
165640623
198342224
572490
263057581
191958331
259514898
191824088
198889506
176056402
191820234
248565515
178226002
106075698
59207573
5401819
199731702
10401992
186106735
261978301
58450090
164286097
253180061
186165955
178219291
205040871
112499923
201855747
129309621
123490350
10401994
198335036
196579400
176025057
194954484
230043456
164071868
213565449
164286496
58258217
42686973
191683500
2689249
262305543
84872871
198099098
40353171
58133505
48982958
191781237
252873099
248430696
248431401
190539546
38536471
55282980
199969901
146273637
215160583
199009382
189374161
225971996
198889612
58450100
249566302
25060356
194098831
194207929
252905955
186106734
108930918
191684806
50215538
5401807
191684684
186106729
175651175
246772961
242206046
72542515
197821153
191780411
1736637
3557817
121686340
26226123
49663822
175646528
2077355
242091352
114092411
182736978
182736985
651417
207566787
651419
178219339
247809298
651418
217286495
187662431
184101986
194399552
186495729
164967407
253366155
24969967
206906680
15642898
253189687
206145349
115015393
196579548
861142
430574
35964659
196579552
114944378
242484096
259310944
181131166
262061626
191778639
196860127
204629832
19691978
216274698
207596849
206474778
35957453
191816451
25204529
47323978
175646216
164983237
249237872
241817443
205694854
191926711
214819334
78553529
191926705
24821220
7087105
398705
103400578
2797685
206145305
199515649
572500
175445699
151950548
243807951
103964137
191316142
253293512
196866023
112815888
146274210
4170991
82385528
80412721
242483130
242432277
262077588
114944786
17960480
209399701
253403012
545246
147999773
249658075
208559488
217286486
59207571
203506077
176522866
1747059
80412722
193536579
185006461
377099
210425330
32921098
248564357
249151238
89763891
181131186
647451
216907613
16850115
178225999
155142349
430573
241907072
181131160
106361752
114589748
184248268
252002528
175445477
253393246
220814549
242018067
198072596
206145355
26411703
200038159
199038418
242487110
165588814
217268893
185006136
74620375
185347077
191136698
242693645
72542507
36607374
5862877
253395397
253059842
16390987
86418034
57811709
195536663
5401815
200617442
199650400
10325546
198499767
34749015
584112
5404247
91833093
246772920
7087109
191820524
252684949
754330
253293467
134605025
184045195
147999785
17960474
24821205
178219271
66640947
199969217
198889604
206375888
247565135
167494204
2985313
197117223
243807977
101887235
164554298
163713359
206375215
251552586
58141508
13385366
191683304
205506478
215176497
186106741
75390985
262733495
32921595
252161774
191538201
243807973
226215487
199728566
262077523
200617446
20087622
129255459
185651520
191357074
48753485
72663835
204047030
242123350
1380395
792158
84263052
186106738
242485430
191683358
195919234
160671646
712202
66104138
704975
114945306
137502967
114944516
242091372
194208027
249237231
867260
74307099
2386339
252052393
97920971
199889966
17960476
249268650
72542499
248226153
42470065
178226116
197966977
161541392
458262
243807967
191649354
203506067
186106739
258474090
1277209
115694780
182307720
635053
59284202
247291047
155339573
191586803
195993389
262530210
199038426
146223838
26411693
199650406
197687372
252428085
2444197
635044
6775139
262077595
59207565
253563221
572977
73240264
2650127
250340565
146223854
189696874
19691957
3576479
249879203
259535532
2054833
72542511
181379265
200976492
1573655
252002377
244168768
186394859
178226120
67909324
247953689
248433206
252077954
34749392
194770419
206375842
248428698
184039159
87623194
186106730
458316
5721801
262792413
2689251
250338936
108404482
251520775
58257401
195904915
199650402
147341605
247239956
242662062
204640432
468632
185686076
58481329
708067
635216
194770013
242434065
242033864
164551828
185006093
185006297
252077900
252139230
248780786
139728537
176522672
195525178
200617448
247901960
37903429
51030736
72744596
216435291
210134545
75392114
242662998
147999775
36586970
147570692
125082746
24489920
197558868
165144175
186879750
200850388
58340300
242136760
246852440
164849325
634999
199518188
196865550
1951633
246772792
114056237
103400559
246772796
24821702
195797760
213698311
889618
2874887
113039782
203965514
189194097
195237543
1573671
24185632
248435812
189686347
87632465
2077341
199930857
186106724
7431453
252174686
244690898
25204527
205074189
58442276
242411340
36607706
59070397
76696727
252006033
185006467
262363261
242693673
477782
87358845
139730394
25039201
182308552
191926709
194144067
188554758
219161299
114945747
242693649
195542685
185005814
25060411
25060368
59284198
139728591
178219283
59284204
128334359
186106736
247938277
213980219
262305601
208192589
194440278
259536729
27990882
178219281
134605008
58258215
252079221
83319713
458327
198072156
57903739
164275613
176522783
114595849
185226253
186080509
185005881
165160294
198889614
7167823
115754102
206474529
243807975
178219274
200039764
5503109
36413322
14134323
2077309
191576246
205811059
2443175
197337488
227357850
146223849
170466643
191585061
55211446
75391924
114693326
185006075
58545618
75392169
651415
185647197
250020246
146274694
88929181
49640772
89763772
165337636
248931692
146223843
191891602
59207567
2077351
37017486
922714
207817311
632830
197687566
215560742
59131307
247406197
260819320
151950616
199896992
195623913
109368931
199927767
4790187
23361032
111711942
196860285
194131226
562580
176522847
242411260
56600606
7087103
184045812
58257405
10281640
14504275
2234081
254146163
210413513
103400644
114602062
16850111
139728585
108200962
75373338
181908791
196180929
216661741
575541
20339305
562428
243808025
109368896
689280
398438
100285527
164989544
115754098
114101130
5404241
170466577
242091565
195623937
199709935
67552574
253129477
170466502
59284200
193855922
252139494
504385
191565814
252139315
75391983
170466575
164220139
72542503
181680988
86417671
86418028
163703136
14536887
58258207
20339312
75390979
25204525
203511723
198539044
58257137
203084428
230202415
205573945
164211768
103474848
185898348
205506455
194101563
206361197
155045630
241779665
21878195
146271933
39546721
377103
197693942
252139390
252130245
191005875
146271239
261840383
113046657
253293604
80359092
249610690
185206540
171581102
86417865
25059554
113046227
106361356
114693256
845858
178219255
108191469
97603632
7581619
197695176
191576075
84872976
194440561
196900882
164275407
575545
246772978
230202927
262692961
191813035
601528
56609520
32219626
25060251
262085536
198413888
251514765
58257131
51030800
134605015
185645754
845854
377110
114693166
196537637
194440513
185006101
430638
72050632
159416213
193450831
246772940
242486963
86418011
26411677
191683581
191683464
55283654
434752
201794800
72050619
50215021
58163531
197964795
80628956
651416
191584719
202331741
241968919
100285183
249855384
199583187
189336470
241983648
1742133
67966395
143784450
171585893
348964
184473325
242214537
638175
69162887
204068690
75373404
251573525
217521222
1951623
74943724
251520258
123490280
137503048
68763686
20339292
74943729
242091366
191956843
262527005
36607378
133941109
206375796
263045108
191684732
252077946
172025059
259537204
252064168
108197961
184101195
235871391
4465499
223632910
185496342
252033375
122440075
182139350
248567232
109368939
164429247
252884452
242117990
1574819
194209849
97603636
249244602
251514809
253293681
263057715
251741936
76499873
199969328
242150813
189255057
192679234
202331664
199650374
195567963
634998
192669817
172477125
191893495
25888401
204765539
262915388
252431608
207933178
20479520
139728567
96175314
57905697
248568256
242091357
251258459
78948388
250343009
197900245
249799818
191592104
17960484
250339015
173386775
355390
252775633
2664581
1387519
259514682
235855221
146271976
230138316
181131177
155145513
205506212
251257518
193450821
236036422
58442610
206474744
252129555
213565321
235855294
249237502
262527143
249222741
191828937
15642889
262077484
78951733
129309615
250340273
251257006
247563046
704955
246852183
76500285
250340392
73682191
1387517
1387513
252579635
1387515
25144523
263045015
78289826
206292046
205984021
253179948
253471990
72542521
176522772
184465133
112588457
163698132
72882558
191926703
200689429
183539064
355388
219407732
191913968
247901595
204417006
243001073
249253604
249253341
178831595
147764228
258496266
191926732
198515794
262646192
191630016
196683740
242152136
252032410
250340277
176522845
179805616
210513756
239435050
178226017
253179276
252879312
252174618
191818704
63531772
161541390
205809974
262836768
261969678
58802092
200780732
191219286
206483038
199889964
180749748
146275333
240898565
58257135
239574035
198335042
251268862
250334842
230138307
114065964
25204531
240793042
199650166
15638147
75541094
123490381
184592611
250340139
249237841
5869375
195561366
123490270
202723624
191782091
207818554
252065608
25046892
252878896
194134583
194122846
178226047
74684069
203511540
251268717
250340214
103400538
191356489
250340509
225972001
248539010
80359083
240708266
193736889
206483048
205808237
36314215
180749899
251545545
247947757
194131799
191926715
603135
142003364
248371896
247800294
109347421
213565329
80365378
240755884
192950299
192950317
251575308
251748299
58709648
193536392
196579526
35359306
252239735
49640957
192950370
754329
235854834
262850948
32219308
200976559
253028826
251268707
252829148
239402802
198889567
191926643
142211231
252857050
58859705
191915466
251756293
192685055
253125047
58859703
147568297
2476615
252683019
110181521
253381058
37903148
192950683
252197506
185006132
201643773
185006293
252699564
248544039
249257337
252025296
221361602
261996669
552838
254139947
252064103
251268519
129309617
25039203
251268685
252714314
242091341
252091456
208227281
205707710
191636677
32217935
178226041
247723443
141917120
206715160
185006083
191926668
206715147
123490356
248420023
180851042
252131077
185006281
78951518
139030771
109331291
73207170
191915066
58257413
25204533
185006251
197852359
186878708
205811864
576238
97735969
197748928
80359136
191683306
32220343
137440816
252832359
85378830
109488281
123490302
191363779
253096796
251575482
180851229
186608292
251403591
252131110
36666120
635014
576210
248177991
38110425
223513705
114945693
58258209
192950442
139730461
67909314
249237341
252079401
251535464
186165465
250340463
250338887
253447650
76399927
253096481
196874225
126232601
44184798
196864759
181906874
115268154
200976608
248422122
252078208
251268766
251997909
263100055
252777573
67889301
252063287
162025718
114944330
205573938
263097247
191926016
106042856
2386329
250340531
73767830
111711917
252080109
247885692
263029313
263029606
201678395
206375764
577140
249258780
252078020
194259440
80358856
252083958
249227029
34747595
36710069
262525302
263029200
251268724
242140637
262345114
129309609
253402564
253380465
192950428
49640847
25204523
32217105
199969169
89703311
205749815
36563719
171241638
207645988
217188242
179978824
213565310
252083719
252080221
80365391
247947729
175721449
202016856
263029258
172421986
603480
197406292
202337970
577142
114945334
262646245
263097267
70844541
112334246
69162897
198889600
248215327
253059984
205967730
250062446
251881967
195623876
253471954
191912017
75392131
262783959
216907836
213565542
196547477
262056300
185634669
2099861
253126151
191926685
206475170
180749912
242153275
9687397
58491268
215560754
191684705
191926738
78553448
36607719
140102132
199711108
140348214
188410388
194124346
58709411
95071206
355329
36314599
4387505
204416895
191915990
191650762
197633934
24821720
178226031
199969653
260406015
4387507
58257127
181131155
36710447
214819497
34751921
205695908
191576827
247291052
170467002
252719173
216274921
205695325
200646451
191683417
861088
252269485
201384097
163712923
252877846
191778272
164286753
204942388
194440386
194103381
249149879
201574856
59445160
201794864
182129801
253324249
73762055
242434202
163716556
252230663
168954466
164268846
155045707
200925540
191631611
253350837
243808027
205506385
170467276
68062169
199731821
71005785
193737046
206294138
55119536
204301161
252166039
214766317
40353175
250340434
36257778
20426665
260405989
251514755
200039826
204044325
205528525
201677947
243807858
262058689
249150655
200925360
185006122
213978620
139730428
248365674
575532
85755129
205810000
2797687
200976606
3576469
116245910
185005921
181379263
16850099
195954691
237142981
197687443
48210090
103400624
185006484
204941929
215176539
242411366
115754096
7798763
35597507
191684603
191817365
217286425
195683633
165224431
205808089
222682753
199650107
178219337
217268933
35957461
253396229
185397574
398452
185996584
36315007
185895394
213714108
249145255
178226036
201687325
196488112
249145973
201384137
207933260
179075999
197850870
200925956
5862881
257682811
136220453
557210
237282077
114616320
191817642
157150898
76696848
164253184
35308856
200726880
200925822
171241608
169343826
25059564
252174526
205371129
35411828
170466581
44858853
252669408
191926689
205707723
202876818
84263055
191777812
176522851
185773963
198431336
184414129
430586
103823058
201687623
35411975
203511808
175721406
194130335
114042404
193525317
199650414
110190600
50215353
206479209
114944309
146271929
24185627
109369034
87635070
205281392
74225711
194131559
97735967
210425324
217286418
101870465
262345938
985182
2650133
252177016
114080477
249243833
191926720
49621760
180749756
199517942
3576471
253293564
3282117
140102316
102474298
114694269
191926686
250062442
37907938
198456228
194130143
178226069
3282115
114691699
198021633
187662115
66956794
186534158
178219325
180749894
81576561
253165384
242142955
75396429
204416950
125396542
236071304
5721781
26411691
157209475
209170768
191829503
239489709
207478022
58257139
242693546
178219338
67909322
178226124
184240436
3557843
91832979
176522918
248598076
204046329
252768709
58257411
78553525
101456307
178226085
235856192
214822271
242411258
133247264
206476805
468636
247380324
109487862
217268973
199650398
247936550
235856359
191782109
5404243
175550167
103474382
194449712
149434265
164075057
192105031
182317794
23433464
191651723
206483105
235877772
146275423
195745419
25060291
242154251
185006156
244301815
398608
237399221
151587927
195740345
430580
240552036
63533458
635136
91832883
253566147
129309611
3494777
235877533
253293568
196579616
100285535
58163523
200976546
251256836
50215527
249876372
215129060
185467287
202284292
22445828
58859699
178226012
73245764
114945172
185006208
181361178
182748500
192579579
114444541
197920869
198565594
178219323
186369582
36400999
113444050
244300874
200688262
31514502
562462
253317983
25060253
72882552
24489976
852988
176522638
254438160
430579
165098757
185005727
207566097
165314790
2874915
164690452
689275
242432119
250062620
262676162
194099187
185005995
190827323
253293596
58272302
180749966
213980273
200922447
206307498
195845879
103848215
103824379
178219284
114611198
377100
240610873
213565299
19275409
32220676
103864028
262078205
191684700
25162792
207597235
108201883
58442693
139730405
75391858
243023555
87634734
575530
199650422
204701935
21553182
97815081
198495107
146270666
139728583
249090192
178219333
205810697
2077313
247794272
247723175
63531191
39357791
63537778
203084444
74225719
190502178
146272376
196488114
58258205
179728443
57911741
253545847
206335081
164543202
199969180
253161621
204416903
176522896
34746237
192950793
185005735
197902395
146272086
187011244
194131018
191829304
189181944
200039899
63078274
970180
186106746
191552999
348957
32219566
252922586
190502242
200646387
36710558
16850097
230252674
178226059
202525204
254081919
191354780
198390875
259317114
109347679
55121862
165144211
178226044
58257407
178219263
185005796
253471977
155142117
252156765
252156726
213565307
42469831
109505273
203511798
78553445
185005701
124731375
651525
181267842
25046917
63532369
243808016
78553612
219460758
191683542
86418015
25046859
262794633
244809731
176791067
58073670
262002556
259317611
169281271
25060336
134605022
58258221
200737739
194004299
37019005
689274
115754088
185006263
85754944
194524977
205809724
108207318
32220051
178219287
97603634
200617438
206374687
197906860
249089596
235871567
204044774
26226143
430736
712209
1951619
59409576
51518859
262078203
49179821
86417802
247567457
185654063
188555106
44858677
54917484
103404639
247830399
73763393
53466922
225937212
2063855
58229813
198618820
82954465
202328962
856180
82387031
25039217
205810705
206476889
198099156
240472604
208591559
251748548
82955565
2004565
39357817
35445551
2244635
645783
72882560
20339302
252188277
250340300
197337568
180749856
163021241
109504957
76527486
262387100
147570981
194129938
39546784
178219272
165144198
87635062
87635066
184240621
87633255
207317145
197748991
252026431
205527745
205504507
476662
242411346
147341480
82955356
51518820
57898778
5721757
529926
198427124
601822
58076548
86417944
78553631
514614
31515125
191683598
257846481
252078324
198538970
217320328
164704217
708074
176791013
66698789
86418044
206292625
556849
180852672
249089629
204044697
247843319
242486846
213565557
191684837
86417848
55283173
190167848
73230272
58340295
58481322
191683546
247951401
197821155
172920669
191921572
253365761
195739367
200731207
249145653
178226081
36564848
244518367
178226029
601544
34750164
206375061
198494985
1192137
74684486
2066299
206331067
181687274
144614366
252158619
195283579
191683476
926840
73364925
107576379
196515739
76696659
172472204
192950851
123897330
19691960
192950757
19691963
253319130
262982290
55999893
109988870
144614986
203049483
169916862
194208815
216908077
192987878
106208743
123490351
123490292
243807914
106209078
120509501
648116
19691982
900622
82413533
54809911
248588775
76203813
198518619
242091359
19773721
165166568
198517389
208192669
197900154
252065013
115320973
31846237
140638634
196181055
193045243
199008871
262846229
8115153
51518419
262360107
140638650
23259764
222627245
207818627
19691968
2234079
106348372
107409162
111413048
253205610
8115145
242644991
181131175
161974512
70540159
59293805
8115146
208192699
19691952
191683328
55999897
56941773
195531152
55999895
8115151
123490298
198518912
22821619
126796781
50215708
8115147
146273592
206126483
66512254
66512246
36049206
8115150
191683363
152022533
173053818
147988188
185715411
242411273
252078097
245191988
124171020
115289494
108465824
124171027
178603150
258567291
123490304
189952562
91011561
191592331
145978448
172378877
175445747
252079021
76175395
83398828
4531709
146270275
996124
77112135
208097068
78958885
50783104
57905701
249488605
176172267
78952180
167970456
203910097
1006225
175445709
84254121
50396201
70586069
996134
12219913
197464883
8115152
207596950
214822901
123490326
450531
82386981
194212336
191683422
34750022
126730850
189160271
198521554
150839233
108261348
213691803
252870536
107970940
107970951
173539743
197147531
243808036
199569555
124171007
450519
207818723
205973646
262796540
192693754
205018849
575533
108327038
450518
450530
222627172
450526
87931065
66104126
123490265
262526845
203949795
33248201
101870244
90576249
250062552
165091928
252080043
57905705
165242332
195745930
191825286
253319059
57911672
201019229
207597026
213980235
253165975
248501803
178603239
178603177
250334913
66751394
684765
115737399
249152761
66751283
253203068
184410068
6469133
184414969
197656201
253201490
76683337
112538327
195745982
193045154
126133719
201817215
251997936
103917081
248602075
249937972
251395172
54809933
252920542
115785834
199222551
250098588
450542
253161473
108059404
205613994
211471211
205894419
252079356
36563619
205894409
216670642
123490313
76536042
24456785
263058492
169915370
200687275
184410079
137425442
124171033
165243459
73201572
262915954
69162895
243807916
247762906
50215095
222723746
199593180
246553582
263027548
249227189
124171009
88206459
262915878
200680576
205808481
115761900
213672277
76602258
204000291
161974322
191683403
262454466
248602819
249150271
184410511
50361726
205707561
102471945
115978057
244152839
262688060
2145203
263058375
262075072
252065691
74350220
194206907
87913281
209170902
212484537
8115149
117786040
199172113
8115148
181699628
147988210
175445536
55552220
114448187
50361715
115783422
66512248
205659064
97699989
185447813
176522632
146270668
87644988
146223708
202238549
194129669
123490314
92996218
252104484
576199
181679955
22820961
251762355
207818756
252827719
43879216
225940267
204405052
75953914
117221145
708064
208129247
160343995
68421180
119365741
206375737
146272173
205274409
123490353
59131311
34746959
114821590
200678939
5869373
169916866
205707572
188427932
78958952
216441686
249222689
206376126
114079546
31998476
124171031
206374487
176177723
124170839
204761742
243808010
207642319
206331145
230015128
97556566
248502031
36565176
68881823
113109831
210732863
259489599
248602489
222627232
200976496
178787385
56719631
248502135
107970941
619212
262072695
50214859
651557
204408736
996130
240626551
202020206
214759498
248609310
123490329
205802215
25204537
103850081
114203076
205606350
100293078
611005
225937783
212314847
117219830
252647140
195686814
248588872
78966155
243807856
213691729
115765659
182748462
197186905
167954144
181379277
140635285
243086173
197161597
197899619
76186499
247940719
197821115
73245690
197821117
144614507
214824189
70473754
252853800
205720064
213682358
253175908
203853082
76528555
178603179
73500286
216450208
58973842
262700773
248601820
252884405
191354590
115978017
74684073
252079757
251268837
204765606
195733034
262606183
124170843
16446921
250228861
186080494
199972994
247941847
203293714
107970938
104396974
204044873
249246499
205704695
66512244
53390531
205530599
200737826
189370244
124171021
198096906
100299499
2077361
212992258
184468156
248609200
130169002
22544245
70635818
108261350
127681029
190732082
205417557
577143
184410217
450538
68421176
619170
175445519
175533764
110190958
118368856
207013151
204941645
505706
252870559
84596108
207493778
250340194
207222785
252079793
68421174
202770700
115644978
243215788
242694369
52850130
638177
202052656
164989613
205527701
204627137
204001783
191684782
175445574
207332177
187188629
258667032
996126
33248679
107970948
172369931
262456868
242435712
76032182
204042542
165152812
76528457
201017163
91552405
199571369
252166531
127219026
195917216
191814140
140613668
195739796
204989486
252719456
249935714
78951171
191683566
619189
225961076
137440837
201877248
33248087
164964296
218736433
204063240
207012211
84872898
110690445
151233614
252080062
253262869
222627476
195213688
162019971
142265792
186495649
91552279
195746106
242694371
112332754
172377902
206331079
207566060
204942094
191357948
94768603
153836556
450534
140613976
78965988
198784304
209170988
254141505
197337522
183907544
190702960
249222846
178603145
177027993
619198
208568665
207642348
195874053
124171023
204669772
457202
230012637
247808625
140587798
252959135
126130825
205811905
76050609
252714106
249003775
635923
106195935
201856479
188321539
619154
197821121
191820113
201850241
201113134
252064763
205505372
252383909
251459906
205973752
250340211
253310824
253310676
242618125
242618073
144444013
144448984
144405785
144614608
252064184
252051412
252079272
252584101
123490319
169329947
129309619
165340542
165243994
76528711
165242742
253421274
251268729
253210314
260934305
250340456
252078405
252258792
251936663
252079678
251540188
251268659
250062469
252302358
251550832
252562381
201854736
252411074
250340379
251906419
252079451
133573581
262346328
201917512
262473008
206144608
262469649
262515924
262663731
262728611
177723014
206539042
205537437
204043787
205527901
262706590
73201419
77220861
262877328
262687626
263077342
262914842
205973526
214515304
243808034
140614340
140105389
63531774
44858339
262405532
252078459
72702284
171586322
243086177
67110702
175445525
263275109
263274128
195686878
107970956
205729534
195213586
205611068
178957547
263206776
263033611
263027655
263035006
263071334
263081482
263058467
213691755
194033089
117221201
217535653
249090152
255176104
117498903
211937009
252633399
217575068
110027001
68421185
56368483
161979310
189556466
184495723
190551931
202041807
202040335
189633947
51518986
250013546
263303872
253263653
263358162
200678923
197821119
177723281
177027868
202011647
207642332
72744600
197821113
17456503
207642340
249221288
251268752
252075112
252079161
252683688
252077974
251883371
252080021
252461920
252044401
252052586
252053010
191650601
251437685
251899660
251931697
251546515
252078837
252573572
252080066
252417199
250340551
242715132
251573286
201894495
252401882
252402480
252080351
250340416
252079978
252556373
252131304
217363502
251544768
250340563
251517715
198198392
250062535
203213480
192680197
252853942
252291200
251759603
996156
158773410
89904538
144436584
186906307
94767550
165177229
191266437
242618274
252131882
252005542
253626823
165244108
165167171
160343988
124170841
125644208
201032612
164989627
205968023
262663839
262690488
252079071
249035264
209333074
201629651
205531681
204932182
205537289
262818405
17982852
262889679
262982449
137694332
262665678
205506061
129309625
263256022
214823100
263048570
263067120
106349145
262796161
68431363
58413500
72702272
199969219
196219918
185272030
263102838
263208246
263047641
263075581
263030643
140585588
176029503
193708907
247933330
249035101
247294745
214665904
252399755
199101131
249855152
191912132
191919907
189633909
58410710
200738135
190702324
58860054
197821111
3637413
262453612
263303887
173970818
263303924
206376135
181659223
178786573
243184752
245066523
242504858
177721835
184410104
225961153
172693632
77112133
181677485
198495111
116158359
205694812
252131899
251268552
252130047
252131570
252583054
251773469
252079540
252079203
251540192
251547920
252079038
252077980
252078868
252078767
252078004
252295107
252080115
251395717
201855041
253447668
251575514
252131101
76226516
121263340
262042728
262055753
262055238
254138732
257786019
257865944
240626717
253173527
251402786
165030620
253318944
252420988
252079750
252425534
251898537
249251973
244740381
250340356
103412711
198451687
94767970
123490272
165038718
165243555
144513157
201033793
203209854
251268578
205973401
262476851
251547789
201914458
248774396
204932450
204046482
205968190
206147305
262887504
262974960
262876825
200853112
262915205
262903899
8954301
263097414
252571371
263046031
195283614
72702274
68431231
189371564
51030813
202853376
217751039
247817558
146270670
222627496
247940314
252884366
82230950
36710836
221225311
247945275
209171079
20541001
22549271
263099827
202040285
58973840
242760881
191891495
258552314
214665733
197900018
110191436
212992246
189556471
200738116
58410305
57964756
203511819
246560445
186369381
250014581
242091338
249457514
162399336
220670741
225960904
263372564
205811907
248365126
51030913
207642315
262078237
17950838
252091755
250062516
252129446
252080305
252063539
252384024
248646199
201856523
242618164
253227261
165030382
164980927
165165548
165342503
165242294
165040448
96175541
36315651
252138648
250340172
258567186
27582859
186607422
144405886
144407784
262068514
251757017
258552495
190506970
252065591
252077963
32591756
198199316
251268786
251452073
204669864
251268624
250339521
204931732
41556703
251268740
250334759
251402988
252049476
252431106
252079879
250340429
252560880
250340202
251268639
205505767
204931494
201113147
262687668
262736759
178787343
205504635
205504409
205973166
205505739
205536683
206145469
262700837
262706243
262700659
208643689
263196439
263243854
263103251
201678321
263208280
263208536
200976494
263078216
263274898
252831251
220677530
2476613
68431234
217751046
51030651
197878892
63531782
175445651
215491421
207938935
249237785
164574572
214766244
2118833
88227578
186257591
217273454
185222120
253970681
197888009
254019144
93211445
49666531
35219838
202903520
115246613
213383330
193714607
217522466
195686924
195740821
113446757
209170936
247880186
204291478
202015740
162019960
29254623
178786614
242694357
182112136
120183553
210886581
263335557
247942508
247942251
197857967
262453684
250015285
248693952
262676835
186124439
249936683
205807527
73245882
252079209
250340422
252079590
251517996
252641911
252313089
251928224
252079055
252078425
251900080
251929219
251575970
252178349
252624524
252080140
251763056
251425299
252078214
49716260
262018484
261941562
186881444
260924208
996154
251395222
250340548
253252861
126082327
253629694
34750520
165590205
165295189
123490342
165243090
165588516
165243007
195861508
252584369
252065096
252051977
262414763
250340495
252079417
262054727
144525614
76226679
252063902
261841028
251268713
244332492
201113133
252079993
250340378
251268749
252131225
251268637
251750012
252605301
252079943
205537041
252080286
262581785
262677111
262690690
178787005
206539103
205973125
204302574
208299970
262844590
262700900
262706929
263097927
263264334
263210026
263239209
72633720
186880585
59070510
252870513
180730863
185380454
165091992
175445517
191478180
261840880
90684963
200851644
192666536
195739257
230016177
186881180
251268790
6189321
205018769
252646909
263049011
263197006
263208586
263100209
140587766
212314849
243086175
66104130
59235436
72702301
67390618
2917737
51030999
252870561
133140949
195919364
254018843
208224688
247141104
200738450
187184766
263303211
185397413
200738173
2666169
200737695
201295207
208568756
263338196
252000064
186106726
202243839
184410204
262823951
249221177
262915709
186807468
1342349
2077359
262646231
206375855
197117228
205694807
137417108
201113105
218736465
130058217
247401597
252068444
251268727
250340478
252075220
251268570
144407290
252079455
261807999
241482486
259484354
199218769
186608186
217539616
165243616
165244234
165243162
164972612
201033618
251931237
242618202
250340438
251268819
253359148
252065565
250062476
252572181
252078729
252078478
130058522
250340217
252766834
252077971
252078448
187179333
165092075
252078449
252077945
252078683
252078962
210283721
252402420
250340399
250340284
252078849
251576026
252052833
251268565
250340524
253160420
250340246
202012586
253096976
251394694
262582068
206537535
206537631
262694929
262687278
252063314
262766146
205973330
204636368
206144217
204635849
204043190
204301376
262974918
262914592
262982432
262454673
263102307
263246395
263273881
263274020
219157253
140103838
197162880
175445528
175445473
250340233
262850985
110698219
197366073
263272933
263193952
262905320
263052366
263083873
262792386
263030645
262514683
262812293
212567764
213489549
263208570
263208141
243807925
19275421
59340017
106349196
48983201
58272287
198245755
114613167
205018830
88213626
125888446
135099888
76775291
130385358
263099805
22544349
195686826
68421172
199518274
200737702
200738469
189462561
182669283
189462683
51030713
263239803
254138799
125640311
3637407
262665820
263303907
263303926
242694360
120183380
210156187
112332750
190737930
144873895
200976591
262646166
205807533
115013012
77744294
59289637
115015444
208178994
115288534
122229435
110927087
249802054
186106751
114950345
115754282
115017196
207363219
175445663
186106727
100187436
100988566
204042254
31997972
175445762
169916870
194131910
175445782
262072700
115288392
249856941
191581911
100266939
249876705
217326784
31998675
175445653
74684067
188318898
115748272
250340385
115795792
175445667
115288283
253380193
192948861
185991845
252079612
261840787
188318727
262817460
114948593
253317249
115833454
250062545
204941199
202007443
114946889
215122798
195686952
208565080
186080505
167970653
245079773
245093831
205039982
204309213
161979206
58442267
73245977
205505694
33248706
260924397
263114798
140634876
57965477
175445586
52199281
161966866
189633938
192948850
227305494
192948798
140635207
52199119
140634981
180866150
207363221
208430110
252974558
192948812
204291518
186369396
205504039
141809674
252385593
252389201
252671961
251902104
252398929
204299538
252974730
77030586
252079902
262816980
250340494
251929300
250340265
260845100
252178927
251548142
261943046
261942693
260923209
261988585
205967649
205967817
263287738
51030660
161979331
263076951
260930524
200738163
257454565
186165475
252131962
204052364
200851502
140640611
187183604
205532828
206144546
179058119
262664039
252571377
19391474
262795213
262766389
262821776
252078011
250340366
94768970
260923066
262420545
252078319
252401680
252399826
205533238
263118731
263113018
219163712
173557817
133140999
184288080
58134539
262695022
262821041
263352395
262815713
252389903
251268683
251268577
261941889
201712810
251268817
207753317
260924508
187147154
204300882
262690310
252973965
186256497
195188022
252386050
187179290
140640646
198198230
205506551
206144385
211255699
263072529
177860433
200851548
200738318
204288807
262818390
115091674
100992860
107348220
19391452
200617440
242091348
52198973
198075020
90501192
262660726
10772072
202730526
115978236
161959891
115786270
147988192
83209603
996100
996104
19391683
87574409
19391199
214822437
219163815
88212233
33248710
249802784
72702297
33248482
213681777
223994999
996108
165242157
249269507
19391968
249877333
94851816
204050067
165241385
52198587
165030756
165038524
36622928
172767795
20575815
176460789
57965032
202243901
114830473
202011438
251998366
165242242
252078969
187179331
230018378
260931271
146362848
252080267
165241727
208432435
169916867
201033364
263334344
191356984
251268716
252079229
165241305
261809497
252829441
165118429
114950147
213556528
114925849
101246941
175445756
95019584
204930792
202025181
95020491
53087109
261841088
187179327
57965723
164818029
35127955
50215507
52112348
72323540
72323538
72323534
72323536
93848340
205973257
204057577
206537327
72323542
12033794
78495340
114956689
114805425
996160
59072711
61378690
114951844
175445559
175445792
160504772
115322730
34751681
214753045
5563523
208371295
175445598
253219945
250017146
252079360
253175678
252079018
61369619
73617906
214753039
107970942
61382862
72041493
175445738
68753380
115093888
61385452
120319226
196530485
197719831
197922801
175445815
115134584