184334565
185657989
48065915
213571488
197687764
202644122
209600851
208402444
202643572
135798564
229809465
149436201
193094811
51991216
134246694
22365084
45178300
195639224
203697031
74451920
68573802
200682476
209409575
104665813
262675058
205814253
202644171
106539253
29358956
31518977
31517148
193094815
130849398
206459570
83750558
209165151
193094824
214140506
249826089
198079051
48602269
198889703
32225041
37795793
197620807
192951851
52523923
29396052
188831595
202642098
83750584
193094809
248643064
217187210
174144837
253365770
29371791
249826116
193094793
197620789
193094813
169380736
197620756
202644118
262674492
198965543
252566582
133830356
247447179
162752363
101171592
29372975
202643725
209409985
193094828
23402275
96585418
33452268
169380335
117349320
23376400
197878557
260920696
253365786
144342520
154443785
142868123
202642578
32225568
262674662
202644266
248789453
193094817
197821287
193737220
197388196
187839381
187837170
187838027
259486865
51991197
193555892
202641639
209409760
193094826
158623828
198963489
248642998
172211075
51132324
110162123
144339794
195230859
127880430
31518796
29362508
102608259
249826094
192951755
32224904
23376363
205814333
165854484
253073229
253127829
181979106
209409807
202642123
202645715
31518620
29358645
96583880
72944562
31518202
197388175
197687730
169381135
109967428
23376346