843279
843275
56003663
51505087
196068695
173175716
196068761
173176473
137501218
173176678
455675
33874083
196068637
438752
438311
507724
198457894
438309
532618
54158251
198364482
198364682
261967399
168303325
173177083
55282792
48212347
194585036
225386436
549152
203493756
455690
198455867
48208508
32219055
439675
432398
48211315
196563503
196561985
196593919
249156730
473906
196586478
508586
455691
68612046
491351
196562362
106274544
196600545
502985
198102837
51502227
196183906
205973363
198102004
205695876
250077038
178302273
137440372
211926644
251100475
532354
395112
196516122
204424771
197601514
37794092
184314777
196561654
25200811
196517611
252040778
196600614
196183925
197601938
532342
196183996
196183988
455685
195969417
20484626
196183829
196563115
596949
204424539
211948149
487270
120183183
251250411
138181226
211926984
207280849
196562498
355887
395127
74528319
204424695
176024781
204425427
261967405
261967409
197602621
128326968
261967237
115254244
411671
438516
51498365
473934
196562678
196593772
196593707
204425181
261967438
216462194
127032544
196183542
262456005
124893199
132302732
138342123
205695194
248696947
202529159
262673382
176024879
176024911
261967327
196571431
207280862
199007769
201308218
201308303
196562327
176024907
247950516
196562118
196562400
259482343
204425397
197602756