195850464
110584945
196204932
135732236
126795122
152915485
89222118
167524454
193546245
138933556
112326060
114911976
13044264
89221544
188708995
189179807
196338606
197964430
181485734
203911799
167524437
136316563
92818058
59169630
92984277
217181461
115098140
118528528
242076505
826845
32858829
88789297
202717341
200915964
198450946
219151688
96555051
143765896
117656508
86019050
187839034
185653770
147974334
20508106
200978513
149436888
214921859
164542565
96583655
118261519
106539334
110377882
203982626
205903976
88790658
73200751
149452573
129712308
202708686
208387753
188904824
48529480
198964927
203585808
174183076
17001775
187837861
88785562
202643571
68466996
195722663
190252885
135393977
37741260
203912871
142365967
120067087
129712236
168610898
176673312
131280708
141356517
7344449
106539457
151427691
202420531
169266882
149274243
168321596
77531248
115530167
198945001
16683558
138933047
210459137
106807142
203586898
75516261
83750620
473189
192881288
122868546
249774768
13076484
191468865
164536304
199957284
202419369
133668651
110378975
23089463
164537928
22777844
202877057
32222865
169380378
145398279
130730129
199242698
144354715
58961974
195850024
195850608
198962830
198965860
144402995
198964832
32978122
198554918
201112831
170400857
96574271
188711591
121174967
48012277
126743119
125875300
174183117
124276773
83059454
126743078
58961962
144339860
173422554
202625543
202854989
22779533
48011119
202644560
73402348
48007972
214493249
187838194
117656529
95296769
209410123
58598323
95300113
35859208
202643565
204420614
202762651
201821609
109010628
77896437
217729232
128327895
154716877
164538177
189203851
169068560
197514295
126743094
83059459
187839340
182730105
144340471
171924082
35353127
106539631
243058075
147011884
127881260
68124136
242702852
217291735
179952728
129180670
153594257
196001656
201821534
141677678
167488896
199043235
72040956
126743085
128326912
153593494
135731852
129712687
202417744
200954465
138838083
164537204
153593541
202763561
185976545
180944573
214597268
67683531
202837352
115222659
133669504
164536075
192134400
207256535
129712381
167524452
135391734
202417824
129711299
35873519
214010319
115223869
202640157
134844915
131295251
192879960
203586759
184944215
242702865
14232735
97512842
144403175
189203995
102006319
106540024
127879728
129711433
200679929
23631841
175147056
130043334
147976051
149436745
52244464
126743141
187839430
171558254
196684259
215269889
221726963
172095394
163271383
189698215
15132652
202644156
207251259
129711752
204877591
138933066
244303256
141356516
165118638
202420435
133562716
134243695
202419054
153592805
169060595
192795249
73647729
166087816
192952063
139816320
205691798
133563643
191723201
184944155
215983050
203186742
242284368
201610186
14188241
38422296
196683991
149193529
215162940
126743198
155346897
202664365
138932764
203959910
184944380
31517621
203960239
205509569
77965705
154188295
106364748
153835922
197597690
138813697
147977690
143678071
202659532
129711841
153593558
173202399
126743062
205904494
206253171
205233475
149784663
150634532
180576593
202873083
128252266
153884907
67624349
167527191
122871676
202644781
146139977
115543003
146994935
217257602
106364776
133673065
153593933
122871376
187837899
206643372
67662050
252138558
205265536
148063623
247297164
198463760
200822600
214597278
214597265
251516197
67621918
131280763
201805945
208261085
92810586
147974738
97518151
50781344
199034498
171558413
152915473
202802254
110875411
189203921
248901369
23089465
148055653
20507536
184857342
168610916
15784002
115232851
192880372
185651826
143657670
26046980
214597287
164542734
12874210
180940954
180576582
115548914
122093640
201808859
205903407
144354642
202784070
38393917
136315264
159004595
147010781
106364773
110875664
108956364
195474543
149881013
200816747
160814170
144463778
96574968
121162517
138933068
121253059
20514495
202957337
64457891
221743922
212321303
128593862
179994517
205904621
201122596
173204699
35212617
23089464
214597244
132837599
172952857
199244564
117108065
203995807
122870947
110876731
96586677
130043374
197065460
122872938
186175253
195850453
204925456
212560130
137005273
138932874
202643747
141764766
253628802
146493117
174593343
113966331
248648753
35860781
169380339
173878005
187837435
144615932
212437612
221788779
242702872
141096906
205264755
148074974
149398898
190298677
253355928
57218620
216396422
185653572
167489301
106539484
156177051
136080707
204622320
2537831
72044727
121228684
168138942
199956796
147974049
208110052
197067008
164539860
106364877
198967520
114688444
202876948
147997157
52245394
212471277
48010922
67041716
214597261
97817374
248647292
72040453
262654707
12886579
221777714
197065402
141354486
81689759
141673584
147117834
72037153
35862222
159095111
100286300
118262772
155140371
118260058
200711532
138838118
198456007
206247530
130730143
122870380
137995409
37738196
68801403
130730166
202419079
157158218
124886902
181979104
87409986
253628820
58961963
212559489
262674804
133563624
197597293
180576570
200853237
67552534
214597293
203069610
122869015
136336890
126743166
167493941
199048112
163271427
174183074
181219523
203065572
194564966
202855222
160296582
184944376
262654654
241946092
149274229
212554281
174304628
162752272
160404321
32225430
209409624
262654683
202644219
72044819
118261088
263072428
242702845
133563192
133563572
253078436
198966847
67620459
83059559
200779870
205233792
202758160
92817993
202656495
124275974
124273327
121980476
204449925
147012350
252246774
249922740
33457581
201609994
75636893
33000068
146994786
169003151
148856640
202418936
187839280
205234530
202420047
121259289
147970317
225386356
78554976
262654652
172031352
200679377
200978497
202641711
97495452
198462553
43934006
147975846
122870386
202797044
122869075
121228326
198537196
155050170
82389460
21566621
126743236
199049865
192262111
153288181
41877020
206659415
198962966
4509187
189342099
106539712
153593624
160296524
116518541
198963613
177501975
58961960
261812927
201112746
203092402
202803535
119315410
253892558
72039047
198459687
248649042
99140136
202850943
207042163
139659168
148074589
187837620
203586845
148698989
122871050
188711335
133668146
132837565
194566136
128326070
204324700
190239195
32223727
121228387
222716418
72079876
198962487
97512537
203023590
149193852
148700341
203052367
83059573
168610361
149192856
225208191
13140839
75716884
75678414
118259438
83059502
173730614
208783458
216010502
94904424
204424782
19988135
134411837
36799747
189657226
143321666
201477734
48012269
150859523
202784263
212438442
174375522
122871072
143115364
200686961
106539857
82833847
253097310
52751682
106539601
122868600
106539453
21572621
121162742
261810994
253397885
57777092
83059518
201821792
178325438
83059446
214597243
168235224
221016565
217355939
145562504
204425179
122872153
130730164
164536407
214597275
204425245
155694831
202764522
172028836
196047440
212553565
221222479
130730137
95682807
261881786
261884655
121331499
48011121
248648549
253689841
262674619
72045421
193482565
208274941
197067108
176581836
168140993
144355176
198966386
83059576
242702867
164535962
83059582
83059552
203586017
164537377
127878631
106539742
204615202
146449308
154404078
202728636
122872643
149398857
95700840
173877891
131280907
131280877
202418424
172205991
171558068
197505811
213674561
118263548
205209255
128327213
420138
153884808
102133438
92503880
42471436
174183119
248325876
202644656
124040875
146388488
165756697
7737210
115548642
193483504
164541683
57219016
168285170
167297005
83059458
118259624
155879759
83059503
202726618
201803511
194564296
204420746
144403197
132837913
189152456
95296758
205692050
162215752
153594124
106540139
131280737
131280706
199951204
192795258
133668135
192795243
239195981
203155585
106539011
148074719
248648591
33006464
23411941
42470484
248648849
115968748
96573764
253689557
200978501
197182987
262654681
168157694
163912195
82354537
83059545
139565725
164540503
239196101
208109971
83059497
202418971
83059554
148075878
200955744
83059506
187839506
23409573
135110863
221222474
192795251
168857041
134523103
143657764
243080711
127880210
172952675
15726165
205187536
110877003
124274766
110205827
32222873
23417891
262674849
32222863
230082409
253689668
259484781
83059520
144196864
57657377
12734616
110205822
204421282
155565526
242702847
154184712
189140594
148075008
213949491
83059492
168610428
163270913
164539990
130730152
205801834
160296528
159004420
133670196
141663167
199943340
127879264
201694036
39088917
215727258
79450634
202645896
96557789
73497579
96587291
163701277
106539597
197068917
198549203
197067176
198556917
253629089
75632131
57654446
252400844
216396654
83059513
146139789
164537857
139979279
132839279
220666223
130730139
214817001
202802291
132839273
128593636
108624426
13214466
212553311
217516143
110876046
23412365
248647318
262674579
82389534
124041492
32223780
75516266
110876306
198963617
174305764
57654750
216395691
248224079
225915688
144354994
199896933
187836999
187839225
143613735
184944415
187837682
249868615
143669885
214597289
128326748
148699621
106364846
205184125
201112601
195971833
202860425
184944544
205163398
220667068
199236550
134527226
126743202
184944385
205288019
204420808
140717960
205944642
199639032
164540837
187838661
139816244
199243087
187838651
213893224
199516182
168610485
222660974
201158309
205692173
143677835
204425801
249637311
188831643
204420687
148675300
249218517
214597281
198457942
204064512
143679179
169688053
208110097
152992651
129024310
127878558
205161437
138144647
247861821
184944152
204449942
115222685
247718263
203182645
219152100
189364056
258858911
259320946
252053341
251384189
95735177
217266505
95299491
189643887
252566672
253891992
197924972
255349728
173711600
172032064
160296965
200840868
198435952
252566664
203183926
199638769
184944566
142210274
252126772
215162949
132858880
252126817
168610572
150646847
122869196
214921969
202649322
203157355
168610904
252174933
153288396
252698713
249038445
249038708
202634271
248179975
180576565
261961150
254181669
254903919
262601303
141037608
254901442
262806747
153287914
148700483
190298571
137026417
258752272
190232117
41085275
100286172
23409695
23632950
58122799
250233446
248649256
245773031
23413280
32224830
249774675
35886048
202645816
202645609
262674254
262674284
121108231
130043323
247791827
190251325
253078166
197063123
208278321
197182587
198548284
193484083
193484409
57656607
128252000
57778564
249776930
176584214
263358864
144463304
146493526
190252636
144616016
252595468
252095819
208277088
216396226
19480041
83059519
83059456
83059584
213943252
134519900
148698058
126743221
203960015
199251156
208763190
215910800
252138324
215162093
252126701
126734828
92811232
201709216
201112702
229808775
252138495
200560422
189203963
126743133
106539931
168610874
192795245
199175664
168610828
139816218
202804549
204424158
122873274
203150015
132143559
200950896
130730159
144046322
205240195
214910687
205234295
205194461
202957442
205231963
205274399
168610610
201050738
95733540
260743993
252016186
254182001
261965855
261819452
131280848
131280639
157062218
157061214
259321306
155691500
131280888
187838781
22556910
170752040
204615330
217568573
201821875
252566599
252566696
252566586
184944180
204420911
214597271
187837067
146994759
201705488
207840303
199526132
106364985
83059542
127554410
148700298
126743206
140103651
145562669
204614793
247718295
147012410
184944349
189137520
252566578
154182072
143613979
95300362
199948912
205173039
168610609
129584697
13215599
174375658
173731406
174375646
208783325
247901254
184944439
195858509
142210885
143613936
133672291
208109203
143665312
189203931
258859412
262501060
254181772
180576576
199734189
205189370
253110481
96904353
249977053
247299938
253892083
253891724
151509206
253118931
146122358
262672326
190252288
262483534
118259270
208526371
197551599
261860811
153677260
190252085
262476435
188708686
258752215
185991332
42471434
35447787
96545594
202641983
67724175
36318474
200978510
200978505
195850438
262657709
209409661
202643029
182969670
248649014
248648787
72044201
23488132
144487397
58128018
17001793
58339533
23562346
197182323
198965939
197067669
208277220
197180327
197067018
198962564
198967059
198893402
197069443
198965116
247906398
57657985
57778106
75627609
4509173
1544327
249774274
154231111
8095925
213708835
216406036
249777085
248179980
144353983
168303765
51991873
190233153
83059504
148851403
252566594
184944123
168610845
106540119
202840503
170258242
208109114
239196077
201854717
184944489
201691850
162593397
202731930
122869680
214885716
206469552
157412160
205236907
106539722
189203872
204420580
204423699
222662734
193552215
201112855
168610592
148076704
201358882
168610728
202417690
144757803
134021041
200762274
83059507
252566720
197505353
249938120
187838135
225957804
205691995
204424701
204614629
206452079
160571027
242702849
168610540
215929564
187838046
139816364
137005274
252791152
249216869
202020950
90089073
261964855
190237962
249465275
252624038
258860132
143615530
181447586
253163073
202395464
131280506
181979100
251929099
100930895
200982610
252053156
260920289
215099789
249588860
13199074
68506386
185653361
161540429
173731352
151509325
207772476
252791558
225953856
149193893
184944188
201293692
201820406
203188758
199240849
199973819
201686889
216396208
242204422
199520307
198455703
204954085
144757410
95300779
205240589
204425330
207034164
106539205
199263205
187837335
144402054
180975947
169688054
126734870
258858864
262478257
122871327
143679220
205273783
205231712
202733154
204427779
205279923
199141332
138898842
262672337
189632012
190298774
197580867
262462584
262878206
140769359
263056331
190298496
257553412
257770969
190298819
263209985
22195057
33457199
23410073
78957381
32223852
209409066
12722057
248646800
17001789
171652299
192952127
171588097
248649060
248647309
190232241
198549238
198893087
198487671
72077909
72078735
174527625
198549495
198964830
148077189
208275709
198893753
59400991
59401370
57776063
139508895
114861514
253891828
225915733
216406017
216395593
83059461
83059558
67041720
95302839
247907072
202805215
199530924
200693774
204325650
126743076
106539377
205183660
125615715
199516794
187839571
106364729
214667264
215191653
95298726
154183225
106540080
200680660
214597283
83059487
204614877
187836954
139565178
208680002
144401620
92383653
136081389
168610418
204420642
158100298
202706566
100291490
202876648
184944110
202418319
145879889
114441533
168610768
204420559
242702862
217171155
168610614
201293772
184944493
199610390
217267640
168610521
187838250
202639978
127554263
205285889
248733058
258667231
261820386
190236267
247448311
100930571
143677266
144465973
180576561
259320668
131280891
131280681
157058699
157062830
259319698
253243781
253892134
252626671
187839297
187839379
217167798
202283593
247718215
132833868
205177586
243087702
90092504
202797217
126734581
199519874
249581243
187837173
205387209
202725657
206465190
148808528
205174552
187839024
106539875
134526381
208763198
192795247
187839173
119501539
202736677
68504211
253623302
202838991
205279722
169925562
200949443
205263367
136336750
204421270
239196126
128328154
204421363
208761994
202420460
143676395
139149622
142210877
127554511
152991780
147834938
144921797
199264189
253623732
118259544
169733421
197354105
110876486
110876584
110876617
197906093
253094663
253093863
262982467
242717089
208736892
263094189
190242102
258752380
263266469
263266470
191357717
249776941
58127884
202643110
202645965
121162917
202644000
202641726
248648741
102759805
227244379
109511249
75516271
22095966
58338934
164962899
252627830
263206684
202641838
262451849
262674258
202642864
248648733
97507782
96574958
23412089
72079048
195850761
263209659
148010864
249774901
263168917
243324634
208274690
198966433
198488578
173007268
197182824
198554198
198553386
208276404
198547323
193486088
189597325
97924816
57777548
128515912
121252649
170520240
253891448
216396664
252595494
243044227
200683891
95298606
67720352
124041178
247906617
144757265
252566612
252566651
204420632
199541551
202849051
205287807
146994878
126734853
187838363
214817118
168610444
203176241
199618324
149399434
200720253
204420603
168610859
204325770
106540072
204425521
214597290
106539981
192795255
134522646
247718305
106539172
203959360
202661415
106539541
205162069
139816350
222662634
168610628
252566643
214597284
203187213
187839125
251021984
141764895
141764541
249815976
261812059
200982574
207034195
260920488
252044373
251517981
253127447
181979150
200724525
259487866
259321155
259321716
239824206
261974911
205191652
249773393
12874935
186072621
174375364
219151596
177637327
215119981
252175033
252566734
106539735
192691464
203149747
205160927
168610910
122871219
182732033
187839555
128327354
110875370
252891727
116137843
166102688
187839593
139816351
204425418
202740646
199518513
220666905
229700725
122873315
143668126
203188861
113966342
202650614
208774793
132834086
198080229
168610366
202854063
199527068
73573387
205691673
171151906
202758177
189944567
110443555
156177181
156177407
57998125
217293483
205190654
253623452
243054762
208780484
148076753
183314399
149274576
142211004
205162796
144180749
128325947
214597260
132834231
36318978
139565718
204420568
110876947
242204412
136336869
249773040
190239266
263172148
263253423
215727298
263266483
25005705
72044062
190252388
23410497
77702672
209409134
20510575
200978503
37152461
242644795
23410441
23417252
100286279
58992728
42471447
48012273
248649270
72081251
121228543
197068673
198964314
197068309
215973651
198556899
190254492
57776646
59401764
216396251
249773939
4502733
248642992
254182066
249774874
190233600
252758652
253664390
160835533
55390261
83059479
242718096
90997160
205692035
127881512
189203813
149193411
140125698
189203917
200689446
106540104
199618020
143658196
202862609
202763061
129711154
205163120
201309444
203960331
214597254
205236494
202838925
109340693
198079521
203150529
203959136
205183316
139816287
149193569
201702757
205262498
199597410
200710372
144756981
198079084
208763201
148077034
205264224
202417889
185447517
204610617
143114535
106540117
214597277
134526297
199916868
188427551
192795250
144756447
168610495
187838090
187837886
248554179
248553478
205162525
217259787
204421053
204329885
204424544
199638534
132839260
172840596
152801770
214654610
253625636
259321150
204324688
260743874
95856817
252016344
214867836
251384155
258858769
190251799
247718170
253077453
258514476
253891122
253892153
252793143
153885161
206307672
252790431
252790392
189533644
174375443
159004423
184954166
252566585
251323874
184944129
128326555
205181650
208109303
187838692
252566620
203586700
197597288
187839153
207810548
247718297
138855577
184944420
189203829
106539420
108624418
99504527
251014950
252566551
199118213
206308337
254082986
168730606
195765972
149535608
262598652
132366152
252138366
110877074
190235129
190298658
257552273
200685887
169381596
72207665
78957373
37795332
209409244
262674822
262451853
262451851
77754370
123442709
23410432
96574851
248649000
42471337
248647674
206659437
72044404
72044306
200978507
263308476
200685614
197064985
197068630
193486859
198489810
197069207
198965893
198553953
198893270
198967509
198486819
198484576
57655379
185830270
257842847
216395449
198553702
215190645
190238884
146494154
181217711
83059551