90745422
113528312
86585936
91561414
91561986
91562289
90745150
90745657
216199167
216199118
240626820
217721680
160402323
91561261
91984657
216199100
91985432
91984965
216199122
91985462
216199093
90745997
90745156
91998866
54081328
216199080
216296792
216296847
89315354
91985923
216199161
90745998
216199090
92002650
91985588
217723400
94277389
91561984
217721713
216296850
91986169
91985595
92002538
91986132
91988577
91984594
91564489
91985411
240626900
91998894
91985103
20890867
91984679
100384063
109861954
87569269
87787137
66047477
87567759
91561294
91985540
89314921
91985953