974757
197652329
122521782
58710280
197620615
197652358
202961821
262336076
197620582
171653463
171653825
260804968
262799029
2202981
212266967
261993303
217722645
262877247
74036012
208474523
197388110
202961927
260795161
209399916
197652360
208474714
209333134
14941866
197388120
209319867
198285398
258897318
105664890
210514059
202961898
259821281
106997369
73585049
261823312
105664736
258666976
197530345
2208755
262734657
208476316
260968061
261820539
213589443
101870619
254087462
208963749
225268486
197652331
197897331
209399343
197388125
202961815
171653787
160402329
217722006
197388108
197620628
209123909
209123905
197388070
197530311
160402333
262302683
261113151
217722870
194086842
197530317
194086826
258666930
160604153
197530343
102758367
202961888
212266970
197388051
197620565
194086840
197388032
262336059
209123908
258885057
3765757
489817
210514036
194086892
197388131
73492155
217721754
58710193
258666891
183364209
160604186
217722655
217722737
217721682
217722631
160654367
217722575
194086832
197620721
106996960
192988526
263097804
193101684
193101485
263097717
263207872
263085375
102758373
193101471
55287633
193107134
197652362
55285117
55288242
258666911
2209131
260996211
212264999
225267571
209123913
209123907
258884997
257869010
263450806
217722633
160604141
160402387
160654474
160604162
217722625
217722755
3765641
107001773
107001722
55285154
197388117
107001802
194086894
107001747
262796553
263097713
197530473
202961817
171653730
263097201
263097811
263207626
14941870
194086855
2208731
3765637
225267569
261821099
262874140
197530454
217722723
197388160
107004573
263097842
197530471
192951489
193101481
263097281
263097851
263097661
263097787
206248696
194086876
197652354
125506977
197530457
225266156
3765639
261822915
261799598
197530349
263097820
259786607
217721702
217721790
217722613
210514034
74678067
194024512
258667018
262796421
53806164
206248704
197388141
263085377
107001794
263207862
197530434
197388104
197530475
263097732
263097799
263097739
258666967
263097793
263208559
194086886
212259935
262874099
263097165
259735372
263450804
217721646
217722685
217721782
217721728
217722683
217722667
197530353
106997466
263097261
263103083
263097814
263097767
258666893
263103143
192951493
263097859
263097883
263097639
263097214
258666915
194086838
192018750
55285092
49379247
107004729
262796295
55285058
106997624
55422873
261994902
212256861
212266969
209413348
262973232
225267573
212264894
259695065
263450772
259770563
109878800
217722814
217722665
217722602
217722862
262796358
89481453
107004468
70656854
263097235
171653529
107001734
263097233
263098598
263097678
263097725
263097727
263097196
197620681
197388133
193101403
192989241
261799468
262822101
261994939
262851235
197530351
259771241
257868089