86517373
249854960
147920909
194104633
191655860
189641377
181131174
205039768
10675287
7416465
30792954
251547915
117002775
193450583
83680359
55511626
251756022
181131162
142791683
253099211
682503
174444199
194103341
424278
149969474
262525582
160371977
48888539
251866580
430896
207381947
253356577
225267019
167600178
195814592
84872875
25200677
442262
887805
251547844
115968477
153921873
197635906
247930742
139975201
192950420
253350300
247930800
435180
101262234
252563808
263085256
198501826
435189
198608922
149778014
254138883
7982493
137415533
251870904
253176452
453047
450532
253084209
137130980
248774235
501881
181665554
197979394
212992925
149520260
340367
55003527
137420946
26943541
57766326
48266420
217268965
117002777
244852344
253058428
442257
77328663
58209236
48980802
71988680
105740229
36327011
197714084
198508704
205928372
91561425
193450567
44151092
204661042
192287941
205673459
101931280
209899998
207382156
49309266
75490744
76827174
606281
91560831
91562222
222627274
361962
49309249
225258987
443690
435181
44604884
1585525
7973257
702276
531856
442255
442297
504086
207336682
62373311
23400948
200616790
1661905
362028
46837052
44151090
758582
25095334
215738398
152530511
160794398
252671752
253218899
1687193
12118045
54737355
71988678
205506533
35409451
341620
354414
198501490
72968646
66090080
88992406
71988676
439180
457596
430895
91561339
92551619
435179
11421154
340360
340363
125761479
217521203
91561368
91560851
68793643
4561195
36995858
488642
442261
362038
27534819
77328444
2203139
91561130
74610058
361878
1686717
163715146
507372
435279
215136549
340333
91561405
68072497
361917
1229197
205506531
71090274
208126934
134305838
556360
507354
51474587
570540
196338143
636267
35127098
215738381
362070
361975
163739590
540806
201841923
181500469
68077680
208126932
91564492
125020435
442256
441327
207395726
507364
58209242
570538
212993109
91562329
581616
24969033
259520350
205808298
1066074
252767870
15181167
339405
362055
406836
115254411
550527
501870
361910
507360
413293
425559
442260
418249
406893
149450510
58208195
35333423
113117419
424275
253363796
200768880
26809843
263108183
91561402
230206677
205915242
248523284
68826502
205116947
246278785
68826500
407875
406865
4561189
188835270
213488466
92010875
195814345
252065623
26957620
102629340
91562067
250339007
153990703
205506565
533587
75789684
361881
543551
124893171
242275827
194489370
77221451
5512655
39820464
195827701
12548631
200711666
244178312
54736571
390567
189683941
46107060
177711929
486651
34750413
35216152
5891909
7982485
75829069
198593849
248678842
176487489
190551909
249569887
152105128
362035
468955
401914
153409174
13852736
194486624
215141309
35127465
212993113
361915
253238312
255317159
145092081
19943734
91561078
262655916
190546823
167614023
195478281
91561563
164575033
212960278
361978
540794
535705
115254417
200727494
137129420
252868538
248518622
406901
198508961
487481
263208264
101931549
149766678
457701
362016
361879
195107130
404347
151950581
91564488
200973138
340369
23400955
177637617
574224
91562327
442266
195529223
186620367
249569839
253298677
4561183
91564576
108759666
868267
195478287
181461652
176775814
26062973
172475703
217764215
524471
758540
362058
38110744
1537221
101932051
50768421
193618783
183913891
242101916
205705136
178545094
218739004
218741961
362059
361979
362060
91564500
178545152
91561252
1367899
146271629
76826629
558601
6309041
55511828
32281985
27534522
180719722
35203456
35057124
91561028
167610146
195530995
71988674
455490
174176014
362037
10282815
251737779
207358543
10026248
214611379
194199550
450553
523656
183520127
91562073
540809
361924
58208193
255349509
127236828
16255478
248978394
190547080
202964056
578870
91561422
20870119
95914176
10282817
195288645
5910911
252159323
246264567
75490750
162742564
439172
147415593
362069
361981
406896
406829
366552
249252607
201630307
166093625
195193100
91562387
252571321
74983592
68794813
4561181
199901868
91562382
205808296
71988684
207252837
55283880
353958
189634129
262051744
453280
186685741
205863522
501878
177915339
199223968
868265
101933280
407881
487473
49640465
125363356
410164
242185170
48754388
343354
390569
501872
73601553
252675894
199031835
197635289
12549426
172476302
144694205
249972037
501885
341415
447404
406773
197687554
406781
340308
361932
424277
625537
137331195
247446802
361885
501884
31205958
219156912
361919
362019
553443
11212193
41072366
91560924
151757270
443761
406875
406752
508747
406838
361889
91561417
100285619
194193152
12735177
846804
390576
39359763
35125765
197704049
253355250
406868
407880
554442
249268582
553432
177890333
243252838
443754
406807
26982901
111711742
50763996
194486648
253040818
217636754
249569914
91562336
206952992
218741770
137482212
194099522
211978645
235550839
508768
138335320
3240433
407890
253235212
248644518
504314
58208197
211966198
32287185
4561191
210426618
253352758
115322728
94887131
20485177
361931
361929
506198
137185070
69838503
204878293
246279292
361914
204804555
243252827
196153427
247859752
253253274
374126
508922
361884
252869789
208906107
362007
35432951
249489603
225970373
206335661
246273978
207811621
44172858
262083034
66464354
242430038
49564284
362000
725351
196153255
162399177
206334847
195478340
105740077
4561185
112254194
336252
247922271
137131148
177723363
361940
203506924
251737745
130062927
120183297
79371615
197623812
91561427
208643520
49463266
201114751
206331279
218741968
246208471
508882
361891
191652462
253232790
178954836
208778471
213488462
35216317
1069908
222678814
253227160
651421
225195521
340351
362140
410166
35333029
137191674
187618757
138180856
217482765
68073260
248644532
146275335
212992425
208917306
361930
201630396
345125
225969981
195894627
262084537
758536
149707209
200848938
253253249
35333027
205988232
181992279
202961469
246208551
214924078
508865
91561533
91561441
74624904
508879
508940
205708036
118419971
195855643
253234069
201088297
218741959
246266686
247061537
230003538
347599
417772
242505096
200727547
208408712
170118512
252041194
23400958
340325
501873
58208202
91832972
361892
203506835
362139
413287
4561187
213488483
53047461
202055415
201115035
206536611
143217526
194486734
216215459
252079363
205696488
101931615
225211401
249569732
246162687
251980442
215738377
846900
508916
361980
341917
362218
341413
445680
55282374
508807
91564421
252564883
252602447
430888
370246
144694247
544320
206653291
197626729
187608286
197627549
252867511
43981696
216462121
196154104
504080
361893
262584394
208408715
361956
73601537
257766099
508862
91562206
361888
406804
193707384
194586165
205708010
138183503
225211342
252867518
337139
242505351
230206673
361883
340505
341412
1070974
111711658
341414
262085714
508751
255612285
208917651
201624523
99056150
167613777
196152741
215917044
234936362
249489691
68078042
195478332
507356
508766
390573
354383
441329
196529956
570537
73601569
362068
425557
406835
203998069
222627303
535848
417765
253042144
190319530
101931723
138127488
206360670
206480551
508749
508995
340455
215136564
253293614
149520279
508960
339400
23400945
758597
508895
262664405
208103339
362065
427756
244178397
68078084
68077985
180718845
350724
242505098
199022347
248994494
437195
195287159
153409121
479100
178331684
203288394
200717271
218741963
178323360
172476390
180720171
241679814
241679689
251980445
215738394
249668659
225195519
194104454
246056991
225211326
249257281
246168735
253364997
246160293
247859654
247859404
197499934
246160417
221784386
176775664
153408991
255612303
255368738
259512770
262526484
146273893
262380224
208907187
214608316
158699288
263208133
104557976
206536614
208066477
206480440
88000600
205809504
137245884
229725503
246208437
246208449
225211405
252867479
225211332
225211336
225211374
262083023
196924602
253176467
261961579
246059930
246058365
246062288
180716248
118419912
251980440
68078063
252763635
246168762
247859629
246160324
246160422
253253242
263040610
262053200
215561950
247719346
263209996
263208558
263209953
340415
263210005
262382529
68826498
214862467
214921127
24969027
182111407
104557885
263372798
208406222
8014492
946078
202961393
197623350
200768906
181523351
253700664
197645160
120183173
137453873
215548541
257766881
205708016
137430349
215141226
225211397
249668665
225195517
225211346
215737171
225195554
194104447
246270664
347869
215221385
118419926
177644370
194212121
194208963
361906
247859491
230038891
263209071
263239660
201852165
1313697
91561459
254093542
253720764
7663982
262083693
262085701
262350307
199751859
262656629
263052502
263240175
104557980
105740311
104557978
202239365
202239249
250077184
214815539
193715006
197625724
257759520
183481606
255630290
252805208
215737183
186369254
202243046
176804141
53924602
32404555
2118781
151950449
201565615
104557974
194543718
249653172
137131153
35611929
214189232
137941485
90960296
207397184
249653489
249038561
234931355
68078258
564638
246168757
247859568
251737788
32196673
251980365
253253261
262053204
263209924
100285089
253237742
203969512
173093897
253271688
198227374
262567763
209867765
105739596
105231189
137130976
22383807
248956331
205704839
202961535
12085658
170354327
206360712
215917060
137375275
197672792
225195556
225211321
152533327
246208411
241679300
249644329
262464007
250070973
249208038
246168719
246168766
247859395
178037671
251980378
262053198
177144943
25187837
24969031
262656903
133813067
262745698
199752084
202485042
171585877
91560868
254093848
209609967
248248450
263310921
10641374
80358866
263308779
247936786
178538213
14616759
196155674
193707406
183907228
215561952
176080879
210884390
207564360
137131151
137130436
246208424
225211407
246063339
242710625
246267474
221710163
242183835
216462269
225195552
247930748
223920240
91561408
215727169
262904762
263294037
167614643
263209913
203507099
58209238
262734407
207267712
255430578
68072913
250077148
209900540
439178
242505100
251980380
262053206
217102931
251773052
205563521
206376007
186256405
215737173
148048257
215737181
183273143
174492014
209610656
193618747
209902395
183517770
177615543
137239240
34745940
206360666
206331281
263255694