96868861
133162590
181562163
182983774
214165822
197924979
198336539
126105411
25056914
209132447
229779948
32545883
201365556
50383382
74162904
96329740
195928317
182148444
182148498
179731341
157169477
35359110
19241755
169756893
54606397
194923582
201549539
63885853
220822786
176222993
197633236
252770265
59321797
48282510
59175633
177649787
248923090
103690870
114259376
74165342
201597073
75421027
196305333
197924850
248796502
46172754
208433818
198087625
50382295
45472472
14454917
50385421
125802644
2941567
191500007
144339779
153262562
198590465
241758982
114572062
160660903
21969816
202528076
212256907
110001758
114243257
214824008
179731508
167410177
72660032
141014219
14458932
160819170
191298316
150990905
150991534
212256920
63944594
210740172
217727518
69978413
113256793
125749027
110742951
214962353
230027668
74755586
97318986
137511293
108493673
141096986
14948463
202769021
14388518
17615989
70145057
112554823
137511286
134851871
20107863
214824039
195329415
207736959
134852606
70154365
14980422
212932316
191298313
134852139
198815390
196272090
148808752
262654599
197143025
74170394
116620546
262016517
200724208
106969408
179731259
97044191
127643709
157030157
120504642
197070523
188711561
46163598
248923180
106995799
67546600
81454176
162101294
150991500
109995528
97558035
112140510
170126802
132843348
262654685
46170591
207736957
53871412
46752853
29339852
150992290
191652671
181787101
150990820
248934514
206662364
39316300
112554900
198965064
19335626
15806133
14980517
188708526
129712040
22170704
513067
134852277
53249615
200858074
253190229
20934072
206291313
116757659
559945
52738458
243080665
104247426
96934278
95866908
150887060
21181834
96934121
513068
262655238
253190222
198463575
253190040
122088758
160793214
254137849
61094597
125604527
46161364
9962225
22782784
17616705
191391269
161211303
167552310
214733854
113047599
214824003
192448021
214824089
74387560
212470728
26093850
14980519
117836795
248923111
137511295
140130769
200701947
70628531
145562556
247668503
117835725
87290945
262806949
55714649
193646557
25196632
211947494
190708190
144757303
50443238
97043768
249884108
25186761
191654386
112059759
188576876
118577655
214824104
184682938
155307616
109242832
217498325
163797885
217180415
206246396
39357986
199870409
121755813
248923167
13281896
129863210
14980291
242698484
130458946
189676825
204611607
58958437
150989233
247894528
250676758
191298247
199044284
54987757
155339001
134852320
55020095
169734782
97042843
150991714
50330427
139910007
132843350
97043856
22782778
187642902
197924953
38415428
73644605
142062021
188784270
68090270
179731318
57029857
191298249
79459961
19335628
160756585
203504581
32884313
70147534
14980309
145563306
144757166
137511283
187837973
58778101
110745378
188147472
132860146
54813080
206246799
113431863
115224944
133432022
191332098
66748079
191922280
15385319
132843351
54432268
50328301
98132689
217170352
115685195
117675941
97044682
83020954
195822574
122869092
141474189
51121156
261964227
14336437
249884846
48458673
41072175
245764752
55094330
205540326
116173609
16186736
202645698
58829002
17612780
217180658
59251302
145634799
125791247
54987741
150988978
199043904
58546470
97043143
174183080
115685191
16653886
70631488
65650081
117033368
122869110
193665938
74171311
134851895
202645873
144756905
79651924
109702730
70155217
150857934
204611666
160265117
41672121
136939974
75425976
96845108
50216114
249858588
42574011
71971590
55141347
214608356
72010463
134852373
190298663
171927983
78555005
212463738
225267596
133451267
160819008
151898509
119240609
207737153
148850845
56751689
98132728
50216142
262655208
115685175
146950165
124887303
200817006
200816795
54143299
55709912
105626726
102759836
140843921
103822359
162199624
184682549
137511279
98132703
155168766
14336393
21153771
171054127
141581531
70840662
216225760
97044092
252062592
205568837
184682330
196186771
177772974
121269790
101265517
25002662
74172768
68109865
133929389
10761763
97044741
148850981
243808381
85241294
19335614
19345413
196488287
27610501
98132720
204895881
56846642
14948422
134918209
213558931
26793914
262654609
56232441
242659080
111747828
144342729
152785188
57382347
70832205
188954652
74166435
157943703
134851956
14980413
76001880
13645082
73402381
70642958
96290532
141096771
19962144
11290808
56751053
134851820
155014670
134852408
23412934
73147846
53004929
133781262
73402494
134851989
147101315
23626510
192952115
3159429
168183406
188954620
2941557
12027373
76588383
211947458
63931096
184578715
36711267
25006207
78554788
190855173
116759008
125500612
49901087
63899029
247894229
36318554
104008701
98102637
74814215
140990866
83685882
48602196
104025734
29396257
106854653
221032150
115685192
35362203
134852672
19335650
168733822
128327158
203184180
23416500
29361945
115685181
99514240
188711928
31204114
116622416
117732225
67242320
81453766
188136651
73402293
72659988
156789199
117695387
170452681
54594460
215197455
198425255
53631862
97042979
141581478
26149681
76153237
116159663
191418488
23639278
84873900
192952147
192951893
50410363
82391619
101265034
262655218
125789991
78554575
130787546
8316975
191298287
258215876
14948446
111286814
83021024
182558305
122872412
119501563
147012672
113260434
513064
205231700
83059373
73402583
3579743
119501254
169342695
185969289
200817533
465829
55289695
101265515
64455455
78556035
111712487
116458077
36711249
35451195
107005056
35506449
112171343
83751012
14980273
76202112
14388514
105665027
204611109
50442603
79332667
144342001
515584
122072894
228875730
197513084
26793932
142901710
246162328
32622980
197500867
492836
49867826
110358650
196272120
244165750
186553415
84873898
78554455
84874047
98132981
67242421
124041366
68545003
42471237
117674234
117656498
259534801
5911667
148699313
137511281
5911659
894822
191298288
144341267
134852057
247730993
134852628
102006110
22485609
83685461
212924671
112099983
128326104
122870509
121178924
117405528
70633529
207737020
56841331
191328328
96557626
23640107
23414389
27610486
24544847
258215868
96290998
192951899
115685207
110121744
144341528
145579177
109010762
145134113
134852446
115222892
19345456
133832652
136940238
206662306
15449950
115922130
140132272
147120217
147977790
23632777
82938844
84873894
23629082
122522076
84873929
23416638
82389911
23635963
55724027
54987728
52631816
249859065
75617485
225957803
112716907
136940091
197831546
122873810
67975602
70154810
111306592
25445845
10580734
73401999
20808088
23415757
35860610
96934091
76153879
68820056
42471233
115685211
121753010
23642300
31518247
221032148
149757629
160220185
73402397
13897567
200819784
19335648
199916771
199974743
215088951
162149409
105532753
143613142
133670833
184944370
199974951
148698913
189340718
136940132
72710953
208188411
208188446
208188501
208188418
19556989
14563634
196223823
200816618
166137941
246854281
248934590
143897674
144342413
35356353
101044247
148809155
152054437
144754444
152054467
201841258
189341730
106364978
106364544
119720096
122871248
144342650
246168072
3159425
230038425
254082727
258859249
253190045
253190150
253190169
253189869
253190186
225958175
186078446
212476559
259486920
106539140
148851574
83147830
115921983
253189918
111683041
111685455
187860407
141581076
70832978
218755142
253189905
253189836
253189896
253189809
216907914
197501856
106364546
200819250
188136653
168729281
106506117
49157681
22819061
22820310
26868585
22819119
253189838
109663897
191367684
253190195
262484184
124273154
160218791
262976325
9858457
198820806
116455554
124041460
123442643
123442418
124041032
82938852
23630102
221032146
26614141
262657761
99043274
48011937
123442420
96551454
96934169
55289775
50491053
96934356
101265409
262655210
191922244
29381859
192074343
52425190
78554577
63677940
114585046
54809780
54580680
262656413
169381659
263179659
262654695
262655087
169381604
26149808
202645831
55425416
55610053
14980290
54594462
15385422
14336348
14604599
14336429
14604617
14604597
14388450
14336456
14388384
14388474
102567834
198555299
253363905
105665024
95866675
116622912
37153183
259488412
214654733
145624795
58530642
50441613
43238788
144738048
258215864
25195350
217918477
200762256
134851990
141581546
106364878
247289819
247797294
219143917
148700424
133069703
240275640
195743370
144757919
141581324
3159439
125603429
165992379
215161124
124887318
204808105
150887058
143612476
257843006
50715915
111683265
253189920
127354396
14007244
114686491
259487203
254082940
253292686
19335644
200817729
199975454
125710741
207810606
117405209
247820054
148809041
200819531
106540085
248934461
192844786
167953442
172840455
174319550
203790171
106540220
14062832
246773243
137996377
22815646
253190181
253189824
253190053
253189972
253189790
253190176
253190062
253190060
133255750
253189979
202877554
208188505
208188497
208188433
208188507
208188461
208188493
208188467
208188430
164537866
166138025
197503996
205608897
148851695
170126792
154184529
253189814
253190144
212463292
49901123
49901040
96290962
68070279
14531489
91827461
214608355
208188434
195822517
262640542
262640617
262497946
262779665
262784054
262789461
116757869
263093226
98219705
263265654
72689409
5911647
71684471
23631182
23634071
25005954
96290889
168182571
98133682
92503976
119699123
49901099
55289644
98132726
96934354
48282551
117674695
29372205
36711144
101265407
7344411
262655222
54594464
105232017
262674855
50491059
196488277
190708966
91546030
54580684
196488293
204644717
191922262
132860148
55715439
21708871
121269794
121269788
101872302
202643782
54809774
77965869
54813069
17116053
14336417
14388444
14495997
208276211
138382798
14336447
14336397
14336490
263198888
137508988
95866669
200856294
230374216
215120029
253367373
19335642
25419947
25072253
19335646
25072148
262640555
119242158
144341261
118997621
142393017
249634717
149659115
144481783
247907217
114685933
134852248
62264753
119719578
3159437
179375898
144701581
71096276
146035676
172840169
74381451
208188519
208188477
208188481
208188443
208188445
208188489
208188449
208188457
208188523
208188395
133832485
19335663
249586238
157451298
148809880
199973873
121233946
154728114
164536884
200819052
1755115
144341469
25072793
65047087
96475426
211947469
148809588
80993964
183113031
82391833
253189965
49165373
28986530
26672001
26676015
26673734
248066599
191977026
212924747
188947801
196224350
262479392
216204819
253190120
253189830
253189884
253189948
248546092
213560153
247294322
147347552
143470245
103459125
19335636
247797881
230053839
152100743
21451291
199916518
97042673
199974165
3159427
83020953
201841187
202595996
253189898
253189756
248085748
50441702
27817312
195769606
143613050
106364642
128327267
208188391
194127895
138384514
251534631
189588704
262654632
262338149
169381085
169380785
262674880
202644887
262655212
221032156
55707065
173551362
27611031
91457973
254137877
258215852
25006288
71684469
105665176
98133659
96552060
108132911
221032154
209603522
96290933
68544923
258215878
258215862
33453531
96934166
77965803
143618124
98133640
48010720
26613445
91833350
96552158
248636884
210413623
95866705
263198890
105665145
18140750
14388434
261952424
14336350
14604621
14388416
14336419
14388374
14336464
14336409
195228672
14604629
14336445
119394545
248643030
161905919
213560530
14980357
25191112
170781688
96547159
16186745
13803499
14948421
3159417
119501201
119719548
200817362
248262871
248934456
246853944
134852045
152345660
216901414
8492730
128326603
252276535
148850985
109261914
200817835
246773228
97044475
144479181
145221038
197514212
136978119
31204108
193886972
106539745
199974384
38390189
49164660
28745681
22815663
202888524
202770107
26673041
253189981
253189832
253189834
80993644
103823116
103823625
253331604
49901054
96290994
98133636
252400814
70833256
19335665
249217221
147010982
32292695
147010370
203810832
247817522
68626554
19335661
97043124
129252780
25089955
200815563
188136659
160757992
225211710
106364907
187860991
199922974
253331568
259485449
253190106
253190227
253189882
253189864
253189922
253190205
253190220
208188475
208188511
208188469
208188428
208188465
208188408
208188503
208188517
208188420
208188509
208188424
50441650
50441402
49132962
43239887
125790556
3159443
134851955
134852296
133830799
54607538
106539993
115223577
106539688
21154212
26793643
119719641
189342115
188830929
253189992
253189878
253190200
253190148
252788091
164542859
106540208
163831168
133830122
149658096
248934517
248934455
164538863
240275825
208785394
195687730
200756822
263062564
132712953
263264655
262655249
262659870
262655103
145203504
249885233
36319062
98133645
119315446
99043297
98132730
48333354
48458209
123442159
51120844
77965809
77965805
23633142
262656348
262338166
202644269
169380732
254137853
254137847
258215870
254137863
254137879
254137861
258215858
221032152
169380546
262655220
262655224
23412760
14336433
55425364
25002682
192924146
54813073
263208671
200855851
15385389
14388528
14604601
14336370
14604625
14388418
75423443
14388544
243096464
55094311
78554882
25188919
16186757
39556900
25192046
108758568
263198892
203208714
119720054
3159435
199916200
208188416
208188453
208188487
208188515
208188426
208188499
208188495
208188491
208188479
148851219
199974582
164537861
203810867
122874057
112441319
19335659
185439223
164059840
200817514
203783556
162198997
208188483
48602164
195852082
53250497
113633397
131345487
19647272
119719519
188831602
108769630
174037250
148809404
96551451
116628904
253190142
254082969
253189823
253189862
142554820
200650417
208188441
164540587
144342154
199052561
243080762
124887196
164542528
131344090
106539801
189632362
188322652
133830401
122868661
143862314
26793673
104913984
247554684
249289888
52738227
27815616
62679357
259488494
49165881
22818892
22818592
253190134
253189907
253190214
253190234
166072389
96847179
253190122
248934570
253072485
50441527
257868711
213841162
259485505
54606438
208188484
39363708
68070534
214744644
39361573
3579741
212924493
11227020
252874764
153769502
116115108
262646067
217386791
191327673
204971081
263062556
262654691
258215872
96291000
258215874
96552147
80960450
23634162
23634598
98132658
55290043
173449973
100285737
171587944
169379690
68463499
132860149
258215856
258215866
262657844
98132682
107005503
123442422
99045665
25002644
107412512
96290984
72527396
2692713
107034292
54805563
54809772
248934485
14388465
15385391
14604607
14604613
14604589
198493845
14604587
208278664
14604631
146948773
137511291
262640541
82939186
95866717
95866671
140131976
263198896
263198894
40794806
195229425
259486739
81455331
55094339
105701524
93144622
96209688
14948413
16186752
14957400
72969794
148700009
132858881
148850529
151898528
248262266
200844808
148851598
3159423
197503627
171891649
194827152
70091851
170452703
3159421
13897555
198091722
103264083
199975294
221517440
193418110
203213279
164490543
113633399
12027361
199913834
25072789
19335634
247464440
249219269
128325929
211947482
208188406
208188393
208188450
208188437
112321938
30873650
89053224
162199467
83020713
142555156
206237353
167953503
128326295
112691836
73402285
133864156
103822235
257843431
259320552
257842883
114689058
259487617
116759082
39361735
139140223
57856427
73402607
103822455
116759211
253292520
111680376
212480988
28971598
202768333
253189816
253189987
220667212
253190146
253189795
125604490
253189994
253190075
208188513
215915798
252582491
253189880
199975114
134852225
150887063
119719592
19335638
214821702
208188413
148809322
144704772
106539955
198435666
248934520
119076854
40719524
72010193
106539613
10095122
113386643
199917233
119308645
253189985
182318248
54606399
79679258
106913485
205674013
149774126
138386766
162149630
262806517
161211715
189342127
116758074
258752389
263256388
263266472
202962117
191922288
191922268
68463495
169381016
262674861
262654597
262656350
54606401
169381602
25002473
99043288
98133740
99043295
67242327
124041336
85561225
262655214
262655216
192951961
119699138
23634760
96586349
77702688
71684521
105232019
26614113
124041352
98132662
55718898
2408663
121269798
100146465
148003686
14604609
14604593
14336372
14336443
75834377
14388404
214761065
14388504
146950404
110121740
95866699
262806338
257843105
259486599
150989011
168188914
72968584
39556878
37153252
14980302
14980371
242501136
207317665