365745
213936767
2530869
209387417
198996248
261157781
247390840
19808847
485308
249825821
45093916
50247549
50247575
262516799
248789374
530837
517233
198996256
137375350
195283801
436042
195472331
200976857
248789423
195472255
214766319
2048897
195472243
208056346
55289382
215611048
214766179
2068027
485228
198996246
249921423
315821
89481158
42838969
4598637
195283807
252892484
195283823
198996244
198996231
3819045
574078
315893
55422903
263105074
4552503
7194295
4552505
907672
263115035
263117370
214766224
261157186
46757542
2030509
198996236
137444702
442300
137187968
192951434
3819187
137181827
429059
195696947
50078288
262851269
262877005
191779120
193600437
14948148
3819173
315845
1390071
548373
260729111
212485244
137191598
198285227
58710988
35751868
101262546
424843
103475120
424839
193101851
137440520
953484
315241
55289574
137452704
181567321
29355882
102132930
137165006
242076415
263196812
517583
19808799
215608425
208056329
7203073
518248
550850
450147
195283815
73766403
50126197
217723382
250340060
193101468
55287230
192988663
192951251
206715305
198996250
58710150
248005281
88043597
35777600
217517677
249921395
2530747
385523
249921549
51990996
31587471
517829
155532161
48755694
242076477
248789358
153921362
192951410
2645261
338317
242076413
242718253
195283726
249921540
73492168
553240
242076474
436144
474654
337194
25204469
24744663
242076425
250097649
249921397
213936800
3765775
195472310
196058189
179805659
55285196
55287647
370421
195283783
424865
1382059
262730367
242076380
195472241
2068057
213936780
577212
101870942
213936774
190709021
58710439
253276442
35794199
462863
116002354
337193
217721902
73668715
50247567
193737151
35896627
195697021
263099064
3768785
250098986
25206006
55287018
35869447
647906
191779189
253350371
577223
43751954
7948842
3768843
424690
213936790
342988
198285302
36316218
249921527
248789337
518269
109945628
195696985
603350
55422938
191780611
198285611
35764216
907636
213936748
252540011
195472329
249825686
249825819
198495277
73492151
213936757
129251622
73492196
249921553
2430579
3768777
965428
23437578
101870899
958382
35779573
191780797
373268
205224941
421281
2430577
424951
338170
436034
574429
55286697
250099375
339697
101870772
249921648
577219
965408
6553767
32222734
520347
195472267
416355
339589
140763292
3687849
525224
50247595
577255
208056342
55287731
6421307
73385223
55287215
193600992
2530563
574434
3770137
73585162
1390067
192951424
248703421
180104044
153993245
87045044
73585185
225935865
37152050
3768835
35896705
168180861
50078318
263354778
167648798
2499787
263352517
2043655
263385583
198285294
192951446
253350341
1390063
3770097
101871332
32112219
263101442
263196718
87045040
193101602
248801274
263196777
206715327
192951203
213936782
3819183
2465243
263388458
198996302
129770975
263103167
248789316
25537991
2030551
101262550
55288151
87045120
87045106
60396837
262651715
206715293
202494068
3770105
2530861
2502933
108748252
213920395
195472354
193101493
56003846
55422809
50078770
55285569
195510699
168188716
102132906
195283789
193101724
119699006
55285907
249921585
193101861
209603500
263208681
263196619
198573176
204437458
42261052
3770083
167654209
35869443
249825855
8062220
129770971
153995574
87635133
55552248
248325819
191780688
51990827
55288285
55288380
191779414
14951616
50247565
3782675
3770183
50078292
3819123
35869384
3782529
193101541
249825702
249825693
101870535
55288765
248703390
192951319
263101026
263098899
55289081
263209612
55288122
111109189
58710673
209389058
4205905
3819169
168190352
14948150
3768773
3819107
102758200
117985156
248789330