3529955
3529957
2292591
2292577
550638
93297107
101871147
93297365
193107366
93296647
550623
3667115
89617133
3529951
93297992
192989162
2292593
91998790
91984591
21113515
108957242
3529961
513904
243300230
216289000
191779145
74539172
70155222
550895
191780615
74539257
252558430
101870952
252558934
91998832
177860839
81939217
193107544
73585149
252558209
25201384
174182832
252558168
169887470
25204089
193107524
2245313
550790
263179636
3529959
74538277
109767291
243223597
109765387
550939
3529953
109767459
74538241
74538178
100285674
176713804
252556922
13944766
91985805
29354926
3529949
190695471
29357350
3529947
252557849
109767312
150373006
109765282
169887474
249825817
324066
73300932
193107226
324060
109767035
93297452
252401870
550672
167019881
25204506
3667173
109325869
74621126
193107041
25204425
334950
511351
252557907
51519162
262792425
81939827
252557304
174182770
3686379
193107411
90527830
74535950
252557306
193107015
74539093
252561420
252558138
2465135
252557779
252460270
252458289
93297518
190695442
252556926
167607355
252557713
252458213
25205396
252460272
90527745
324062
263082609
169887559
252558679
90522820
25201998
25201097
169887472
196544728
193107228
91089827
191780533
252557637
93297198
513633
92004140
243349582
191823855
176713864
252557383
58710164
3666877
252460301
193107550
252457977
191780038
252557292
243258858
197606682
252556916
176713677
93297290
96290238
318801
252460264
93297175
252558513
191823840
176753072
93296640
93297248
54513230
172025132
22986107
252558043
252557318
252460284
510117
196544756
74537030
243419230
318809
252556932
176713764
193107240
252558515
176714943
252558194
196544734
2245317
2245337
643048
93297350
32196857
193107364
252455925
196544854
513629
513035
1995905
77576477
109767406
196544654
193107124
642999
168180873
109767106
550218
252557719
252460303
188229238
252431130
252556715
243103921
639327
91089704
255024627
252558174
252557468
109767420
109767207
109767006
25205102
91089648
113431044
177860777
550901
324058
252556890
193107327
196544829
196544748
196544791
196544691
318811
643001
191823960
177860833
252455916
512909
252558710
252556888
252557839
158868419
116159262
550235
93297378
196544815
243412703
318803
318795
643040
91985135
158868414
81939219
93296758
90522692
91984684
255010520
105664873
252558720
171592769
252558724
193107595
171592119
252556906
193107447
252557343
252557997
196544766
92503603
74035842
25205109
92503637
109767276
92503678
105664892
109765294
109767523
54138924
112170723
109767209
172025158
177860789
193107031
177860825
252556982
169887526
252557361
160814657
252556934
193107003
193107566
193107198
193107572
191779337
92503595
102133198
113005075
184766664
196544779
10787385
106352132
74539426
263083770
263083877
196544848
196544648
196544795
196544740
196544670
196544811
196544774
196544730
196544720
157834515
91998933
93297994
93297059
93297860
91089754
101871040
114436680
93297298
95250379
93297468
184763764
184765422
74538824
74537303
86424386
25204093
109766365
92503601
78957269
105231876
73300854
109765380
90527953
109767424
105664886
252557333
252557056
252557046
101870762
252561025
193107212
252556940
191779678
193107479
193107029
193107382
188786056
193107204
191779391
169887532
193101369
169887408
252558500
252558458
191779589
252556910
252558166
252561436
252458162
171592132
196544825
177860795
196544738
196544674
93297532
196544852
196544754
196544856
196544809
2465127
167599147
93297833
91984828
89314557
101870603
93297347
93297933
95250064
2465133
184764662
263083740
263103229
196544750
252558696
252558190
252557783
177860823
193107330
176714858
252557048
252556675
252560608
196544819
93296805
196544787
196544758
196544785
196544700
243105667
51990912
167019887
174182868
252431259
169887482
252556665
252460298
188995437
252557030
252556980
193107232
252558448
77627281
101871318
109767506
71125395
116159398
109765391
193107163
252460380
55288627
91089790
91833177
36711030
49641683
91833117
109765376
102758501
196544813
196544833
193107560
252558746
167611246
196544797
196544698
196544726
262674117
334951
116189087
91985445
91984764
91984637
90521589
80960294
91089779
252561427
91985264
81939334
93296557
93297005
93296852
191144479
263179624
196544664
263083738
263083802
75405509
109767380
109767274
109765276
51519060
109767408
109767529
109767517
109765378
109765415
109766380
122521915
105664719
85561065
77754009
34752992
101870780
109767358
109767124
109765389
191778981
252557749
193107414
169887551
196544781
169887410
252556904
195696911
193107420
252561008
191780795
193107356
252428881
193107115
177860801
252556615
169887448
252556938
252558018
193107299
171592346
193107532
252556795
177860819
252557322
252460344
252460305
193107321
196544777
196544752
196544835
196544799
196544827
196544792
196544768
263083782
110704712
80960296
80960282
122273674
90522690
93296960
91985537
184765879
74538088
196544831
109767476
263084446
263083717
252556983
252460268
193107152
252557018
252558671
169887553
172025626
193107062
85561210
109766996
73866038
75405442
51519020
32221999
122273554
172025128
177860817
252557710
196544806
196544771
196544631
109767468
109767283
25205906
32221836
109766029
109766828
198495249
173449553
252556735
193107080
191823767
252558164
193107408
252460307
196544742
196544837
196544803
196544716
196544736
196544861
196544817
196544704
196544762
93297271
91089728
91089792
90521767
93297210
93297277
184766738
252460280
252556896
252556783
252558714
252557300
252558694
252558035
158868359
193107342
169887571
177860582
252458149
252560683
252558136
191780237
196544858
193107491
171592174
263083736
263083891
263179552
196544680
102758313
3666921
252557353
252556952
252557715
193109288
252556691
172025130
193107400
252557879
252458215
252556942
193107416
193107230
193107473
193107392
252557294
109766867
22988362
103475081
109767116
92503699
101870673
75405507
101871345
92503657
92503633
77702358
75376767
122521909
101871265
109767004
124526146
2245323
109765284
106351717
252460260
25203352
196544746
196544782
196544850
196544773
196544660
196544789
196544717
90522694
91089699
91985700
93297571