148802204
19884509
12105640
75829071
2651041
209906182
253068780
252012532
95071199
173846527
149153655
217329727
6699183
249767737
92010777
209906185
254078213
163578543
185965940
212213018
216090640
225269973
184908288
262470256
184226424
114805450
201538389
174012804
68350219
75440545
24390435
171022590
44914355
217375820
55355806
15401883
212041305
249766819
76012195
249780935
187988028
247337394
176791007
199898972
251969868
73668332
240980419
263036472
183719665
126511699
198463134
215997690
17495304
88058895
192650372
186239295
73632145
203093927
249772577
199927557
860285
249767589
249767462
77539099
195128183
252044620
204443690
252857829
252044626
96029966
203093928
77154506
165084393
54614897
251417235
201622689
15686497
10604230
246770135
249766898
94886473
249768434
17958203
158777341
72225428
21153322
252044624
209866511
249694075
160542936
158490277
10561316
259389003
152567407
90929043
8149178
251966855
74569922
13761546
210734257
140046457
216465762
193909161
44805125
43940676
262469861
50440311
146515802
204640272
205618319
216465056
146515849
20286457
15726364
206231233
162100212
253047135
110915938
20954639
240196074
2422071
249768311
199051728
201293170
50440305
185024807
22548768
52006886
59291608
21949088
6568565
251403132
102261595
66452069
75440559
5323817
205617927
82663189
8011023
249694394
73767658
9957827
250940668
262909761
75829075
57037216
212490391
30767649
73668249
107348389
182465042
10565532
252135694
63917250
262892018
263068970
204666623
229703301
207313872
165761009
94713143
262831183
250094923
262303856
27977135
160438687
10565345
253710754
199111984
21041708
214106775
253661386
10593954
176761070
262470006
205807456
109776983
91513102
248864920
205614383
208405510
221256691
93316991
214108002
48035327
199670665
243515666
103297325
79565859
247375289
60816107
212599633
254085216
197461134
262874915
202222564
53931926
250235783
210138064
248554384
195440870
23800648
71046532
189191758
189233065
246164279
554655
252649049
200780106
252135752
782497
171022595
249389657
212599705
127033038
247731344
152559269
215414841
262836972
216099309
84873695
1504685
250094925
255298778
207773156
252080303
195852098
84873689
191947289
181452215
253043715
205613992
253291194
199239448
252912024
180962782
251417218
214154708
195656915
206251542
248209967
214106803
159276572
158501223
782049
206255421
10561619
72340413
188694564
248637794
215114558
214940575
249252594
13290508
44618905
117926927
160542938
13761548
252850860
146515819
253614033
249389494
250096529
252649370
207772104
251417222
176926347
216296767
251969804
79565475
87850739
13761544
250059119
32217479
782060
253406789
5141191
173515689
198227977
177617857
215641365
566830
205191604
137499173
212039315
201386033
247446320
252664427
146517300
203176312
127692293
199547189
161945335
201034198
216296853
250092864
182465327
212040857
239275383
262842970
208555499
251968677
110572122
187301001
32711803
210735213
73531898
137261897
854457
411563
178056487
209349544
139012629
192454568
210734247
249885288
92010745
215414895
204439034
187315553
22548766
208173999
215414909
176765075
197529672
87851025
251550642
250983747
49309260
247407006
251405424
262899561
46812697
252536557
194807026
177267535
74158654
129138439
1374373
209398667
210735266
77222328
169271979
143144174
493709
252159463
251967099
213561831
199930895
146285984
179689122
262899553
101089465
129568257
72515209
217765959
252011543
127032889
258397987
185024831
144405735
185024817
58046370
252135922
76105960
21367465
249387833
189192919
91779709
252158611
208288944
239146528
168906448
190470008
200779741
198300724
129138243
215190842
215188504
685868
177143476
249970568
242809504
258752408
148802200
84873649
252161850
170264984
200923111
190538969
215136856
252759702
215116608
220669804
137260802
215641363
72869852
173634706
137459602
205618161
197150330
143144218
185261670
241783677
196532419
214798961
216867805
8872498
160751536
146286259
128711659
206482153
137453469
242090714
99347075
253317936
215192227
206204977
73476579
19774233
251907849
206308241
77220835
146286205
125024601
84873693
209176758
253662545
248885092
86787405
198509479
262053138
252850198
252040611
174312568
262051812
113528597
260930316
215699194
252720201
159814764
214916546
137941657
207400347
217125721
210734231
252161772
198928233
189194486
215641367
203084467
249268544
252011562
127033561
183518543
248884453
201293176
210527453
251539997
530242
167316044
251516239
247785994
249287948
177924870
138127625
215414858
210755316
200767531
253229818
254141470
253344770
143144237
206335700
262053159
263101502
251402795
251401839
262874917
263292282
247409111
252664498
252159310
214722003
108716670
41258327
262783323
207777908
127032380
189633928
215136858
249848782
105739235
248355471
84873671
138181043
28695987
84873677
201847275
184218352
207643121
260922786
44632171
252080337
255299037
253344763
253344765
252079193
253230258
249009355
201877286
262472837
214933080
207023815
251917388
76527159
216296895
201035288
84873652
252161687
110998690
263297855
263055169
262656132
215193748
253276978
9984902
202597032
260930326
179993599
202529467
247346503
152546749
41211760
129258874
263201184
188701585
176812933
202712903
262915972
195319068
195952564
207566206
247414588
168559532
215221593
180000849
84873673
127591171
252876889
249882050
249882469
263114622
248294660
129138535
263029403
161945332
176814108
210735242
214154694
84873664
155555979
10595215
249348688
249574137
105739800
77222559
209177107
192832825
211924896
180223550
182457608
169271667
205927179
253662548
161956944
253344761
247935555
223902622
183040820
217125781
73308025
255298747
207023768
252639227
252078908
251455264
262525296
214189133
178057885
262905999
215116927
197553295
208886159
252044621
203711051
252722468
253169237
247924741
201600261
225378669
192112666
92552069
192276287
120183884
216010063
209176521
213997965
213851831
252636603
251984764
119240575
255299057
247414518
177714526
253721508
252559256
255299290
252876595
253344776
253344772
253344757
253344774
253344759
254089934
202529675
183262793
165762261
129138449
143144164
201852227
263020709
251403350
189601215
191446014
75448701
168960004
148824660
119399733
199124296
177339246
263195816
92551710
199108601
1496071
169606987
178711514
199109400
184497007
177266693
248088058
252721769
250099447
191268795
207193101
176816372
137129391
195821031
207566815
217124716
260926374
216871077
223903648
247414516
77221881
254087876
193988098
161010424
250077617
262466758
262874913
135960899
252664546
170263945
84873679
201105678
262783257
213589279
262656207
242078293
247302560
10124703
215188692
187598325
247681259
205955215
260922630
249373183
202043075
206205001
205691054
182480864
177266706
209176364