201305608
107363748
201644614
95090377
95091089
93936604
98070479
208170872
38311138
262689952
200023634
95089986
95090938
145093523
129711917
460587
171101291
14996943
111140092
58362486
755533
76587857
20506527
129712310
243058041
31517821
25189555
52468788
217153590
55681788
58563028
167952650
31516595
262605475
55289713
98079534
193237177
174240042
153657707
78021167
95090161
98077330
109954481
196032765
59202720
84873949
123564887
221268719
129712532
174594837
141581093
191977632
465853
87992923
157313230
36318268
55681813
62352445
14134431
115006589
51511741
109541755
176172309
217153583
197215609
57907881
201359099
123442081
225385287
26161242
23638793
118997694
95090940
197894118
25191837
207498874
136112002
755509
169379714
82003996
68110021
262674988
25981776
130872927
199240728
95090015
15128356
184629190
122373294
152546311
74744646
157943614
157943656
70086897
82391853
100897277
172191114
209120309
13779127
13132599
75551156
207663389
129712973
153593846
205481816
112641732
142997548
31519220
165689387
68777787
217153576
23377032
225386777
253127403
55553425
217153577
169848574
13944579
58817553
32408670
6821159
216380378
151994822
191573357
149193101
115288695
149659172
204963019
143019124
25188513
11662675
145220480
52468786
37152503
66507621
124273408
473083
180976682
139627145
142210921
133718717
147012151
253104686
23624288
230027753
125603927
106539543
29372723
118789363
116186211
153594269
152546590
58002869
95090036
86630037
37152268
162587188
225386042
225385204
144755388
136024066
48716250
135714885
58552556
20670203
95090746
68572116
102133385
35905543
473724
78894109
188711778
102133527
36318543
110205488
95090041
24822881
29396619
92521466
59397519
755534
95090248
98074203
95090553
95091069
153593785
95090941
215101622
153593149
104884989
121684438
96579226
473750
6821171
130155607
68354420
453377
153593574
215101664
35447440
755531
206304006
147119539
62884446
197337971
160270409
95090585
29394767
473081
175533792
37153139
97518149
190301989
109369716
96588953
15926451
171101264
755505
23417804
1711783
31642227
124276829
473079
25680443
102485589
90365339
35451203
225960060
185751462
55681808
14306991
171101272
23402140
82390855
207564743
102133544
249024179
177754660
108769540
198395016
129712004
92994051
29382373
102507539
122379551
171093468
53467814
162778644
96579274
9049768
157426733
102759889
78554811
146233970
92555165
32224027
129712125
82389306
38143931
13944581
188831951
5315291
25680179
2396151
82391952
75551113
122376102
51991763
178326231
169380988
220683041
165034014
97915888
197694342
121684449
473712
100923867
83750880
187859822
130812993
183683259
154167452
160270210
186989111
96181995
153593190
95091087
195850293
195850328
33457583
31518296
755532
252083972
44119323
153594353
229696234
103475371
129712054
158409819
35507409
171558152
159095145
197338348
197337969
102520954
160269938
186567920
359664
212261328
153593234
195850695
122870323
187838298
189182660
243808102
124526199
207499132
102519713
198435674
127880101
11662811
243808098
202645685
3657563
111708020
97925470
129712215
25190912
253127675
119111642
171101310
108002569
217153584
147690927
217153581
13803495
127554317
193923972
169381097
68984988
262674278
56004023
195573782
197892687
23408889
161944020
52266350
58992645
25653969
243808107
243808109
95917212
115224103
217311482
35763353
80370912
185751436
101872067
31518005
29388547
121684442
144171543
148700354
154184691
197506386
29375601
248180007
185990530
14697605
134560583
171652238
195850851
102759887
32222908
31517426
82008105
159095172
217646826
121229056
87536004
101872069
465898
204438146
102507750
159911642
169381645
11662598
109767126
130014032
134507188
15926648
153677888
25006406
19617779
212261652
192952232
190320619
53841614
20345783
249801740
144401412
111133800
192967733
112530747
148716746
102582147
133777416
37133806
248179979
109767587
111147356
102507361
115957519
127353444
216870847
35225011
82390815
138148393
249089817
243106825
171588083
23404805
473751
115968696
424060
82391818
101871940
152546810
121171943
14537304
123235744
253297019
159605523
5924055
53253443
162170365
144339602
82008582
69320964
146781166
150937779
133900298
144183002
190119595
11339318
173030852
205974190
26614121
49641783
195850687
20670214
84874167
116758988
57652507
473713
225386090
204000058
143627257
247906454
253348805
129425135
253619567
16960177
2396149
44497489
85241461
196339367
242282050
166335487
207565308
240369216
129713370
473709
51511723
188613954
192951666
174144192
249799456
48007193
121172564
67446259
168161556
193779136
171101266
2396145
44497584
51291522
52702351
182850388
162593465
217733136
473717
253625698
153545737
170814775
139220061
167033574
1711793
248180006
171199076
109713166
20872885
217153609
217153569
170752002
58551778
36318830
36319128
39361098
36318256
48756192
25005699
755510
193976730
175527231
124526183
169380898
473721
49641774
755506
137190935
196838169
134501108
129711748
190681230
129712541
91411115
176502775
242282054
128326343
102519539
70552384
111148084
207562695
189203815
185439143
153594618
37133836
253625294
195722778
12519610
6821167
116758641
257835734
101872050
195284100
25207936
185006777
25005858
68984953
25004293
52265422
83750824
197337949
41264541
5927787
1535685
59481786
87890843
186655883
190302022
109712474
11662809
96182657
149689929
207565012
243058105
136461631
98071030
102520951
175527217
119315056
121172386
83750850
82389708
55290078
173674097
49929255
174144412
143807838
203889562
209409166
12035270
142393208
81570233
794476
117065629
143715189
168878879
209431957
176502329
169685889
170814364
170842925
149187647
109339142
170751910
217153619
109335624
171936468
190481209
165911323
129711419
169383928
128649252
116018171
138661777
207565291
113046232
164541049
172373407
170421770
170288361
109377657
168896181
153592627
196338386
148700219
148850982
173630667
122870123
98539315
214912510
87967151
109340069
164023135
37411119
56586261
133832059
210134087
56454884
176729236
251015668
251392210
170868845
176502679
147347674
170405572
168523027
248546052
252626792
70547538
260920812
249686710
214868096
214868001
171593866
112440984
98073363
257842917
165679501
92959798
208681927
138905603
70761618
168729354
169415111
245865347
170123187
174607971
242467570
260920328
260920629
157059354
157059350
254082961
102507434
249276836
249531686
252083639
190681175
176024351
262486519
262482527
111139874
130012814
262601734
249276783
23829376
32946136
124274957
6821163
127353338
1711791
1711767
127353232
217153614
216870845
36385538
214617869
247844395
252401958
263266526
182084434
262605479
208603627
194024744
68984986
262674914
149776342
262605451
262338143
262605445
262338141
29388652
123442287
96551967
96551957
171089349
248005857
171587940
248006036
225960064
169380672
147588139
147977458
243035096
96580242
96578812
80366407
36318726
73492575
96553366
52523905
25002489
80960955
122522120
5535699
32223829
108957456
36318886
102133647
23630032
66747866
97816276
29358024
25679243
97922474
65394258
160269622
174144190
130415520
119660343
87991681
130655647
97921357
262859985
260893940
115876571
259598510
146980232
155273854
259398443
261116461
263066858
82151082
173636514
253664001
261817097
206134656
216870853
23377309
195850147
146493770
192952131
86406779
52253803
42470948
121684461
51692933
26613733
247949139
40621686
216870837
217153605
171199277
140297338
170727718
171151966
138906302
243005300
85264996
249093181
187839414
89053550
170845553
139948240
170858764
170283021
170851101
216870849
171864515
159899414
170123065
143715161
250061651
170842177
169231551
95864201
155215818
135502795
187839572
162385118
82003980
89473102
214908913
214742330
207564816
205018423
214867709
253127764
253127410
168723063
199916490
254082745
259514038
147385718
140998752
216870855
111136882
148700067
133718727
215911074
133714286
16729582
109377718
170927552
143810541
69320885
148967655
11662821
199196531
252402012
229805179
171151995
167611862
170836611
148076235
190681356
162200990
172028005
78924259
171661100
248230384
253623576
198435911
198435720
170337283
144188804
260920613
260920566
260920693
11662656
260920374
11662594
260920427
220679136
169849517
219243425
253348414
247295815
214591109
111152692
48602087
146649420
262078919
137995845
262463055
41085162
172499116
217153628
124275844
23404818
107005204
33457378
31516471
31518848
39360657
27577539
123442529
23412872
122522088
52266356
101872062
73385603
55289636
31519163
107004910
36319016
169380087
192951531
169380697
192951738
13326365
121171527
262674394
195850566
82390673
31517844
88809858
260438904
260438896
262674645
262674436
262674950
78554772
195850276
262674633
195850724
212607557
243808100
198395027
248006112
252357253
181998152
147587421
263064042
262674940
262338137
262605481
59252096
63678361
68984982
156299263
174143535
20345799
102609657
144162749
249799633
52268224
149776346
227179226
227179218
59394254
52382060
252720478
152692528
176466486
152692105
263042777
217170290
149382978
159858378
3657561
176674342
90923592
133159504
253164119
129238537
42896363
263362733
262482927
182485592
29394548
78015413
42471030
213845615
37152773
262674998
137995499
253128647
217646457
106539527
187838023
169099753
163868942
205510494
217646685
168896215
153593476
16219966
95665595
173469090
79464043
171579347
143378165
248294658
83933492
135502692
217570864
251022069
171828583
53773540
207565280
243005344
106364768
159737331
165665785
169356510
169685147
109340842
170405471
112441609
16730031
172378201
260920641
260920856
254082998
254082691
127353711
127353881
127353710
252075484
251499505
111149081
185855526
109765407
262502253
56683110
252614045
253076976
215100238
153594175
210164914
11655739
11662724
153594745
169231618
169259603
144756733
188930792
138844504
187838338
252102494
260920431
260920322
260920618
259489034
91343595
259485186
144179919
132102783
169328995
159858218
190302691
127497718
148810032
164538718
220667263
248231358
253296971
162200668
183375313
139558793
59104455
172533731
127353514
198537014
253620937
45695578
61556200
262897777
216870839
260932061
141014199
216870857
187328654
133710276
136202885
145673054
262674454
262674427
262674565
262605506
262674660
262674311
262605457
173449814
23403920
202642547
121171977
202642441
205958940
243043329
171089355
248006032
196579721
59394527
227179237
13119573
163148684
39774486
257835619
102759942
20670215
23404915
35859933
197337965
248006109
250020570
147587432
29388575
82389625
90528101
31517345
33452319
23636168
25004191
123442044
97816171
96574886
103475511
96585778
51371617
195284088
96551950
247949120
65394973
58961958
39773155
204212546
149045246
164351585
48044220
253619472
204004527
48502427
98962389
114428443
144182960
164196060
243031218
252784432
144179141
40963091
143715124
167490296
159687085
37795679
39360767
31518414
146493939
146493118
144198003
78017339
263410588
44497606
247906650
217482030
177703713
182786972
102726140
163725009
164062179
102731153
249585082
169848078
187838914
187838433
201004290
176729267
116018326
165854145
102519552
170478083
169329203
217153595
195702970
199974418
252623252
252401011
171936474
190482151
169459756
169657280
172343293
129711719
118880780
109377720
167952648
113205065
170346587
135716089
11662815
176728969
170736918
164022394
80960596
80960600
249937669
251263501
247972631
219216552
254082793
14800373
253128006
253127852
253127579
260920732
260920608
82005443
11662647
260920318
260920308
260920429
157059348
217153613
95090274
254082660
259485260
260920503
253623174
170136844
69764710
144403143
89052767
214910816
214742061
95733358
117580610
135076449
196341355
170333033
207831423
207854136
249686076
53467812
249815856
215184238
170842910
189203893
176477383
172019724
111134394
207562643
147105720
198435764
168730078
248180010
248223119
248241558
248180002
148698271
207565263
129969857
252077784
252077687
252070406
262599775
190547725
139135755
91090013
217153575
79323926
258752307
88046598
262659339
262674367
123442285
29357925
74208037
31516968
119026760
31517168
35859995
25002475
114436764
79450742
26613710
31518954
20670235
25005575
191757205
52382697
249012555
169380319
177703779
129712082
262674404
262338145
262674839
202645309
33456863
67870853
262037934
6936937
96553317
1711775
96578734
107412376
52255447
202642989
248005609
262674637
202644035
262757669
202641507
195850027
173450161
195850427
56793262
174144482
35726695
39776549
39776661
39773142
262497015
249483938
187837164
167490108
168729417
181218321
53924760
25538186
21467282
215079465
215118295
128815770
143865308
5807081
78017168
216870833
216870843
158810578
170165216
173909904
169640628
11662831
201126076
148006198
171152383
201292490
177910282
138826221
155249310
167146285
172385647
170460915
167952634
129196386
214742134
167952372
168984940
171555660
176729710
128649187
197655153
152729711
111136897
173150836
132043025
110750300
215193151
113236002
190819311
215949446
260920535
260920686
260920542
11662668
260920465
43833999
214867728
249686008
259486022
260920276
198435896
216204932
96177415
254006913
253354996
253354972
167952430
117643272
157059352
127354217
248066771
95091068
89212609
102482020
164055514
248261496
196467652
170311457
187838193
171152116
198435635
165689577
208684577
190302013
144342272
173013294
109377650
11662592
32410966
249277102
122873197
11501407
248179977
253625348
253622510
153978579
187839003
85241547
90923110
214911216
201004327
225971048
248682312
186655702
187839095
172346262
127354047
216870850
247907219
200847975
1711789
208528011
247718337
10127416
217153571
25207911
259227886
55681796
247718243
96551961
77965989
20345781
202642917
52268226
262982108
25005777
52523912
33457359
25005630
36711193
23376339
194405617
262674345
262674462
262674686
262605465
262338147
262674339
262674246
262605498
262605433
262757694
262675042
20423714
202644777
175527314
169379733
96584298
243034793
92503954
71683697
113792621
88046606
153837263
76469553
96587931
25002821
70805464
169380454
27611265
68234915
6420017
252628855
173425024
48458043
262674581
217526993
253664517
253121195
158816463
93871079
262485532
262462594
50268513
181218940
263047085
1535655
143715246
216870841
44457817
122373467
91457836
171185347
187837106
169076048
214082322
137852302
115224308
249276991
248263335
217153598
133829188
58374119
170843704
144339546
170870603
129712529
168532039
165674864
173467866
169402269
11662649
169357956
129712286
207562642
176262448
157160433
163863991
176729774
247016986
192011340
247718335
111136875
190302043
82003907
170178092
155340522
170278329
217153588
187838062
133617074
129712118
138901806
128325928
85241440
165690667
16722252
220682105
245773274
252680641
168734260
253244432
111149141
109769206
248180016
127354644
260920591
260920593
260920441
253127935
252102553
253127859
215162990
157568975
220682760
31519255
14306993
220667133
252066635
252099759
251501306
147020730
104800153
59259382
155263042
145221007
260920287
90875493
260920291
260920851
260920752
260920573
177902999
164048226
187837397
169120590
249276830
254082496
253189622
248066425
127354112
245791193
243005325
260438892
195850286
55290103
29388517
81577383
37152523
50724705
7344405
77182383
23639981
101871938
102759780
52523934
23406274
37152476
26612885
263207519
13829083
52709612
262852783
262757677
263105025
262699542
72527470
161467259
58456307
206781583
174144318
177545201
35860005
52093674
262674690
262605455
262605439
262674894
262605492
29374947
262674769
174183105
63679897
42470555
23632519
29377003
198395025
169380287
177703746
35093645
177703772
171652303
155200666
155532271
173449690
151950759
247949131
243808096
216724847
169380678
225960066
52268235
227180670
249923539
6821155
11337505
1711769
262719182
217153599
247830901
247296455
182090677
217475584
171792068
242729151
146035110
168168162
253074436
253072349
256515533
244132991
135043821
189034853
135811996
53467894
252644693
102133650
29360747
143715255
168114916
159684252
159487368
147963223
78017050
113621611
186883125
170136611
193046930
171109274
263255809