262728561
473527
105614631
34357622
98185862
105614602
217181729
58955914
88067439
157144936
217181580
217180526
10103252
105614743
57691006
105614695
34357605
124560254
45877129
98185726
32431485
137829916
39774497
162019297
16165977
239309103
98160441
88246963
87943255
201305903
94878521
81689848
217181467
13442645
171236035
198501493
26253160
55669640
117415953
171063206
58961943
73402102
213489817
249998160
144465108
101420292
116024573
115990346
202642103
252133065
81689870
52275029
35272115
88073035
217181920
98187829
507444
108224135
88007972
114572003
242448061
53837012
133859722
138850089
191769348
85241474
217937295
98190670
201677254
116864625
189689243
138825330
101418584
175164641
53836999
116033185
35385473
465334
104911603
465998
116841559
88055366
2029915
197799936
58955694
146638067
2029293
248590329
147001118
149460147
507442
201632360
116124888
215101675
105614607
139723711
216828110
148809137
189468335
217181553
196901712
122216367
175433568
176084726
465995
144181514
174642428
73402366
23410350
58963734
177321879
98155827
473535
225219775
173296563
140478924
251324267
142876554
147413999
72933913
149459846
104797284
247718282
208048173
262675949
138536509
118728104
53626116
134443731
138536396
156653495
149437261
5411179
212920942
192945320
183579318
465314
103597763
230027693
107004784
161390567
21422912
217180599
192013013
169885926
48959728
77895425
83021139
148008959
85241347
148889288
35195360
143964525
58306441
166151650
137829933
143979892
253091396
144360638
116864630
116021690
139220401
152784570
207279682
115795909
4670693
20506250
34357629
212240718
190508025
119374459
12338262
32225532
143866058
136020353
132011672
216157057
213489553
214775858
176751025
140843894
129626127
191343912
160814695
118707280
49535827
263206960
141581091
148076335
247298246
129711404
465993
20518327
10672756
116619409
144354329
36318370
206291384
192928734
212985816
14262207
40723996
138386221
20655020
20648056
23411961
37137517
23411876
249925160
75325966
172144560
177320679
262817369
99139918
138813276
206291422
87959644
133433942
95295978
34357631
103805564
99138871
248886900
209115152
248886049
215597370
141961738
252878460
189189068
83182717
148699466
116877677
23379672
465992
157551287
127670604
138385634
160814709
242724398
170337507
4656411
117836240
63679312
20860696
96291085
163147381
75319148
59411036
23411681
465288
124273048
29359359
26154084
248590410
465302
212610349
122873968
215259853
186567950
87960494
85241428
118262632
141972395
215587433
188832268
14261862
165255902
73402055
116783947
145845766
473575
35169290
73402336
105994896
82391467
155810483
128326955
128327582
133434002
109375731
73766851
116018153
88245965
148006599
21498675
20859705
197514486
801572
82390486
507628
68305419
235737297
465323
117056981
87959872
207854592
92766759
97042715
82390484
99045613
108957409
73194042
465304
193746588
116018986
116115731
242487451
262658067
96587865
68985051
16049755
73402797
143000565
207045177
194465166
127881081
36318355
465990
465347
247933205
149795976
83750592
159095330
171652280
210406576
130028403
118689018
141961495
178013292
7777192
122641935
101870836
80886386
65635711
210415293
113543408
29375492
2029961
191357946
91760137
1691511
15661280
248649074
144402292
141096768
176685659
253279734
2029059
144401398
21419119
118939679
82005409
36318966
209409490
202425196
248596080
110585236
145557591
160814697
248648717
41237201
209908706
141096639
202645948
152528870
261857031
202651210
13986534
215739550
169922971
140145238
166102759
217761265
201630842
235807353
202040312
29360838
35896293
29383717
127879515
91432666
134282883
147817108
72301608
98186224
136029800
2028097
15255467
210763367
165999439
164540440
175433770
205050281
73402121
85241223
25981160
58956994
26613641
16058879
91432720
137673759
23636334
248647455
46558073
123915458
209406671
74260055
206794897
95090623
123924471
14055877
175781539
193645574
165255822
139440821
137149730
202643386
206291429
184489001
196904757
119026581
33457027
215748377
179692807
171438268
21424063
92867973
177319983
73402393
191899910
110820707
128325059
122871349
208093906
51095963
58015028
25072430
169001354
2026039
70637899
121331081
97925631
242487456
23401613
83750692
800628
202645037
209410101
242492695
164537832
122870715
134851951
20647033
73402401
229808461
83020786
73402097
170024108
110823157
114050268
73402216
133668557
97044351
117077731
111873490
1691517
79406310
83750728
446810
96587863
25005787
248648002
202644282
209409518
106540073
174144530
170094677
465329
197924943
181219442
19556670
206290870
210763468
101418919
96202076
187837389
195666325
35007863
203809955
73402041
177549036
507627
110905291
109582778
146417606
208093918
26225042
12559512
169897722
153259308
83047082
113929945
214738215
171105581
20419695
98187108
82390164
82938834
531405
27615449
56319879
91774026
206291169
123927385
83046797
210405965
261798249
52105685
149436304
178013306
73402299
173653107
73402395
178013767
117048048
198537141
177546267
139214236
21508794
138844421
101187035
77871671
247906423
82938832
73722043
465345
465327
48109604
215421027
198548967
261964167
117264386
58961951
119961457
452171
249145947
83021003
139149631
73402142
110821368
35386872
109376926
83020721
85251749
50364378
13958599
167524439
116088715
116863919
247879338
115972797
261878146
118708745
118712403
23416230
77692882
163148115
20847233
48211640
25199306
212920960
152837928
91627627
215730582
203911360
101497510
122871504
209165167
20645613
73402001
73866067
190108399
196901720
452190
452195
86573308
91432738
110000756
158763314
106364556
127119983
176435934
122869257
222362440
112441701
248804992
169451990
73402799
73402116
230040421
51031374
146380424
199600913
211301371
155995996
122869733
148076990
144341993
208297665
209406574
164538586
144340126
128711812
147010162
149194894
213681303
144342064
109377431
136849900
188210390
199601576
76368876
144326567
162157951
128327243
201803692
252138230
169897594
249465953
207831845
249387206
169886041
110822392
212610355
155278542
187837570
188210806
251925805
146417784
239196256
187836979
205514004
67571543
106539499
248173734
143613935
90439579
140332441
197505427
155467116
73402791
122872284
2122181
170965841
244697960
87942613
48755956
253278175
253278607
154184431
169885900
222356211
148699761
253047894
151429720
201631025
97489958
145550073
247906734
140103346
140103598
209686616
138899183
108890224
187836901
164541807
145844702
176685565
225958145
146996760
171438021
199601275
53770214
187837400
193383408
193387762
249998151
101188605
34357742
101188818
174909386
247868095
217350786
253284248
155244006
101172989
41293816
252588596
87959481
2023297
109967407
72301579
174523902
219131417
111348291
150560872
263172950
196901732
196901728
80876890
96574527
37795453
31518576
29375550
32225064
48458566
48458558
248647485
25206214
160814711
248647643
169380138
248647367
153409558
197801120
247287107
248647347
248649377
248647986
82390307
48010686
48458560
48011544
23400942
96552634
102133509
58992631
35860023
25981194
173450041
465316
48012145
87679714
36780793
14055896
236225805
140995013
115344746
110750231
253127358
174144260
26221595
202642662
119699362
262674388
262658003
262674238
209409268
202642582
36318362
64335514
59470190
26604286
247906944
197065029
124276261
217722974
242629743
88096725
23381826
32223315
141418128
171009841
146493257
118729134
215588200
255758988
12366731
90093691
242092446
253358566
91457888
91457967
49894001
115224480
169495256
214618430
146998228
150789274
139229970
152363589
144331810
163833020
197512740
80876552
16053290
162137383
165778972
144476274
90715172
184629918
54878083
79551187
160369424
80990912
170880644
260743751
253127851
253128085
174257521
98190469
88094902
257842842
257842934
117558066
254083072
254896200
149711794
82006732
115222628
188832418
138832073
213494439
90092506
152522159
206713973
49613332
148851446
214941850
248803468
188831459
164537823
71742069
252105616
252139126
163029555
171438274
215198119
101418619
253189699
122870474
173007949
122869183
89696988
144474237
148699017
208296350
197506524
163929069
173013854
249039303
249039506
253122462
253278985
98190791
198537139
253280382
252105771
83750632
107034714
101173295
101183839
101173292
101179543
101194723
242108463
101167161
101194717
41214482
217719119
262640543
197925012
226971618
2022383
109968468
95014259
78892867
138383904
247907317
225958049
121331034
144759392
204659215
197576402
196901715
196901730
74984996
230207991
29374734
111109404
153518844
120472313
80960560
48011542
262674442
82390315
165712529
108957390
50217688
142644761
124041332
35860001
34767630
63680343
35860016
262674333
35860011
253113520
169380592
202642365
202643135
202643783
72801990
26549396
248647461
248647408
115344680
91457858
199165202
252357251
202644998
141471961
63679314
114948477
72605937
198964482
198967035
197065001
193483410
208274003
198546338
254711755
193483523
72301588
141014142
168582628
47503244
113481703
953877
259484695
215184008
152747046
144319424
46695664
133766349
96585993
181219738
242487454
213490818
198902512
49897120
253426000
247906580
208296798
106539345
187837657
97042732
106364636
73402513
185439240
13138353
165937652
31288969
197514314
187837916
166451411
144341093
169120433
142857477
199601530
147001163
122869251
144324890
74860576
10979403
252105783
173303740
249466063
96904274
108883252
203208678
197513012
196906028
209804261
101421427
204926198
160219664
58988226
101420383
173012331
155462460
176799416
117062810
117074739
112441663
138148317
198644348
101177150
101171249
148761162
193646038
252906038
2028959
217718998
253077963
252102031
137190929
73402391
175782404
73402399
213521142
216933464
170497074
187838563
58671218
170880677
35161776
95065852
253129915
128327247
187837574
249465280
101177114
147853964
217351447
41199604
101188977
180327581
101172076
217350316
116020928
95769165
262589857
201630572
177295470
109967117
144763946
138384793
227783854
261879437
111821210
134815395
174528845
191343787
134799893
247907116
215730355
196901705
196901714
118693692
262581693
31516524
58963710
23410938
202645828
10687693
37795449
262658347
124041024
48010882
96574109
50217411
63680341
96546882
96556618
96579424
23400952
23417475
115247175
51121100
48010825
149718426
23418313
48602077
163147895
262657328
25700207
122202300
48110475
192951612
192951616
147593233
76153893
262658001
202645216
248648855
248647672
160671840
248648044
248649208
79407423
248649393
169380224
171063428
248648969
248647163
248648975
248646895
61557663
59411175
23417925
96584132
73722995
26224913
57690174
263023182
197068997
79408084
261964246
198961947
208275246
198963986
198486957
196184014
263166384
176582592
176583906
215592956
146997492
146491626
118265481
119026768
124611128
26149321
187603692
109888437
147000120
82005544
129712736
142858706
205963167
199600842
252156810
218750079
199601656
134918282
155256723
163027086
187839283
193645615
243005346
101647317
146997400
194464819
73402748
197504610
187836859
251418141
243046086
128325873
106539214
167906522
50217580
117284480
230040819
108888441
229766298
200738838
243005335
188210642
249578550
187839522
53622006
166417286
136786999
197504774
144341761
96202422
153889302
162593463
253238702
179138258
253280106
253278749
130461608
87960137
252102375
77447734
251552611
251079795
254082790
215184164
163838938
248804278
170295791
87911741
95864383
144364851
77447468
133829747
195666339
170399150
171467545
187837535
141733757
107189072
144474428
110821687
197515664
107033109
101187071
168723002
214742323
95864041
101171259
101179688
106107745
101194306
106078356
101183796
106075646
107034581
41214963
138907346
49586615
214945529
144362442
144341992
241742430
241742492
247842335
230039845
49536767
2023355
88238995
255764321
203898959
187837055
263023521
121659920
193770360
253095751
212317177
118722724
118710014
196901708
118694860
177202682
203848752
113576596
180367669
98186903
248648955
146638158
248647240
202643502
202642492
202641948
248648868
248647427
185654364
98186143
171590694
119699187
31518737
73669201
36317115
75655909
102759809
64337590
73722227
64302809
102104950
51068726
88096443
101916811
78971739
31516530
31518827
262658349
262674242
262658091
31518821
262674948
262815838
80961076
64457500
225960054
31517872
153515282
31518735
23629364
58992614
33455612
96574532
48119693
50216514
123442637
122212695
173449768
177304916
198966473
198892617
215973180
193483724
229803961
208278435
198893063
198966856
153580738
71668979
188708469
248647513
263301107
196901724
168532274
215545070
146492175
146493732
25661221
79552721
247906598
49920839
103691059
209407108
213681416
106730870
187836895
144340918
197515109
168867738
89047564
132834194
202413389
199600963
169208719
8148361
197515394
187836934
101418603
137852575
201841238
152360659
147000533
168896171
118197328
213950111
10056441
153593171
187839070
187837391
149194688
115223607
247370651
197505085
187839263
145846431
215184203
106540300
201348567
146998591
104753561
122868930
247731256
195666304
213560540
253185228
166451675
248957042
130437813
243084422
207364151
51472983
203462189
148007413
53837017
248263530
243045761
164538032
187838168
128326784
11648366
140995285
115224305
133831782
247440591
170400386
68820135
138906015
202420497
73402633
133832120
230374189
247907060
261114855
188480715
169075473
160055760
198537163
253077190
227036028
177991255
187838613
133829900
87651083
48602142
261026045
259484538
98185998
35804671
143613997
155049977
170880687
253280655
74984581
144340433
101174451
95864203
180340750
101194731
101194729
101167210
116139644
106073724
101179622
201631704
2027537
1645031
110167058
155283652
160215131
127353201
247842333
221236021
253127504
116318349
134311590
225958047
247907232
205108354
191357647
206252916
215730549
196226097
196901702
261941290
196901718
196901704
262433792
263040903
202642521
120472169
248649147
54624481
262657320
262674583
248647219
73866065
31519165
31519224
23401207
96574107
248648785
117375227
23641202
29347940
79407934
79402210
202644612
116318411
202642293
202642087
176477172
167019004
257835710
248647411
96574115
48458161
25207623
160814707
58992417
25207806
248649125
248648731
163147893
63680339
114948996
115344447
72605821
35817784
73722808
140995927
210406690
115136863
57691101
49641801
124198523
225315725
198966967
257877703
251535715
193486280
198965494
198966901
123944386
68985053
204330190
213681392
174144780
109209265
106968690
196901709
121614194
196901700
168653737
144198455
170770831
144318931
181219828
140546817
247894966
108956328
122216426
124598037
75554172
181920263
108942376
26149687
204928417
252138331
209406754
153593661
152564948
213681468
101418774
252156998
207562726
144480053
142836168
73402573
252568441
90088744
147000136
204319507
101766571
103223677
122873602
155464662
123432926
148851577
243044234
97925529
144758164
91433032
82007695
243081883
197505653
213681350
73402577
147001066
1691231
92978851
147000906
132247340
106730769
144340766
58014801
135571859
217797018
144402122
173134193
187837794
207557318
148808705
194461365
203585259
187838907
148699353
199600771
215184557
155465840
165677060
85241549
188831526
197504704
177814147
185406323
177320117
133831024
76051609
155256678
178013447
101421212
153590679
253280650
117138661
176781803
253127593
260744060
214592216
215120137
253072266
253072425
253074566
253630278
188832105
252569086
169925137
89590237
243165609
253046783
247856287
2023339
101172974
31883656
197506897
252138950
252138787
130439413
197513028
178220330
170742862
129601464
184295170
1691233
197514272
87650244
207837223
249309315
174317450
148698739
146999394
208012474
98186303
253198700
98185480
87960901
63679329
203213195
108942317
148007247
253123097
157179069
101177224
101171604
242108461
101171241
106078873
101172051
127191637
247842353
88054026
168522794
150735319
127353364
160213876
127353197
169209438
255763206
187839399
134820114
86573607
198650387
98187502
262675750
171212282
193889834
157836671
248649383
248647607
97480629
248647389
248647503
262674926
262674448
26613577
209409869
248647359
202641718
56368600
33457399
33455610
25981218
48458572
96291081
169193966
45877549
169380414
225960056
214584942
88095625
248647373
452331
37795457
19582190
88809882
116902808
125089857
99841462
31517865
165709465
33455573
68820125
35860655
25002761
164327701
72314859
23632797
51348976
124041131
123442457
248649373
248647523
101908470
146637981
151424641
53202493
215421954
29359032
23102855
96585990
197064005
198555043
198965896
193485186
146515836
176690365
32722509
144198230
144196932
168645886
91432892
57522225
249464958
140988720
124274379
122219417
103690777
91457905