5173823
217146387
217181972
15116963
185690673
109579617
189595573
217181959
249286025
97921604
198536883
97922718
97921557
217182032
222695772
207934349
242694446
192358759
4364979
197404137
164490501
21587221
189752241
205304004
35877083
109665969
95756
191770324
97923136
136219332
207991426
217146075
19769995
3242089
103691164
170620607
16708216
35302753
12870574
202491857
90365214
135231743
185976758
96462792
242694466
192009622
95175159
97921791
96108
202644042
92383480
153662192
204420750
216204902
99139658
97921689
148716939
214690213
201841177
93747546
466112
98122231
160404802
137827167
248648527
131391538
131391768
85932268
144758523
148700285
45315454
253203725
252784888
248647712
97922561
181219175
106539111
137827393
253051283
206535984
248648971
248648487
13733530
248648509
202417692
153594582
126743118
7151719
244133736
187838076
114738133
181146813
117382496
219462423
73745433
149459802
135235728
97925414
252092617
98120123
97923199
207810507
168096368
16718797
87630796
189681201
252566638
215727011
215727020
98127096
248647978
98126932
248647093
248647076
261964206
87826922
144402064
144403147
98736071
201390010
199126069
253086987
213927617
263042859
248646950
97921668
248646718
252770721
176582778
154249339
244133559
213521360
144403477
247448104
217720518
92806801
253245673
5196723
252770821
166138003
251588553
247906386