121712618
129233390
247932586
129233481
193880466
72314972
190212777
121949300
32431482
73503329
32431483
174427370
32431443
32431417
117498897
46683367
21477585
225941907
187838626
98239559
31693617
252641125
13582580
192583697
32431447
32431405
217317364
103699364
83609290
192268612
49556724
43793353
33120932
19730877
192560402
82833050
24544970
70495142
24545038
43790905
32431480
150735480
129233389
826827
192909273
33117700
98598381
178108307
58041275
141581061
658826
863193
31698231
160835363
19730684
44660537
191571346
192560415
190819734
130437136
163565493
1949905
142991154
207042275
247731160
1949873
207042371
262817111
186291292
7776241
172549355
248936374
253253316
2152873
33118334
22055422
126734707
109187306
32902064
225911929
263239843
97641421
24545053
73432150
80896243
68455723
51924199
49563044
14454808
217320678
195524999
185751218
216204826
192790329
252634748
144339821
95013115
192870123
253127933
207564451
68611860
55356907
253397321
192583632
2692755
130043237
141581457
140769153
658840
658832
48613653
116828241
185411172
248647078
192816056
217317395
202643366
202642566
31698195
22339508
68611472
217315610
207565351
197210021
44660541
192871024
202645710
192714834
658833
109010779
172545595
130043243
820986
31698243
202642341
32902238
122829015
130043385
826833
116770231
253203186
188831811
192560435
207565306
229801835
130043281
217316367
140768843
192876673
826841
48614604
172906303
33115726
130043313
205831634
140768719
121228696
253258047
142989991
253630766
214087667
229699834
187838424
142995377
261952546
44660543
121228454
44660226
229701735
229699170
126002730
141581212
253197847
49165806
202641756
207565517
242204369
115223675
207564593
209409457
192834590
253265171
202645326
24545264
31698216
171558451
7776240
122336585
147011325
207562742
190819263
166413870
166413938
44660054
205822960
31698233
207562545
139713836
202642394
209409215
229701926
177813869
129711234
201648939
207564477
155700028
155700015
217500282
199250110
166413901
202642551
114672824
197179187
247906422
164579026
58449065
216204916
168733736
144341598
121228155
119501190
229704852
97787842
116358348
199236201
249288090
195220235
172362920
121709336
130043251
253639983
121228756
122829053
120535834
55357139
207565348
177813886
207042157
178604968
207565310
248895860
248928214
190819558
207565298
251736578
201648209
190821416
142994223
155700040
155691496
155699872
55719765
201648840
190821410
187839609
166413875
249033695
192019723
142009263
144491721
249031264
195194217
202645310
192815419
261952380
229704475
190820401
249896723
166413950
190821413
207564553
178604961
207400945
190819553
190819240
207564827
242778384
142009307
192560427
192693522
192693768
109127228
207564808
248907221
249033855
226365674
192560431
251384195
156113040
155691502
155699863
863195
97785926
263266513
258752250
258752324
202610827
44660656
24545350
192875756
172545679
247718221
229700340
263452389
177813873
190819283
190819303
178604971
155691490
155699867
155700013
207810503
192560457
192560393
247906692
177813865
249035900
248907365
177813947
207042185
254083074
192560448
251253516
258752218
185751239
202642660
263042804
252080017
263449320
249937975
127881269
254082375
254082250
254082760
254082681
252636260
260641639
253127676
155691486
155699859
156113074
156113029
155700032
155694810
120533742
151509575
142009267
142009300
119501248
177813875
207042373
199977650
190819351
207564656
199974516
247447455
166413952
177813877
145134117
166413924
207565374
258752275
258752365
258752384
192814998
263042672
202610975
121228468
217314689
261952435
198964681
88087579
253197568
263451573
263060892
263447274
201293457
826829
207565084
177813941
177813918
177813943
246532858
207562774
177813896
190819495
145134160
154183288
192560440
254083030
207042347
178604959
168730948
190819342
199215588
177814041
177813907
207772447
206307670
252638287
131280745
155700030
155700026
135093697
263266508
263266432
258752285
258752333
262756602
192832864
44660188
252078032
262911910
253258967
253262140
253205941
207565584
246532739
207564814
207562593
166413900
190819694
177814119
166413930
201648843
139565280
190819480
144342672
164536649
187838658
142995256
258859648
249686052
192019685
193156977
260640668
254082419
116393280
206307681
192560453
190819225
190821377
190819286
125603878
166413874
116759233
155699868
155691482
119479625
190819324
205830153
165183908
540272
121228714
262913590
253201484
263451945