122483094
98056946
249686124
102759884
98185335
117029419
15972551
121649420
121635177
248647750
213923257
215912972
32224262
465279
37795255
82391876
200702241
27618704
253277961
140107021
152733439
465281
96556441
122829092
31176307
452517
121642172
74794707
162574752
31518235
465682
23376478
194197764
35452186
189341237
195875428
216936247
32431430
122869316
105232944
515594
247907194
71684408
108987204
121654834
72900714
201305802
465282
112171399
135442341
149243863
140351548
248646995
466530
23631274
67607523
142846525
144464943
515595
95016029
34768291
82389819
247906575
108974126
199901622
213565005
25980732
34768255
56270442
532818
141581277
201349802
515597
532830
515591
73402342
199243140
82391874
152732160
83750888
187838556
199901772
243084602
122870355
148700108
199902085
187838971
4675661
129711312
215918882
199903674
189183957
116319431
75337785
253128083
248066583
248066584
189341256
199901023
2537803
177056878
56270315
63957916
27861850
172840741
199901147
64254075
253203715
127353392
263247515
124041097
151758092
248648927
121614093
121606061
76153298
42470762
192876436
247906800
263208204
248647353
56822472
139727720
72900636
251382002
115222886
199904195
252400846
214742226
199903316
148698393
117091796
199902336
48458481
251983223
253204646
199901691
55518616
85887638
187837431
171558305
199901259
247718294
105361554
262570829
121636968
82390044
147778086
71683272
164222383
121228545
243184827
262655176
209409613
202645712
76153883
153518258
42470895
125090265
31516820
198966488
123442876
39360575
56270484
56270403
199903844
199902179
214692820
4675793
144756320
197506179
198435905
87483479
253246869
253246138
177056931
247718229
4675643
201004332
122869981
201004156
64339789
225958158
177058504
199909916
162530755
139345948
31518939
124526207
139248447
31516511
260438880
82391744
67967035
202642996
121613849
121607844
248648853
56827635
68630365
121252703
263316850
32222975
4675631
144339956
253127619
90629104
136038949
532836
138616100
168726565
253051267
188831653
152364440
105233059
262781574
121621830
121241680
48601981
39360295
125090267
58992560
124526185
31519444
25981036
202643969
105626165
58682871
58622238
56824578
208274565
64232311
214831449
190481214
75337805
154446580
197514801
50217762
121005092
72900586
94561415
253086906
253086496
32431360
253127512
253127732
253388595
138147460
225925946
113305865
105303153
262655166
147593253
31519350
31176284
42470760
168161449
48602001
243204069
202641998
121228571
121614017
142850204
31519400
2692743
141096883
167421916
64314541
4677289
142858017
91344591
199903537
164542845
90619055
95767594
63959729
253050284
105368151
126527771
190481316
4677297
142858348
127354729
105232654
95015634
3326715
195781790
127353192
261862898
247718222
121625204
248649154
39360583
124526219
262674605
244307763
178303910
31519448
15358955
123442679