122869197
204631110
202797446
149195795
217941887
213851987
170434495
169415544
145092202
164539927
196223947
203215245
162237705
148692370
251512902
160325752
70799701
149677745
191391360
8243654
142712048
172303061
161454225
175715155
175688121
98153202
253145659
195980781
204429669
201071343
137301993
49600080
196897393
117268835
174665930
121414379
15175147
169415479
169415441
217523664
208023194
58846194
164542161
196226449
247820721
247821550
247767569
164537050
203216789
173541835
247306078
191346640
74485777
175717858
191216731
130730150
70760566
213711238
50423836
14674514
197647131
174012888
242753416
203813287
217423317
169415555
191268257
169415476
175687096
208643013
252971716
173652378
177753036
215544970
128593702
248739362
186072856
125541566
213588076
198103465
146380061
175688024
246037977
161224403
171122559
11712161
137998997
119081454
109853943
248772636
74897184
15171657
192683651
30738323
150185908
195750007
196976070
150186323
196226226
208649627
206090971
164537008
152648708
49979845
48622339
194567589
203843368
242760679
14419553
159856516
37969965
67721999
161204891
194416319
184084717
188710691
93193068
173651954
242423843
212038100
117271974
242423842
142712006
31651111
172095961
9968246
225303710
191371705
172976894
164537297
191365510
149180244
196897619
110484054
113914261
208022709
128876746
196196640
196761295
201062393
152655999
252788955
172098749
196762920
162359216
173654421
179755826
130730132
174623558
113914260
70744116
206662204
191346559
100627678
173337640
248696887
186069324
92364341
170774988
213710755
164537022
189535466
191327903
14420308
197857916
214167798
248732583
116619347
186072861
174589519
155765624
128593764
121635508
150185821
196600160
164542620
75551238
56106194
74744896
160313998
193638619
175986655
162507204
195774681
195946878
175435655
191365549
100463655
150185775
191268272
196337518
148698109
189341657
187804220
122873084
109402705
150185813
27560432
74363272
14420302
191364607
200761684
211278707
93051441
137809489
214167961
20640132
214598031
196156354
217709325
150185921
178778870
173541844
180951540
201072560
201067578
169415438
217510160
152651715
194415912
197516431
198284626
212038099
191216757
45263502
142709502
125541980
197878655
216204565
191327918
172098964
165762706
113914351
214009786
240656600
152651349
210399177
210284644
172976769
68067046
164539310
249374491
111607820
128325626
262871455
253157787
181566738
191266479
249377763
150185835
207785354
91266056
204267970
165224202
175718260
197143455
125771803
173570820
184884922
203804120
181803894
194584134
122869669
198381073
199557384
93062830
102400471
177770827
14311321
160888354
72738185
196223891
186316938
217503280
210284678
67992510
98867968
192196533
164541346
75789135
145087427
175718258
122872008
122872948
165224053
171793973
197751422
205524305
14420313
120291266
173661072
169296187
191371951
205867114
169746712
163271132
175684718
163271623
169415543
207897490
198040723
208773610
206235446
93166352
150220722
175685825
157147394
197139706
191366596
242447840
207377845
72309176
53583613
177780822
201871709
148908227
80946619
150186031
201004171
152380262
188620716
205930600
14420310
138018700
164537854
142712110
202052645
92373554
196086240
204047280
125541731
165224219
191372071
155414858
191216726
206235582
67723386
175845395
150186067
217171254
200740204
169415522
143410811
196223916
58438586
141765155
146612718
195749926
203863692
254095026
247855993
215545279
172952791
136336749
110778519
176056804
188128584
122872053
153255511
152647359
204424163
169415433
149910775
149910949
191287260
204881588
150185903
127671046
100183216
196223925
161211535
196522969
3975367
205845968
171790454
153256504
91261249
206237145
248737667
195566215
242759121
191357268
91773777
195335508
27560455
196225649
216204791
169415460
125891325
128328161
212038097
173674418
213893062
103262483
44026606
27560387
164537720
253126930
129026442
191346584
166159120
197652704
150185842
150185891
196223854
214732058
196224076
173660396
241732131
130730163
196974350
84157055
80446910
191365327
202818141
216203645
71151388
102131933
72165925
191365540
246160235
210284709
128325507
173098078
191986262
117271548
208183790
214165882
247816264
149913710
150185793
112732886
248816905
205928406
150186060
210399208
208773370
195912712
166397840
248799512
117273107
199565720
166232489
117267681
195981185
110778924
216118383
196223934
97042923
149913492
196522962
217540824
159596763
197173496
191365461
127670871
91260220
152651306
214603855
150186107
122868671
162188367
198381602
206235053
173570841
196225350
73716776
50477111
241732163
75420257
122869992
241732151
198385680
247719586
191346527
217171925
153256584
115826357
168973433
202450163
189631826
150186044
121615326
186128718
146502309
214163066
198384733
104151306
196598475
150186127
117577478
170774638
210284060
191684919
150186038
198384804
208773612
191365558
210436786
205928817
70010223
203585788
100186585
115827295
205495551
170779791
149910953
92371853
205539160
195994223
116176519
212038095
91779226
107312537
164540422
230272395
121691345
207750783
204431901
214166217
149193824
178944263
214154420
242449696
100184808
118102676
76479442
198384943
172532725
25380494
166413393
210399300
155268044
197777644
161220302
89058508
170766794
191268723
242444335
214589349
173098082
149880251
150185948
122869699
206134787
195318709
162577891
175685952
80946983
241732124
230272404
50418187
204930584
56106528
160888594
177254283
80993844
214598026
161211314
253127071
149193620
247499017
249884726
203760102
201929498
198382192
118209492
169777119
150186082
117895106
150185795
122870708
215611592
159684383
122869460
242448465
67720909
210399197
13376941
214165293
150185772
214617864
195774319
191287848
173166773
53658139
178583273
150677579
198899742
161211476
195961844
47517081
170766465
201816301
115827117
214604192
71020543
150186424
242449699
150185916
192269015
195318466
209302199
210399365
164455407
155347694
201648887
178593517
204926283
195317386
186069333
71561732
164541451
46603322
14420306
217512176
176453123
216075545
247304297
37970968
186125177
242782149
150185867
214154195
141645187
242447843
50735789
150186114
173600341
125541638
242444328
175684945
191216738
192844250
131182981
170245756
173098302
122871634
197116379
205495342
207710127
118585037
150233780
195980207
121692848
121693065
162188085
170766861
186105814
163271183
172100430
160888171
15173883
164161291
100191988
133673056
164800548
172098842
148987370
210766396
204928953
152025336
180580821
46604590
195986917
165762721
53806473
207897492
253229540
248834269
242785639
240217618
136118626
199058784
194416016
191327682
150185861
249815926
193222441
197142694
113965141
193051884
175685116
198897989
214166416
214739339
192306283
191753650
133212421
194857101
242729069
180953308
157147465
105533916
214163279
208680098
164837279
215611898
139148016
196545978
188719760
192799774
180949614
163270924
206292333
242444424
172472644
122873255
97946675
201606724
196600489
128326438
143799884
191297845
191357302
215611557
168896030
208773404
153634213
149195679
215611785
169729151
153774620
25964475
163826357
242449093
247997823
141765078
215611487
164803031
181713708
166158977
214593981
214598001
210942903
50351430
153044324
210942686
150186253
251324366
168869929
206144571
181566773
207809841
193639566
128193931
172977755
197516113
213882068
188655995
205928365
83933181
215611706
215611746
191491022
163271736
181566841
214166365
255317067
197147657
146585981
210399276
49164904
73622963
73591527
131337436
74306177
125541449
138903134
159814877
159814660
166410767
255317008
81157778
150186350
107066780
155268060
155268197
155268975
215611900
254085117
262861292
247405913
161211823
249220209
191357280
161211278
146509107
186127055
249221014
263099648
208474688
74452265
165765462
140094847
121692896
197799876
208123923
196225898
45015873
263335771
176581812
4503175
205931528
241787160
191328224
253332157
100628202
248783534
162500192
263396352
263397223
171669016
255352565
248783593
186106136
208649385
263311094
215611671
162507130
180949541
242732330
183339195
217164402
217172606
164538467
35413738
177858639
197139441
248634036
121209261
210942326
247997967
250061055
248817231
175161040
215611789
214164660
206205204
176107566
23854305
157147697
171812804
191446716
203761460
109402702
191621153
73803225
214604026
80947054
191605631
242444417
165938931
215611710
212036332
164971417
214594283
214594354
169729138
253244261
197135065
191372320
247855754
215611818
196546750
179797728
249637315
169728683
197140102
178579246
178578260
205868837
242728899
193081148
197139551
197139011
150186156
160888485
192969293
251323685
252857319
159004382
205892999
160296597
107071933
107052550
100186643
191445660
195912714
83936557
181566709
248546630
122873376
179175154
206236954
151768021
180937027
194857306
255317027
50696422
50431924
212266376
262506267
215611651
262423976
262506203
204536799
75047202
191346645
247447389
98868482
198899692
262727246
253311571
255338977
255630724
161035603
263101178
170963036
196224114
186107062
162196098
84153605
199250112
225954365
198965720
197068409
208124701
252887895
263347936
263400188
263400313
166560090
195978939
263386673
263386738
191328164
186105999
143703071
242721666
252787598
107034565
107076156
107063412
107073437
252626536
221252849
248607565
172952811
150186202
248682247
153038682
150939577
242288953
195902954
153772287
178583359
215611598
195915552
194564042
194857304
203760286
215611554
197516245
197139361
197139663
214580043
217166517
197142426
192718060
201648952
92373964
148700106
215958976
201796569
217164926
197144828
214594319
249637146
153038586
153774634
217570020
163938933
216914533
197142970
147264132
203759944
208023555
206236772
197147566
197147347
181995656
197516239
153651296
127880424
208218938
153825171
26727333
214166086
205404540
172337860
180946221
80993995
161231264
215611799
181118970
253631398
208423252
255344954
201576345
262506245
252756959
173589436
167021353
193611208
157147572
215611727
195774435
92370186
178778373
195573439
186843868
164161112
180942496
175433191
181993326
70548843
176143265
115128908
196931207
197148650
196981147
253127020
127880573
242729636
210294741
208023189
229803666
215611750
195913069
191620101
214598096
214594332
58436753
16396772
176851987
166545464
205729641
150227121
169338047
176789966
245771459
203724153
191365471
206539049
253229080
242722777
162500336
170631061
196337387
162225636
252787013
8020244
4503223
44226482
263311300
162224709
263351803
253135063
161211315
162500196
216118384
263386544
263385800
263386498
215141315
263448802
263446704
172546545
150185814
216014441
153645735
83937062
215958984
215959077
196546059
28080181
197141315
192018784
214604305
252062845
199956101
197146420
179795831
197139089
214166012
197138497
100187165
181567040
89641360
133947016
169415484
150186193
129180621
225937541
195774430
14809346
133879116
35125785
197147149
203760410
206473514
143613657
200006616
170775348
104158300
195916236
261816738
191986665
196945852
196971734
253126950
200739061
189535185
255624637
107098908
107059340
107065298
217145819
54811677
160921141
160921172
161454202
207389554
195916218
197145262
163270954
203761007
85305815
169635844
198384727
196546466
205928702
241732180
203260389
153038796
189675641
214598000
214598127
115795477
241608860
215958978
215611618
56847797
255627435
184079388
25964564
164601372
191297148
197143419
151433032
141645073
27560480
197367993
150186283
153774727
241610317
195915542
195318308
214598055
153041353
208643051
242448458
195891061
188935769
9968816
176851096
252759820
48135740
137852471
197143657
180948736
131337997
97044712
160888143
197138970
150185818
161216000
155269815
212320958
180580628
253330697
100627274
255612913
262706192
161212414
205927955
191365416
196223222
207897471
214829584
212264663
263064189
252099316
165767022
196337377
162196083
140644821
76042087
140451342
191346514
195922933
181566612
249675657
4503203
263311321
262727148
191365338
215163152
191328627
189175498
215165566
252787488
191365501
162408544
242488670
262756314
170766641
252499050
161230894
204726405
263355374
263388811
263453398
262908732
186110161
193631729
214593983
214598111
214593982
214594260
252624032
138827872
155794889
242734888
19761165
198385153
197147796
188723666
151496051
214165737
195902963
199554302
194416331
215611719
214604856
37928618
150717049
100184759
214163774
195336655
173772352
197143475
214163700
214165121
185688969
172472642
162034938
40983086
251591041
181788792
191364505
158615176
173818548
192943457
159034240
253229052
196983271
197148595
197148251
241767027
161454195
160921176
87714853
137526603
176874562
186150167
153038835
201648976
248802204
253162525
255317062
255317065
255356243
175718294
133431643
255310964
205522542
252759799
201160429
205404541
111509068
192307974
176448702
169925596
214164110
195925576
247746086
176058186
204924880
176465467
150225405
92375059
12188664
149652264
195913060
195318442
150718714
197139259
173098063
200006618
214166512
248809750
251015661
167958689
255317017
107099656
107099360
93338736
212264996
164541135
153041463
242449084
196225249
178593467
37295172
197139852
172364350
196523105
200794649
196226053
191347019
262506280
262506250
217386752
150185787
191367019
198899400
248783221
196225262
196523117
191357337
242452866
166546014
214829866
161207594
191365470
121695025
204562708
246076648
173652127
175979735
216118379
263311279
263311266
36334954
242616214
242449727
162500208
196223834
162405946
263311201
149194094
176581596
173280897
196223542
214969313
263386615
263386239
162500434
169070493
194416301
263338784
160314725
263395029
248686922
242763330
172976821
214154520
198383952
153042981
195774686
141765764
196522887
244168313
150186329
203757618
195774317
89639534
214164433
214604747
191425939
122868821
146381814
50295613
186150174
175433265
186202333
84447236
178512574
242289000
196546972
197144682
186843873
185658453
215958980
249637163
197139078
198383053
193638751
93166334
251324705
150186153
215611780
216203680
173098365
205404561
248365886
214606691
214594269
214594281
214598049
210943030
189534936
76273852
107099205
98118962
56828194
46604802
207366928
255634183
257789776
191328676
197117233
253126979
261983572
253631705
102006420
160921168
198734929
77033080
255352657
176051553
175684490
196093477
191266501
254181907
49366645
150185785
251023351
197516108
115794848
242891215
133807930
197142837
147063974
201648200
203859371
72034652
92374861
131337453
200708106
191381134
248764374
193564911
121614163
197802100
75656078
262506223
242492202
147452852
242299199
255316972
191817269
262800619
255316957
197095405
242719909
252627355
119393268
193485070
146949404
205930493
263328808
110779319
186105667
140357426
263386085
169130619
204726403
263451215
263393283
58923813
70743795
96288475
172021127
199264171
247953790
171866435
252790837
202560288
90836525
44615559
164975393
253356354
130730140
50117000
50175243
169067580
210428984
196049013
197173562
252928582
193638621
55331573
208286313
68821679
215194932
182708610
196855512
196082566
82971257
103260514
191469106
51009728
212323698
178778541
186314864
182842635
186314753
35118620
185968176
191438373
132789818
56498495
196069138
187804228
84885389
72843020
82971564
113914345
69270687
195981761
178778705
201571737
188576897
128593688
56109244
74486139
197213375
54785357
193637141
219456970
208288684
197535154
167654198
113914277
112696831
56495913
178588171
50170323
196763381
204421229
225958881
68135075
178944376
191268701
56320460
14809620
253165281
196768124
23633619
214150551
161018334
249695277
127729606
257859379
11867524
48476073
187804288
194416288
128593710
57023996
197205809
253356123
82756632
208773874
191438369
215588488
173136304
197178683
173476222
198549733
225958212
248740082
57023913
150186247
48563555
50117002
112696735
244766347
162841747
240506979
73354596
113914292
184492533
184885018
50175271
184695897
37174971
75796750
84884522
76271080
217509848
80964674
73655911
98128059
130730136
192692409
68778459
14420304
192692407
75477133
195639920
98907862
80946798
208778853
177202879
241732138
262796172
192692947
50958730
253268984
200701117
253269102
173650799
198541694
92374119
100375703
163271137
163271728
153256798
208779224
236986276
208887199
202159963
50117004
196855209
205514961
184885139
163271643
76545548
186087972
172158824
191281351
48026377
198779355
57147797
242315703
169830360
125542048
259558958
200005446
173098418
172672702
122869199
193484677
50175249
236986077
197178846
173908413
201004239
194856976
194860320
150186348
150186010
36716620
68781100
72726409
192693246
215986403
242787821
208397153
180943755
78911226
195773653
82757352
192693244
150185984
125541791
188710199
208306722
214785180
73365422
41341986
241636280
242446421
205819954
159854387
100194352
20131210
186291181
113560882
186315582
125542269
196762627
187689480
163270976
202560331
127376931
202476422
140125928
195566624
15424230
197178844
235877627
141565389
153677220
208779305
192692949
173908408
198254118
205987978
200005441
70586959
193548333
191281363
112810168
73368662
253268933
26556378
247856233
214829585
214204455
184692239
82755921
171118273
195774222
194857099
153257059
208773406
11243944
184696245
50247342
195774215
194860317
50349870
244766262
172406811
172406894
149661268
225942853
48810929
50175247
150186499
210766403
184692209
102838432
168562606
163271494
141564818
8970756
73307871
246160234
50175259
141764616
172672701
172098324
184950624
186262246
144478609
261993102
253721980
243115747
253310491
263061673
215176167
249221090
215587002
12622881
216475430
181711733
73368227
242449933
242488801
215174383
208137382
196802122
196802207
196802154
214654802
242487418
242275495
252053797
242722176
242722755
180939299
151766865
248923102
202560400
212239704
26383841
52586459
92374817
50175251
173069569
198385761
184692223
129212019
184492506
26384523
186262248
180974966
190466909
176097055
201648853
90836556
98907607
248086289
248923141
113235692
113249492
195941347
202560416
215611504
26722764
195318689
184692233
199962655
185891472
206639982
230082885
199639000
207023773
242453931
3975369
242449452
201293530
170404487
208402983
215545050
242720326
208137389
208137372
215174596
196802117
212981546
186148263
50175263
167981352
149446860
186073311
184696449
73735788
215611467
107047600
107026881
172545269
208137489
261979781
196156430
196855371
253098038
184950465
249868223
214919935
44855149
192961263
32591539
147854949
172395591
184696202
90919327
184492529
178588220
195930191
195773655
149446815
194860814
202560391
513046
141764786
48811294
76272949
175685459
184885470
51968914
242492384
186087974
202484886
263101062
191375582
242723368
215176605
208137448
196802216
196802100
196802065
214868047
262852143
38122207
150185808
26384526
164576278
165674343
195773145
163271027
55013772
50175265
150186261
90920029
50175269
186315767
112724789
187369026
242722805
125542193
35325428
172406899
178335762
201607271
160888269
38122171
107124483
184950597
159004554
253766076
166153317
107527011
133427882
150186185
181803921
207362978
199252928
262736656
262887197
262887524
242491829
242719926
208905469
208904613
202484188
41341645
181710118
208137376
241636348
196802316
196802264
196802049
196802243
215591157
263387138
217509650
215163097
215591948
247830465
247837886
38122083
35127684
243087738
98879443
26717467
184492539
195774078
180975641
171579375
197178685
248086313
195461144
38122152
169830937
165652696
247379470
248790657
150186155
186073307
48811934
215611617
25963257
184696239
172373501
150185863
172395596
165789655
195979844
150185989
15427133
176451764
176445980
32289750
248412068
242315574
35325477
50247344
208684296
178006334
261959293
202560380
219462141
195977504
75049705
243032748
222608790
192683649
191807684
242723625
242493832
242453069
249238388
215587348
215611673
181710192
45016305
217509749
242616225
215588077
196802268
196802098
196802305
196802153
196802081
208137419
117595908
150185817
75797014
89153345
130028044
50175257
55898633
205018250
252062034
150185875
194860816
182558578
195935032
149535608
198383065
150186318
192844730
150186291
253356384
107099526
162215407
242720248
57023955
249967791
181807069
73735384
195774080
219462307
247730449
208137498
194856974
57911079
56383014
15428013
202063842
212323677
173474784
242616184
262821671
209379343
248677911
208276217
242616233
196802164
196802225
208137473
212048666
114894340
197215396
128593849
194860091
14168975
253180250
74258616
169049248
195981442
110578454
197210017
128877277
184696209
198573136
55119064
242445587
170732812
197878835
171095121
69307215
160818584
162474995
141644578
113395667
66940241
249783308
128886836
177760625
250087467
25964572
212323665
208774001
217564077
68999734
173908659
166410299
35722107
195566132
162592556
247892085
229803354
191387709
55119648
200705402
191266907
184696201
184696243
206173090
184492537
171320294
199250098
150185790
184692235
164837474
57674671
191381147
177942008
194860093
186315247
141644753
178004391
198899389
119320615
176780821
170161035
125541558
84674271
247657626
137834290
184692226
199268523
113035195
196092824
186315594
208773384
184884772
184492507
242262837
180036540
163270931
184692218
252133262
201004189
191266929
195774135
196198314
186316895
177942331
235983484
191278297
178573906
150186008
212232653
221312566
208368104
221312490
100760678
110643599
184492516
150186302
163270980
121202354
169856801
150185962
76595582
257867756
197211839
184696208
163270890
513039
203598131
15175261
68676204
48984675
98907732
171123198
176780819
154858925
176988185
195756995
208773416
74823590
169857349
183117377
258805542
186316537
110594207
171889047
195765082
173463479
242616195
262730810
262692708
48984683
48984618
215545075
215163363
250087461
213999915
139023628
181995660
165927012
172030137
182844338
178573660
169847494
141848154
177942315
214910900
50091604
229703381
184492512
35415716
197530731
186315960
86542860
111242438
172029674
171888031
10009133
242723644
215588947
242492605
205471716
252077764
205472351
252077572
207565768
242616168
48984648
242723542
19408565
169828047
198254051
196586160
194859073
32294711
179231845
110580035
203592346
242722843
242720349
216108531
163270907
187141706
187662070
195756993
8146333
58601334
73657309
195566396
191278853
197193105
242474747
215545303
183498747
262817126
150185960
110580776
50091799
119926471
172472611
110575196
25964165
209305106
55112455
215914922
113307809
172022701
22196573
172472613
195773472
200692982
184692217
168896251
187141861
166152799
242720113
215611687
241771223
242453129
262822056
48984645
48984643
197775473
217439567
215166379
217509656
215163123
213999973
180036520
169847977
180936099
170161134
173537277
191381164
194859076
208373227
216007056
186263081
177942019
125541853
242720264
113344413
244303354
173537282
214785259
262816955
216000405
191381287
253092384
186859764
179231287
46114653
215611664
182844327
244303347
139023611
176988183
150185912
196198312
113350349
186315978
149781112
96445855
246160252
195765084
86541054
169827884
171808536
191373346
247840802
197347163
262897762
242487612
247838773
86296854
227876911
197214168
174214605
181219636
188487559
174471696
170393825
201569355
169985330
68833282
191283133
86296827
32295335
197173003
54778581
176995358
191283147
199037008
176783338
36304997
132997656
169974159
89572627
176804107
13148721
185782000
175437656
112697058
170399376
203504819
257847564
195714811
41633765
209125718
187804287
214785139
260925449
177924796
176771910
86296814
197878853
208206706
177924798
195334003
68908188
177767375
173908306
177941964
214010391
262821664
177941810
86296839
37931593
192347665
170123009
196622750
175436531
207948425
86296953
55475261
257859392
193636986
199957717
86296897
197747812
207341525
173542496
176783351
55476710
225952834
176804112
71025886
217509811
41934108
170107280
107896260
37660517
110119593
128192577
128125516
110125720
169861357
197173593
176995375
25954363
55107425
175436551
110112741
56307558
248543450
15174919
217138369
55060425
172321750
76271316
242283676
217138364
54864865
195318239
199931146
128150166
54862462
170433413
169861314
189943540
194859647
193437448
196146407
187288174
196029083
197878827
197535199
262506177
207946359
215174598
35721913
205271442
193449981
193446485
200634214
177941808
169983674
177767341
163270993
212025600
193449970
254138844
54639938
197878844
37936373
128131953
172472229
199930930
191269844
201038127
74498539
253092792
205274817
205275086
163271022
186073103
191093162
189945125
200634180
176771915
170438007
133777006
242720270
191269071
172395564
187662056
173567964
196029711
243299976
215587004
212323702
215165446
215591946
186077777
198254085
128158657
173908549
170433363
177942240
152992778
194179543
32139046
160888161
262506171
262870418
242723591
242616174
158084613
253091750
194859645
68591000
173908547
169861323
172395566
177925008
241769333
175437145
198254161
179232110
177942238
110121361
179232116
173908308
33235764
225952836
170164907
209123960
215545333
170510328
160888074
172472227
189945290
177925010
191604945
191813880
163270905
196029085
107889251
243299962
80993805
128129649
216108711
111242416
15422794
177759940
195317593
83787673
140448526
262821654
242482466
215588079
205271990
217386377
217386151
130730134
68778217
170734964
86296784
175878481
212323738
86296948
242446500
86296967
169803798
175878483
170407576
172395512
170164976
167545401
217138674
172395514
73199684
42420646
70498121
191380746
170736468
179232072
111242414
243320943
170165683
179232080
208117141
198800483
186843724
170441433
150186137
169818832
58544294
66682745
200689766
180935073
172406987
201346811
192546254
249699411
196684478
170166138
242268989
189943245
252053872
255758901
8146331
201359154
163271278
195478850
262057349
186843726
149447340
206144591
191380715
195462123
243299972
262821672
242720359
215167349
208649873
35954511
242207148
173524608
169803180
208188422
196056877
249767553
176453622
143886478
170400883
214010332
200768631
145812729
194115948
215587350
215588486
263200329
212323694
161238757
173524404
197211722
208649864
242446570
172321774
196728053
183351040
191388418
195317354
217138686
175782909
242207131
253092510
242269418
86296840
123351553
86296866
170165668
183351551
170166169
192546251
170148488
172406980
172517950
242723649
242616204
242487790
215176831
247831185
215591159
242446537
169819466
176453625
15174351
170148386
213969313
111242415
111242431
247838020
215174560
197211863
112697066
189267279
217386425
250086175
216196489
217386450
217386489
45300877
173384095
191258877
199957724
140630360
557689
173537963
186065865
151799177
195946823
217145173
161018321
184492520
242446334
217514100
164077836
72958816
184696191
184696215
170126713
15175916
150185892
184692225
197212826
184692219
169841301
195462170
121107136
206232265
194128548
263068997
217439468
252789116
111242439
195317696
170730408
191123592
170730434
170437607
161965844
140629569
196813053
215586885
192852129
217509660
242445609
170143254
140628431
201569507
121107180
201569517
250096415
250096323
170142269
216412617
140630090
191506096
252053888
169834336
184492527
164077830
196777139
191604964
140627880
195462237
263069522
215176172
186189828
208785860
242977623
208784239
193101435
243320733
161923244
170141544
169866641
191381342
169865885
167595207
196784900
123351633
161923017
169969358
177929061
183354747
161937034
173185717
199022284
121203407
186091914
150186070
195462561
199957722
247840039
112732741
197878825
197878831
197214864
242446461
149447195
170141682
66682371
261802294
243039611
255758721
208649833
176099796
215588950
251009984
191381216
170152131
215591961
172097224
261799915
111242413
176502690
262734138
242445362
123351597
188446931
170153400
177929045
215588081
170511538
262821662
253092867
242446516
242446038
215174594
215177092
215174821
247831261
217386190
197535640
219133264
172527696
212463440
200710394
182842629
196182593
172527704
169972854
167594293
193093720
216331826
208286135
229700743
217509826
195464645
242446465
175877048
182844423
193457728
157148110
262245559
212048607
177791504
172844715
170169544
212048774
247838112
255758847
170441498
170424280
215587352
195927541
242445951
138909327
206231704
218736197
196726799
212048988
195464413
195924858
260798071
184694701
215591163
242446456
86296882
169867832
182844425
205897560
215588484
195961670
197173019
151805709
212048881
216131721
192387103
195161422
235796899
208887233
197923197
212461746
177791484
172528805
255758692
208649837
172844713
170167300
195161427
208649834
242445878
255758865
172528807
247840852
208649857
195465279
255758759
255758672
150186134
173175662
146361307
100762156
217386103
200005185
191377955
212323812
165644062
164305215
200002100
208285566
215176153
255758714
200002835
208285393
176067475
73200235
90503321
131342938
91553219
131346917
131345167
195850529
200005187
199683468
195465383
195919424
249373282
131344233
195340648
131347289
202483849
197210441
208649824
255758890
252053814
243087691
131342734
242445317
242446055
131347214
255758885
252053873
131342911
180568198
202484999
202484859
242446484
252053933
263065053
188487706
208649839
218736195
200681583
177503818
181804150
177503853
195465498
181804160
207557879
242446493
252053889
197212103
242446544
215588953
255758757
242445986
195317705
160888170
170511084
252053913
208649880
173012048
255758854
252053876
193597640
242446477
252053885
162057755
208286555
203229566
87846355
162041740
196726661
193601043
149445848
138909465
247840700
219149377
242446556
203229535
197213307
180536229
242445517
255758820
195465572
150186132
169865752
176659893
242446475
208649846
242446511
242445957
242445891
197216356
197066897
200002700
253071352
83787388
242446144
261802333
242446276
261803298
242446504
247840900
242446509
208648977
207557899
161965937
242445292
173646355
208649861
197211918
261802473
242446470
197535725
242446491
255758737
262709416
262427394
199544870
199638756
218736189
197213110
198692878
208649826
194789618
194399489
199992996
242445731
150185840
101969948
112979551
177633041
197878836
255758880
139949519
158430314
242446364
242446189
255758907
208559524
255758722
177191465
177191468
156262149
186453699
197878840
242446489
208649859
130730151
242446134
210968099
199682426
108324769
102518098
108838939
150185907
242483085