706939
191780034
253182830
2026491
346760
252631693
55422882
216299219
49641406
198285391
195994115
197687688
197687684
4975035
2026611
197821246
70805280
193101509
195283811
263246518
191921576
89314495
142442687
195994123
89315835
342602
89315660
14616447
197687627
191779434
560425
197821225
192908954
253134453
2026545
23438430
197687629
87660093
95502569
197687700
193101636
208056333
89315881
194086834
2865487
66747567
31853472
191780509
73385371
89314355
89314223
102552251
54513248
89315136
58710766
89314715
91986396
195472253
262335993
55422840
567365
197687670
89314222
89314213
55286041
101933096
89316061
89313992
89315404
87660092
100384103
546247
102552309
74254562
91984627
89314963
89315736
197687680
100384438
89317294
95502571
192951468
89314990
3495789
20641077
89314143
89314442
89316277
89313987
89315182
89314793
89315833
89313982
20644493
206715307
89314586
89317331
89314392
89314026
101932640
89315391
263209673
206715325
191694530
89314796
89313968
92552686
89314060
108748241
89315512
89314954
89314049
128675123
89316078
120471909
89314634
89314985
101932648
89314451
89314595
89316229
197687698
247902328
26438589
92552351
89314641
89314764
89314977
89314134
101932583
100384112
89315497
102552244
89313959
89314229
89316115
89315978
89315115
89317362
103475276
197687718
89314321
89316002
89314479
94277428
89315728