55285169
688930
202962010
2290727
202962036
36711013
7976520
489819
50239002
197652372
202961845
212110150
2209215
71683183
2290749
3782627
58339246
689057
58710532
74451494
55285140
160402347
210514116
194183586
262904758
160402331
263103169
217722569
15908452
116414107
55287767
102133033
7976522
262733102
71683185
574306
183364860
58711318
217722080
258666919
258666926
58710304
102132924
258666917
489823
50076299
197530405
58903522
2290735
258666981
2208825
109860562
574289
50076313
116893613
261995583
206715311
263098937
258666959
262733117
262904775
76152769
70624750
258667014
2290737
167981104
202961843
50076343
210514072
192951329
76152708
210514105
50239018
54513368
202962052
262733051
210527780
192951482
55286109
262876206
102133174
55286875
262733080
116194896
262706900
263097452
263209027
115996898
50076329
210514112
210514125
262904789
68984807
58710120
116275994
263097521
2530131
50239004
102133090