216437673
5440949
538812
433287
262423947
94090411
162342429
157258911
228844003
188492932
176132376
992021
193916021
10726843
51720404
262765946
507689
179398420
228842099
196376912
134583805
250057622
162025665
121602216
94091658
70743645
75700741
146274108
52004412
87447652
11502573
166529609
249694167
848118
357207
750563
177860500
104557805
23895988
217729243
402523
613112
71076514
193605366
143694647
54622524
49180670
73491401
120183264
760853
121602570
712741
453656
50330238
82996516
261995110
197530297
518967
5404371
589280
991983
137569804
152705166
75628688
25186166
195879639
119690848
1355397
531504
217385224
50765172
54917383
253239637
139975194
177860516
11856450
11502577
6215021
249679681
39523256
23879176
32002475
11502575
153045601
357050
531395
992029
163031920
137259106
257846838
260795567
137129973
32002419
867638
76105410
32001945
32890674
181699646
87457177
508449
50330252
491519
193916806
138124212
249679532
137567359
193916020
507622
402366
19879895
121602648
121603477
114945471
198774284
507355
87244153
532379
174040564
261798998
249738613
508547
41556296
230330931
531518
154258876
189035759
455035
195704000
229782377
215727048
190546870
138558532
433843
74024706
95866352
467299
249953943
19342906
527875
686525
507635
423191
169376022
438214
215720780
262843275
191148976
50322393
196381931
179978820
443800
207565795
494039
215720777
160779609
196381964
196376992
215548563
19783674
195192195
95890278
195192138
87447664
11963649
138180896
171821059
19841911
137567573
195192220
138183485
248760998
249738464
115254476
193511854
191136696
52592318
189076836
93179511
215730473
217385229
124893058
37402522
196376989
32527515
215730479
212985948
87457179
191430600
189046703
44984248
137570328
114945431
212992774
196376893
44225224
176132372
249738470
191576816
419130
171821296
253239639
12400846
150896951
121602466
182993869
252040537
52678745
20447485
50330244
161983634
183364619
138342150
196381073
102108306
248620094
249738472
241667926
246397548
215122727
196381456
189077332
189035822
177265572
178313428
66067655
204806201
178032058
176824195
131144753
90056903
216437675
225918907
207959037
579823
209387713
145582044
170706974
74608741
195192253
213678473
75953559
230081854
187746423
176824206
36495307
170708207
160488880
195954729
177321518
58946834
176115533
179063963
75630601
170298040
212921039
77324123
78578208
140360872
247291773
100947294
252911565
196377990
204806200
241758808
56734126
211958009
205417023
208237620
247291776
58365315
129381092
241758773
50070695
100947278
196377995
255395246
185821059
199040153
242124191
58441511
120070072
204806203
22494769
81135106
92075025
243090202
81419769
7178003
76014602
196488132
76052361
79555641
19297939
191429788
209388635
230081851
160488881
203904939
199040147
76014604
202232526
553138
161494002
53244803
186286187
97979245
53434623
196595660
1208799
213678475
109876366
7266521
48873341
76052365
255395243
185910756
58440817
262636249
39820454
251547354
177274803
39292994
76594709
170823290
94237141
77231042
252912034
262664376
554940
185636894
249590206
243086102
2126449
34230548
196538262
102108311
260924969
73513773
262797607
136594831
75603172
21416786
248848169
258215771
247879110
24744422
260806619
553018
196377993
571396
199040151
36023705
137478268
57771314
208118220
250057620
204806207
113084041
243273646
11023193
53486727
403076
159484593
160082484
250057628
87834248
249791384
380701
16601446
252591816
148937423
249794706
241129022
250057621
230081852
75482807
63473599
500709
195796729
199903842
207194170
201687558
74038272
162025616
1710667
403072
12502908
77917791
194208607
103330698
23191030
253580667
212048490
16386488
16385887
198285061
179145856
47802316
48629531
53913553
189102499
68188685
176118765
253293502
72680637
77776710
71289760
195797307
438704
250057630
880036
252672558
253293485
455271
163739501
19639127
187149935
72742668
68188683
14616042
403078
133067116
183030109
248277773
11375800
799109
72225300
37401641
249823155
28941875
72225302
95311759
543343
257758625
415876
31620816
253182030
12130005
72001040
188492936
42177980
44858545
201687557
174578010
188492938
57147346
99335558
60863035
403074
249596544
127033137
196377989
87600810
192978913
57647474
105501441
429044
225911054
75639692
459313
192883233
195854401
72001052
82885817
173135227
49922644
21463663
114945291
249452579
159034362
40972247
37134927
188941254
260806615
52889852
530357
195192084
4055471
43880165
167034123
181979375
36092655
21537831
198341978
46723648
170823449
115978192
178937737
216387813
73553844
73744081
255179352
261962047
251506874
68059438
262812844
109864304
189492463
162140331
249033885
261800151
204302046
208886628
173093861
55513064
486643
161497798
212484329
262915707
19884773
556859
85654200
230074366
214889694
120183412
20489477
262915678
243084627
413404
167019843
195516256
181147242
126131357
262346631
163021222
248086309
105513625
63473607
446241
230347005
213997873
193916024
119285026
181457983
230346841
173738192
189462770
194451533
260806617
261962043
140360870
215543931
189370627
52788078
95996699
195855746
191365576
92010787
215105297
144772934
59547962
262734517
230363368
120183460
247879095
170466492
109982849
688382
17472537
72118666
246164272
170708225
189542968
49058270
212047494
57017912
253060233
107668501
248086299
104806756
262055513
253237721
138327454
250096244
146274035
54423067
32582465
68823440
187601118
177703646
6306687
36830962
247924845
5851643
42843270
146274234
104769943
198523008
76469398
213491829
253107888
248524516
212051183
262664384
179979170
73855003
173911223
82385185
47246044
41773394
205274162
163283131
58547988
262055506
184495990
31206271
77231386
861460
181263663
186369171
248789810
200790217
596845
242207194
253097741
72225308
15288515
53545652
230346894
108552745
192560862
94259212
29591068
814816
175700818
540402
203468810
407033
248086296
246160193
41273446
216900581
92010704
573755
248210157
249696380
162528739
242207151
187156657
564168
1015858
181910593
195192100
49001372
252040890
243324602
5573471
76175341
247719154
230368345
215105241
246162716
106243682
205471921
140368208
248727587
261801747
37134939
262812842
261962060
215544694
217207442
260924960
105299651
187008152
181783088
32411493
186608344
148924995
253284245
247927005
120183374
213678476
5404379
199869509
77231431
549089
22383738
252040746
209379479
172024602
440825
217125834
173093661
261803522
127032981
360132
252131071
72917729
139950123
164323206
902519
72944059
403596
4253945
184622911
159061862
22367386
248726347
195854590
262664419
32432775
248230919
184414667
192170928
51720412
77231152
244318378
214889683
179786803
175845302
128711715
255179354
119309783
165023689
244170014
44225226
129138582
195192214
251998478
198202880
212323580
199036995
215613681
242433792
253300202
173093659
131138713
162161244
414170
215136582
119063863
163562688
129911079
53991276
137434396
248789798
248789671
215111197
196376864
200789863
227759764
262664413
252169877
246209144
23432493
213691961
577637
981462
414569
214759165
92010650
204068765
242660527
259767922
206361191
222716243
185857096
195192247
178604761
195192116
88862132
261800149
129138386
37134840
221698047
252062308
186599791
106362415
2209269
408640
22382640
248741946
196379358
213387205
127032384
177920897
248544246
230017926
205841644
170870226
99056107
416517
230312419
573654
82996518
137375218
36336549
207564152
185858116
230314520
124893045
259767804
259767802
259767809
230017802
253325729
247896898
243059567
77231355
262725384
247883690
242433761
262734526
248882125
253300256
230346923
255179349
261799560
260814615
261943284
247016962
195192218
247016947
192948630
262812846
247059654
105291906
150019330
119063626
212567983
252401972
102108310
212992157
100105809
249679120
249679215
262055519
247808425
190507026
203862420
216461670
242660540
242660513
137259422
137569833
252675587
249823732
195286798
195696300
181166062
216285721
189688523
162773799
108130821
190624521
180576840
253099591
37216866
203288370
178940838
198902533
263197206
171030646
32429628
212323510
205695064
142419091
194583945
166125003
248884198
200768216
36701814
222601070
162507618
170078189
253325724
248742269
262725380
261809516
196376855
176784943
247379611
230347058
230347040
394877
256500842
174321442
246772811
174321363
252314774
109369047
248524544
148924643
76252016
174321389
246851266
192276425
138342424
263354424
242660531
258379605
262797765
205696131
92551278
138101369
36700932
99056139
154099640
173903471
247681095
137423669
160370382
57767766
201807662
77231712
138342422
248085039
248741742
192022711
178711290
66667606
191139244
138101367
190490101
41092925
215752241
215752243
205809683
207643833
206605370
230017669
195303302
202529289
194583947
194771466
213705602
200790283
252078363
243087592
74856442
196381925
250078316
247883625
262734520
419136
263099216
115710758
248783032
260814537
243087594
243087596
263101455
107692086
95226203
31622789
168900817
252099038
195192148
22367443
22968838
183679021
209604863
137564100
243014839
158973310
215561861
197627318
177045612
184476526
945944
178329969
198898186
177860522
208508375
34935370
202961345
120183269
183481734
141347631
249823744
107454071
109776143
36701233
53991360
92551524
142419095
206416464
1816787
149055302
22650284
205705277
247858643
252648367
226362701
247059627
247059643
77231487
16152351
248789669
259767806
195303300
200768212
243087588
248789667
16999239
210126000
262725378
262821221
230347069
263058983
261943286
263104958
193976665
192949150
199969213
186080465
195970369
246855107
183561007
116125234
169377719
249252619
194568670
215483654
215382726
214932962
1989645
36702131
180720936
92004217
163582483
170466528
41872917
198894887
205695356
214818718
44860086
263197203
136939558
137259664
242660544
32433787
253325721
248789796
176778992
181789009
222716247
243087590
77222213
74856477
253325731
239318444
215739243
247880304
193568230
143144206
261809514
261809520
261809522
248882116
253300254
262812840
260814540
248783030
248761741
214908515
246001596
243033559
195854610
263243942
252771374
260924962
186080492
7063033
92552195
242078670
189059516
189083590
192167498
261800155
138324606
13805871
180900050
77231147
197516442
180903130
106362426
200521284
37216497
36382176
137564263
215727018
105297422
215727173
146273504
148054447
191266311
178533777
115710846
136482435
237565217
217764438
106362121
182463863
260806621
22782352
262055502
247016862
230312873
194654253
195845967
195845973
194584052
173568050
230361350
230017762
248783238
247880162
135245044
262725382
250077756
248882106
248882289
104795326
247879882
253300225
230346816
260814617
261801749
260924967
261799557
255179357
243087598
221222532
262870722
213598828
113430898
105303232
77231047
241736352
181808952
189231432
68072854
216216804
148866396
92010757
138335254
132304418
180900041
159857746
129918826
198869058
191268338
170870015
253388790
183362154
158745347
248724205
120183507
77231272
201807504
140221902
193601767
120183516
207643715
237566959
77230962
114945536
205807517
249178401
76014598
40933969
200780102
11954630
85623591
58067160
105778964
96445285
171549940
475153
101985321
199040148
106787411
214815529
262934428
109864301
196280113
59344694
196280121
16218137
181809052
248205964
173135231
22472002
208623909
181982696
217207481
91848331
137572639
213144334
160814556
255395241
255395245
36033662
787785
187152326
37398819
192376848
109876362
196515346
180609894
1681469
212212729
109864303
147341622
216462868
109876364
315980
177975573
241121387
97810348
204005605
44338769
1275577
206360933
105231657
253089409
246852561
42162095
221255530
191806913
192290272
146272186
182556964
201538280
176050034
195192257
198777290
541230
47242845
137503119
196280111
55193603
201892442
48463727
263209528
172024597
168181886
251278679
251279295
109864297
761039
262903725
192563425
36313730
19697197
137569872
192734236
132171688
98758435
249526503
74858366
58067158
36330517
247925835
107798573
113117305
243054794
109864298
215725890
97585022
41241737
107367231
212569000
248619221
205705283
107890147
247930810
103824502
54539210
219324462
69675472
198295312
200981441
251466669
197606447
196280119
42842807
35974465
36678672
87457181
254132124
180609863
198889468
137423530
172217860
192950228
192949710
202343657
201631489
28312740
55182607
206838141
170824152
222614828
208403367
207395693
115758511
750781
212049767
214732020
53467573
246168912
246852839
127031882
9965979
174604715
212993131
253293652
187156717
221365568
178831515
29810886
28255121
168900792
194819047
226332798
72919309
56267159
34745614
194954045
177703618
207752897
205829811
195192259
197606521
66667604
262903723
70847902
213975366
242710789
150689278
173093761
199049607
28310283
158973681
206334863
95259298
248424569
207502957
26078377
38448061
74856551
243086234
109861931
252167994
189226679
137440046
206566767
198996074
215548583
73597545
212326109
217125623
262050497
215561343
200681800
394520
37170239
216285804
205810520
205183118
54883753
205378282
243045754
221236054
203933657
243059681
202604479
189462901
44225219
202529635
207342517
207515289
199538983
249681017
137261685
30886013
7393215
65897179
78974744
176043423
174577127
102108251
137941508
235731413
393752
225209683
262664347
261972132
247921834
246208845
215730440
177309405
19679512
102108272
138183824
215725886
188202776
254132154
207933221
248206288
252794580
212993119
242663626
149781030
123633438
215104377
115958603
199045274
10697626
243057772
242765429
243060039
248574724
173449364
1617811
215725896
88809354
181908729
242090901
119309005
97857283
158868336
212961114
68077518
28294400
68072862
201004612
87714782
183239935
262050478
246851950
243059394
180609899
202961455
243058309
34957214
205695111
242663618
95100986
19771550
189946771
182100289
22084895
215725888
74992286
242218484
46466243
141835273
262797793
247719273
229762487
262050492
195192249
195192131
36371763
141315319
263112404
242760327
144280820
249044086
68077522
22472017
135266784
181784327
195656694
35455810
68445838
212326813
195536301
24030263
255395249
262746927
215730398
108957015
31863924
180865851
248216009
68077534
15535544
253242190
136595608
247842867
249042870
115980739
242663606
214930602
196280091
169917407
68729827
24835043
205695354
181938700
55191731
91848039
176050046
242197440
19678401
225209685
1644045
248277096
164323240
192949049
181982657
102722742
252637286
150033866
55439583
247927363
33132624
206248642
242663632
95125743
214582339
22080345
368325
32002180
195849668
179232845
199969324
79776179
109765106
215725892
181500410
74856613
257863296
261802007
23396973
229763631
263098059
199969349
68076070
12649322
216285807
215720749
225209679
86760426
137440041
32351551
183357167
37417723
205696898
201032822
148866350
137440037
95073953
174943391
205809920
189618768
189621306
215727245
189588486
110113415
261801998
17049686
263059224
73747654
262074513
263195870
262730815
180585071
205119155
32499344
150034680
153498818
249035328
207751533
215727630
200521034
215730384
180749790
136482476
225271286
68072893
149038191
23491544
200947692
263274672
212326811
43880245
215725894
242078526
250077932
55442094
262745017
262734511
262745731
225209687
172219581
262050476
263103058
253242193
248214873
205576905
195702586
95226209
247548431
246772809
263335275
263345150
262844207
201892444
29676602
200985029
31207490
242663628
209274242
36434469
189413481
189413634
205828045
31207306
263345238
25147907
247901530
148760924
53128072
50303829
181808979
242760427
149969470
14981160
35973884
50348813
118582616
68077528
68072856
252135275
107428019
11783254
192949986
251547362
248371821
211303680
444960
84243040
12809788
196280125
84244733
66667473
102882551
127814388
52853154
171171032
96597678
251786616
8145907
196050667
257835575
196280123
84254217
206126822
207494274
162162236
193638886
204439942
212324156
196579322
51520873
148873486
97987793
108298973
249347295
195192245
47108021
127807712
20437994
68943075
121604692
102876151
155531932
247390426
41241741
186369375
67446462
171154318
180749886
22060210
125280059
207024061
51574291
42562733
36665198
49005780
209379477
108957017
68072897
159899566
187156452
205692559
66667576
250059305
35974624
68072868
76274236
185857783
55200272
46308823
150689291
66897366
247679539
252941743
206205168
88881648
63924415
55442819
68077548
119699181
38460293
101418301
68077550
559185
68077542
194784157
88874467
50497053
54998886
242767426
68563577
15547716
110970732
185863349
33149998
56014622
68441733
551007
68077496
42336643
247343993
262074106
262830411
68076460
166437169
34751429
119699125
263273867
68077554
68072852
30807664
66761793
32216107
263390037
68072848
35617385
42174137
65463519
176909214
68072866
263326022
74417191
106035549
252106443
263027550
67446456
53434658
68077544
263334734
191477827
67446422
68077516
14334895
68077502
68072876
68077484
253048207
68076458
84898824
68072891
31861259
55407882
185856623
185862424
91847925
39053670
74823641
262839792
68077504
41241755
68077498
254147205
67446428
68072846
68072858
11360065
56863276
68074362
200852345
34751831
68072860
68077488
68072889
63936722
76070432
68077510
248091952
68077538
249890031
59502754
44225228
51994087
22079753
35048095
68072887
31707273
249570322
262797419
68072869
183678083
200851458
49216114
174397250
54851167
226400330
59592410
249570295
249853981
68563599
9806652
98068919
68077552
196146614
67446464
68072842
263390420
43877684
76688366
73586947
5573977
181809092
4977163
73532534
252354857
66667666
4978953
195822641
191432779
203929839
7389003
258215755
37882015
185863552
74774642
54344830
42013567
76730165
176731713
108957019
33478047
194017067
263049720
194020052
20857346
179367976
66878241
185860532
190489676
196683907
68077508
129028220
10081862
35970163
26527761
186265573
108965959
23018710
55695391
248590414
12661414
177084719
36761614
146556618
36539164
51994091
262074882
186394907
127212591
80365459
157078122
178553394
198359415
57344727
35961682
248758042
68563594
34747215
263273844
198356343
74655622
68077520
123863670
54999032
185862700
119330570
53010375
58933428
161650235
66822850
66897214
119309160
242288509
52618095
68072840
191571986
144079758
186199712
1651907
186263990
203136251
252928475
257835597
134845310
58992085
107101936
42427195
39047610
155833262
194018174
149844519
66777055
37399328
72679575
262688077
34917672
206652941
198902556
84898822
200994511
53991508
32412011
155552082
50496532
67446432
137127669
19391924
134958234
86801494
252876065
27733687
142872626
103119610
100018380
173033325
34745793
84897714
109506624
213975163
213564128
77900271
252166063
80981526
200023618
175413270
103813929
160371975
169276926
46057271
191438232
20137255
42545435
176171838
36363309
48043852
11337337
248411805
34751956
175413277
67993183
7069213
149974916
134943602
10702692
73179948
100096613
109521398
115709334
181674685
89604359
153291103
183512463
252942584
24628096
20727159
22499854
214930451
21483272
75516314
8022954
105304388
250077971
22835273
61774872
90576496
98732910
195192226
109593807
73183407
100378795
219149615
134777694
35525423
180749651
196579388
80960128
72520098
83396167
86417831
55525311
263040864
135417671
72798359
90332005
102439266
34744765
174878285
174878295
31063629
122581784
146272616
189945432
174878083
195250030
138279943
101908531
101562872
195254406
75579390
78024030
103865575
100390980
102399869
91051275
91049257