165659884
262391569
145499928
252176840
190859611
247945733
12724454
178299347
12436091
251547443
253038320
262807904
180723973
255474426
253671403
254416156
241756136
184059337
253317213
84885886
179575396
247930937
247930126
209382032
185594367
49368591
250056201
100958797
102564993
254086220
147272465
262656232
262466132
100974415
187011298
198482871
187011325
191139531
200727301
211927136
253629099
200726844
247858864
211312660
164077274
261113159
253721721
254411384
146110430
1932359
207852942
215296744
207852922
200727328
200726791
74983565
247929974
257845226
34271429
210427360
249464698
113687758
96545600
195202274
247776959
260830354
257865692
249577879
206483312
254411090
261823503
190565023
195202600
205246569
176051200
262725987
243037286
250006649
248788403
200727441
247830042
247807057
192459167
253721588
191807981
102600674
184067619
169916733
262654568
171244033
201842939
196021697
262790977
257770393
261815105
184068339
141980709
215911594
242618415
184437913
101301496
127032334
191412285
249055935
787110
190608444
177169340
252600468
202009761
184070009
207971062
216216777
200679323
175087093
253265750
175087036
252850171
250578929
197637800
92901040
595629
249885023
177286645
251116167
187011135
197644031
503004
142419237
257865862
176050631
84553758
164409961
777519
58605293
129573713
192459016
207970954
190608360
203084414
158851769
254095377
200726908
253081678
249425428
262637839
196472725
261823779
623847
217327251
7643180
200819047
603773
187011329
173464516
257846477
253705308
43875123
257845378
200819374
259542667
262749377
163579824
254089174
184058741
12724452
141980624
262790807
253468230
205926556
199007194
257552957
200725363
257844071
43872676
253689526
214578901
205811057
257768237
248059580
251125766
257831272
175422103
255175252
247321137
94086187
217440701
192477198
777525
207281046
248982658
72750890
177653747
80446963
193910778
255299871
247817493
186655086
56748745
254093199
262870889
201842771
252571332
247931297
1007139
197153811
247283708
34650200
253104795
257865748
261054650
257770199
188471155
214841668
30166796
253617829
259567978
137131100
221287324
260407283
172938620
56720000
251464503
77013458
200726663
200727603
247933021
257768064
195646212
184124064
595801
131218836
210732853
261809578
260442990
262429909
203084252
191808107
245774277
252383785
257537532
248523213
252060702
30166705
206688064
215914448
245774395
595939
142048568
255612031
164899719
261006050
253611189
250454463
262790817
457993
119257103
181255502
261809504
80436689
203084110
225267208
594986
214664883
263104936
206376900
102440486
153837027
186277486
253401488
164478371
191410889
595625
208129076
244303345
698746
253366840
203084200
242616386
698739
216742193
262663458
262024167
196559397
242657649
207280939
185334443
260451189
217500659
250447312
262749672
181255311
190608442
251392951
207970965
248886549
192459143
191807972
262807466
262465911
56720023
155022097
181783013
212117339
207280961
257844872
261799033
191349921
260845061
191402089
249258048
203084042
594712
210732849
262654842
172938921
208128769
190608467
187011568
250465285
190608422
205926751
248834857
190608294
262807474
262019144
1661983
36587401
254085227
200726936
200726776
190608323
193910772
217095804
647902
200727382
252535835
248801714
220740925
201914320
225194789
262473156
12724461
241685888
137260791
176845379
252106716
200727525
196021803
257758852
203084266
143526204
200727412
196021831
173383046
183702786
209324210
200727429
200726684
192459111
200726834
190860416
260836531
245774416
813952
222655547
36587465
251540029
249143464
457565
262915471
262522252
248182509
262790784
262899655
214651853
164340399
192155051
249414049
217497171
56750666
172445090
184904862
245774291
200726836
255074949
248834157
200817522
189194615
252893531
241732207
200726501
252765179
254410568
595739
137502699
253148534
249884279
253712708
616622
258403849
173631031
216246983
262725782
262458162
262822420
184082105
242717076
254090351
217124758
262871283
262884286
177165984
249891733
597912
56719972
172445636
217124824
260406739
245774389
241683952
587556
597954
200726649
260925684
263046832
202333706
197654726
117255153
255076123
203084160
212324588
262871163
203084190
202334095
262655114
247778644
262466333
263046022
181990455
263046243
138180902
174496744
252125794
212489593
200727644
262871064
178032279
191807976
603831
214581887
248799075
260928411
595714
249390334
248293756
254416146
595879
252159393
200727470
260928899
247275254
262663279
203084146
257844459
249034853
253148084
247275048
249532886
249091710
253290968
262570373
253059700
78945149
253184011
200727372
261823917
257925312
257834029
242657851
184112172
257866146
193910709
201843630
253213207
262569980
200727284
260845120
200726858
248799633
253326728
250213277
253062771
97121087
635061
245774397
181782882
196021849
244299300
253160936
258928641
200727433
30166143
216299337
190608335
257916561
92904969
262473074
594684
635052
262681046
206334867
625641
248522715
262656492
30166715
207281014
193910686
533376
221273471
191807971
262423564
111200843
190608478
262464330
165223029
261802804
154157943
262747868
212326819
138342129
36587473
206474149
253150071
253169233
200727541
262654217
261813008
195885743
216748584
203084458
193910738
262725391
262663565
200727653
187011521
262464522
262465023
262434074
262452240
608484
200727192
245774345
191914844
217500438
261974422
594917
595271
595590
597556
197210209
36588278
30166679
644408
252912216
254496946
252415127
253036647
260407144
213868339
190608500
200726598
203084273
638295
196338113
197673896
193395199
261823335
196338355
262884169
165346462
200727476
195685848
261808047
217103039
113773652
158851762
249891581
595611
594942
596178
196555144
252571420
259566579
252725323
253211678
252658513
262465411
188725395
190608320
216299386
197670337
262790925
253201197
207281070
222683677
195505502
597665
200727317
138183983
252631893
252162321
257773334
190608502
191808148
207281058
638288
242658227
124886438
208273245
235905985
248492824
30166838
201115019
257767900
191808103
201123124
248655588
202329531
30166689
253690791
191807969
154157912
595791
595845
595128
30166661
176845283
262767646
253543026
137256699
44048380
251734207
249204069
249093430
176056391
252080343
254077590
254087061
254092524
255516954
259512151
258407783
253311931
257291126
255412092
259511683
257758405
117099677
254078248
251395676
252649018
253689590
253689783
253708495
252179495
255175614
255410045
251734203
252672579
251256984
249273719
252638655
252605355
257861451
261038007
253284556
253149884
202529572
259566763
260406255
262902165
257770603
263114705
178032257
178032281
200727409
200727557
200726846
262871445
200727254
191808161
187011320
191808155
200727224
200727543
200727642
200727060
247778576
200726862
200726620
190608353
200726889
200726964
253104721
262729481
254117771
260222718
260831699
260941958
112058499
173865958
195916151
189182756
165206745
202242298
263045377
165223874
263117644
189194457
217464360
262899644
260832460
249890832
253175895
207251183
263104068
49011573
200725350
182732530
261974413
164076812
261974420
215160578
262085079
209871117
195541208
252183635
249937809
252635983
249035175
147352618
249938328
257759278
259515541
260115385
261801823
258393397
255298729
257846756
255422366
254094302
253689868
254113611
254080116
254090037
257759248
257866251
183218643
248723614
248799339
252685883
249568045
249568123
251257689
251575457
253281818
253264756
251257797
247661729
199039069
260827890
217124690
259535036
261803596
253630321
253720361
253713091
253712356
254114197
254091476
251734159
209399657
200817739
262745725
262692503
127033180
202475527
253100813
260406461
253290928
252098414
260830151
253616851
208495826
165660561
248523164
262655317
261815312
248523166
164434580
95893175
217443037
263046483
262655979
261970457
263104416
200726926
193910789
200727655
200726643
262898434
191808105
203084226
34493938
200726946
262898600
262569886
262570332
191807986
191807962
191807965
262570256
200727274
200726910
196152597
195912481
262725841
200727028
156679293
253397081
216299225
203084298
172796875
172363306
161978408
202010164
258402411
214189139
262807532
200727439
205809738
127591509
252079818
249205367
252581034
248235580
252571284
247817283
249941335
247817259
254086787
257538125
253493101
257843946
257866556
257442394
257779462
255427321
261840134
261072257
111005177
131246718
252276088
247661488
249937815
209301760
252672561
184082283
257846898
255410242
259535968
252635912
252875879
251734381
253212438
177290742
30166784
262688343
262744710
248936221
260406280
248722590
248838091
182300694
253656638
257844202
260845028
263046359
200727168
181990889
263119233
261809701
262654840
253107695
191808097
241682864
195909376
204431718
262870742
193910841
192458951
200727279
248539058
638301
200727651
178032265
174830351
181782995
181782979
191807989
196515706
262871427
247785966
200727480
174827263
260237726
197851362
178032245
200727496
161979825
217443151
197862367
217102680
261801968
249890131
127692522
137444795
201842799
262782411
253102485
191808095
200726986
200727299
168469929
230041717
199952335
263104787
249938148
248799909
248799658
257771746
261037593
261056625
254077882
254093672
254036937
261801340
261799000
252078690
252679687
216006645
261799488
257291234
255427736
253665626
261027658
253627450
257381322
253685150
253700546
252078664
252679878
252079213
252402052
206676973
251546298
248231002
252079706
252079675
252079366
252078948
255480497
249889994
252079268
251734188
262667328
262689543
253043748
253147189
253036640
254093355
253709454
260451180
261037161
193910788
200727545
200726592
191808124
262725419
191808139
207971094
200727311
174830347
256000137
196154767
262790864
202333791
198520896
262899459
217535319
174830343
34494478
245774298
187011274
200726602
198869819
263046062
260942285
254089564
200726614
252079797
90735524
242656550
197862476
249883902
254410800
253396712
249390297
201122966
30166695
195194374
217442321
252079348
172800677
247889208
196152839
202009499
12724464
190608458
198028879
153470097
178944418
172437129
137441211
137432627
262453428
205807502
594778
263206678
253211441
263046151
205707497
137504531
249891132
252649211
247950378
247830375
261800493
260115394
261815356
258379548
260845094
257846473
257847034
255656659
183481766
201385747
252858738
253629601
253629970
253679230
106901130
252183385
262085999
252858895
257787107
257772109
248983148
252078737
209399761
248798828
249938276
249938152
254089180
254078382
262734710
203084436
253713218
253486804
191807975
191807967
190608460
187011543
200727234
190608416
191808008
200726828
191807961
208306352
197827512
195647453
197656597
248522926
241684912
195948828
259542334
217102596
249889911
216397989
249884110
253396035
254095043
172939553
248492288
170124792
249824655
196338082
200727537
263048192
263046770
263104564
200727364
262790766
262899466
263045902
260926448
193910838
207970972
192459050
200726860
193910731
193910800
200727392
193910740
200727035
200726645
193910717
191808081
253103566
197852366
30166123
262782433
262782425
247376542
263046582
261974417
187289856
262748749
249035210
214189431
262797269
262767282
262899649
262790955
206335370
206675292
252079906
251544632
201113529
251447706
251734301
106907200
253253481
253253404
253344482
252138064
252078399
252680847
209399653
30166105
261819592
261037978
261802000
255478311
258379307
257290713
255638365
257757914
255611703
257759619
253432390
257758871
253517058
254080664
254090085
260967975
260925575
255371297
259535841
261815203
249890264
249938918
249937899
252632151
257767716
262909717
200726819
200726780
193910768
262570363
200726921
200727566
200726793
262663500
164583209
190608314
190608342
197851360
253160991
202334108
253160996
190608302
263047541
89008375
253161477
106893163
163726579
164077116
216299318
249885297
249891225
252060841
214665967
205391171
190608484
262758416
189941129
253197542
254410960
198091324
257845331
195740339
172482625
253689838
172482384
200727326
202529502
127031562
250720771
253212227
253148351
248723336
260818564
247323061
262676128
253483082
262782427
260795272
190608452
183477795
263048029
137256782
200726870
200727342
182465745
207970953
26292897
262899488
200726640
36587481