73102465
73105037
107010424
125089582
197588259
109633951
102807948
108957065
106693398
186157560
21858944
113041315
249347613
170185869
150956757
105231136
20008060
138934615
253468309
179764489
173093855
123236068
31515234
138934622
257779922
105231167
197588269
197588267
222657902
74342174
197588261
197687455
125937564
138934617
31514489
153983055
439858
91833039
207345957
19401258
188535328
102773583
222657900
74451263
197588251
228984873
197687469
253468291
177703684
74342180
170184306
91833034
2732719
216001266
253468301
103849467
19401252
2802019
160814397
214730825
247327583
6822331
6822343
190502180
105231131
202618673
204771726
154862145
201687276
91833043
252035387
58413494
153368453
204771727
195961266
91833045
153983051
201687281
248723254
173488107
248723264
212213011
199970044
178831467
249771956
137503364
48592462
58709746
153983061
248723262
176024871
51348628
383741
3085947
51348635
196683760
206360698
383740
23209133
138183935
23209146
243807947
3085945
23209016
138181987
248723252
243807888
138183319
249778323
79449979
29353147
248880721
165627312
80960006
171586376
252714190
84872555
36586964
216001249
145639742
91833053
248247920
31250873
222658854
71078803
2732721
76454292
91832864
91833050
249664334
249664337
249664339
19773715
197588263
73630156
196360961
115787165
58709027
208684960
39517102
102857930
20918796
252912101
249771947
60881769
1735667
188534637
253468293
74342176
247902066
37794550
206482174
60881762
19401254
185851657
217896380
136482459
135626161
135626588
202851070
180851247
217895800
248723244
86418054
247724936
185851655
86417969
217896015
86417765
19712576
207334247
207335231
216001280
71316691
248461967
77162086
218745255
204771694
103864836
204771686
118877585
22560132
114895852
192949459
195129479
204771688
196291939
74371342
204771740
118881250
252912092
115778163
249771943
252178229
376192
105231144
242659113
253376302
2537155
192949435
201687278
91832819
376349
2732717
202338906
204416885
73521905
91832862
51844879
73521899
2732723
91832870
137502333
242073170
58729299
217895933
219134827
252912106
14502395
196360953
243808048
92057872
212484623
192949664
6822339
196291942
5721989
5721997
60881771
247239896
173477543
439862
9796535
10191367
252035383
249664341
439877
452534
153983035
51348545
34750048
211742937
207333895
247902087
196180812
21031341
202851075
58903209
14502493
146271542
21031351
176080827
96616526
105231743
204416891
177816430
249771929
439861
185851659
29350586
247239770
247902085
74371340
50904586
176080821
185851634
431481
207281087
117046813
73521893
153983046
185851626
431478
185851632
431482
431480
431475
222658848
73610647
71093660
185851621
86417975
192950185
376195
185851650
248723258
185851630
207281078
196579430
207281106
497093
196683917
196683819
176229366
195103370
10191243
173865362
205018816
211767578
55478020
106348518
23209008
214731984
2783087
176080926
247568105
79449983
206482157
374976
161408682
186369379
196683899
506956
497661
439867
86417649
110204708
202851071
23240585
136482461
193156606
86418005
192948952
410068
202329962
178831478
161383729
20445665
173865375
178240498
55478032
6822287
208778386
216724625
137432943
86417971
472461
6822323
48592468
175700783
58729295
159486219
253468317
110204704
2108681
86417683
169818240
58729303
215555744
795490
214730926
795504
39523309
173477533
417823
435702
137432941
462169
721805
55478022
115246722
423872
86417689
86417909
50322445
7543667
7543675
374975
795506
376020
222658850
418927
19773717
729389
357291
58708285
7543671
196021579
102132702
86418042
49641072
38110468
184288054
546605
206335219
138334622
217895230
50322440
20559123
2783101
84872623
190502190
162025541
86417691
86417674
5721893
110204700
115246735
159693899
431457
437508
58729301
58729293
443630
440005
176080825
136482535
106348832
214661958
435704
161541531
212213157
213469542
173477526
173488098
202617370
207334045
417835
222658852
173488723
104499782
257779927
153983057
115246661
137503309
220677982
204803676
207334005
195104338
263101568
207566198
50954153
198591877
204771696
212213147
204771746
257868832
204771678
74307101
206145325
482322
91832858
418964
551106
517209
2802021
204771754
204771748
74451299
16828334
91832843
201687280
191823860
183538730
721990
207811643
252035413
111844120
376351
5722025
73521895
108130538
29349121
204771738
196579440
51568380
202841891
424340
448880
199970393
204771718
206145378
202851080
19773719
251744028
19712570
58903227
428411
167019820
36586940
206376437
262860187
204803601
533676
175700758
515681
138934612
73521897
10763055
517201
248585399
174606461
146272372
180851236
418936
204771734
58708384
146271613
103114599
205695327
253293582
199970347
19691970
198823490
206474672
204771706
248843581
251983686
4701013
51348557
252035395
262807158
205702131
198769256
193564511
551111
51348593
192949583
21031331
2297583
144316031
24165695
172422135
106966849
2297605
205697135
192949940
169818504
603989
37793621
515389
51030711
205697124
546610
262915112
192949589
439319
208778507
192951052
106349544
180851243
192949942
171584546
206145341
202332144
3085953
39518919
517215
365841
205808136
87982587
120471737
210273625
365840
205808104
146272058
204771692
248755355
13624102
174605395
206376439
252912098
50904592
199970305
129647382
73521901
215560728
203843841
196360951
206145260
195961278
5721905
206145321
204771750
114895999
105664031
136482300
113045757
939097
51844923
207642359
202334227
161553236
202332442
4257523
65472205
191630417
228988203
51479663
202332253
262860188
261025239
73521493
198123377
225210753
45358896
212213143
105739599
428419
80960064
73521491
208338770
213428590
95220734
193640159
204771708
204771724
196291938
446882
36586958
74307107
153124241
204771682
6641403
36586960
139074925
205809589
51479657
185851617
453846
183570207
107409489
173488111
19401256
73527247
41875906
198858029
49180689
169817945
202961724
215560730
242693580
206145258
217500568
439875
194451796
96615291
431477
11353611
247939543
255250095
74307132
518352
5721961
247275639
217896698
248373079
74408261
418947
243034762
74329909
31514611
204803629
49180343
31515419
206145331
204771720
173488720
252040808
49180362
169818740
72850932
196058131
217895696
174608116
157601009
36586956
418926
204771698
252040474
247564816
196291984
475936
137436783
212992640
213979887
202961325
5721829
51479682
212324233
169818750
2783095
127478825
52699761
204473110
198536358
213979963
262085773
206376072
58729305
468822
604261
418920
146226361
129568320
212992646
247723454
443636
195993363
19773709
249771938
53995827
418924
23209159
180850999
384649
204771704
204771679
213301812
10697474
110954894
65108988
9795054
192948875
112058781
132206869
74307103
477600
178240543
247722518
247938392
192950315
475942
604273
2783089
202961321
643021
165640863
124749889
247275763
183355123
213978807
252135734
252135718
96927774
34922729
206145390
34922739
21031343
206874068
195623881
410045
206482284
17587148
2537147
1724659
252040505
167019731
113000572
135612974
95220740
136482579
192948852
205537671
2385171
181267633
373288
23209116
206334946
247723221
185851640
5721969
252883019
222682267
105231305
204771713
247327586
453796
506950
418921
466458
35862123
418928
22560155
213936444
153983038
260837548
202334987
204771702
204416935
130174223
192560413
23209135
193160124
52699763
470364
402842
428406
169818220
428403
439286
35862121
147570651
171830069
428278
177860546
241667981
402838
206145313
206145254
428336
205973414
196683829
196292012
374130
58903213
207626790
196291966
151950554
1021284
1021296
252079293
202338932
137374853
206334944
205697068
19401250
206334954
401006
428401
58709019
428257
58708993
172422266
428321
402837
221517168
194451782
431631
5721965
185851628
13686959
165640882
202848898
29820845
401031
21031355
401015
374124
202961760
214731916
205809579
19773710
23209112
98381082
192950929
2054063
16422558
84872628
25196935
418957
431465
21031345
86418061
192949720
2054061
20489644
246772926
506938
498760
196683823
196292039
365867
417822
546614
418933
127564522
374125
376022
1021294
202961756
202961409
39520038
95220091
206605495
248723245
205809573
136482716
21031323
764037
5721873
423866
418937
71682196
71682165
588319
16422548
37794307
179805600
169818420
546613
418960
418922
32431459
374127
202961323
196292006
196292076
212992642
204416927
454286
58903218
206334952
205809475
437927
195103364
206145242
17587132
247239768
49180331
80960008
418939
115246657
2054065
435147
2385297
729394
173856576
196021566
190502182
629596
59433615
196683827
82936667
417722
365864
29820841
401005
29820826
410073
206334950
206334956
136482712
206605557
58903229
206605594
454335
106119358
169818390
6822335
172422029
14997957
73785062
202961319
194451784
186369193
29820854
385029
427805
25979894
38110494
402845
55998436
844932
506941
11248090
29820873
795498
56189702
118468590
482305
169817847
428254
173488118
220663059
365862
374132
142546787
206334942
170155569
252135410
365873
136482302
180852352
631551
215136648
443628
443629
217441299
246770340
90321256
24165340
198589764
20918804
204803600
417830
185668544
967790
178831484
169489777
8951050
195133690
204803669
110204759
242075889
89208866
204771712
74371344
102708362
106348952
357290
29820857
155116330
205697139
58878431
246168791
20446062
192949771
94887011
198823396
206482297
142417938
50417043
48592460
203897737
215405064
686661
90798795
105231290
51990191
250569915
195623883
253468297
138180987
214837177
118813198
129728338
1736645
196683758
175701003
257857028
214602751
84873158
16422596
177703740
263102371
192949814
795496
218745264
192948877
375928
208686768
205810269
205697191
219134828
247723497
192949516
193857960
418941
48592458
1724655
218745252
439971
212326377
205696916
35445393
73321182
454382
87940959
218762100
129660451
19712566
206674256
37793434
87632218
536165
366990
470369
3085951
204803607
183335615
152205701
21023914
440316
348618
167019818
222723685
129566950
205506462
20918816
198591703
2802023
110204791
126852558
169375422
177703743
764038
573280
37793719
119309645
2783099
204771736
199740025
21759129
205697100
1267673
20918808
16422600
206676916
168900670
247568079
180851257
126852957
190240560
6546933
205697064
214731992
142417947
178240460
11353614
136482533
195104351
106348807
203898205
196360974
84873267
31515796
247448769
604271
146272589
77328494
205807417
87632503
178769542
253468341
49180214
262736403
36586946
428409
253619376
228029439
2939795
176080835
206481102
193840257
151950558
418943
146226382
173488092
443611
11353609
198823656
55478029
357294
180400048
192949616
151950583
146271818
135615058
248461199
11353617
151950562
204416929
249778315
249771951
192698554
55522803
127197621
51348616
25980510
192950567
174607985
169818196
204803666
204803621
206482163
206482295
73526636
161397793
161551903
443593
347969
257857353
179805593
174606547
343360
49180192
37151328
169818775
129566558
113494147
54485180
225171462
604266
173488104
196579598
48752614
14169767
146276236
242493847
20559174
145093526
204416909
204416913
204473100
251983643
5721981
86418008
926894
35445542
462170
253689505
196291946
190502357
2227579
193155417
126832561
376038
376031
198770674
437926
126829713
196291974
207817035
191808286
214651519
185006480
171581135
248880699
58708666
169817829
505378
505349
169818763
96927740
603996
603991
19523108
454369
532456
208778501
146274023
82937017
14169763
2054069
50322456
58991937
83749264
83749691
440318
111107721
588282
477705
440248
84872552
764033
440006
428405
729392
402840
350250
250020078
196683921
180104031
151950348
199969361
108957038
20918812
428258
384553
428404
454377
376347
153983034
50724074
486113
396748
428417
374953
205973420
428425
176080847
206145440
197897264
253178952
261966400
247275734
141595218
241627069
183538846
1534093
129666101
376039
443601
218761993
242492699
454379
183497883
49960375
220663061
204828523
190502290
137504620
376026
95220746
241667985
417806
370669
411290
29820867
750372
192949336
95220093
206605453
202722018
206376441
180851341
257867910
446288
253536144
365877
44433392
173477530
219134831
401003
249389888
439257
262792335
431627
764032
795480
6822347
22560157
1724679
472458
470475
440000
2783091
35862125
536175
55478045
764031
55284275
729380
205802195
77328500
87632514
185005745
347876
206145461
216724605
165627306
147341461
22648278
431642
568390
428427
469950
165626692
252714192
192949344
176080920
203084426
247568107
191808241
190502196
573271
16422584
428245
87632476
37794097
729379
2783093
505370
482308
247239902
197897236
439323
428407
454376
386323
428252
428250
366513
253619370
87632478
248644078
59597445
198592277
129584742
143157645
375937
173855205
217471618
116972205
253475494
219134824
195624215
220663055
417825
482203
114004232
171830079
209915439
191723329
126832096
443614
750368
205810061
202614916
161409224
201847465
137131493
206474666
126852835
257868706
452365
464128
173477536
247722565
428423
58708339
470065
432598
428280
469947
396743
246772922
451816
428270
20918810
215560762
217500574
171586356
179805620
252714300
204416907
260807324
11248025
73526988
686662
242076609
453868
20337451
29820839
257868836
110204776
193736895
169377687
213936421
214730930
192949500
6476733
22560163
1267671
428271
603995
82386124
242411313
29820864
371561
55282030
391290
45358849
217900698
86418059
191808366
506927
439290
203084208
169818630
428243
439996
55281985
173854281
506932
247568081
197337480
15350502
441330
588299
390607
45358847
2537151
217492601
196291982
603960
859238
20337457
401030
417824
19523321
204816768
435706
435700
47447706
262779867
452360
205810051
206482190
205809577
133554320
126832092
446277
453856
376032
252135660
106119367
435707
366515
169818508
213936177
203843826
180749850
247239900
146271425
505376
572596
506944
213936292
84873271
20445058
486718
146225010
247930760
147568304
192949722
199969585
440333
110204695
483526
193640579
192949400
551103
764028
51479661
4444023
5721897
20337454
453976
795492
795494
146271187
19524194
431636
431594
428306
486719
475692
682710
428319
399805
206145392
206145419
206145417
52678661
428247
428246
440008
424599
2537149
468837
470467
454233
383739
428272
192949636
87632485
169818824
572597
432237
45358882
477612
77774926
146274056
242495781
145145684
355152
378550
197826254
198127393
126852757
205915000
218745241
196291968
204828519
113000381
57694076
411296
443626
750369
750366
205808280
205807413
136482298
137131481
464117
205810049
207699233
142417902
207042300
462156
447945
366517
252135691
44433388
251395020
1518767
215160596
431643
206145244
206145388
205973416
470376
431638
431637
253293580
246772944
242504862
20445963
470371
428249
172024996
191808065
499685
82936893
588317
58709115
4701015
177860572
396745
431599
206145450
729399
431634
764043
350249
431629
402846
87631942
470465
926852
428244
729382
366514
350252
2174055
55478049
926940
470374
506961
169817912
86417784
193640581
51348671
186369333
252714216
177860542
186369480
217500580
192951062
208778515
506893
242663963
242076591
242075543
192950451
222658787
195505896
82923218
108280753
431454
209170644
262055354
454298
67390616
126852793
195103359
36586954
36586947
79886424
222658860
376033
443622
206361267
424225
178240496
573068
146275526
19773707
196291953
58878409
207708883
138317800
138388116
190821517
477622
126853113
376036
370741
439283
146271899
213936255
19523501
430186
428256
375947
82386119
795508
729384
402844
428242
435699
95220742
428255
454227
45358851
430182
445640
764035
90798793
178954980
221515423
5721973
212484673
431587
24165817
206145465
428305
34749515
194183475
146273327
192950325
197897268
113004489
428253
31514684
434501
405420
87632520
405253
440003
247568094
196058115
479444
192949506
213787940
193737036
248880707
172024931
163021208
192949288
505354
60881764
209171784
209932067
196683831
129569073
262083076
106119357
246168782
446295
146226376
91877074
631427
19275414
195624235
366518
374131
365874
58085616
418983
376197
201034304
410072
370679
573071
204416925
212961164
206335044
205810053
205807421
205697151
137440446
206376435
21023916
126852872
207565574
207564726
201308004
181119692
249938223
207565407
249938275
190819467
153983040
248683320
249881934
153983028
180320722
114621643
260847241
261026334
126852542
126852950
126852765
126852831
39357973
126852702
19712596
103865013
180591461
253543066
253526423
253483090
126852878
262785447
262786632
2385173
214595968
126794180
126852917
126832097
219134833
126853072
251772809
251775040
182300579
253148326
182300448
182300334
246170021
246208344
246208333
246208088
246208103
246208030
246208303
247722783
262915292
263115281
191723381
249033174
249664542
249668387
249032810
252684344
262676819
182849307
169818234
65077104
196180874
247448694
192949366
203084154
192949508
196021574
196021493
191808392
182849260
199969552
193976661
209379549
198285112
192949874
247568083
196683815
247567087
146226359
249659392
262871695
169817918
87632244
169818725
207811611
192950331
171585957
171586384
186369230
245186834
192950380
192949716
192949461
249659390
208778564
175526900
242504934
262733761
262734300
250362935
176024895
191808201
191808387
169818704
91089442
20918814
74542779
58992127
58708309
87632483
22653234
73147525
77627227
58708478
6355209
24164673
1724657
2054073
111107382
14303641
13461062
230138334
215136608
253293556
192950319
199969306
216724609
196180876
207281210
200010684
217897263
262475735
146274039
146273548
20460722
13461075
55101313
51348679
111711699
20460718
6822351
20332480
117978729
14303646
95071200
99078300
20460689
55101298
45358910
58708563
40722968
14303648
2054019
79449981
77627231
58992125
34922815
253444116
94903604
2385167
71682235
71682171
405430
107409634
58708378
59202395
37793654
21031327
49716264
19401260
48982375
477709
58992071
37793723
34750061
56189698
22560145
14996918
20332463
34747500
106349456
169817926
213936083
196360943
180999702
166084665
146226386
208778463
196180832
214651509
196021477
147570608
196360971
203843847
165021277
177274831
252714214
171580708
146270192
171585891
196180722
211309384
196360941
192949724
247564818
146270221
196180784
176080928
190502194
178831694
248880719
212484641
146225324
178831656
248703269
146275497
190502335
199969962
146272353
196180830
146936894
73116944
196932347
73108414
133263217
100363822
252912108
23250484
25000342
73108419
248723260
124975058
192950408
125089783
242092378
145145364
144219165
113639401
153368126
145639754
252389429
122494508
25001324
196683813
109186942
6875661
210145069
2075131
242092376
199969338
212484349
2861225
109573244
41556701
7086155
206145232
183539041
55000013
176168601
180749960
176168400
492471
129293418
102861569
73108416
32220370
199969196
252389424
157833242
113628553
197588249
127834532
250229787
262637384
109081856
137208633
179701646
116875495
173865373
222658846
7085761
114944979
32218198
206331212
248639952
144235336
106996549
38110804
192949045
247256770
192949402
36666253
5490923
205842472
58709957
38110397
95226201
54997681
134283665
499928
175700902
248266770
911406
136599851
252765934
74942956
58853896
252392137
242502471
186567751
175810346
89867353
19665479
39357824
212326131
137252336
165640854
57904574
44858360
163021178
184283255
50301148
35445730
111747970
188409167
249688448
205574153
49181189
137482191
257780420
52809584
215556561
206359719
55000017
163021180
100285597
197738774
250230358
248004646
31970497
198127395
262078167
354861
260808432
78010527
206362954
253629595
541336
48618358
35862129
205802236
53259730
248266979
216360789
137250557
6009943
10196197
19666903
248590459
172422131
242411266
137847843
160066016
176168567
15267880
205802193
199969163
212484333
32431346
10319063
251456959
186710993
249700534
20272431
250230491
251983692
185006490
253319011
37151415
101649311
215160695
215556072
251456406
171580614
215560768
197750281
198772646
197750000
252767754
207253505
214755812
178228381
31250879
76137518
31970515
208648788
115754247
207318242
188409041
192560429
214597472
199527275
21031353
70892929
49066789
245790372
217145507
137133214
249670347
263082590
263103968
263208977
192987954
250230845
201847301
38110369
480857
194183489
110677191
242665029
219140780
241621272
20337445
242788708
183538635
48606249
197739609
51031054
248266478
58085887
206474398
263303903
222726381
10196199
137499165
263412978
215556362
72751864
90520274
206335032
32301080
167114227
51518885
192560423
245764972
69324812
57903412
214598653
110681815
242101881
262793340
263294358
263207846
263209008
105231562
214819965
22650022
31321764
262859341
171651764
248502063
205506521
262817047
243035131
235988830
263209023
213936017
249246549
55422179
206205060
248267231
206359832
248125966
31250871
31970513
55062811
52624388
48943800
49066809
33368669
207317758
217145664
110884709
217147165
192692188
95889271
177315405
51664121
199526529
263206680
262691621
50215503
210069450
114905417
49180422
3085955
113791332
49180357
183538716
262859414
157833932
222658879
160304283
206180430
252768028
208648781
208643593
242504681
19712567
206205082
210190748
222726379
262852730
206474393
143184144
114945672
253165573
253098855
378501
77222348
204473102
200788047
35604097
195625371
177319515
200848866
240627047
242101704
217146827
207295204
137181140
251462404
170776450
39371352
243223765
247302618
182300586
263208953
262691596
263077743
263084656
110204557
31321163
31321346
214909122
41084424
49180023
247239790
196021601
247938881
247276722
70601199
72032553
251535965
249384286
114945332
252755651
249938510
222726392
252884385
197966532
15829734
58658754
263114645
201845832
3015313
253630018
205808276
192560443
216213477
54482362
98381079
11997600
182300817
197852821
252767027
240303039
240375218
157783907
157782222
200851746
242784515
197731577
209379518
252892316
212484335
222723661
58708793
49502473
37793712
31322029
54660769
184903016
173856736
251462536
206331206
249934647
116048677
205809702
31970509
203199119
200810948
51239747
3015315
206331210
32905352
1733325
137133605
50762462
240626565
137251709
110691487
35309038
53577269
125731461
205578976
57900366
193895838
248083009
183538751
7086425
263104124
50904588
183539019
31319589
939095
108280522
242501427
57446953
249970590
171544793
225205634
157833261
263303997
255295631
222726383
36590804
248083195
248083091
251460649
15777579
114945759
31250881
77774999
248083300
206605657
134222579
189635488
11652752
193640454
262043925
72724569
155837359
126765764
29820830
15089325
450344
95226219
114459458
178240463
205808100
15268299
431438
7366333
53968272
222723636
262078181
213964507
125244471
51699276
257779913
202492852
257845339
206231392
249039219
19673067
235961937
184068392
246854442
263393716
115754221
257846920
214599000
207033418
209379516
205841520
219156318
253414587
205807427
172476285
214598498
206237923
257846456
257847140
257844807
15786868
113000899
263195858
229704348
214598868
214597917
192949392
194023171
54513034
106251558
95886751
158692790
171545027
213936075
206240355
200849326
217145385
257847690
192949802
247407001
257769792
222465779
249767459
263394721
979483
192948636
230081825
102757878
146275463
95889468
190844161
204872916
171586378
174294222
22299346
121228034
249764434
90476826
121220657
59103021
54976900
163021305
157833859
247286806
217147633
204310084
51652853
214604122
51699281
197679129
10983089
214598458
56189699
206873109
205809565
201693196
78904723
201034301
252357159
78905629
20955694
84872787
249663203
146226221
213964068
175151375
206232557
263079984
214608615
186745474
186745125
250337901
125413204
193536793
192694510
214607524
121641849
162249325