262523000
203204597
225210796
225210770
190506323
16082945
250067785
262451821
248590513
49179936
216470988
218736726
446881
576258
1043010
74528925
576300
576515
23036858
54747232
198642714
723414
225210821
247335672
68085305
24165642
24165087
165701113
217641609
28640236
14240098
179777409
185006427
140574212
193219043
205973437
576477
262700597
90403050
250068963
74457307
722149
722052
166192468
47451250
24165114
179786130
173449296
181453717
173877408
74458320
200520676
249068882
253060181
142000388
263021094
174318400
576545
75585399
253721391
194139476
49464535
102571684
576266
250020197
252649000
182130921
196029347
158868238
44821825
576712
27982736
254903529
23142478
186233281
173135239
171584556
253059945
250527423
163577966
249011438
198494993
35236593
52672771
109328172
216401495
23044964
47436228
74461203
111476894
187596159
723374
158719531
492894
163739525
68082542
574458
177860554
14525888
187285359
253420164
74460981
195969862
11305421
26708001
723454
24038900
250230146
34746651
217641625
722103
208070553
1374405
576246
583670
193218618
1647123
576595
90404647
90933541
103400946
71076508
23135178
250062317
26707919
216450190
74460259
576491
259568238
163169843
13674619
189093758
167568550
723409
73795146
23299503
249086308
589162
24164876
23549254
58444793
185447898
74683867
74459799
204213799
4184751
217641611
126734072
111535894
198642725
10776857
191081538
198642734
23134392
16680483
75618660
190864350
198084584
576696
722038
91343901
722112
165705081
111548532
23551983
723354
249207276
34750484
28638715
166192406
225386679
26707901
201346775
185925194
247878818
23142426
177915355
47444408
27990864
207933174
253040816
242411277
722132
576666
55724743
198642720
184227407
259537792
1374397
166192526
576700
59239931
186230533
27177876
74640821
138912946
216401546
111294162
198642738
59512678
727822
67349491
731095
180019234
26707903
191039882
68088495
250066510
576494
50385000
217641629
68724705
24164871
250335998
189595228
191089728
248541179
193218679
203998857
23142464
198642728
165700166
213492424
19383353
137453596
190125453
10762158
576271
179968801
222621337
130467346
193212465
206639744
138946383
73521485
187955390
111223315
14436642
253188648
193212463
105740345
248855184
248715588
222473598
723406
129852714
187644770
134755951
111189617
723427
192127236
722125
248081414
192949233
184873953
730699
213492430
23134388
214889689
723372
23044976
49464537
392829
222433180
23549224
179979176
179968430
68106780
58130547
165844225
217777993
242076172
26707941
728110
58839732
23134434
27178331
723399
72534344
52672776
180017508
111230363
217641615
252881938
115254500
197062961
165701439
723381
111200915
723363
209867733
161966208
28667323
198559059
27982031
53484697
149781038
382218
248696865
181446715
207948620
108602131
97709754
24164428
247930756
195668898
74641245
723369
177339195
576503
108598268
165844534
96991282
49495449
165700646
180531050
221255330
198587623
23134340
63822868
723416
108598958
195670761
111468169
216335514
173135255
252882043
148866379
730578
249815281
217641617
724999
723429
191320472
166156788
194165014
27984207
127482644
216401525
108598124
723403
58130575
248885186
261028767
217641627
28638679
250010055
174827283
194406476
730511
217778599
71896413
181361165
22535804
65089860
23207463
188489952
54639346
67349489
169307925
206124615
198297271
198642740
723455
184286586
24165566
173449452
1374401
65088789
125741593
91985733
576674
722130
243079099
723358
111536310
208070613
11372873
134676492
24165584
87044647
174827299
392828
173715925
194103541
146170072
207035149
111230233
198642730
129587540
342123
165842823
50479155
722030
194524095
1040414
722059
55467623
166192434
229732645
252674813
158622062
576604
127002944
576314
192949804
77242291
55468282
214753119
195262167
183348447
184918834
24165991
722119
146482230
47428848
207639337
11508033
173135257
726792
191065179
58845976
253052055
253293528
252679944
73268485
184226077
356759
75581011
263053648
74684060
730963
149970546
203493864
163424924
107409160
243091763
576643
74639729
208070634
14681469
252764667
722056
91984744
723420
250338115
63900715
207035132
14521135
55467390
141990624
243091947
217641633
249151206
165704661
23551728
252078549
252663486
253052147
113527081
115790013
48980374
252106571
259459483
27177671
251590779
723441
248853786
250221592
68688355
207035126
68108961
248886152
173135252
195522099
249086078
252065767
175445813
723436
180001088
132841581
193218635
23207472
200930793
194143728
576062
263109859
218737338
149970541
217641623
208070644
50384556
23044980
186237811
173673969
176696662
722047
146274710
200976635
217890731
155255796
722037
723435
111230072
62642325
149779004
174581030
66072971
76451283
253059847
53270984
722058
576669
730830
134583823
109325118
191093235
723434
723355
23134348
190125696
225386685
249656771
197605476
142216029
98943330
194164785
198643649
54513094
723445
217954726
74684522
176768335
262804386
176212628
253161370
253038318
74861064
723368
75750284
731115
1784627
107799091
165123958
253161188
179786887
129852719
107799297
249011917
722055
210732831
185005688
165700244
48525992
188383634
212314898
112106701
175445668
88081992
225386660
11631647
214753150
36710808
184512870
200787192
32071851
723430
107798721
250201746
251393388
179998240
108957059
262525662
249938816
253161071
217648277
722044
253161180
208403335
218002905
225386333
248704875
260407288
77756383
88794569
74457740
188489943
65087856
202854251
91343406
249873767
557814
10775583
474227
722148
142103679
118195114
193717519
723437
87631857
201105006
171133372
77220792
32071043
248876589
263020728
225386311
14532556
176695380
217528971
250066969
70587164
158710363
253542652
252849813
173874527
72089805
35231232
204667143
87631905
198642712
247705561
479351
203401983
182851069
77157491
263246534
184216586
202890004
722034
187660105
428903
215206349
202879285
209868004
722046
252105278
111152845
32071845
252714320
189182288
571992
28077917
212567767
23179015
76780484
249086462
74460604
253432561
111357581
248677935
100023530
252849868
196023086
27982852
23142422
193212452
249207983
59210668
186746507
729709
204382700
209405816
91998861
134580101
253178440
146270688
149526149
253151350
248697039
197751352
171580915
165704190
206205116
254672303
1374387
248695013
24164509
723431
217890147
192950153
105231578
23134390
217523934
26693993
192950040
148600482
166156781
249206789
187285360
198642731
203392941
723356
253189243
80932526
252913261
208070584
23179020
186239582
183496996
220795066
173716900
722035
217945334
248878237
184242599
216461351
50340894
253183375
191980654
32071041
217778064
150859573
146270534
249066368
142112688
190506321
207035134
63822866
250339110
208252640
252125544
165189120
133619272
252753304
198642742
23549222
23179046
248696807
189635265
217890037
252849742
253556962
225386551
217938360
171556605
174827275
58605308
251393390
174827334
91985966
197740119
32720788
1374407
252679491
53731382
105231405
183503559
248542312
172175862
68081349
726450
58130573
722040
68082413
207035110
722100
252066008
174319107
722051
148601880
19392089
242076174
254139266
27177809
68448185
1374389
165700227
210732857
207035142
136020312
252054234
350905
23134338
204879316
217989627
248885631
111537387
212992636
218013677
214753146
28666915
171581158
253429635
252711679
722054
24165752
215223939
723365
225204989
26708005
204008200
722109
248797279
165701421
27177661
225204154
183352706
217890006
250519126
254883766
250664024
181379113
195985467
23301089
229695654
109332685
249059057
253560522
253282425
24877330
32071853
74461083
184284086
225386271
248885227
54513121
192950583
216469854
148074490
252178893
252179275
250419232
248876233
207933159
187608086
94878518
207035107
574548
74490642
28077943
28077953
175445675
58130544
161490300
213858275
175167361
217887550
217928722
253152380
129852717
200787372
177280855
67349495
722039
250009731
248695122
24164483
1077260
1024074
74640474
196488138
55282772
26694001
722124
252753292
247239894
138939223
73207138
27178320
195993365
133627472
216401559
761121
250016260
14682096
55284434
24165449
156212011
217559308
181454086
77217807
129852704
174578249
921821
252727337
254682250
26707917
179980028
192950183
229695522
198186982
73384987
203204633
54748133
217963778
225386562
428902
148600129
17533258
574550
722049
54639342
200931464
198642724
28668511
722106
99984044
168899494
24165330
68106621
26704964
250058862
91985893
722057
342132
185006142
723438
23207819
216724638
24165132
189461210
262908147
50383999
176752880
217934383
195981688
160787364
254904256
203988307
249070134
29440422
222616038
194140174
216460044
163172142
258215763
133498557
28668877
249938498
193159727
204339642
52849454
190201809
410369
185225972
11297666
253179172
249012178
111174463
197821133
253183536
187295840
179978759
29478068
63822864
218761378
253427557
253175980
73353351
192949362
32071847
249697062
225386536
250217491
49464553
188229394
250020195
206560990
54671647
91998760
174827321
250020236
23179050
242411326
252597419
75540322
262701566
171580826
32071982
76175399
576066
208070669
108598635
207240432
52849589
191754746
207035138
222618907
723412
26707969
250020238
109862053
58124066
111203847
174038063
174827280
199007685
252066175
245977555
91985592
50215520
248697751
249151296
193941205
195271338
150873623
165165767
181461087
207503059
251401568
142783487
191006557
187606779
251551537
248850114
207035104
225386600
250013523
113486481
248799337
24165468
207503127
259310976
253079252
249008244
192811171
200787436
138913816
149520307
171580954
72628744
186256469
263098596
253326427
214651530
723446
253080965
165119935
177751420
146164777
201348146
252184142
253169137
181567705
261975723
217096628
248885711
262073897
23549220
105218650
24165310
201252329
188487771
262654052
17764853
249011452
222679025
26707923
722042
53389605
27564577
54671639
53731152
27177797
207032961
341793
210760856
576579
195982168
250062980
252201021
28667251
35233078
248876212
254132156
363795
27983740
261114534
205897881
150493005
192950121
250010394
174318777
186620007
177158848
191093054
111178450
208070575
213872487
91985223
253286246
193978505
186634432
197062985
260967964
187606116
201926371
102574719
96305992
23549246
26707915
179983280
165167061
251119739
252062218
557809
168960228
50306850
113528226
207615635
147570781
158775182
23134386
23142458
576676
218023924
249149940
252002550
201251909
19393490
217207741
262681119
191077684
134324348
27980698
52849791
252092783
108130742
142783516
479102
92004376
207515293
199969564
189468762
10873891
248787438
91146557
77242390
179782739
163739529
146273923
171585881
210513639
251904488
722026
134598170
253284143
50339478
87858875
194406244
111291497
8158821
180001683
248844890
72302095
28668598
181379133
214618566
203992477
217207567
216359918
242620069
72008360
28638693
208907812
225386478
208070648
208070606
249011945
252124280
218736619
54639348
129852706
576657
723451
149776442
248787464
253038314
249093262
249062676
253346352
260920884
249011767
207035130
342125
250020216
247936716
253081639
253079441
508898
342124
11258650
479104
192950609
109330995
177142675
27564623
108590730
194406025
257757916
574469
111176605
68084595
610698
474250
555947
175445514
53719396
195670258
158819461
54671644
686545
53258352
155112200
116142024
578799
197687403
76259916
92010783
147564388
722126
723364
722146
149469157
248329232
217937441
225386720
137941554
252700861
248730119
252711705
252908545
250063340
468399
173673926
242411315
87630865
474254
58716531
250020242
28638685
198269863
49268400
109331201
76559056
50339098
140484122
247059367
205966591
63822860
53721571
23142474
54639338
23134446
73795148
197775689
198643635
91984935
245197452
174578324
247444711
722097
722053
189368502
134583095
248787158
28666154
186236678
53720776
207768444
108562158
168900751
148629145
74460164
216183077
249576524
68107674
193045297
253293548
200976576
508812
103525803
75750871
112815967
723450
105366567
96201030
259512984
921823
155112598
253293540
194164854
75540172
250334822
241789411
203290219
204068771
197775388
578802
174308908
200955145
149844603
91985456
206205090
479291
54003390
576476
722141
217890094
248885771
253178249
253189312
249086978
253336073
96544381
208070671
23549218
175445580
127031555
204339012
127031902
208906692
163170688
26707949
508891
157625305
147569966
186636282
253420121
185006437
149520450
213860251
196050318
23179039
651390
6473249
70819839
241783559
246852642
181789500
91985340
226819480
221789946
54639340
248197759
727987
576475
205858175
183528379
123441142
11300444
722043
723357
217890697
986212
248875970
248886220
249532312
252002561
27982725
205279808
53733829
49268354
180531796
248703276
161252843
247683567
53732210
262792244
132844704
111176490
138946227
195980833
108882146
173673940
54348540
508826
28638691
54671649
173135228
193212466
77231123
146271406
148866400
540752
574438
576498
1024078
248329247
248329251
242087825
722104
174827317
247441861
50328872
173135268
129586293
53720280
126357694
195982063
247706000
180582948
186634974
87859338
49253256
149704749
168900660
428901
98128710
342129
32720790
186626948
165844707
241896159
27577520
217931639
205984688
253601602
194451792
76527976
216401588
183502033
215479050
247958171
143970359
149781065
77221344
252675069
252165474
252158668
253197550
217910172
208070594
362325
248886606
249086441
249086292
249060477
249062366
249678281
252098814
24165124
174827329
251590751
192948944
174827325
174293682
149520313
184918822
173877880
172147098
192949788
252714234
183538789
222680408
177703632
247930794
56750941
48665904
1374409
474251
24165535
262651844
253605148
247059408
49255468
58622178
196516030
263208692
88778461
54348312
138911635
225266787
205685131
173364003
68083963
189600444
211951197
187187248
207563075
185714145
206561082
27177880
27982854
263345236
263342036
110286103
188489949
200969968
192950095
193736948
77222561
216724562
146224744
208126930
76260067
174316947
193413142
259563850
218736745
162531004
192948992
199171396
263369998
263369992
263369982
195271248
191658806
252080327
11292947
252162085
252675803
183512165
251442879
253191059
253213592
253191080
249938699
199123961
208070624
225386493
217926760
225386491
217890125
217991409
225386326
214189244
252849962
252887245
252175030
250014703
249086391
249064646
252125705
252557454
252887353
262945837
263106850
63822862
225212324
85560387
44858216
24165516
173361736
206244188
168959789
196022530
208906242
53269692
196022914
53484942
253048113
53721378
178954861
71892607
247686172
28638703
205387141
184304293
27990859
195981875
50306025
71892388
214617422
243036359
138941763
247059371
217778189
151483215
241897710
169533367
207503060
247377667
248541319
259481813
188489965
32071849
26707939
263339931
193212457
887803
84783956
215728046
191725656
200010693
91985042
27984205
252679854
252675218
251734420
208168727
262081278
217937283
218049234
217890352
225386455
217937829
225386188
225386236
225386699
225386748
129138240
77222555
252159424
111189813
251514742
123441561
253047557
252893527
165118636
262936659
252174803
252283543
252389588
262074609
252125574
252105282
249678293
217887625
23142488
263048429
192949888
76681200
263207787
112815964
201643479
193978387
177154451
219460776
108881804
71891998
195983738
23044952
72007672
32071843
87858828
178027212
27178316
248683668
198192490
23435807
10776332
195981364
68089387
127003181
262679746
206561027
222443643
895563
194163549
182603745
263345185
263341061
263341993
193218582
53270573
23134346
263347625
105740350
91985566
34751352
77221879
186369327
218738424
173093729
92010253
120183582
189533705
201355012
182603731
111189804
252079676
247958074
155758292
77221229
242085731
216213414
105626183
184492437
177186445
195938304
164935854
248914285
248929069
252053990
250199480
260919927
182300569
23134354
193915953
53270182
263207503
263098311
225212326
208906079
32071855
24165545
102758070
1374399
253080136
253089395
162998196
166436197
24164882
192950030
149776451
24164450
263078529
23551730
252892461
185005954
217207569
26707909
225249499
186238901
32071047
101007799
177533663
50385166
77222375
77031055
58130569
204425733
195980534
229703313
56271604
108604094
178831490
187186715
23134360
213524875
111712023
253129558
194004470
77231407
222604438
201003401
207515309
189078165
207751268
206205098
188543610
222604457
259563862
54671641
263344889
263206786
207201019
252079884
248707319
217125741
145634336
247950513
252078016
252079155
252673325
104241030
225386488
217937502
217889878
11294706
205863224
154448622
248894549
252162110
252125640
244178319
248878722
249087000
262073931
10374191
48671377
44820569
158896283
253047515
208906762
197677424
76559102
28638687
194141873
23207195
32071045
208174300
23179022
186236412
173372040
195981567
186633624
225212328
225212322
214189352
194098879
214189406
23134372
262651824
263085311
49254594
23044974
75626346
75626399
263272792
50340112
111365509
53721026
50384836
197676873
178831505
225215072
263085107
193978454
206145386
160814548
253293534
77753798
262387847
48894121
175445774
23134740
187302017
206205046
263275065
27990862
895561
259563867
263369968
177197444
201088141
77231476
92010778
225195192
192949382
196519062
253111128
206241132
179064566
112169268
114945317
175655124
201308472
252675048
252675094
253195799
225908991
211934409
168899471
174827245
174827338
174827336
198462903
204428574
44822169
49377765
262651486
103525637
263208102
53387718
263103094
186632639
23142472
207028647
208913558
184301959
203457179
150864596
49253055
140221869
55284110
208508381
24165263
253293542
201088145
11713553
127031818
217917780
225914826
225386654
225386255
208070569
217937924
225386457
225386427
248774324
248797326
248886021
250014777
248889392
263107135
11258652
11631988
263047450
263340929
27990195
58228998
198643632
263355581
259563857
203231248
200010647
192949075
215040251
184410420
91986595
218761379
91985105
214612586
77221331
77220925
217345469
137488400
208403313
204382684
222471801
263343901