105614665
104909150
109654814
137825297
164436017
172157341
115932722
179721624
217172547
164436821
125785644
85241258
253065088
171089351
129780853
171063479
183290750
112171172
217172748
217172689
179728054
113829573
195875430
110205676
147380628
81577202
71683402
187837776
129866720
217172672
185407770
216936212
217173273
202643337
110205518
114888035
93926534
171109273
147587468
208678566
225911485
194770030
179764394
217172780
179756014
195875403
116018237
104907762
208886936
174144585
92813121
210134741
205814559
217172813
79450731
160909393
217173335
158623783
249089811
197530498
205814346
193482916
125508898
123442860
86424557
177776510
171063187
177334937
171063352
152367247
158623713
82008552
91457964
186738511
262605437
96589316
171060375
114894361
97513165
251590818
214147719
216936198
217173059
96553524
171089342
116018231
167019057
141581612
142831741
184783307
77328940
24637274
247814582
123442251
129766346
230027716
116018327
110205712
216936343
217172287
248449244
135727901
51618275
144342275
215093846
169380925
96587923
253071810
173450088
193763089
117986017
51348993
96556285
176218471
160356985
110205727
158623781
258103029
262029754
242218242
117375664
125508939
174144336
171063386
157824729
171587925
115222761
111313470
251252108
115695170
172677713
204878684
261802558
125508961
205814379
196488311
123442773
121172445
172840594
253633187
193045477
225958080
187837240
205814492
217180623
177585154
171063432
172840318
196488301
207660442
174145208
167019051
82938956
116018150
262892548
116018673
217173181
182318414
169381507
262083228
149657475
202642923
97921752
205814436
202645001
191367272
13611790
120339783
96575277
120472210
201381515
181214984
184783351
182318087
110205520
52112921
187838182
205814533
253444183
262674301
259315986
96573806
123442846
217172446
197687736
110205522
119315353
149759673
112171150
190086223
16317260
192964864
158630894
96588708
96555378
96574927
173450027
158623705
251590804
146514970
96558068
207725896
158623701
103867856
171063536
112171323
251590820
186753104
167019039
253274726
97044738
198962858
243005305
253620525
217172821
116667730
261802548
105232268
48010938
78555079
87672826
26615974
151570129
200003406
194451286
70202966
140333209
171936745
152785835
258670358
167018965
251590808
253127649
133829092
202643392
161915358
76677468
83021007
142812867
48458564
147977520
101253992
214742285
262674682
147587478
158623822
96575290
251590816
32222932
32222912
253073772
182318315
200618338
196523084
32223995
141581599
174143862
261802619
253633183
137181243
101265018
124041415
261802624
187838531
116597122
202641451
160268804
170104960
198963301
178832131
198074909
158623867
149764319
193742996
261802584
166397989
111156557
197072596
71683447
116018423
140241995
244307255
205814624
25005311
205814244
147978114
217172490
183328309
225958068
200684096
174144972
225960048
177274984
262674329
193640611
262657405
167018993
247731100
253127642
171089353
32223731
134852259
262605443
167018945
171063510
161310466
177776569
144341264
149194727
139063862
217764242
26613887
168729578
114687173
48282661
38110990
82938958
257835784
253633115
174143763
261802591
32376166
169865815
205814397
162168589
181218625
83750570
67967259
106364620
99097443
154183831
26615081
242444343
96574060
158623703
173450173
169380561
262674684
160944306
261807943
253633202
134408723
145411243
54977315
207722052
83020694
97511548
97495444
48458359
96557859
171063213
197687752
153409575
205814460
253633216
149397039
167359974
127554221
194926864
85241568
115290437
114434138
158801886
23626583
137181251
137181259
116567812
262674649
197897392
96291198
214874835
247906637
83020952
214742347
214742339
253127840
243005316
262653839
197897444
167019001
82390243
96554879
167019079
171063151
167019042
160944244
32225621
55289769
31964757
129557950
217763372
142265694
216021582
187838384
83430550
96558220
152139647
192952073
167019007
160944324
167018967
82938960
249826114
105231937
190171520
262674248
105231970
48012537
151611979
96934104
117986015
117375225
68305362
182603801
261802541
261807959
253633142
198617619
96291219
83750688
83750560
83750732
96291025
148007080
177480943
135064315
187837617
187838435
171557136
151658688
171735032
129512432
155216058
112441485
110212983
109427352
176716117
214850048
122871846
253076951
253127761
187642660
138897564
193758567
83430435
156645417
157076156
251394347
196224290
249253616
248883924
73585289
113006492
25679293
105231951
31517672
105231963
212314917
247437179
160944270
96578283
171089365
248789439
179805776
173674402
169381022
96575223
58992701
73585295
72606364
123442601
87045399
73585291
96585336
158623785
169380707
171063513
182603849
173450139
171590010
251590824
173450061
97455639
262037997
165964038
253633206
253633198
96553723
96586380
262674305
262674831
262674335
96588583
262674593
263064044
121172974
99045602
37286826
197064724
153773745
38758751
136118097
197182049
215624948
215545135
215540776
215540881
180531112
247906695
196522982
36319258
114887906
262675062
116018123
247746276
116018475
197514608
171734714
197512947
164536350
133829114
34488934
214868241
116319703
259540959
171735220
188831704
144491313
249931042
199942446
192964961
148076731
106539834
174004027
187837287
116970820
144342649
198448038
248817054
124275445
125772977
217184475
176463029
97511261
23404801
103867605
51618251
92504050
66580636
96555877
49961667
96587031
119026667
23405591
103869288
99043080
119699121
110205732
119699109
48006953
62884095
97516537
96585029
75655983
77328883
171590063
147592879
158623832
96583973
96573919
29359081
63678590
167018985
160944284
96586903
167019069
52679373
103868334
82389969
167018981
147588715
262654175
167019013
199640871
96586378
261802566
117029961
263208562
151570123
152367092
182318123
85241400
187837163
173127184
202659534
249738209
139063435
92817726
85187268
116970686
206086403
187837061
162019307
168729443
150562845
129558929
146581393
216021580
162771864
247730738
170877665
161905665
252682453
136029693
206676956
95141861
249583446
169380711
262674942
192952083
262674847
262674869
105231900
103867773
107005323
96547288
152152314
117375650
92504111
89481874
257835752
105232023
118522915
148940350
67242318
105231957
23414262
87636415
121172609
97921278
262674857
262674702
262674668
173450029
184785436
167018987
137181304
147587440
167019055
167018928
32223856
174183058
152705294
158623841
174933144
173449710
152705453
197337961
158623779
32223860
169380945
182603856
173450053
167019067
261802574
261807952
96291196
141096803
33457559
247906607
176673577
94427085
199175192
144339523
243005304
144464135
152024826
176133043
172573873
133831055
106539551
253071712
203202903
169380077
259455977
259483966
259476505
174145325
208188473
249922694
202703165
110750124
171734978
129711737
116018554
207554763
248066534
167018999
167018954
176752993
262656683
151597648
158623834
194819161
192951602
173450039
158623680
262038005
105232063
37152752
96553347
48004339
55681429
119026482
29387665
153498825
87636230
96574825
96554343
96574821
96574823
258095574
261802598
96545997
253040936
262605463
262674970
262674706
262656373
262656369
202641665
39360189
113431869
197337973
262037987
117986023
105231944
77328900
77965722
123442192
147370312
124041063
225960052
99045600
160944314
117030025
198966113
33069097
31517355
31518372
23404394
216094365
169380598
171891786
212933763
34489070
176143905
199216363
158784418
34489232
225212359
112441329
197501476
139064269
195785773
252566558
169266872
143000548
172693117
197902479
116018681
187837875
110068764
109479555
110750259
116018599
187837470
252787228
259487548
249578213
263208520
263208594
262656367
262674896
262657407
147597370
262657409
171089335
182603833
249220304
171590651
169379750
157824749
36711219
96588376
133897446
77329041
165704207
97518124
105232015
96556567
105232266
157824770
147587573
167018939
197578481
78554966
137181260
96571628
103867769
96556690
96587039
31519048
123442604
105232278
160944268
167018941
160944246
188635716
169380301
171063466
262657510
147977353
167019065
137181255
63678588
158623798
261802579
26601740
96557687
253633111
96574815
39366484
172631300
109016999
155218124
149753057
152380595
263091803
247907115
186451652
155215674
37290806
208188463
197502180
193077874
197505822
78966253
169898701
106539953
148698581
193748239
142827918
158630635
197504047
252577274
207853867
207831641
207831504
184762057
259483923
187837956
155217045
127879035
172379530
197887544
262038010
25005623
157824756
160944334
137181316
167018979
158623869
158623699
147604618
173450037
147977618
262675002
205814493
96585100
96552177
96557384
167019045
167018929
262656371
262674309
262674268
262657411
262674488
167018927
124041059
96574964
82389104
32222828
96578780
108132940
124041322
73585293
105232286
87045378
96547409
76153302
61556770
157824780
169380612
169380686
160944312
261802610
253633200
67242460
247906865
247804829
213684043
207941855
158623674
176674557
247907043
72702777