181787809
167042811
196146783
173425949
197138182
167043269
253274990
214922309
252497366
167043393
164821873
206988637
248614552
110241231
106541777
195985803
153593571
117024451
52024387
164821514
117564328
252614811
125686567
220662758
252566492
161945117
57683649
24723133
252630139
50024508
251544926
252790147
181785157
54889502
252787611
106541826
192178495
198592786
143467755
165956651
115494157
3230361
52347904
111867787
48341654
116566123
128099467
194486820
117024534
22560306
176583178
178744276
214829621
147202282
129564381
140444627
178000453
181785128
217708410
169334872
126131389
81639558
214948176
116391520
220679523
194487043
52718264
115918930
115960132
222661324
117564256
184832722
214829732
117024515
117564095
167043134
214829925
16735181
11501101
20616378
251544908
57901578
174301105
24794457
24916873
214830068
181803618
54045321
173147707
115966529
137181960
192167327
52232098
164821515
167042903
52149358
20617215
175977964
196648471
3230763
167043489
21999860
117564287
206836297
252497107
169269373
179210868
220656499
220656828
182528523
111032840
143468313
197139093
6430363
167042853
167043639
99244674
126022236
217708450
194486831
252787012
117024401
214916974
252789307
194486931
169336009
167042850
48288553
136384583
52347919
54880927
214829907
214829587
117024619
117564282
3232161
169370529
214829865
194486880
252498169
205926331
22009743
49279034
173423773
194486821
117024446
214829992
191343572
194566297
52333531
21947937
115966569
201033344
52024447
167043687
168587092
106541957
168581147
167043635
252878899
153592588
3232215
77910571
194486882
78983111
252498794
214829580
33239509
167043306
118226612
31604416
29960594
192173614
172548652
205306362
50228210
163661236
52230300
252496463
12406162
252497915
192154039
80975833
16058958
23012773
117024561
52144280
21127710
117024539
145634857
194486840
196648260
194486877
148743562
41767255
154490929
171471478
251544837
167042994
181266342
252788855
4597123
252498303
252791735
194570431
178743350
214948181
252497250
117564251
190156015
117024535
252497596
252791222
252497242
167043658
39358899
262800321
252497888
177993449
54421627
117564660
54889254
81652633
11510885
252060878
155063643
214829724
147863599
87585888
118226588
143467999
117565511
104752562
115964742
132837495
52732342
168567228
198031494
214829859
117565040
164821709
117564593
194467987
52333481
136389451
52347917
177998498
46117941
164821522
147975864
119988687
52024629
170107374
36333123
168293203
114794705
117564191
102261951
52144285
126022632
191344680
155553614
147003205
197417328
194486848
22692654
24499180
214829796
203231600
159921793
197139018
3242127
117024388
194486894
52024820
51982381
52024374
188105556
169008641
162118230
169575092
117024386
175978661
42877538
221713257
164821714
15932612
54443972
55204588
199646967
252624526
243320633
143467596
52732846
181179636
25043008
24543320
175977932
117024432
168697141
83046034
97807061
76589116
222661309
252499164
198770752
220658333
252497211
13566478
167043428
143468483
54421331
157415419
203065666
49747114
178078299
147862675
252792786
241732240
55740331
167042974
41768087
220656855
252061565
54440787
160310114
133674410
207803700
217708374
190155338
4597513
252496380
182510963
84574234
115966752
22556318
143369522
167043461
220663120
167042847
40876300
191629450
252497016
119022241
194486862
52144275
143468343
54466641
24547835
191629404
191760519
244162580
184801416
50228180
16057176
252498392
164821560
184831181
22688087
252496466
87586412
117271626
147976971
134235449
167042889
117024445
191628733
252498465
117565527
229984596
190843005
206291043
132007073
193511624
167043133
52144265
119024798
74457548
196603783
36333085
167043090
174155191
148054371
51982368
194486835
120291177
51982346
173301430
24662470
212466667
194564882
176582071
164821526
205816661
54984778
52347906
143468203
220661906
24749027
512846
131183008
194486951
148051871
120291257
158765708
75402040
52181355
117564011
252496960
143467597
172044716
167043190
15829725
129742651
169366877
143468439
167043014
14986976
194486998
115966797
52944351
177338104
139023397
114989111
118226348
119448089
142720824
244927782
23503399
23012767
31502490
52347921
53135259
115966356
103891862
52333476
167043698
45098479
25140648
169070255
10674940
164821608
21679062
196603173
512847
230086986
54422050
53643011
86560521
194563804
45098460
193763785
217708506
205854543
74625182
178013358
172667798
252496482
25184000
24969121
252498029
99240173
220661667
116904326
194487040
163661533
167043027
167043272
40367219
54419917
167042801
208023568
198978064
167042964
216132850
23503005
120291509
9830358
114961584
52732253
143468416
217889819
25048480
16738731
20897597
139987463
252496430
98688880
252791422
17001025
117024442
566740
167043198
167043241
52333526
40695388
175978209
190155299
167042904
194563944
83043248
169658365
54644659
222661329
167043616
98983755
21284753
16675257
52144260
116904117
11485378
242695415
4597353
52231985
50508431
190156458
45098458
83047385
167043431
512844
23503274
115966444
175977531
24745460
25275381
24925318
120064372
550063
176581781
147295661
197085206
56345463
194486924
209171638
22766041
117033358
10607535
23869944
166069326
86611137
180950315
244927780
167043083
26714246
117024408
114446799
194486944
24947793
15868920
16684750
241732311
167043181
117012532
40876298
40876338
131183077
167043385
115966784
54466609
167043408
136316004
106180913
54422027
169335761
167043688
131176534
194487015
212358237
194486878
169334111
52661881
185968038
132007042
93271901
162210572
145312027
54439263
45098475
167546914
76693426
222661347
26729569
173188506
194584718
194583861
112330676
205312277
175977486
134243931
259557959
252789197
252789290
252792864
45098464
40876292
177616793
177617531
172290236
159004548
173586369
252788494
252496460
113550806
132022511
252788103
25402741
103805768
247704704
167042921
129570354
214762863
34690882
190155995
169334627
40876294
194486952
252786733
252791111
252787714
28737509
56331324
185243707
24988616
15973377
15972454
25181358
24429179
24941101
25038155
25089196
25099686
140448375
262696491
40876319
16679529
251544997
263170452
11470471
117024447
135808708
117024414
191984364
117564758
116904118
192852080
191628745
191760606
241732215
191629358
191915396
191922230
201430852
54419752
164816566
127204595
132837554
220662888
25402866
252788101
250023375
190155350
252496448
173408712
190156785
78984397
222661360
143888229
190154970
206834644
170625095
54779869
222533654
54984781
220662834
198978002
133669598
216914839
197506671
197139066
167043160
167043437
167043305
23012784
175978532
175978111
175977908
175978303
175978690
175977568
259558955
145789630
147976345
225911712
247328555
173667275
190155959
56342158
133570932
194486976
178756054
251545707
172290808
190155630
52660863
247442224
216915468
131182905
87586712
41767371
252788480
252499111
262709049
25147461
24449211
16732334
21161319
21285113
24425583
24255142
56230213
249773457
249773926
24736518
140448426
140448675
261879161
16744634
16649165
16170065
16692386
262817322
21262908
10675284
11517025
174637690
117024478
117564391
117024448
117024428
118226439
195335028
117564037
117564724
110863952
263294422
191629332
191629257
225910620
252496713
252496973
127315869
252496638
68611640
252787901
57041089
57041443
169803467
252791109
111435612
190156101
190155265
54783970
190154902
40876296
114976107
72742856
23012818
139023507
142720871
72591531
32820049
93271966
206469563
173011477
125686632
175978136
175977601
175978732
175978064
175978412
205305942
175978462
262072472
158775095
252789828
252793460
250023145
207803708
40876329
58673308
190156696
190156554
170437453
117034087
23503374
252061269
40876348
39358061
252791485
176618455
247312102
147977036
181213384
139816488
23502798
200686733
222661303
40876325
114974208
45098452
119020209
40876323
129728902
198977529
197120274
172588622
24469359
24367518
21154067
24391806
24508605
24855562
24245775
25062642
25272681
20803995
25202540
249773391
262696123
16058021
6425057
3232455
212218492
174636294
174632124
174637651
205812292
213563485
117564604
174627538
212605827
253062994
191760592
225174054
169338257
81503470
196603100
263326911
263339502
252496684
190155497
138839310
167043594
247686472
152530651
164490503
178013288
250023092
45098481
190156625
7642888
45098462
222661311
11137645
38838287
207803690
167043574
169585168
25363577
54984787
14928729
56345270
57040484
252790731
255763010
250023363
244164968
133776674
204230948
175978526
175978755
175977522
51711648
252789633
252790068
252790439
252788129
252792824
252497026
252790168
247704650
252792814
133671613
248803595
139223030
167580141
118797967
54439650
183031161
247818728
195340949
148053868
216475548
167042968
185380160
20333051
172044778
175545305
159004322
250022756
217890018
115493897
52144290
40876290
52024462
190155397
181108582
244160253
262709143
24528203
25160185
24357163
25035002
16058968
21162899
25281061
24265620
25080564
24642421
251544830
249773047
16688911
16175526
16173744
21143306
160795836
24508075
174637625
174630966
6473607
117565579
117024443
116904255
171873293
185495818
263326666
249933783
241732217
194958016
167043591
252498881
252497262
252497160
54420239
178744846
40876302
167043546
143612169
52659806
190156830
246891680
91905817
119447765
40876288
85681305
190156604
207803706
149195369
197512951
106181140
127700838
190155885
207803682
207803684
114950090
145269635
252787059
252789782
252790214
151455950
191490422
174666170
252401976
163661457
114989831
23014142
119022557
28329702
188210421
248495097
184829907
40876340
54440166
52662343
252529613
207803688
147861348
198977579
113925478
239824124
262072781
106228122
24852583
21284468
24909568
24843083
25191575
24537626
16058115
174319862
16169550
16683939
123484801
262658122
101256217
147301317
244161684
191758865
191759221
263071670
253399441
40876321
167043560
252791772
12549142
214756551
140448256
214829930
252496975
252498452
216133016
106808783
45098454
50466967
106983148
194486957
169072359
23012796
177809918
28329693
190156425
106730046
167043102
190156360
45098456
194486905
40876342
170264117
190157214
190155751
106181064
197139222
139816823
190156318
87585393
167043433
54439971
181108514
40876327
52073282
207803687
194566663
114993847
183351076
175978214
175977869
175978028
175977787
175977757
175977901
175977566
205313020
175978799
162350158
252789943
252787478
45098473
118226486
252792424
252789383
252788321
252496450
119022457
40876350
118991262
158719692
118989111
118991024
45098466
252496452
160297010
177617733
131176302
151432373
217708447
162849037
184830840
135473927
211310826
250022354
28329684
252793417
76694379
251544949
43398908
225174182
225174306
16077910
24391826
25189401
21284856
25203747
24223624
251544873
262859339
252496401
16077873
10674904
17001146
58229432
117024655
117564838
73873041
176581936
197085214
225915705
167043330
263326810
125727673