100931416
2429811
109310241
153045603
205010302
10227722
72680632
67991610
77109209
39521136
9691774
4319337
34553370
67991600
196284170
1938895
193439380
74173572
163661592
2253993
221229402
192909302
199739779
221229400
169546331
32543726
1747357
200617426
242424689
191781259
52788684
1738465
171549967
2120185
74855021
77243052
57798823
558408
4423939
36727163
221223552
6313657
1352353
2776927
4686477
4106105
1933181
30807695
200852596
252295221
4995805
250264392
357830
77111818
58696238
336021
249457356
160684953
3002165
173903745
248770186
1369393
75630216
253349846
694277
174829990
247322750
172163221
193439376
76657372
172094477
221229397
1743865
3859117
215584411
159275436
212213135
259519948
221229411
4366987
17456920
1659973
7826243
4216625
6512117
221230170
176132382
207983689
3048151
11227915
170708223
433524
1660829
1738463
249052343
3551561
343014
44911512
229774522
20421664
11683677
76732669
1053642
2917523
19665470
179563236
199532600
6472319
249938818
1410655
35240890
3324927
164921979
159824558
5502737
38139076
221229414
215841026
198414194
205273522
247808960
7435639
75639710
43801499
25037638
14134321
952146
922381
8841584
963848
98217563
253304120
198414177
20073202
8155358
2063221
115254366
1699269
248176844
133672061
248770184
886154
9691452
3083809
2541557
4151487
1914679
3605145
16325490
221229410
174606489
68399020
10192248
196353759
2027775
114944992
1582329
1354113
252387163
253304132
3576393
197655112
19884522
57750595
1660833
229766056
41131983
32802797
217497307
181215937
262766058
2407115
859139
13780682
2452435
199991097
13385364
343096
181236942
102552357
67624589
68267305
120293831
558754
229766123
352637
263033605
230217036
1746351
262896108
107889142
515855
73166878
14660323
73104494
682015
199539739
229982808
215423688
1831617
164077710
31207476
165239429
106379185
181425268
154249138
249011454
249011943
259479381
13385362
115267154
508541
32351694
32975798
11221400
46178911
5440953
22367357
245290115
178572918
217497299
131583182
127032599
9773571
245277366
250548876
215557333
133646955
129138213
450753
38576156
20349534
3284723
44809970
1999261
184247852
1656015
250078282
221229416
991941
518989
249011878
14983746
112531209
217125600
198456372
1006237
11307126
46825660
5023495
252163097
230217053
117315779
247829742
391068
215777807
10604365
204057118
11718102
992007
127591503
184438527
252456574
99076561
161863405
2120179
225907465
22172777
56878222
207207857
230217001
7440087
1016402
229764023
5400025
337587
29676738
438031
253349851
114944548
177747017
37216890
31207500
2128499
601605
191587029
464629
261949417
197823092
22339716
602421
834693
578817
77111616
204930901
437652
1938931
249053879
165972003
454296
59268188
229982867
262783118
262687341
2541483
550492
215777811
1036474
7887714
5975097
138393738
32192506
206232405
40361396
572054
230346655
50269829
1820067
250078073
1738467
217124783
576654
248613739
573730
58272316
199532602
230260059
114944610
114945296
6478391
183920850
250077737
5869381
191565865
198202334
135349167
20142158
114944783
262664388
24366476
96352925
68267303
174830024
355222
252678567
11227913
2141573
6999479
3653521
34230855
3136205
3643355
74415736
113930428
14996811
247310013
105739179
115254428
198426697
11718096
5869385
153957292
215723312
544017
230259133
261949420
127692408
237645363
75630470
215738224
515857
170384661
114944567
114944318
230307573
230258913
230258835
230329184
1656017
139970184
507613
507621
165256047
249683184
539754
570522
237643870
215738226
5742927
467815
138049782
237640731
7191401
215556643
892677
252563291
230259212
22472025
32192501
951559
165243117
32185750
75629772
1511493
381030
561327
469879
259479377
259479379
14660319
253183149
215730369
36830029
3653519
37134905
221229420
215746028
192133142
335501
253304125
247740673
4795149
247270796
127591489
394874
986274
143144224
248593539
184045662
246773256
217386057
406565
19382932
656883
230217077
72919304
180528263
230260005
41774091
177585168
32351571
139969357
195707810
165853861
255059821
29643676
36701221
262054622
261949433
252701584
475795
7435641
35910286
215777813
980180
164465442
215748749
30162728
215730367
216983340
178093952
215088953
138393724
248620446
260925545
215748724
261113268
230346691
195323894
3311725
1527515
151950439
252869739
48591193
369215
245284177
36701846
248191568
217506943
247324362
826459
29810928
36434501
229764928
75628253
37134983
32352501
174493958
140174956
215748913
215140200
31122113
115254401
931101
1266633
2254433
230320890
215896311
257835471
72917792
191513126
178071233
215727604
215727171
229984857
262636271
262066722
127692625
215737286
195328088
230316150
260925556
30156386
230346635
261113258
183052488
196050065
200646207
262817117
1746347
245281297
253264771
230127643
143144369
212564427
36702099
229982604
263097361
253349844
215748727
14475273
246145008
29907180
162134894
120183603
951563
215745955
194835821
179064231
29810066
164439623
148990205
31207368
215738318
129937262
137564229
162133040
160394517
217386063
2734407
1352349
252680787
215746026
215746030
112531474
215737264
262066720
229984726
262066718
166031070
246773254
248620484
249532911
215738454
154258746
29810911
262783113
262783124
549495
262896036
261027748
261027758
262054615
37216484
262756285
133619893
32002190
76065360
253242494
5975119
185908746
262783126
93181641
263097366
252460356
36382413
215896315
126809711
30886330
215388951
32351590
229984516
138049791
253349848
115254544
1647097
216462389
216462258
112500079
215561920
229982294
262066716
215561922
215738458
195807541
260819088
261027752
262054613
262054610
259575413
195814813
215116602
193746720
1733061
262656099
262056651
3284729
253147266
261113265
253242492
4549511
229984592
215748909
215745957
165245336
11125631
7491561
246773251
154250049
262783938
105793951
114944769
2473637
178533983
164456726
182756917
215748752
191604806
140221903
230259755
248774552
262756288
201385662
191605923
32954968
248620482
248957059
215737288
260925552
260925540
261027760
259575411
261949415
112505826
5975091
76779009
253269028
200930650
72711002
245274975
57766324
36701164
116765945
260922761
37169766
36829663
190779587
12221362
154312531
120476146
32075756
433334
56207379
215750611
1621203
253304110
135344532
114945814
215557432
262462475
248768914
112534855
195814787
143447961
215750570
230259798
229982521
190238377
203996401
253304982
36383095
7866391
33609828
1366423
5975121
253147268
215392246
112506437
196054958
259479375
261113260
262896038
38293016
36700876
263097364
32530125
164459561
29644643
75628380
215141242
229984442
59077389
32352090
170384657
229982660
29812133
106380971
215727426
246773258
573793
56796545
138049904
1647101
57762732
95220861
129381098
197719874
202462019
49204092
37699900
49745197
193439378
52399985
13333355
174211450
45321594
78975610
14684312
67991602
1565657
19415217
173515430
1704327
101782486
241821178
53495949
114451807
262346692
9687416
2782635
72001055
1000276
202031248
10397239
202029425
44335823
206837193
3517773
32314551
241899618
6512113
137741276
32192511
60863030
1660831
66089884
2542273
164931526
1665307
580061
3718921
48873337
73553827
10694714
44911503
196597208
54208928
194186820
447670
192339432
42876976
48175675
33596834
205279736
46240920
56909319
253227091
10866297
263066292
1660837
41299104
142791747
14683083
3102749
6543923
57798819
1699265
2316649
56949989
73923118
187642221
24155178
574926
10694712
196283632
54048657
164077712
446480
201383195
245787191
53240957
172095010
3930911
772761
11841468
32314557
65029083
7286005
52807442
115706444
221229393
2917519
31207506
3284727
143200373
59511808
245787181
10669290
12141298
47273271
8458246
194104214
345391
149974912
182774058
343554
127377036
43108301
248708605
4639973
3343901
10075759
58268249
58403761
34395335
195536481
263066173
194104222
53903591
221229396
261969114
58134522
1625603
248644116
48362459
41019348
32701102
260933378
10281396
150869018
31122077
41093465
34452531
101488032
1006197
36326287
262034963
1367809
394000
19616151
2688971
41774031
147866668
11470574
32790207
48659068
110670700
2407105
259575636
199540483
186879666
194104215
48362461
14983750
72710408
41294593
162133457
6512125
259567746
203746503
192553654
242696617
37134969
12622537
183233661
161498364
195536339
212977402
37407343
200026721
192666321
578827
79555994
7832995
212992452
120183849
147884859
159011285
41092629
38517979
76176363
578839
5490667
72790458
242725097
10752043
208198122
37407349
20319231
42843929
55636789
1205109
187285126
4483791
186134471
65451891
205813488
254083139
1339061
86532025
54928497
11222058
9855745
16266488
1826115
5808777
74628435
31207336
35240901
150838230
3102763
11718100
2657459
148807241
76175426
77776681
59618893
168388849
243300760
1590273
69177830
168661082
38419971
73633330
14712416
1938935
32314553
1577283
6778697
248656082
202015688
200851515
7021477
75630591
248644102
10192047
49205009
6214239
56949991
147877720
14053720
36650031
161493627
177082516
206474404
39820452
17456505
32075770
190755678
7833001
174036216
5068333
38436478
163581247
166502974
3984247
11626065
252869582
53728878
243300066
49459965
173347859
68586413
152920362
242407491
19783678
7491461
107350113
214113311
1577289
548906
178032065
37404328
1747367
39187134
185357256
199036694
254074821
71981417
1747359
1699257
5869379
719135
787627
142791750
4055083
67995323
3284725
25036592
24814272
3483093
215748760
261943938
261959421
3082825
120183775
32895638
48557470
221230186
212213127
252402452
229810528
36626987
132302735
6472195
10693891
1577287
8155352
52779809
198779850
345465
4216043
187003762
163661511
53693489
33596830
261959433
1590659
474796
173885331
56693085
252857458
37407347
36775054
195531396
200005454
195850921
32037711
556790
182479235
137454949
32352541
199544026
212567815
1216541
2494801
75631761
200002627
1085106
1747349
50269854
5061485
1085102
58616753
3598231
251772934
54052189
88929179
410963
927193
199264205
201424692
137115033
36337107
137941518
90624188
452629
225195600
174496740
161496572
163149655
253097135
206202569
2917517
48992021
31207312
253229861
184619438
56020647
773389
37169696
36827799
29810907
2071479
1732661
11228280
129381084
8318031
137250681
892675
249824395
48587150
106153848
92551357
340509
335936
106362877
262045893
2796923
192705019
32352213
13648233
1985735
3048153
3643643
212993196
4952961
3953707
249824393
11221398
31207319
35855829
580549
57798821
1565661
153518814
177280211
435628
168660168
29907148
109862108
8840449
230157901
594525
403564
200560966
215383345
14462527
28714988
3598237
221229390
576364
35127507
199532586
241759617
1367811
110097580
76601014
93734068
22172602
189494344
247419807
412938
262817235
2127711
206784518
22472029
46759451
192950871
2237961
105278738
253229872
261024596
253229867
252649311
184310562
216462104
31207330
57766321
43108293
38293734
19774808
215739376
137280505
113707469
247264755
247264763
72710412
216227761
262346392
261823263
201032341
254084984
72710416
14498034
11954686
56949993
36385660
195311878
262034965
2208377
247269918
21572793
541214
185901953
215389461
262034961
147880565
200852589
143144186
38545293
76217401
17045194
7143029
132304185
143858323
1006209
72668414
84591604
197634201
207642855
10038522
38517937
245790850
242410853
37216780
21927039
15309195
198579012
56588262
243180033
20275422
72711004
167422794
253229863
14187980
248470003
4561921
242866107
188059200
75627527
437402
37118918
3859115
213705839
335818
262759108
3020373
259575639
191801177
2254435
742137
5061491
215637202
4538059
213704999
262664432
216462227
202529517
14512212
180254779
55213546
253181883
253899651
53990814
7832993
191585270
203201431
53982143
253150149
182472503
261815784
6543931
249605076
32075711
197906965
230054608
262817070
7376325
187765208
14754112
253347274
251998332
195702631
215727419
195288335
32351748
250096501
5421089
29812175
10372928
253347272
246162056
20349466
201614767
195128995
4257887
105792794
179064320
6214235
36570234
40939323
2688973
37216521
73165199
115978013
214731846
1030177
22482261
574693
1000065
68823444
8047926
250078239
602458
247264724
1738453
212562937
127031761
7958959
252853703
216231980
247264740
262034953
3048149
15068733
1746353
36702045
11718094
73268491
241899630
203200992
22367405
206474452
147058061
200848307
32352113
217496936
125396620
161878679
5061497
167940008
4533947
253148104
254074835
4538057
215989593
29676591
249594031
261024600
36701199
215389505
29810890
31122079
230309307
19665452
22367420
252858874
2452309
2407103
42598802
72668430
262687940
112456675
244296622
207597030
3311719
125397088
3343903
357210
183550541
71090280
168654727
138504792
148856051
249019837
2473635
137968666
252764630
212977637
58696234
106186736
36775041
12735187
183481788
10189258
253275418
41890372
75307795
44225214
53693493
57327754
259575644
185439764
1673525
254181389
190529681
927191
2386571
46772886
52064578
7798767
261834641
40972180
42843043
31170200
25665181
3551765
195801642
253099528
127692127
22472013
138342168
112532033
249971043
132304634
32351547
212992105
92653355
35582193
85396173
2542271
247264719
191375729
252566075
32530129
59362977
40361398
137968282
178786653
215738444
73192781
419127
9773567
253347270
77111618
1580413
32776314
252562902
59402598
29810096
201678326
32613973
29810087
31207249
248930163
253232294
197165737
215748911
31122086
3598229
128711651
5797113
171905388
181430682
2917511
192275849
201003643
109862056
113527565
116073868
2868053
213680280
40972072
21927719
140221944
212476347
202879374
161890006
32895616
36701161
176759744
259513054
36829778
1999163
186884535
139908260
37468758
186691883
54051413
1016172
201145643
244332428
6512141
252276418
114945629
34454430
110670727
230256864
32855422
212053639
252006876
235886570
258317367
5400039
198520005
85923325
188374513
1085098
2494813
25037586
36701750
242437061
242712945
202529194
5797117
505930
253899649
136157233
199244335
10594022
41559917
46240931
10752049
50495646
247399422
10594209
137255428
43130590
129135022
215739426
248329318
32352205
31207350
54927281
419082
196933694
37337337
92010310
117315755
105378278
973546
162351045
174015814
179122952
208121938
112533445
13461073
248082382
262803580
1525327
3284737
22482247
30886413
4540797
63448530
47133883
198515602
31122100
3159409
32075166
33492456
212557792
262915116
30886027
29907169
260933361
36701509
202343584
201423890
687551
252795379
73346752
77111631
39854390
122765296
262414757
55597440
253252727
213691963
212567534
48658499
35605543
261815656
190467805
58209232
252759266
36570298
262030578
371707
247964722
3524007
31207458
205696477
251577288
36701840
36700936
153969093
132304468
246857364
261024583
212474254
207762483
201039714
253303571
189558331
150873280
187001266
3598241
260816698
77231400
70650709
4366983
182709335
215116781
36701868
36702119
58810064
217192440
249150920
225911337
3859119
262664302
198523720
230310409
29810874
202425483
176909227
32351543
247017431
212992409
210428900
261959431
173089542
30162700
217498211
951569
215389108
99056604
248459832
249176356
1933183
30165526
213039465
212561807
180104006
262656177
262664334
36701533
247541287
197165812
29643677
135268774
30886401
32077244
125400253
251256195
200036298
249026440
36775077
230307937
250509346
77231262
1006205
1028651
215739435
25623919
32352076
30156438
36701818
213950948
248495458
133226839
262664421
191266246
259520273
261959429
213864653
2386569
38290651
181657076
255255204
225201271
253236126
203841830
259520268
253099543
167600180
259510828
22482316
253500327
261815787
253268731
252649277
76075989
248978715
34514010
1205107
181752774
198380596
15192216
205857116
242988508
57767723
36257713
80661847
10281624
261942626
261942607
262045891
253253060
262056089
253235588
249286041
200851521
29907150
215548518
106175306
36700848
59208901
114945450
228598493
177234535
8093136
137453867
182708652
119063783
2917513
36569241
212560351
212476319
252868860
252565904
31207328
215691442
216406416
36377327
40933987
1019478
384801
115254243
249824397
200779943
248329303
249694467
230257176
250071033
250078226
41092401
531196
11470322
260805748
197417287
247269935
7436383
212992434
242616211
211958511
212939341
242711000
11227911
253252606
33343266
259575647
31207515
200738041
248110988
57771362
75654613
189513139
229810530
32785857
137978684
5494041
433772
162113121
100353039
39838859
252182637
118582500
171091396
29812127
57771332
184415753
230309468
40848616
137825850
129138588
215738440
215748756
44984252
1511495
32077246
41333217
4795171
30886532
249569811
241984070
243091077
247867708
178572266
186133953
198448116
199532583
259520212
77037587
35409785
212567852
362333
36700807
36702027
246853539
210144504
198244104
2494743
260922671
10379323
116135473
1052812
1204891
570524
53261244
202723037
229810534
28475390
135785688
35910290
182479766
31207251
195478838
217382593
214822895
259510830
228593938
199979025
230256958
207566442
215383343
17032449
247808985
194104382
254080646
253297646
22482269
37216721
50326069
23360359
212568512
47161847
159486221
36788315
37118922
247393524
59521890
188211569
37468698
342437
3283829
6547587
140221945
37216402
170708211
137260099
29907188
31207438
230309397
409928
213674948
35222073
215562156
197628251
406541
202425645
259510832
189336449
49494418
74954071
36700926
216462231
244252108
230252617
230252791
251421532
178787425
31122111
250078530
253347280
261993392
259568567
58973836
203457081
253253626
251378571
242092151
8031427
229810532
57767735
206206017
32404650
32436368
56750842
214822923
190527614
196935068
215111421
63448617
21416437
261839137
191063878
253282677
59552128
207639335
44892080
39854964
44902962
32215508
3343895
225195596
249150966
229804776
261815780
5797121
213498251
11376442
30165518
253285115
262656188
248978922
184076533
132928413
192276090
216406646
190755682
15247906
179442217
2688967
36376793
202781750
135217263
31122087
194096417
32895632
248546048
42681182
36702091
196560121
200633922
2407113
77231652
10005249
229803983
29810884
516519
202529553
36924286
212961320
41556861
36701115
74954245
230256605
253281210
75626986
253300470
170998921
212568973
257538268
215397016
442326
217559958
247815108
562678
21190968
216462016
37134997
225969861
127692565
248792275
441272
53261232
2542257
37125922
144639902
29812179
172476482
152561885
113527644
248247990
242718969
200767985
249030183
39855256
30156467
195651484
249679626
215737247
36702115
228597195
228591896
215382269
230309930
230309904
32412851
215737234
248460028
247906125
248329308
252078551
253150157
205897417
147673177
262061391
101459411
262464463
32075758
31207464
38445708
117315706
209399527
40939552
260922767
3859127
215738456
247017444
43834355
182300720
172450605
252798782
194099163
194104397
261028551
261993414
252765550
246857357
31207271
215637200
262045885
261961662
261993416
36701430
259513058
259568576
68134182
200630872
31207261
36434461
197622481
247016365
249053488
210428965
154441700
41093158
196853840
247016362
212567573
213261003
213490196
213681541
260819793
253247698
253284347
253253452
253275178
253300483
187931402
253236163
23404332
179159214
252795375
36702057
56575275
252768967
253269139
199870057
253899647
247393883
253252635
255176091
37131641
149799347
261024585
253303563
195853894
253239545
137502669
248460917
260819780
213468143
248081388
263309926
127692327
32002181
249007488
129138570
263066213
37468750
57018397
4875519
41141416
214821669
1826443
190708147
137851683
31207460
188585349
31207480
184410230
189087633
29810891
214822899
230203344
967500
189462551
242511818
195542641
30886316
205015780
242511967
230338072
197655117
230310673
133618985
230338162
35129711
99056374
230203316
112529973
213681868
178708236
148706395
147885572
31207450
21927037
202713366
7051473
36700829
29644627
31122061
138049793
37216505
212326093
230309425
154298135
2917515
258509475
207752349
30886366
1028655
214908398
197629099
32613953
215548520
189203540
44897306
153625066
177860506
150872897
203764276
33337767
207641902
247955912
201385658
248896608
230311535
230311495
36701443
260108154
262061393
25688567
255175519
199549402
195301299
254883768
247401735
248777676
252798904
32352215
74858561
44893659
179141941
38292135
112502961
112527268
242501965
112491228
246164155
249019723
99077632
199977365
49009920
22056560
36830960
155759300
230252288
230252739
262636255
201120305
32351692
168470195
31207360
261799944
31518481
247060862
7082563
215739324
246773335
261028484
3953697
262936774
261028481
262936446
262972249
215639700
47799410
215639696
30156461
263040794
263060099
263062727
262936157
254080611
255175266
262042922
260805740
259568565
254080639
260941408
29815363
261961643
254074832
262042908
32351555
2386709
29676550
248082667
262791897
262785346
247017437
253255804
32215996
215389497
29907173
213681904
213071343
213691773
213676706
213598891
213680506
207024036
43105892
36702169
260941410
247896850
255176085
261800095
38139084
246851035
263040761
196048496
248766281
263097933
248759851
263022017
248758091
199870099
21922436
137592973
31206248
36924276
77231139
205954424
7201823
215745890
188903593
115129055
99056060
207336621
182974876
178535736
230310494
229809634
30886433
30886476
189064635
188322065
35733626
69611570
38292197
213680363
217386067
30886443
10335905
200521250
31207380
52589874
193513980
30886419
215580073
36700934
3158821
184614865
229809638
34915108
213680910
36413142
120183645
215745892
99072174
215745991
5061489
148911414
32352068
198957982
215561865
184475374
230310387
178779797
6203649
263053851
32880102
204771674
215799064
32352535
29815409
261839128
1264755
230310096
215379474
230311728
217382620
246853868
202475478
125396511
249824415
127591090
199264164
247906123
140221854
69612425
99056572
242718971
183530739
248592430
31820222
17000264
249014028
242075149
242075190
217123594
53107714
247902555
249176477
247867633
171732841
248777713
248777680
124893028
262061399
242500900
36700872
30156403
113706786
178567501
201015719
249384647
247060879
262782609
242773600
262045859
229804778
215639027
249881648
249971447
154294685
260941412
262042917
261028560
262030574
259568574
200631444
249827678
30886073
159695244
176905313
205961611
252671642
94347492
6512133
181908086
247016358
191769390
257831433
213226101
207760059
212053907
209644325
251278737
177164310
200013525
117315676
230307818
230316635
262808754
262808750
262808756
229803978
200672461
183560934
253252604
247393811
32954905
32859013
107689751
38293732
263115320
225906676
32895636
118693674
57767474
215745984
36848224
35529643
201891980
31207430
32075753
29810898
162007975
29810052
37216662
37216740
195801307
29815401
215151936
201090500
215745978
214822916
216332827
36700811
215378053
29815405
104908288
49003859
188554052
191320064
230309263
215146545
36701768
39855226
215745894
139918047
176707293
36701951
179064126
230338140
214822950
36701087
215739378
32351557
214821667
22172595
32776235
9967693
197623195
197516423
195541285
32351718
31206235
36701128
32352181
209393045
192387480
39854976
3311727
31207263
249218553
253234164
217498208
3598235
411890
36700902
215799062
215799058
31206252
193568122
248767515
39855280
53990870
23173850
38083818
207400583
242491994
48989982
42953738
255175521
248002781
259582585
195651488
195301310
249569925
216462099
112526583
255175523
230310021
230310147
36701740
248896610
127591115
10208410
248761669
32895640
30162719
91947689
175845415
214160510
69219921
202028583
242751720
75630595
262793351
57049003
117791415
3488327
217186745
189604069
201792243
33492447
241758784
248461836
191260984
193439374
262522954
174586732
127377217
180850900
31091796
210735315
171549938
161710840
252138307
34445751
2316589
63912515
198733996
35409935
201421131
242224319
44966308
257772681
34935355
263023509
1732659
73170411
21010332
15699976
262055016
247548425
28684562
41886653
262972349
16088572
33741735
260107935
75708975
36085780
2697013
7718735
12138656
126676463
199519377
77577372
14453290
204009105
247429863
1681473
31207517
197677368
5503097
16998672
37413315
32352129
16998576
76013378
257786852
23296585
109776163
201794648
36368539
22367130
157711357
22301474
173135272
391666
37159743
5503105
253258213
16465763
193062786
217498107
68130032
15288854
252467346
147877712
38493386
257831430
1656013
262653742
32075713
2120567
35614623
56269220
248976572
68753429
42693881
174576815
247901602
221514904
55206429
34863334
5494045
3482419
54802769
259583303
18013090
67240829
20693382
182465306
174308428
247406287
17049674
49058089
11860866
20855745
45692838
106233560
36702137
248764598
150342866
141757461
25037594
206204433
105378842
138423336
10681061
25476263
13768539
53902573
3482381
22367140
247406279
35499972
204425558
252302305
16459006
5503089
31197642
343577
76182347
16994380
248895526
244170191
243054249
3009785
1644047
214498226
230312347
28932169
40849005
36705141
1577281
73434186
3083805
36702117
2120379
23299275
230312415
118582458
207296748
150604936
73433842
39079109
230312378
74645445
178533677
555265
36205678
42487093
55202345
263072172
36700888
205574037
215378661
10695080
53256388
36624812
67240236
37170054
112109719
242394576
206672808
252064013
208679452
55207616
71052593
17336260
262055027
118582547
252167301
19764382
195503638
263277302
135273159
194475416
2917509
222607393
413935
249026141
19349159
205809601
168959810
5494043
2542275
36700852
222537531
249883318
16987809
12675142
247750861
176550197
56694907
62724276
189885679
248764580
5503093
23076092
181990463
32351567
7599398
188211599
35489621
180329110
73893811
250473853
192885391
25653365
37134985
260107937
32351569
5494047
174848648
203783567
214822435
1324477
33751325
200973906
38294271
461661
36701175
22979391
32975743
38493703
20275752
37134999
14344868
37468738
206334887
36353688
5503101
23396047
22482249
5061505
178299177
174842987
253235367
36650029
173904655
421977
77965404
225250835
57893778
68130134
37216638
20620120
3083801
41556782
32892516
137417339
29907146
37169936
257914989
250078179
48586579
262055037
247405648
182308960
62242053
68130485
41870056
82885767
226463965
196006122
252178886
251444683
192287846
215206785
248947428
249176414
24746518
178463080
33743334
69611270
213997899
117315772
68129979
42843257
74744049
16998749
253228246
20273539
211280393
157711336
260107552
203862701
242627846
205290881
54754138
163281189
253237841
41887218
174588942
22755679
260110916
36701177
253300486
69853842
200739101
13852267
147671728
20413500
41887612
64237023
20303014
254116186
247264601
36526246
117315627
31207230
16965319
181976557
74953948
76369555
23544613
41092654
68134196
15740367
80091984
251281645
253462154
30807670
69554376
194582995
206561235
38137530
18030270
205119236
119102613
37169826
56670351
19655581
230348555
239521737
42615643
55404250
32215925
187585704
181119502
19559098
196054850
68130578
260107543
253264206
176777538
69611917
68134170
2299081
144617342
214822693
97857741
36697859
41035717
37468782
246160849
54875581
42614897
185858515
36344380
36700864
973542
574835
196054974
56589561
259582743
68130092
37886968
260107933
253264533
195283660
253462138
90937020
75628000
37323323
214822703
157708659
35129866
252853804
68563566
33343229
1725023
68759975
213705689
38492030
259582745
36701432
260107545
253253297
176778513
574849
183551360
247256712
253236296
157711366
113125271
157708647
97857512
60194149
124892980
161923028
62233507
41971595
174785536
9967410
11310609
203783573
150691016
1699267
391464
24956870
35616508
35590939
187769597
14072769
36827512
253264618
15446056
242711480
230312470
68130080
36700839
74195088
208678332
18013047
32975802
247264598
171470722
203904810
215380564
69543210
157708643
53219880
57893346
177999531
205808290
42874432
31855003
20619992
14071243
230312290
15382296
195192251
36701802
247264592
33008088
188543731
37686038
146085239
119064589
33753886
41061751
424329
82523902
180583412
217123580
68134166
23020506
53900172
68134198
246162156
246162136
187583097
108757529
243047199
53991190
31818116
132302657
248497730
33126092
59142385
68134240
217124703
68134180
230329800
68134238
68134184
262055031
229983077
246162759
30162676
95226211
36702121
189533662
46466360
41869883
69238914
23020576
249024635
68205025
120183174
68205436
203433791
150934827
137442554
124174897
214822414
38290687
68130181
73210442
139496176
203986041
32075741
203288330
15127800
179534943
180584813
127215948
34362339
170924396
158892225
20824439
41111783
112083201
217326310
32590133
28729054
246160855
214856861
157708665
56847598
98381064
77231125
68591580
1644059
249007388
243204017
54393763
188045235
217123612
216982836
216983087
36702413
253462144
174292751
36700912
62213923
31207308
36701462
68134176
23024358
246162755
260110912
247271358
68134246
68134236
68130102
137971591
253263807
253258065
253263801
202604418
37134921
204364630
11470893
171451347
247337217
36705740
188784843
263337952
21006744
249693206
190319502
178500859
174830035
37497821
183682217
28729057
10028526
22482285
247264587
37134987
152785720
54866787
118796498
181131214
37216847
10175115
216472666
25725683
118526682
20134725
191058610
32352117
203927527
58232528
22172609
215379278
32859021
214822420
3311723
212326817
43834702
31876802
55828958
246160867
246160840
174043009
248436625
23146906
193666092
22166633
22965004
243091117
183682866
188048252
181122058
23022704
3482297
248904757
242075254
35129336
202529275
194451745
195307200
59576192
68130544
195328103
46177131
260110899
68134224
68134242
230329832
68130540
35450228
263294830
74571530
177267249
247346474
15533021
36327673
43763786
188575690
212992154
242101774
200629015
247405666
181995790
38292938
39182039
10167466
88191765
247264625
189462496
16989531
33343200
30886407
33132519
68134208
247264596
56694667
188542198
68134172
37158037
214822705
36700799
36674031
242143632
192675310
114895552
188657986
172218939
38456087
41096322
38073229
253263632
214858661
164455531
112083184
246162095
246162173
248538379
216982818
216982817
76369854
30793053
74954179
181118676
262464161
16451528
75791812
48757795
15710475
183721036
32859072
51059183
37216370
31207482
29644639
230329808
260107534
259583307
201632220
36701858
37134860
42615284
36434471
253258276
74535889
36374556
37169896
212992322
253252994
57747572
26472010
24415232
68130270
247405630
249176485
38294003
23289981
253252701
199700929
245766322
38082817
242487258
263097021
117315680
248899174
39362689
187011559
30807654
68130466
252854131
16998906
25767849
37216859
29810909
247264621
192287760
42689303
68410969
203763453
207752893
42403243
157708625
213691739
22616921
88862148
215116906
187925978
11308543
35910318
230348491
203295024
227347932
1644055
217123601
217123689
45902245
68134232
68134230
52019426
17000806
74492234
53991086
249176475
38089278
198926303
183681348
191801088
183684579
249176416
182713556
248898910
22168242
253462156
26537047
31876655
31207396
84875927
72793999
68134218
30156452
32057138
31207446
247275677
25768429
229983209
260110914
68134178
252123977
249649114
32954897
253393902
19802989
253304922
188552379
253626698
46175496
23898397
263097026
262056028
205813783
20132838
252858268
34380538
117315771
1006193
29907184
174179912
33360210
187645776
32613975
197900039
249883301
213598791
7460601
58955981
196931132
32351781
28438002
32776289
247264589
7151055
42847602
32899051
39067322
262056032
248566231
67180435
33360222
215720744
215737245
174305384
119698478
20864401
20613846
230348544
207763139
263097024
19846944
43763985
205809842
36370036
48635406
253271392
243222781
246160860
35615861
131896610
23181458
195815317
214856656
191371089
173860430
257869082
36328047
15080053
42834196
74858665
41096532
36929331
119330836
168467741
37134846
37468702
68130126
195814395
195807978
68134188
230329875
68130708
262056008
260107931
36701219
42679316
263292087
263294847
243043253
251869240
253253108
37468732
37468696
36700850
36700803
119386597
119698491
185205683
177136384
38493833
23380812
262991383
42615932
247405657
263348824
33744189
262056016
117315820
263274521
57324558
36384253
189940614
23290626
157708613
185448339
12053306
187790237
22482265
105269018
191139106
229971816
21571374
171140160
171944685
10060635
33436182
203004188
188114229
40920170
54786030
189460935
157703815
36701127
203012873
68134248
38073365
117315753
10310420
32954909
36701544
32352489
68130300
36385748
207345972
215727051
36845679
41154258
148721199
20612902
48556600
137503165
138226289
15248193
203937562
575763
4393167
84884429
248684611
88875352
57696329
2299087
62252806
558403
25189709
84882777
176784970
181770296
160065929
8011019
73582483
36335969
247686079
497027
157711380
36705096
161249961
10591627
17000269
68547339
157713894
41095550
41094758
77957932
88911742
53974228
184651998
210943157
42843030
197673908
14813542
75581186
69025367
185206107
213589287
176855101
41883305
66833462
206241738
192017097
252565410
34553982
34563529
263102281
74370418
13852233
170924572
67180401
201363417
185669186
200982792
100858125
14082757
158248608
67240222
23404359
252868734
15443411
168959960
197417092
205008886
262792438
25123843
160208458
37927448
99072075
122094834
67144423
201856084
7412389
253235576
7949265
35496930
244299263
261825055
188049177
56267572
54756477
16998386
192863728
160788358
157708630
195623762
36331470
40405070
32890350
61254941
50769842
51935961
88911773
157708618
113117492
37170166
53033116
253264743
20589850
25122393
46449909
68129995
71718372
54824957
62256383
69544074
174091904
62254220
10165735
119386678
39156614
30807656
216470244
34555992
154720669
140292959
33652854
23018700
59481070
119319264
161916208
36613674
247264727
138318660
188045342
82442120
185863829
74419745
9999843
84583726
24018709
68134154
54926662
42194983
407499
253252845
230098551
54442827
225215571
216982824
32412646
36357538
73209721
23032448
181924718
558066
65451501
157708655
157708610
41931955
73104804
177780479
22056637
54624882
252853855
73583132
41882079
118796500
14084446
188109285
28445236
157708638
61251635
73169505
86848257
174565746
33008064
261801964
205984128
52782411
33108708
179799485
192322044
188048907
32408287
41888071
56693527
22031062
230308193
217123581
230010308
198413906
59579647
543346
32699810
87910889
19847278
124170815
35308625
253264581
157708653
53181193
19851512
48494221
73753903
57325324
20132856
152788966
69545326
21709408
25470493
20132848
190087771
63922308
20134753
163476345
230009710
23398573
217123552
181135364
195514573
138445279
157711346
16966101
55507340
14080484
252647541
24729889
57824860
261944293
166033694
68547296
20134737
20954153
20134741
20134749
20132860
77558993
19583164
174604722
119309082
31018563
174605208
10364811
41882277
69237893
97858185
67199806
55445254
20134726
42403271
112083204
55827224
187781147
192287723
187768435
41092573
216986224
31867379
68130632
68134168
35675244
73496942
252719705
54926467
261944295
129138042
68205440
67241797
174312442
20132846
10833945
68130555
74462326
23391998
10604918
23393734
20134751
20132862
86805204
67196143
64244105
68204993
158894293
177976141
68134210
49650808
174783743
108759479
192339500
187771677
157711322
191717041
74535753
138442277
135442987
63526703
54405593
25960568
217123614
130774385
230308272
31715080
25975458
67246643
37410426
68130187
52411803
199706231
55783512
23291958
42335293
157711320
189462920
66869284
57827381
68205005
91121910
68205111
197907252
20134745
20134747
68130421
72096013
20132852
9999405
45430621
215375025
138440581
41095686
48464701
64242423
157711330
40417103
12124484
41094801
194420297
68130172
173550219
230308493
230308450
63928869
62339528
23831828
41095865
33008020
28447707
68134222
24842067
68130034
13852263
160786893
20363443
263097830
36413288
53050325
33515458
249050992
20134735
30793114
155017273
67195482
112107682
171170814
67244465
64235424
16991449
19798077
126852904
51198771
195504657
101380284
10697614
21603185
117315809
189960321
190506652
226399133
181120186
197675050
41882739
230009754
242075361
23393861
74487406
54891468
36368645
108757705
230308315
14079540
183680571
32744317
27979320
19847597
242516633
68130542
20441484
194568236
182111122
176491779
42003810
58178552
20132854
153539123
88875326
68205003
74421487
58946158
152518126
150929462
212041272
32718647
54875483
1750249
38057417
190467246
54751031
12288804
262687623
14334575
4820337
5065753
262687874
252858758
183679553
261823505
98242583
262082108
163918489
141824515
36941042
179694423
37452959
90146904
84875735
74038547
70602619
31188074
12666288
75312885
36783789
14334757
39109398
36331395
68205130
262758477
35409446
67243019
262758475
73831713
32654351
177138919
252575387
247262338
213682516
71705747
74013264
90147562
128711511
5797129
25401456
262758471
158807897
101613041
199991699
39114565
60206687
157708633
259511796
213691975
248089900
100366212
247264829
74013620
157711376
252957689
68168895
215798325
58943730
68130383
248082607
66939861
57759344
194587986
59393809
119308700
53982462
19391217
41092867
58368048
187770405
192884045
55200923
8145091
213691949
213681668
262758473
68204997
68205027
51118232
53256288
20134739
19804097
48317299
215798323
36835569
15241166
217123742
27976661
48136298
203959054
50377989
15363710
49269222
30807690
51506306
217123630
187795745
20368143
82445315
64344201
55199168
194182772
41094912
242778057
41887602
248826263
19787385
213691628
7348467
41886969
177270218
10280484
197900573
41886576
42842917
21147385
14071717
42183665
7348475
20132844
51130603
73755176
53627594
42460459
41556756
28280385
36406920
54420919
160787017
7348471
41031039
68205462
118419924
20134743
77560994
72693917
219134715
10280553
112549236
51731964
251444691
158807714
77958151
23232062
56014925
70031920
62802618
35588264
160208531
43833871
251790374
53826734
215085310
25118837
19391627
84875585
248208364
68204995
51654377
174241216
42681205
144617329
68205142
252854219
68205010
3284717
19390976
263297002
20132840
17458868
67851721
68205012
20132858
253235301
147932031
155880639
20134733
67182017
207255338
54800985
253466010
10376231
253626688
52215871
54028924
229695564
71975965
174464765
134625490
130471153
180365725
54734221
229695641
39135119
204421305
31115411
71982139
143277064
247268993
55511900
214582221
20134731
141755075
20134721
51834802
184591109
77230993
202342949
68134214
252854174
184304589
109776146
20134729
42596309
41695084
252985101
13671276
78490449
19787231
72669679
262688033
179131316
169933503
21602062
52327122
243047214
42686309
130393700
43833907
58363736
222683722
194033659
54053404
20906285
73438422
54892701
38057745
31088842
50703974
39102508
66558623
52355007
50875380
20134723
43763068
54927356
77330555
54927333
100347077
159097533
170821044
195801313
66874164
190096860
161383731
22835470
113707063
113550730
100347068
113398558
33736593
261943014
72614332
51131390
48648188
52327403
52332907
33751277
174865533
262830238
5065755
263310898
133178184
72797437