174038430
88796575
29368044
195357772
174038541
34357744
421872
174038457
91773860
117106069
422323
101732085
23405315
176156273
422325
88792256
195660422
174038366
195660419
174038403
118221080
174038415
174038516
58176417
176118956
142517200
57160102
174038398
34357777
217181186
191309982
174038484
421870
34216176
174038368
23028871
91833402
140192138
206295534
37939019
195091238
23028875
118226769
408131
177947177
174038386
170083236
32223463
174038419
44596212
147763325
21606123
195091384
199685162
174038425
147762404
195660424
71628402
82006707
217181156
87250172
195357782
541175
187162132
254859509
195357774
174038505
51519332
108994581
83751096
50361812
68985068
195091400
124273782
40660267
201004882
151641001
91773862
155140620
37795521
195091375
195660417
197319705
174038523
195357776
262674759
174038539
51519279
116972186
169380576
163716677
36711111
112059407
21606125
23028873
36711175
196022959
205926935
187838671
130198472
41085256
59470895
51991231
122871117
32223973
124275221
174038402
36318889
130177737
183288396
204069151
541179
196022961
82391849
33457101
116972246
67607621
23028879
214611746
173449737
242092153
245772709
169380368
82189710
174038519
130177827
253072196
99045661
196022965
54799225
253073310
70624829
50361820
163147749
44596874
109853955
72944540
118275086
98575631
53806304
126306397
41882039
182558929
163148616
23028881
174038458
50724660
113929942
102609307
74452067
72165820
196005374
23028885
71967767
174038395
140579074
59518424
54797487
73766948
199732103
174038380
242092337
82008159
92902028
99045657
96291244
100285956
116972216
147588384
37795545
174038377
174038431
169380186
23639515
32225047
79680200
174038441
140560373
94952360
121171521
73402694
26652582
262674784
126305994
20461022
42620222
99839009
71967923
72527561
31517477
134412193
82364544
23028887
121172815
32224116
50724354
89053686
212610353
209377517
213561327
174038489
174038537
96934255
33454696
50724291
116972235
195341823
95864215
73669610
68985014
262605431
176580709
214611780
205501055
249387723
176150923
175847092
24181378
101762045
51519532
262605425
51121105
130198481
148732460
73402618
253076005
253076056
181979156
114688403
123442455
76153725
116972244
262656375
262674325
174038470
82939045
82939047
254859582
222608801
104442680
82391168
192951714
174038472
73402246
102602473
33457207
127554434
174038482
174038390
174038513
52254382
88791214
262656402
116972192
63675945
188229256
169380705
192951845
124275037
116972188