12533371
13828946
170098856
253357800
201562338
214757467
161903427
163703151
55605174
155106681
192660619
186578985
90985722
66452071
141244977
205941719
141255303
257787024
242618129
252638967
39820791
214496618
247666288
252711981
199532582
199945014
253413251
714395
168543528
243006528
161903415
244301823
253248075
188245407
121367201
178240461
713954
215788920
2297623
215790994
202475558
176752845
146271373
134222505
4464929
42230494
78975612
328153
192949243
225970252
147341592
252711991
713988
174321503
207710744
924313
3640317
217764405
689421
111418477
261801326
185654117
120165303
247666146
127692373
257843602
474814
172175801
44251089
212992629
48582034
210513629
207841116
17032440
205012841
778777
174606509
416681
460906
57047799
175151344
5023489
180399933
126742915
91343897
51285128
32907925
193195993
101296963
203945332
161961371
121620994
190502268
74217675
248777762
253413295
152568740
226186009
225267017
215560903
205279970
94344241
2345575
251551907
45370410
215109890
59512812
8495278
208685123
146272306
458365
248619174
56365313
145499998
212314826
2297613
184830475
160907665
201071215
56372693
100897418
55206768
77627026
582787
143144350
247324719
182096272
212314800
192665910
215789433
184242708
133712552
208192053
19421103
194769319
159695224
172871181
114036778
249168905
127591388
41161319
197624163
109577059
207841150
87834250
246772951
127692372
459147
53395812
135322588
252357103
96750988
261986381
116529148
99089541
215789437
247799404
105745092
175154949
90929041
201110873
263278416
252357069
145837919
261827079
50246119
77221435
161247659
2462905
55124651
206321473
130172025
1820059
161959873
207008531
167462118
253616972
113526295
177234505
124893068
248986052
772192
173628184
215288803
117918102
198768391
127031535
183481792
216285803
77721877
249777022
116384499
173911149
50246117
196536071
215789033
252079679
193045199
203476930
247287426
248773597
242871525
717479
253149320
217125619
160671700
198618601
2345563
580975
192950947
165627241
214908849
9859081
216462976
72206702
187853320
9859084
425678
204424776
898585
7428563
72206704
19932586
199527941
212185083
205326097
257753691
196572949
206335212
74943732
177207678
206907513
10321255
206560644
170708231
252357189
681343
146272592
207360596
8025966
190320416
113528577
245277806
145130736
248091715
152105072
458030
257844818
205160486
221228125
172905667
132302754
199970174
152561932
149767304
32907923
137130329
116377707
20875508
215788998
95941243
20875506
74571428
137250714
5771249
113526812
105739410
229696256
213712759
216933887
247446314
215789120
243083118
212993148
59597454
214692740
202961481
127338574
163875205
352917
217387250
198957222
9506429
250020160
446734
247922023
26043129
124892993
50579664
94277419
185005935
127033470
208097064
446730
36313560
206669782
254141992
204301995
111016877
127591285
212607489
208066667
179995278
581005
56814272
247656538
205809834
171095911
174580451
195888279
253097640
579658
171581108
257409935
143275127
54651366
24989404
178826874
215790727
458034
137250710
262977715
36953412
565756
77204189
116244761
172680895
161957996
252636708
152492331
253146908
163739533
136403507
252078204
152485734
215790676
207763400
262605355
467156
215789435
183700700
50579668
196196798
94416173
127031864
215790674
214731956
197878576
246854930
127692160
201385848
213589263
146270704
201385719
180723629
203231426
199037411
215788928
262977688
20484457
190502282
73174297
17924421
159814522
9859086
198957943
215790784
253104648
180746743
202604297
259310936
36501264
95211196
197628524
137592684
120183426
138180839
215790672
262977649
59356663
200646397
247346458
252079619
258215820
165084131
125644210
119240585
186704575
161490527
127033018
192950591
127692171
37793782
146271387
216226904
253293550
247406094
72332258
104557887
195343780
200923178
175157343
208192239
252062714
137440632
242482440
57782435
254083182
161630838
202290708
184242011
252719730
247799363
196193537
127591471
449937
121258829
225918868
262084608
185115504
113527650
105739408
230807138
225386758
183538722
208068818
253620299
205305881
137130781
235729090
210732348
185005816
49026043
174550444
222347108
944367
209613711
202025232
127591453
134222475
248343389
215789561
14518998
73688523
261809217
155800702
160070067
165038747
207642908
115254370
215730350
198867917
141248173
159871852
37793912
50574541
39358320
205506383
242076104
7583776
90117155
252041087
195334715
513017
184410573
208103304
137453990
197853138
172927044
249972059
178061478
247981840
163831173
216296903
198957228
108967892
50490479
189492457
192950111
196193801
176522805
143144332
200925421
146728618
176761048
136013909
215730424
41297376
134222498
849753
77220918
222408408
183538809
169887097
216724327
215110102
164331715
199242987
253406305
242136890
205696481
226973954
215789894
261980042
32220115
531450
129138291
187836075
249704007
204985083
174558169
207564285
212563590
73384916
247334485
14996966
169377627
71980322
242076181
247480301
209421912
111016573
215767507
55284307
188196798
105739845
160308503
215556723
172476564
124893006
103596493
248224125
164815005
243084997
23541940
75432544
199034871
112190143
179970059
178769508
261946712
13569012
183223747
104628478
215788932
215789563
214189214
253398324
217490020
190194745
201308428
200848490
215767570
262977699
262977673
39173488
248293281
222394194
263207860
149362301
252892383
3308303
90116524
108968422
169887115
50215074
73384923
44860160
58708315
77222513
213691845
214893571
188714215
10711840
137256786
200849364
242504908
206145337
6009817
77204009
187608855
109295437
109861935
172476124
205707850
194404757
122521442
263418125
252079982
253421173
262084700
260968006
127591351
252645862
111412325
195303066
127591394
242436226
23787139
255299096
247982178
215789746
253398319
198957656
221226936
262977662
214189307
263078585
20489589
194807016
249610623
32220400
22304759
77576198
23424913
48981855
146272524
185006124
160836747
25201014
48980010
242076238
208778477
195292029
195335594
195291841
181461004
249939047
165084912
185006038
112791263
217385984
205010294
174608347
214582201
230809056
206474563
146270213
250548977
108354903
119250458
194848003
248343409
119251586
177207784
252040160
21884892
217125678
202529461
127692413
250736497
216285769
216296892
253617051
217490018
214582315
198955500
246855316
198955689
208074668
604963
263104512
253113363
169887125
169887109
204416889
262664318
249610637
185433762
179968425
109393324
195656779
104558560
77222850
76544354
197866705
214101671
215548577
77222708
137249891
174918778
206482140
214930399
192113497
207645933
263413050
119313669
255298845
77220996
198102805
249945439
202529536
212563918
217125674
201385925
201386009
249654058
173658029
112193866
136978759
207313842
246855368
262667512
250875888
215723204
215723202
216285797
122521444
215819233
149520476
249700202
185006042
222398394
184241874
242076233
192950585
262656197
198524180
56826888
252892332
2268287
49179795
191267682
48541472
113528470
137941282
179210874
199646959
251984721
104557687
214189116
171581187
176933412
178603950
178056592
42203126
205472030
101932866
77222078
190464135
179206458
214930428
205673366
206360070
252638074
105320293
108355428
208559452
127591149
152628852
262466354
260967742
182975950
116532001
215819235
215580060
95449680
262525535
133151873
250392329
215819170
202604345
182300919
249856043
261988176
176260442
82041445
25200432
249693726
20439588
55283091
59597441
171220176
252892338
187946582
181998059
127031918
138227586
144207405
206472480
202639160
104558562
242178734
213716338
115254510
9750220
179952260
178109265
120183233
108716646
11125633
217385987
253407019
198127465
214753105
215730348
207503035
137592841
212961336
252135572
252649408
201385916
247862393
22557316
250549003
195337553
253113353
252719704
262701549
174248127
263104532
249610639
176080930
242076111
120471705
20450242
58709045
252892340
205506313
177138870
208779879
246855279
150965763
198957342
120183431
445990
242085607
77221464
177140527
251984830
208192259
22650142
81514133
185006095
202604474
253166228
214912898
213707059
215556721
216285745
203231581
214933041
193718160
252078209
252078139
263413046
127032306
212993938