96687581
106365090
215699676
199039045
3283713
198285071
72851577
165150437
94906643
49716241
207852933
84565498
190757829
212213035
40933977
114275086
11735262
4423761
172175811
216090603
8362423
180226001
174855409
48963107
253275226
254037824
485896
197920649
248591413
777517
67716349
58413506
41258325
1651891
544500
446389
180225969
91273553
39322176
84872572
138504577
124767700
1339619
403156
190096449
207336563
48481710
220824750
542778
88929189
84872706
141757455
217286500
609182
44313140
10576702
25733769
204872822
7887140
9730291
438733
72123317
20743148
261839651
261983518
77627254
24188577
212484249
2621703
201161517
118208802
152568730
137502383
9729340
181914445
41549140
183720563
1651903
195283643
331477
10230823
324913
48481704
8123119
72851574
221517170
197652232
217286423
217286433
217286487
140361639
1651893
260933326
76053681
204419581
93374926
59470972
202780476
180399927
15245890
253393403
20731616
77627250
951196
1826675
44433390
49742351
7887138
77756874
10303814
185198332
190827318
208778541
208406265
52331717
138504795
340952
10303809
80358850
213886882
72851561
174012890
32217316
7230367
208783597
158775136
7887142
207933269
72851559
596344
177757924
549906
55841941
58973819
177860468
15696473
196202813
59132139
56719633
7703755
229802161
32638313
81237380
22648247
171581094
777506
545105
149520287
247878776
183719409
203001020
257855996
63670215
196161707
190845835
7171977
405015
423551
10104430
208778529
198523077
22631280
196488195
196200893
252389455
29348865
60393181
252389433
72557131
253471962
201567861
196148508
80900187
207933139
1826677
453810
212213041
446040
80412715
9688936
7927473
355848
405012
19388500
42459002
54041011
871612
9985027
9798606
199106318
1535497
249778329
782269
204873594
198262364
247294038
217898111
72558006
488396
87045685
198523252
8082265
197417880
174012989
9800024
22652455
76105962
206374759
24939016
10545067
564919
204872047
60392004
170998866
215136364
201567907
186606680
206483142
36710746
47799408
146225855
436921
324892
207189466
782262
471811
629275
48719903
531833
77627245
205684410
197499851
216204609
777511
10735342
217286490
1516105
217286535
136482761
173402459
196005761
71289215
114732782
10103635
140579176
215936195
11264712
1619617
10014302
248601842
247290025
249778306
7226283
14304332
453794
7200491
171906570
37793574
410317
9982718
45613736
201166686
206488559
876162
177782268
339308
41062682
192020511
68119457
40933973
207278030
534765
262826523
48752639
77627257
249771927
345779
190843524
149520283
60391888
7922974
37880229
208778535
1038492
188375240
260686022
252389446
40781138
2777821
248634865
196203030
173206660
103474437
169594172
207289201
252389444
405021
198285192
262653469
153518813
217574364
26412691
2621701
225195096
208778503
192288289
196161518
137501914
83344595
199973062
82923210
204419585
1651921
103798535
180320299
108946290
10570557
248583364
782239
146270243
247883799
102770881
72180978
137503464
225195190
206483270
81225008
249798826
9859796
173401092
403665
225195188
56878212
225195088
204421213
201427176
4953183
7958609
59452262
212324229
6840767
406355
247401594
206251527
52800355
418959
94903602
208913642
77702310
249771925
192169244
165150363
418954
191362454
67240858
9799007
93058216
201569006
140143674
75813207
247289987
472010
166545503
143780165
9729980
23436051
169606471
207563655
531884
13979495
225175192
247399788
214515033
248590449
253169114
246772995
77627094
108946186
7887160
777283
37793848
207699263
52797505
242627811
169376048
216283169
215725876
7924784
108877709
202853986
249083680
198285196
90116517
199978265
77627096
553273
184073204
77774784
7148075
197951735
3750483
114843616
1038490
261808005
137129360
10103838
217103285
1314617
261946941
475779
43341751
248591357
403510
1574813
104539918
248591367
351737
22649480
261946948
48981814
20483798
252396462
777277
10424575
7985167
253284237
10024036
180852235
629277
390537
31515749
180399929
191978088
249662712
247722025
171585969
239182357
248643344
569293
173561992
200004696
20731600
9800964
213937035
72515451
177860458
177921171
219410208
75991350
36851408
419050
196202328
205007809
205602056
252079491
1826673
487348
891752
7229553
424196
1651887
174010420
176080829
215560744
527657
107452308
171905475
248133656
355865
177886232
236005424
72557808
544955
403632
26598910
173566022
249576495
137502643
149520281
9808242
9859644
471991
9986616
59417430
202258760
22532177
202224817
102766399
159380785
188375831
355834
262884312
80412718
249570694
13172436
472011
22535808
782272
205698831
205810043
204873175
111726386
47799416
214651505
32748093
407485
7957782
170270155
198231123
173788044
249309677
108943054
57707231
47799406
530303
192288763
36709080
10012600
26293598
249085266
93270141
197925884
541158
261839348
782224
215725874
355843
136482378
249576574
184071811
193643300
262984226
262990666
8998349
173205427
214933045
246282714
252882017
225386724
411555
546706
260932575
203200645
248799410
195990578
108877704
263085122
25200134
9977542
181461430
201113964
39358082
192582926
249307525
262086443
207908725
201592023
243083136
176784962
249309632
213937043
41868795
262037911
207360199
108877799
7958295
248133791
193976644
167530446
184628551
35411148
230323517
214753088
9734948
89000430
10028616
202996395
144589549
206251516
225266634
7184573
253322933
206334965
1826671
174011140
179686425
201401524
248704565
143206897
225175181
119334767
31941305
205506513
261114516
470238
7955649
9688934
262045851
173904421
36425573
77747297
217641607
63035205
207360924
209176018
104797543
146271354
47799418
3630863
108946336
205819623
169377335
612172
200976631
22534569
201161677
173206795
165627370
257855866
20731598
248700571
254093097
77627192
201355068
183530792
4503887
41015672
75441285
50330250
225386423
472054
33030548
14295984
418911
208194491
196203180
184410427
203000435
107430399
108942736
190553941
248168819
248799631
192287962
87631883
205696260
206637025
153518803
75441245
40799652
167019535
185654070
207362552
207360917
24165473
472058
248704573
108943133
207565899
137486319
472005
107455285
1826653
204880797
84872488
432314
106991197
540149
146272286
167462179
75814342
879884
55284157
212564438
355866
207565691
261946944
72507786
99436287
248876937
564918
206481100
777304
149520448
83344466
193703525
184095904
205506519
1826679
436251
242070358
106348342
67073101
260932568
72508021
177860472
188991697
249330707
248799946
207565895
215146549
75441126
215971376
252396458
167019588
22534815
214943070
249570763
54865801
84872563
214930568
262983715
203428483
253393604
206637525
204879395
262016626
252674769
111731535
108939266
242151870
7130387
217286502
263209015
263102319
262890895
263023030
177921179
197155189
87631874
22532687
25980161
120471743
41875913
9859253
207360913
207360782
207057378
204419623
207196244
263310888
203770558
149124571
262983902
249766505
249149633
249570019
248697749
248348588
247960751
252389442
225195760
225195764
205698816
182845304
214197509
109776165
248799408
137432363
205807361
252173580
10104250
247862400
108946297
108946272
205037600
196201767
23436666
141513810
184082463
36710553
33030586
22532019
72702395
22533110
48754289
70415991
262037873
25190928
246208401
263063963
197119837
197153754
207360630
207360919
89000438
1535499
108946168
201182403
261946952
37793949
251520530
249141675
214189320
209606038
206376871
205694786
206359402
206477760
137439970
218754647
249025811
253367925
205602375
247935553
184097307
177615368
225211183
194583140
252389450
252389423
204117128
177921222
263273297
146224949
262687252
143784251
214944359
207360756
207200769
177339255
192586712
193976676
32711815
217778910
253160915
143779374
249220235
249135830
249307779
248798889
261946937
207356448
1651919
247935547
72851536
213706972
1651917
192358856
205508542
225195762
198725089
252103896
247935548
253461450
573953
206354978
255299215
44183713
203016587
108914309
214933088
208094168
35309186
196193643
225211179
195322867
44182712
217286482
263099830
253110371
108939004
247446304
22536093
22535316
217772433
248360161
208408644
25189780
450034
32013028
192586730
72702326
1392969
242070709
260928432
20491489
207360795
207360774
212065196
207194056
176734474
263063921
214236489
261946934
217286514
263354900
263336548
229698280
262984005
248800895
248356617
137503476
230202408
192674328
182975996
263415803
260928434
225175177
252632652
225913532
251395475
251441881
261943088
247956224
108946215
194525860
217286533
214582241
183520179
215145720
242152255
225211188
77757293
217286510
252389434
248891718
205506468
248590416
146275283
163739605
73668317
77627101
22532376
37945993
22535810
55282277
71682364
160814554
198102745
248590488
207195209
207360817
207270283
205034685
87631870
184082065
192288067
201390161
136482598
251998033
184076153
248928284
249309752
248162312
90527671
149781063
221238223
221238197
246283273
205286953
229698429
214732016
173205875
216213501
257787270
247935545
206637416
185435424
253145987
108946250
215147269
194199102
127692326
108993943
242504926
197604925
263104546
41875671
48754314
74451463
48753701
216299564
127032737
213937027
213937028
197154088
77323608
253110451
173399652
207360664
207360907
207034817
7128185
1393001
194193123
203842594
261946939
217286512
188489942
253168573
249112145
249576845
248800739
220677463
263333533
263304027
471807
206481104
137423647
205809469
205539837