35801894
14546174
88778686
202643882
5759555
10294713
15129064
209410127
15130998
92810596
193482891
175567766
25632864
198964493
90111076
163638944
11255061
90535036
90110828
91984225
14702014
15131046
55526989
96584087
47686167
90111084
8152632
187836710
195863849
14546144
153885018
202644503
202644731
36194400
68302421
91774473
202419152
15131099
14544640
99140019
95090766
73569186
90110867
16555810
202642570
202643082
198965649
15129203
187836914
169380372
21606136
202417610
73402413
11741705
202644958
187836728
106807162
196025612
202420814
138904250
90110982
151509433
144756463
133039267
202413597
91773672
197180025
163581011
90110843
14549282
90110983
204337265
116695499
216283174
136875033
202645036
12406099
90111044
90110957
199973010
187838163
101265532
21606034
140131529
9345697
147715226
90110981
171534759
90110850
162211976
202642785
21606083
14545632
247730977
187838465
90110953
68294189
35674575
11652205
162211686
163582261
143613866
198932212
23828537
43131188
56539813
88219876
160404546
21606128
171534087
173449975
208275289
200843767
7775954
15129232
122872721
80946929
91773821
90110874
90110840
202417976
42619671
197065071
198962463
198967131
42619432
117786134
202642957
90111017
57885706
15285882
122874054
202418998
102262042
14701979
130785443
35673294
56253933
128325864
198964062
101361023
159605385
57756370
198965552
80993369
56493712
202643813
198964202
198963609
263029614
204432067
177217112
198963826
263033439
14545797
23631058
48012513
95002304
243080512
56507185
90110833
91773925
52340194
247730802
195871141
117811567
209408974
202641543
202641389
90111150
98726216
55672456
122436701
8080540
158811179
67012415
28654895
56511141
49203836
90110940
117646398
151509429
29837025
198964879
80947470
106766861
202645795
133064406
137995516
87227341
14548473
15345829
116749337
202644655
56229210
119386622
102615136
197182561
198965869
198965157
177211736
14544755
90110941
92818056
102133395
208273888
193486002
197179690
198964473
20702332
128439383
198962949
14548492
229805581
174558276
202643864
91773998
202644665
175567756
206254538
28640035
81577036
169266868
164541875
163581362
162211756
197066603
52198533
87213401
95002160
75792646
80946928
132858789
193707203
262674396
177228149
122442685
197180734
202420398
175213344
187838964
202420857
208188459
92811440
144465921
133062605
122436753
143951674
187837381
227135157
209409967
122194863
208274981
208276626
198967075
197068262
198962836
198963903
197063252
44125350
69323546
97925716
263333966
36559290
68247651
223973815
202420879
122870618
139171405
133050185
179967686
195871419
168610694
253278058
210436996
202645147
191349972
191621113
248646959
181668430
197068654
198892674
197066751
198965666
198963415
263035971
263065703
192851592
15286951
96584227
15405231
95863770
250731194
133053054
132858201
132857935
195871268
202419388
248593161
115323721
253397837
133063802
139171418
92813126
205886092
138824121
144339574
253891392
262523663
262674573
144464785
198965137
193482387
198966331
208276989
198965478
263333997
140132132
263387994
22195024
14547643
14546430
14548362
214927455
243080615
243080599
130786726
247731091
243080497
195871214
133037142
252006120
144220812
187839146
202419240
191365394
107004904
202643579
177235976
144448726
193483827
197067077
198963738
198966761
23635254
14547259
51991836
63855937
90110980
248595150
144342276
253278442
132858960
202420878
250061438
249035608
169266859
136873069
229808868
262709052
144448674
263208606
198965868
198963801
198963366
208277183
202643471
263316258
263334039
95863825
25981138
11254787
51991813
187838490
249035323
248595024
202418763
139816283
133065124
132858770
195871185
187838197
249035133
248592704
187839549
199242972
80947556
260804836
164542310
247730468
80947219
225957792
187837341
252566574
202420505
111680160
95993849
202643453
262674873
198965439
198963108
198967461
198966966
198966952
198964932
87296337
23403491
73766842
14545198
90110837