197901949
105614582
198456277
198205922
198089172
88785186
109262748
217482599
98025617
48984482
105614583
117927662
198436840
105614572
114571993
44126027
209119969
88782598
252858255
12491220
252866498
104842835
137672289
140131562
133828958
98023868
117926849
44620606
26657742
245764787
144465707
88784198
217181901
88784898
111287737
241758939
15362455
207719881
97513366
56648634
122522174
12491211
200686074
63182951
208065428
105614650
244301233
168734030
110378999
125089904
209104351
1585803
188711476
160850452
160671826
22095964
199898966
173449706
98025509
22095970
245764696
473149
56636600
10073854
110205805
473105
202641335
88785261
145562862
10073856
140131970
26505959
31513536
255427631
95141829
147663107
26344507
91773360
140131545
216197864
953855
116167257
110378715
187852815
15257482
160369210
200686014
110378343
212565088
79003628
207354596
34357560
189170555
473144
77223333
106364577
241043646
96027808
122144732
130437330
44108236
12636121
188935178
160369147
188711665
188708421
230027644
110378872
203696924
54002609
68171092
20243518
197114423
97998009
188709387
36131194
168729484
160369234
248759566
96552675
187503592
98025350
217642577
101876118
127554178
25072178
25072173
122829046
197535159
142061938
89427841
227179277
14484613
221268780
188708424
91457894
140131998
224563232
188656169
36131203
216197462
37972852
80974183
112440997
148865161
34664245
152384804
118258361
10760263
140132102
148668143
188710213
252858010
252861460
197182018
139283740
198078913
121176462
48012259
200684351
118262226
190338663
193890582
12491205
44433362
10073713
189631823
173450096
169380538
227179203
22761444
161212041
262388749
26549386
13890834
109957370
248223996
215983030
36131196
182485530
96588074
190239198
122873840
102006163
212933617
160369245
473129
202641780
96584302
116194589
160369195
98001896
23627757
101264658
209409947
50268540
98329423
253358694
1585791
88783617
188935683
212927461
81577038
124635311
145563096
96574247
25202122
122959375
953863
191429615
188229252
48000070
197179651
118264360
143451992
140132111
145562538
127554531
127554177
127554368
22095962
81726253
188708545
2292089
32118016
98022710
96574350
202644859
118199271
202643084
30028961
159687515
133669047
2292109
77182520
173449694
198965711
198893093
198436111
120542664
23414422
138536229
203586612
189631715
120673629
34768470
110378254
98025248
183376102
88785046
15972560
116165963
113929990
1585809
82008154
106539914
200684781
169482722
50608011
164491014
249288971
160814749
72792834
248976513
156178386
205903956
12636102
1066570
73402544
199897646
199595733
98010061
156178381
118263936
161960239
196241243
31705756
96584688
473185
26149903
82939041
187209644
50268559
96556616
473175
122144086
193484320
80960627
53999547
170981772
133069687
73402265
118257766
198078707
156178366
202238611
67967209
82389290
96552097
169379686
34705713
2292119
77223296
37153091
82938802
91458028
198962778
148541904
198962574
216475997
12636111
45185384
188711863
199897514
97991133
73402529
158492089
191357896
118259037
245764779
247933155
84873921
473186
202644987
50268563
68567688
248923116
19448168
247731084
73402447
212610359
953857
147665921
13368998
215217533
100024737
33455616
77223262
2292121
2292099
492633
50268571
4486879
197067737
208062206
45188326
953853
96310446
144756091
145563423
98025645
117285808
160827829
200682920
91457781
50268577
82390271
112170950
101855600
200682436
110378455
203586186
116193978
73402104
114571865
97491392
91458032
96553375
547209
188996053
188710567
215983469
109959940
92766140
96310124
96039632
111287584
86382760
165778809
132858557
473127
185439163
147260425
150646636
174145166
7451777
199898304
198435809
217727636
124543427
105614633
54614549
200685760
1691275
252862391
25072251
44834577
197515289
97515166
118260316
55237271
141764332
116959166
115921839
13885951
160802022
117196595
200685786
200683386
96555507
25005915
25002674
103869927
96574307
119315440
139422176
248647230
169380229
248647248
248648633
74036148
27573091
35447324
34768411
25005956
23414348
96587188
34768502
248648611
195573769
173450055
158868456
260438884
122522148
123442631
96904487
123442647
235853835
50268547
153407511
202641502
202643456
262674714
202643460
150374473
26613406
91457979
100050299
152384879
50268543
953865
50268529
67607638
208277859
198965164
198488705
173449844
200683794
176580919
4503067
168518804
168521880
144338146
216395439
96310241
55235696
15361724
88783956
201475719
206665184
127554407
97925348
96310896
187837236
244690375
136798857
187839293
112603016
199897718
111287500
214742181
216936249
152109701
190631572
187839480
112441997
147257215
197506513
189631579
200683229
118262168
112139712
70803637
249290260
112440937
188711791
150646770
253075212
117074816
16458082
249896769
98011092
114572138
96574311
191366979
139425359
145770109
200684624
15259967
127353365
112101708
225386369
253365839
200683147
4059197
103539909
96546724
145981350
96586051
74036346
96555698
96551898
96557498
32223559
96547412
180400761
34768462
262674617
202642345
122522154
169381034
122522111
248646733
184698217
188383665
96589229
96586987
174113306
77223309
119315090
125090282
25006124
96574304
96547355
74036344
25005801
50268555
50268569
953867
91457949
15613350
150857974
77182526
208278518
198487029
198492525
50268567
247907071
1585775
1585799
263392259
58128496
77223324
188935735
201475973
187838061
188831948
199974724
166397789
53029511
110750268
16458091
214911097
96904271
152802200
207763560
248211725
217207926
118262860
118260982
116167262
114571998
147854696
253113374
248741800
15363056
216936230
217215838
1691271
197505203
197505651
16458150
112441198
247730823
188710575
158628154
243004364
148045951
160799933
252589614
252589181
118259288
93331446
124273807
261876945
98863762
198520889
196224428
200817764
263208284
1993395
262674466
77182524
97517430
145297816
96556095
97470076
23376936
116878182
147142922
2292131
35452205
123442069
25002959
101264971
260438924
96588216
75405571
25002990
96575433
82390530
202642755
262674782
56650608
262657644
262674587
262657676
202642410
262658418
202645063
209409492
202644762
202643489
122829041
188383652
156202192
50268549
26549374
150860623
59412486
248648775
68169792
68492510
63186566
63180530
208276016
242729139
26613053
96587301
198555466
260925444
57837342
20597606
144337013
206473411
1585793
181217645
88785122
173674324
96553474
116159347
187839532
21266720
127554145
109260915
187838388
187839352
203586971
201477452
187838665
204289882
217739914
187837408
201355083
217714312
131178453
117096159
191346213
98022791
116963321
161960257
117929823
15972444
105614710
127354090
143855900
114571937
242487475
31994554
87942570
197514941
212927840
203586797
133830138
174837861
205485471
197514381
201111101
111287355
202420805
199126581
197513695
147665196
187838109
162752154
133832811
124887410
168724615
55363907
200719028
155242340
115609314
182318034
200686722
188710675
118258025
218755053
247933186
263255243
263209562
15972691
169733118
262674643
248646788
96588224
25003730
123442166
82939037
73385617
34768440
96556063
97482684
82390389
96574309
96580376
73385619
74036395
33455602
36317125
97470060
96558208
39361116
177971431
24441255
262657672
262657648
262657652
124041326
23404034
96553413
12491222
158868428
202644255
209409449
152705464
151950871
173674315
160814751
174321586
173674100
248325926
151950786
152384861
75333224
26549398
123442649
198966223
198484239
198966869
197179986
242650587
216395861
216476002
114685632
7724841
235853823
235853834
252787952
244690984
12391718
212927313
162200350
187837710
242479514
22761978
144045792
247731206
96310130
18012339
187838454
151570251
260811903
248759828
229714034
161960283
259487253
187837703
112441953
118260312
118261645
160802199
125603725
1691277
112441743
198435653
131365458
243005105
248211728
252589599
36131188
262746096
138385719
191331091
200819503
263086814
248543466
169381610
50268553
91457837
152923938
225272939
158809769
202643251
200683998
97474334
202643943
202642057
38111010
262674510
262674692
262674343
262658429
202642396
262674264
209409909
245225501
175527319
197821281
25003208
102133389
48000119
15972494
25006088
260438936
31519308
35447508
35452246
77702560
96554168
146364996
119026679
36318570
174008093
25981728
73385607
147977472
63924877
197182179
198966410
242635766
260438890
48948361
176584758
262674641
1585797
1585795
1585813
1585807
146493349
23627887
263359561
199897470
199992731
140717868
166397875
36131207
111286530
199898487
187837627
187838637
201477244
188709877
87943219
197505429
133829548
247718310
208676465
253892557
243008419
116166125
112441238
118259516
247718213
244691392
96574313
140131937
140132253
252556223
262658433
209410019
209409487
202645601
202642490
262037956
248646816
202641918
202641848
15363453
26613217
263103763
96552213
262674727
34768837
262658435
262658423
262674274
262657670
262657645
36318524
35447398
23377361
96547358
72606344
101264969
35447409
74678458
48000077
124041214
73385609
119315357
74678413
23414220
35452215
25981074
25005840
107005279
96574509
115968807
60404911
82939033
82939035
173674317
173674335
169380297
50268527
68492072
51511720
75425655
147970129
200819062
197180697
247907005
197066425
198555112
198488571
242729111
198554573
198548905
198964188
176580800
216395437
1585811
2292079