520128
92004142
248789320
107427984
91985684
192908904
91986410
203204665
260644117
95039338
95249909
91986204
91985370
191693662
59297342
91986143
91986260
92002615
2246741
91998862
91985488
2848369
73491876
91984702
93296940
91984949
107428039
197821211
216387923
192951161
129662401
91986133
92004398
197821201
54423046
93296694
91998914
248734242
93296540
35859725
93297183
91998865
209390537
193758161
91998869
91984693
91985575
92004389
12517804
261798430
91986123
92004422
91986419
107427973
91985440
203422772
91998955
92004434
91985932
203422664
91986732
91998730
195472263
91985424
91986228
91986700
91984590
127591550
129662378
91984868
91986691
91998948
248554860
91985013
95250516
91985954
92002758
191779654
91985585
2465097
92004148
91985362
107427997
91985387
91984608
93297412
91985472
91985442
90411001
91984576
93296804
190252485
91985315
91985686
91985500
91985164
51990850
190252130
93297045
91986232
91985133
261157184
91984716
195994046
91985431
84304850
6553739
160268757
91985176
100384446
92004150
91984977
91985305
93297758
93297106
93296967
91984957
93297952
93296943
263208151
263098464
195283758
93297280
92004077
91986198
91984742
107428007
107428005
91984887
91986578
91985249
91985331
93296672
93296679
93297430
93297546
93296981
93296864
95249927
93296945
91984671
263394944
129662392
91985392
93297085
248559420
91998826
91988254
90522549
263098545
90522089
91986463
91985417
92002722
91984874
92002595
91985960
91984623
93297924
107427995
263450692
92004169
209390342
193000383
263076979
91985441
91985977
95502666
95250463
93297100
91984605
91988557
93296536
93297450
92002648
91985359
91986066
92004082
91986110
91985891
91984592
100384076
160268739
91998998
263098474
91998838
262706720
93297031
262851898
93296831
93297697
93296642
92002641
91985971
91986275
95250747
90301149
93296999
93297361
92004391
92004215
91984889
129662386
91986170
195994107
190289240
207194560
107428002
92002627
91998957
91985150
93296877
92004410
93296874