74021317
52788072
1476937
70016692
242310231
109765020
20520720
14136016
5154511
11371249
77122341
116397449
77225336
378448
262976035
1353607
77105810
253089417
215094407
190707619
131843989
40429230
997535
52788074
247853680
51348621
614854
201693198
262792222
2186589
207195954
241782506
77539097
119528734
485307
204622226
117595301
114447389
4940263
644081
81499974
191148972
250549099
55064570
148807961
201693190
2364813
32917245
22321697
214075601
5743603
114447395
180225973
5067153
203810972
257846565
249881922
38417861
2879381
7823130
103807665
76286239
11193220
1363731
77324122
1204911
7544175
19918277
24997258
193736964
191948980
10307395
842650
23427073
146274637
118666932
208634730
8009667
77220770
148808029
77222639
190707645
257846483
225911350
2569529
193736846
193736956
207494295
125941477
147294868
147294760
1190891
173449244
190707632
146226324
20433534
257846754
169379513
766386
1953607
257846710
4953065
1537227
121744390
193736860
461369
1739193
105739563
2622191
110594192
36884774
10006876
11656635
253211970
174413651
1034310
605127
46544452
4780899
188229153
527361
252892308
437676
71353566
550456
176752872
512977
96009637
198584822
176752916
90116376
193736952
215730561
192949257
185006451
252357175
246851528
24989402
252041567
193737000
76152340
427533
208630357
252182807
241793441
971763
241801862
96175528
262451719
193736858
193736746
897981
77774565
576763
461401
194959710
10123634
1376393
241798276
193736848
193736840
193736636
381239
74571950
197203127
215152347
582417
10589014
10277498
77221068
253319013
90979962
10123636
161245928
215090188
90893294
2033003
2033005
601244
2033007
2033011
2033009
192950353
63096462
181379267
241786526
193736976
2540553
241799584
44976197
44976183
380057
395444
6463397
4533945
860794
104557745
195840834
48758275
103284675
6463389
42459040
193736928
193736748
1892785
193736864
4605909
347334
1668975
115078649
193736968
15423421
249089693
192876289
15693077
27612073
2166923
253620321
66751364
6313617
188147623
15913448
260435019
3802159
22093849
6279055
203422494
176752919
76756826
1934493
2882653
455396
203811961
346553
440275
6845777
56691187
15446624
141333735
576365
196360947
208097060
7440751
2202113
417294
253312779
514185
2903581
713918
159388992
179206421
70415989
159918188
208210995
1197141
5743605
644352
146272038
59103871
107348362
253070870
55283772
252892389
201308260
15913446
113526007
209603450
152705186
133864885
83619848
192949916
104557870
177860417
171581156
1225879
373880
77221786
104557726
5745755
193736872
158641028
247298470
242075904
204394096
595951
11258656
160671795
180399939
246772825
120183901
49377996
2329597
7440969
2903937
335598
48035341
6512145
191726697
50430908
7964827
89315536
203204608
85923336
17954904
7644463
77578506
252060040
192950173
202961541
1831635
253129493
9829976
980698
101933384
179764571
109861959
355189
44605052
1734397
397096
205917252
72882556
35720776
599991
248723620
215976498
453292
214508689
252012410
466686
192949860
528908
25886839
93297792
198958109
125644218
400200
53935749
74216601
2216865
101932574
392626
453847
363811
177860425
113526845
204622236
53871520
48997199
72882543
1016778
543994
996947
257863131
84950562
712677
1577255
512972
1742013
55282106
169363251
8009430
70337160
585311
196054915
644071
21031786
262765979
89315101
832287
1471885
46995659
260435015
185645847
644069
3023401
412606
253293514
528905
1363603
188701532
2884151
644353
201292968
48541700
466685
1565663
102405534
89314157
65028130
53871198
2141119
76656769
227751937
1359797
44618901
1197151
5743643
204301662
1936863
10123632
195815335
151950340
119642717
8009307
123830495
963057
57520299
919004
194787140
8093044
248675396
195573547
6313629
963055
247680394
896318
967552
2879379
2879383
917972
860802
121614104
1667457
104720787
3211397
20647230
417903
1405575
194595089
5743601
94277367
480216
105375450
172024866
106150873
77220793
101933144
47273267
210524093
200673171
194568662
1031924
7003393
89315836
262905505
606171
15069989
51618082
416908
105739293
650526
359848
105739289
214774104
54125696
11656631
101933006
41263276
210523658
478470
1404169
96200974
184918824
23427345
229703529
42966080
48979641
116121530
77220891
89314050
89315042
110964670
36131992
192936148
3085857
12709443
261966469
7450089
194585476
8176561
225201245
89314327
229721575
197851795
868911
7440071
104557690
210137735
77221646
146274565
194595087
1731757
247938490
208117257
116904750
77221498
152705188
832239
361666
41894597
427529
77221629
50430910
109109654
88917435
101932685
558304
204302052
6912387
49066799
158868303
260435011
121325818
641872
7644635
692131
77222182
2903311
585798
104557528
253488329
435824
101931570
213467472
50269851
77221839
89314919
119531456
162714772
106150840
195854403
217386205
159646237
89314574
137456647
95250688
87029629
182603733
36301715
644361
251394908
736507
51600472
12416721
197821127
185006371
253323965
2203995
135754403
8286958
89314915
197203117
251277700
2202107
21143106
146272400
444719
191948777
36710509
104558056
192862927
212992648
104557697
1016770
85560009
53826835
252892415
209379524
252762629
179546062
193196008
262569332
127591575
192880222
187619749
77222784
222676612
542669
77221323
105739372
35355714
95250129
208117255
77222105
77221807
101933088
7865883
41025068
49185456
248176698
176752910
251278722
821895
196180794
137966102
76282194
20647228
7644344
193736842
2881423
89314614
400618
19662194
366070
262758763
113001429
261838643
597029
58709068
146270186
253152817
77222714
262344807
654724
262338123
1069766
38143355
345768
3046029
1731761
146272383
53925305
196096372
14053726
891268
194769468
438540
966548
193196010
53770277
243086185
2983967
182992888
1731753
194585474
71683052
2829277
469327
146272012
3312909
203583559
53935875
195560425
248718833
358643
53776065
82996529
53777123
251550462
253620323
74811076
5737111
251324732
262344834
159814582
76781513
1731759
516856
77221159
91985144
2282161
72102348
3151419
77221525
53871115
201386020
448608
179937602
6361653
12140863
195623175
252354332
249031414
104557755
251551358
262757653
40549528
4780907
126808278
53775048
11286556
215795213
72298640
713915
831433
378838
137466423
194595164
3566037
178831354
77092386
53770192
44858628
44858249
197192803
184332909
159885563
77221227
189920377
96009622
77221252
212992298
95250194
127032528
602911
84870597
182603709
89315154
77222239
101931734
53936024
251550213
204622230
351930
1647125
91998852
207333338
103807653
118877606
193002718
195660857
115303121
1069872
36710502
137375003
127033439
186567732
195305057
84872807
247998643
210514147
1582083
193893272
76781407
393435
113495430
488202
873364
205506322
212992278
77221866
95249859
249892254
340052
214753148
262781917
67966412
244174225
53870846
110594188
159481547
32635444
405899
5829047
210524081
181713966
194568660
235698387
104557514
55182985
253298356
253311645
161456071
77220782
105739374
259481575
625502
192950396
247446323
127591110
215976500
213816867
355936
146273784
195673101
121309884
55283827
2922305
203843836
62669556
75581892
95250139
214516537
438594
816888
77221223
77221342
7826247
94277435
601411
106749678
803609
77222791
192811122
8008540
202961355
43117969
14616757
101932913
243240787
217441359
192950348
89315112
77220954
198088411
195623185
191902083
113268099
181379281
105618977
101932853
357660
16382534
483840
77221013
212992654
195840741
263097613
263086146
2180437
77222164
91998857
181754779
215557004
77222537
101931903
195304891
101683180
32636660
121317566
215548549
160787200
194773083
89314072
106749720
91985403
226479423
247933408
196180800
42801428
71682983
4055263
159684148
259568277
262344845
262976080
193736876
176080887
38485311
76181980
212992656
257867036
255337622
61549072
253346374
257866834
104557518
53870855
45349393
127591114
5440957
89314397
77222382
101933731
95032941
253111536
25188734
77220972
194770003
62450267
252664496
215040233
38235261
114895990
77221190
95334584
216213325
253183070
12416738
4050675
89314484
106150724
105663974
186495793
77221285
212358039
77221530
101932038
21031784
121366994
247413391
127692170
89315520
2889977
82385644
1985769
362858
101933102
53935590
242504848
163739507
349209
195323201
252386373
250017189
89315342
344788
245769933
251439072
164323188
205506445
147341642
71682347
1059850
355939
817406
77221016
53925299
151950611
77222562
10069760
91985691
53775016
172024540
77203990
89315368
54123570
77221729
89315767
199006597
89314685
11712461
215795209
77221566
89316014
195852044
58708503
11123188
198650336
1041806
77222482
55101373
17485269
1985773
31514487
550345
107409627
89316004
89316214
215727575
95249749
1675677
2622075
195462557
53770293
218738978
215890914
368591
230110165
84872543
48480680
339637
1348803
352488
343824
44433402
1028820
176752854
203292773
208117260
259479857
179541884
52226888
77222710
92010697
235699650
195292167
194787379
438524
252332336
373891
181808955
338308
62451492
19250060
355942
146225091
91986097
11517221
393755
444931
77220991
39820471
77222706
77221312
176752887
89315444
105366534
101932807
101931379
3101963
3101995
195829396
195845735
245769953
212607750
352487
339520
458968
183539096
362326
206991301
350277
129710366
186279130
105739227
90746018
252176245
109861886
101931851
47454243
96034344
192948642
195840763
195327159
77221101
193736866
359736
215795215
194595162
195845889
195845896
196019000
405893
10202574
342905
431216
214092880
127032274
66751087
23425116
184297518
176752844
427534
1070908
343363
405310
14083872
77221067
89315777
77221376
77222653
77221661
101933295
77220865
101933376
433339
172474392
89315455
105739261
226658590
105619851
77221386
195815025
195819054
52226911
245772747
195303219
101932023
46177453
215727704
77221095
262469457
89314308
95250204
215791790
215791829
215791788
137941372
95250281
199038529
215795390
77221843
196054856
89315336
89315200
194787189
230098937
230110161
194585709
230110169
55283722
28721231
897823
47161853
52112528
10414961
7982630
19250062
158868309
127033396
92551351
263084852
89315272
77220796
104557685
77222551
99837956
101931866
77220945
101932416
89313953
178220145
89314349
89314729
89314265
137127621
93238617
106150715
92004179
202020501
53870634
85029026
10787921
53871131
259514408
4684599
89315048
176902613
112825937
195819051
195660871
195881147
245772791
195829484
178315818
242872908
203996363
180390867
198868555
136278671
246938932
77221575
53826893
108716727
195833957
263033083
195845917
248723454
230110167
195852003
6361657
51617961
105231526
263103753
209379564
146274598
55284607
210513621
121361276
246850831
127032865
92004235
173670594
178035281
162742830
1191819
1191821
77222350
193736954
55101346
57595567
192948936
185005861
53770150
14083870
153492651
245766335
53777131
101933468
53925301
77221836
89317356
215727579
259479465
53777129
129668299
77221992
101932008
92010916
103807659
77220910
101933029
211303723
90522231
77221457
77221306
101932878
168181442
101931243
183254307
263453409
218738976
195664015
195664022
245770852
252976061
196048650
229721653
189476732
202529476
196535146
229717691
92551630
249679625
215727706
196048854
249885799
77220778
77222215
38594709
95249890
246852453
89317307
198955471
338910
101932856
89314991
245769988
245769970
195663368
195833952
195560423
195845121
106749648
95250609
230110156
230110150
194585706
181267940
77222808
29354045
192948598
48754140
159815165
121318903
860349
51618044
225959912
146272321
209379566
121316464
6927427
261974453
195673103
77221406
53770482
77220826
114944890
91984616
7174439
53826870
215557105
2695343
77222549
19921236
77222155
95250138
77221784
77221374
77221423
201089790
91998817
177532165
77222814
160049695
77220981
197164788
120476160
77204229
53871202
106749667
195673191
53770282
209403099
1656049
89315321
77222138
248897928
114925556
154718327
245772758
245772730
115298958
101932092
127032218
106150713
137457582
2357769
262972550
262972580
195322467
196048810
89314357
195845885
195852033
159814684
96009627
77222112
189539397
26385909
53467618
49179850
121367119
191332118
53826878
114435728
55283128
87631824
146271783
196180945
192950360
203222790
263103919
92551897
215544884
84870368
55420885
195821525
77221151
166315517
195305511
146273693
116406682
41320416
92002671
77221023
101933205
102552341
190087597
201089801
199706240
197897266
106150734
184298291
113535182
91986448
101933730
101931452
101933011
171671325
192728845
7394481
197164911
91985601
77222721
102552235
439098
245772764
89315661
215976432
195817530
195881150
248897932
77222157
125042795
195673193
245770819
168559226
196048470
113055733
249052868
89314246
89315118
195845728
195814349
230309562
195304109
159724695
195845115
248843267
195299480
195854388
230308226
230110137
230104799
230098979
198090502
125048941
253043606
48166615
77220834
246197597
215791782
192949364
178831431
121380292
146275484
177274876
198285108
164323184
1615863
34747365
902527
55283087
26384829
248801927
149349406
411750
180400044
193736632
1191823
194451529
195318330
25047200
77222052
105739259
249029652
77093676
137466791
263355381
89315846
165627281
3658759
106150688
92010876
53935781
159696153
77221062
53870648
77221537
89316162
197186848
89314752
201292928
215728070
113258408
106749699
89316116
217761261
135754401
77221515
101933397
91984947
196093627
213432102
105739291
221225758
14083868
247061398
158756251
114833098
245772734
245772753
101933513
245770813
180581977
89314219
262972429
195663365
1808167
195326412
245769966
194769533
192950504
247566128
146272310
183538766
195852053
90116378
121364544
172024874
5144251
43801503
206993097
215727702
215051928
77222344
177197407
77220781
195952208
213384126
77222702
23653457
197888035
172929730
103807640
53777152
77220939
137440402
92002623
203463088
195573606
77222738
127478008
89315128
215728072
96034357
197161991
53871191
77221841
204473034
193736986
217386201
101931359
91984633
101932803
125742727
186256392
77222593
197161989
137438293
77221191
159813647
159627932
193196012
77221304
105739294
213430558
4780917
114937969
147920903
52329763
12377498
176909221
249875150
73207240
207841177
127844385
641906
77105730
56454897
7827502
113540577
14053724
100376369
208126918
14684952
17336360
11189120
96357336
1445365
27594632
125009501
48629558
245787155
248755020
2126103
261823411
83757977
121185870
72202103
261962024
203701754
132366467
210766198
114046590
58616751
197587865
117595535
69764534
10140336
131140001
177117486
11708387
182713460
192950026
212314788
58543601
203865315
10405966
196150482
210766196
81437585
172154901
4218241
58493549
248755013
253395674
202895294
249012378
249659344
202796286
195801664
262687301
252591771
58163977
202650475
248777663
76012203
10142496
181699638
4175505
192103431
208122582
217419842
151950544
249246535
200673234
191045569
252892314
217276114
47504741
194451813
209398575
11371241
161467299
176906756
193988323
253306299
46789763
208128941
148802194
209332788
111165275
249055402
253642359
253410452
193605362
178514167
160585834
160585830
209332856
196280107
250107214
221516864
130233548
200780117
190707612
69360612
75701775
190701454
84457161
7718725
253391300
7644510
6313601
11371245
83620148
180230986
174121454
3957061
4184211
261813984
45321628
198523716
423567
56021249
104465376
75455516
205942273
249290394
263021076
253410363
24403748
5067155
7440075
19662170
196001691
74983590
131139976
2711451
145288039
52199511
202879290
197652268
543079
40429228
216332003
141247997
253572702
180400055
184878608
194959720
251590739
10866303
696191
205506466
244330745
1325401
1028704
48753264
76305754
196488155
1471887
189161030
13528057
189938281
252714188
98187425
56271593
248587799
579936
48040533
77476777
191726058
261151779
207831764
77221300
2393621
2649259
57354850
90135317
185242029
76299772
77221096
77221954
190702862
213886900
253470345
74021319
196001728
48864244
163902724
102463959
7204289
215141303
118877609
249160999
11313199
587026
602763
48619255
117137089
448500
49066823
91343712
116397448
247567461
163582290
243123856
7823296
53770835
251585379
13446506
4299719
261825152
179577222
766164
101931266
386609
76228337
23036854
451109
77221676
47276023
45329906
128534559
48592466
13967732
77220745
529048
549808
220658892
194959709
1353605
262452948
250060682
10597936
58145328
181699597
73522872
75540324
974014
109793162
40052057
2174033
251735754
3794225
21031782
91998922
178514165
46789751
227720532
23134408
218756107
970445
15446403
83757985
63867818
254113537
58339990
10752432
250743300
1576149
42459038
177254335
190739729
367559
172024654
247681215
70847906
225297522
834056
603035
1007205
202490785
16683964
253248346
127033543
134842775
1590265
53770322
8081895
42302849
77221170
25909898
109861982
73278024
36497854
3027465
37727316
42459034
31877653
146275515
252714198
7172783
183727498
12403242
451596
33492441
1827647
58087962
2126107
252026091
91985744
101683404
195660441
213710408
197168190
176560836
227760541
199034526
198926300
48362510
198518315
572292
49873914
77221235
195822368
190109664
927152
103870560
101931925
101683167
215116586
253865979
105663939
6010325
51613367
180230955
253411934
525565
105375433
197354960
251547941
1914985
196897173
44924934
1210281
76753164
213488450
261994733
35191892
217292447
253311154
176909240
217292451
195797759
96366365
7645108
51287035
181699634
261944909
6313597
68586415
157530103
75696174
220659032
690544
251532936
180400012
7644018
75440557
190702868
253043412
200696518
105663923
246772999
249089758
10227726
242693663
190707606
127033052
209334828
215184994
120511823
123502873
49253288
254132174
262795173
155550598
199542682
17045196
41894603
214920109
748864
119962740
66681010
47161849
87959729
74983594
262773882
113454056
3284561
190702830
110594182
7957429
77221921
251533048
249739565
190707618
56814904
147762019
23357111
160920592
82076828
201088277
5143981
12331685
76175428
14513729
181938622
25733162
82923212
104741629
184649036
56362836
246773001
36500474
191956076
10284061
24864550
186369502
89316080
247239936
207377686
176752965
251279520
169312874
7440067
55284632
246067235
196029345
251275374
1029420
165023972
570479
49186053
248818648
35355718
10006878
8286960
170780848
35847040
58709866
195952106
53935833
180400046
39532033
58992119
71683069
64988216
48592482
199242869
33543681
252093767
100376362
3472311
193742534
253620330
1697193
77221522
77665450
4939487
40060903
249022746
249858383
184940461
248383530
149779858
248880607
127526925
158773333
252906243
204941486
138092522
217125610
51286888
11656639
98021904
191949201
197210270
748881
3041047
90056905
352450
249383400
19662192
185242036
186176807
149781046
94161548
192972258
48997201
83751179
1207279
44976201
200673107
148802212
209320355
109576811
339724
2695233
205958159
191541098
855222
1374583
31205954
2884149
25740941
189267134
248372897
197897248
1338935
94172163
94159129
4085883
179439273
242620858
25909896
198386026
249921191
216204604
11708385
764304
860812
427898
195858394
77220929
253099573
210413489
127591147
184304551
15686467
217350261
2783965
235719540
242434574
184297052
148866375
6313621
53936014
159865223
91272089
191366519
15267831
47774486
10190705
202650469
248800135
262452951
261965214
714013
76748060
1071288
253129535
47292656
14615204
6313637
7021461
193555846
176752948
172476450
249253573
101096879
81133757
142791745
2003089
39820469
127033021
77036045
190702847
1363599
15609950
193006254
1510021
127033397
89315597
12633622
32352557
92551559
245185653
251461072
83749670
180609947
599112
216331906
38417869
10191030
4780897
195814567
255339161
77221483
253656643
23036856
77230251
208210944
49811001
10857700
186139603
30629072
168181401
207933155
146491361
10752051
249026372
158622115
19481781
202605235
153045599
195732834
101933259
94159123
253068336
115818569
7384673
261963188
74609773
249220053
76282192
58709095
249610680
63924619
195306007
260931846
89314232
76282203
32636720
2438583
146274102
29353962
7826249
36804904
158492548
249568532
204398847
8004578
10227724
192949182
210416280
5745751
104557743
169887068
110594179
260933209
218761465
248741681
196521502
199640839
209603417
203995983
214584885
207642238
67835582
216213312
22385767
113157316
179990620
204874990
58709539
202185560
172024886
247260418
213964780
192949078
116577639
185006375
76286237
116577585
77222392
194393831
44808484
41263282
195849664
435458
92551646
205031161
346913
192948792
193600451
77221308
253070478
207155743
19349142
249535098
101932058
19250096
253097602
53770253
2920815
185434811
149520256
10054358
102552241
96037639
192950617
200779108
172024658
216213535
73108451
214091710
24981400
183570228
200851397
247442543
169297059
105739669
198889502
188575762
106732806
177295120
182149679
1005224
53935831
251575664
58709123
192949734
91914252
77221178
217500518
198390925
251873877
44604878
136765372
176752837
229968198
202631237
109861906
195851980
216463873
116577591
162025611
204436313
77221127
230309265
108545248
77733103
201930381
174606930
248823414
361774
351606
1537217
194584723
25739730
53094283
101932075
205917097
626887
77221115
77222804
113507697
578720
58163973
192951090
2665095
208176652
247463371
73438251
11656613
262806760
225946979
190738015
189267886
4122107
198296811
77222827
68774252
76776248
263339303
127692383
45349391
71957689
242798247
71947999
44976207
101931449
73827220
247289802
250063331
72290294
262792196
43109593
980922
6512105
10693271
16877413
383038
208415445
197144643
892683
196544884
194396485
169500669
90116519
196538255
98187421
175724212
202226292
10805989
214915889
256464350
77221699
193746066
7204279
205879255
34790767
105664045
253570333
192948644
91985565
173481344
263086140
121102952
191296468
48149400
235731278
4086199
7440079
19879740
197464931
1621207
212484337
194583508
77220990
215794091
65032170
77243050
114902650
230007854
92551622
186207194
249054533
263085097
230518620
263104550
47142039
183680793
194568540
203292512
181699632
202246177
208405367
249141710
392662
179952619
253194704
106206469
988532
94803499
262451763
77447061
117926963
74012439
168577928
70743643
242503017
423568
248723767
250230238
434984
53252582
196382820
367167
137941618
214829026
65030371
72291812
6471217
159439464
49026028
49186247
249784793
206641204
434990
179063942
127033172
253576336
49605464
135552435
188117475
35829798
251575872
208778465
184801142
249156887
399216
159397296
249679697
393554
106749703
249150114
192339426
197592877
47242748
253586095
213698537
23609971
262914988
247681416
45321622
194487249
34180314
53252586
140221867
10196201
185900205
192639710
3087245
4780911
216213318
262338097
208210984
75376701
203016370
181754670
96200947
217387184
101933798
260810324
204473073
918812
101932748
88089973
185024819
72878795
76727336
193927584
2248197
248741573
42057383
7601745
44983215
427528
192290294
262870727
173673971
96034348
48150233
1419677
262903806
263292280
14956182
192324325
253361436
146272246
1743991
77221395
250335034
259310946
125590770
33753748
53935819
72291820
197354916
252415129
434983
242728879
104744345
261967580
76656767
251737501
5743599
159814724
135720318
262816953
47242740
30793214
208109077
77222820
200976568
173671952
11130627
77059067
149520254
205843335
249111755
202475562
186067943
185813167
48592474
187746372
201998120
214189340
77221197
242101734
1696341
105060985
77222449
253113409
3658471
199671080
66471632
7021469
184438273
136796217
183481653
77221389
715181
5743607
203776167
190702844
215789896
79007725
215161176
198292542
249152054
53935795
3472315
168181430
137442928
193896899
186256417
130416598
263023736
212351546
176926442
73687707
176791102
477665
7982632
168900654
210273696
196247805
104744321
262450262
33492443
1914981
261963709
247757572
75530160
243086213
127032388
211315218
261037630
53871550
42800517
6825221
46305782
215914454
87660050
146272395
215914665
262085825
77222606
254023076
242894379
207892914
514671
252073317
139236869
263084691
178831399
251590757
193711227
177529584
349212
208210952
192950819
21761329
191761738
185811803
216199263
2916517
199552163
77222704
113485881
77221812
35191902
248682946
230039369
890414
540467
1063870
106150695
119404215
1069438
178032819
77220737
208405444
86418119
229726692
127033569
229701772
263104492
101933401
259568244
178322979
405141
77221215
77220993
77222365
1577267
203982898
62254856
254079909
249023963
128711800
77220967
521521
251967339
194769517
105740037
249092236
247454208
77222666
724527
249890233
199977780
11656624
101932926
899429
77221614
242189693
197592879
177140533
4984095
96031643
94904228
146224770
252343316
20555387
247921240
204941418
201615314
77220876
89314894
249349068
215136551
53805836
77222220
77221079
247415311
188947245
190702866
66471614
191809710
10006874
169271533
215140232
249029859
101932281
179158501
217125692
216472659
89315812
49280072
201998312
242863816
229741377
242076092
194199955
249092216
242494114
248585452
69248390
177860456
208097036
249764002
160814526
2431527
177117548
109087265
192875723
77222025
177344472
180399910
263104514
746830
251547949
209603387
154533279
77560805
194087120
86418121
89315147
194477488
192545489
127033589
185006382
94277386
214096730
47161843
89314172
78976745
42217614
82996520
103807612
72154846
116665742
194396489
262452954
207019034
213942491
127033269
145130754
160814467
231663246
248276958
385202
2916519
389848
262725541
243086278
77577470
202529271
257867675
77221446
48982133
202429190
212993250
173673944
101933277
7774993
89796453
249785750
194787156
254132185
3472317
8286962
262086094
153521902
2893033
194199544
584967
68194009
140447309
262522979
192950481
3859449
184767947
36131996
51600471
77220933
77221181
89316289
214824976
262303516
137519065
77221915
191088375
656472
207368043
197412290
76748050
194487251
248808099
36302323
205985689
137442388
21379181
466795
262456336
109067791
249934830
35443612
53770280
77222633
77222498
206544460
257824382
77221898
42966382
180975795
689520
10100079
246851873
135720256
125273719
51376712
367714
253444175
230039174
212555693
215720921
208100314
201107317
103807679
247294732
96037623
251276586
36888859
186489797
188229136
10406924
254148789
89314865
77221199
197663155
199038485
263085166
247902097
205290305
262905502
191354275
217531409
77222395
197641732
89314299
44872649
197165583
249032974
248521688
252163026
463080
208126942
175526802
251921173
263099887
200023494
77222627
89317368
89315334
10577934
200711471
263104663
263209638
116566882
50269975
11656615
109090653
263109105
187888211
215784989
215793857
215794022
249145175
72745509
197464911
53826847
210524083
249879186
214242697
127033462
204117033
16257042
7826244
77220965
53871204
193619838
113566661
263105080
77222349
204301979
45320088
193151811
183481670
189466496
256546573
389851
204808647
249934755
72291810
201293152
253129552
210514562
242619984
197210104
529658
196761388
345689
207831802
170072444
257835535
49873917
197168351
89894031
155353216
190087716
248798364
175526887
197062935
202045937
208430279
171580948
184698112
101933784
246168609
216333445
38483296
53870676
36487773
81133418
252060825
242716550
412147
248651417
89315755
216283519
249659348
68586409
88043404
252062223
253113433
20700105
242078662
215779629
127692128
184473132
2714159
87446435
169377521
184945524
229775057
77221766
451597
109505436
53935789
53871107
195966248
199051037
262083025
262461434
89315668
77222657
188947793
207830910
96034333
32192497
172024656
72330198
359551
213499909
395365
204806049
253626950
205113433
253412198
77665452
203112160
247301706
3794899
229967964
77221546
254188821
253626954
149778115
87651289
204806051
183553175
101933673
163576671
115418344
229967769
107798675
3715833
64988220
214004680
253391281
249054852
76656771
89314151
90116479
249569893
215776587
249875166
200646330
73593770
258543212
53983104
194584530
39314024
201998131
173636785
250386416
193748398
214501848
127692102
185781830
160671720
4061101
76528245
197897224
199006796
371421
215543478
255228508
165021258
35474348
196579338
247305039
46772955
95250469
191391627
1696343
53770846
242434325
176080922
213711589
176704006
87660034
196196915
181933825
197740290
247884872
213863521
181699640
192948782
261995024
192511934
22141360
48753378
104557893
184947622
207476961
197652274
202529433
253905541
2180179
260206881
53252562
201089581
154859990
2916515
196395463
58709886
90116501
7826248
764015
7865961
53770413
103807603
46772969
171586776
252913708
521143
198592522
76217399
253905507
1659977
101931853
215543611
77221732
127692483
250020026
7496309
262664091
159588698
195573694
163739499
53872046
89316330
215914929
200767512
389220
168900652
178110982
125400747
184945807
247281118
207476008
77221272
89316302
2721455
92004230
420271
57432701
362281
221029912
207492006
79008324
602338
261963587
70743632
77222811
248400305
193196014
98071087
3957059
197821125
125793408
53771075
53770264
14855860
109577069
197561001
388644
101933282
127033149
201437576
53748632
87631826
215040259
187157818
69999225
147961136
204302074
253721418
127692581
89315801
167019778
77220827
245185261
195325749
242718093
82999663
2393623
53770289
191629427
251768340
7204281
210531015
199039089
106150748
168899460
53935809
530637
248849698
169520823
184410208
163793727
208119431
248611171
146272642
77222005
235338198
77221622
164250851
194396492
81245168
242867098
253398206
15686469
253058930
760715
248638032
114046588
4086213
103807657
168181446
248214416
2126101
201249084
189462899
248644524
14100926
146781196
20698154
186575354
2950331
191376663
7779328
45175769
89315183
44604978
860792
171463847
85375475
77665540
212559326
73668282
169377615
77221103
191949051
214169554
197821149
393736
127031694
108716647
242866695
214189444
127382686
248703294
194591849
580225
483438
77221708
101932378
77222641
24997240
207478628
24996964
44888074
195827703
216099366
77745316
749154
85396165
177887817
92551401
250067209
197662097
101931377
101683181
89315411
229967397
209867643
17464348
729878
1647127
77221138
160814612
127538476
215140222
53770402
77221541
253398208
205506503
250062982
213871934
203025711
196287379
7991004
212425720
176905786
183230571
180400000
207360526
261839012
246772823
92552231
379453
203998703
124891027
200677834
247406375
125417133
77231232
53935594
644383
96200956
204661034
209400391
199041268
127692283
216099851
253161600
138102022
243086197
242449705
199038673
243086205
2880921
242660590
6320063
207368022
169543563
251929405
77221556
105366558
163739556
180221379
242213139
77560841
138040705
194585629
1029828
155200592
230054025
353456
193212471
252342295
192950457
206560714
195319125
218735088
96200999
53777102
53770968
199941004
192875870
127692255
101932785
205506453
197905857
66471634
384804
23435413
580672
345679
244690982
259310767
249054151
206253491
467591
218735068
209171162
174248133
178108509
249935396
77222034
74823802
100285162
197652251
219460766
211692449
113333312
200673099
101931839
77221875
53935939
141232922
566272
247451404
194787389
251441897
251276340
84873025
1007810
207933168
438597
190702846
7865643
244132714
116577587
89314616
6294927
836204
77220974
148866381
193152644
208800411
128534718
193602432
7237877
358250
199897583
67966443
101931517
127692447
89315304
116577649
116577595
230124773
101931413
53826837
52614038
10118592
45175770
43893203
146728909
247274968
8141389
252357187
72308265
249160355
261803615
260814295
52329765
249875170
253257464
242084231
215040255
182541459
252892459
190707634
260923774
173481387
1647103
107026337
72199563
98648742
253216022
262688284
104268048
164323204
173481350
262915023
197587870
184100770
186202568
203219365
49998524
251532467
187785413
126676456
142898091
165021248
261833755
181699672
12007400
197587864
208228577
214003218
148008778
223883047
130996086
15693031
77109214
149534867
190335667
262792230
15698171
195827031
169006428
249306025
76229326
193897108
196219979
22153467
58035573
207368020
72745501
252949043
249659346
176522862
51372587
194568666
263078153
253097988
161961368
261840648
191148982
257759771
253258027
6876621
15125960
262910036
49444492
207255119
8284868
58209773
1826117
212351484
195201138
199034115
195993358
204803647
12292656
2732427
263098911
3158797
242497281
11388441
77243058
10694900
57771799
74534842
223900698
205821000
49439489
260115473
36156124
177529580
163726151
111108053
248342839
185654055
71671058
192949666
180851000
181699610
209386051
259542125
179158942
251267822
261840652
205894405
184667371
249895521
215910760
179158946
6947125
261800580
20750205
16680371
178776416
196554776
214099124
186262546
179408351
10006872
127991078
261827269
196219991
260924187
145641463
535822
75440553
10382954
186234931
28341649
1207297
249487226
1914987
77328513
196889681
17923874
188375284
190702850
197366695
249682244
66510848
53872075
197658036
214928034
1677929
209334940
54752875
253152316
207830880
207830908
77220998
186207130
59254209
87672638
185097166
223800362
148802208
189937889
171091155
77560712
253319003
181120111
389846
225911266
249012380
38118070
217898901
32916024
172445088
202429188
193716778
192164543
249577501
205506472
259512098
262681324
205751561
603024
248818309
223846092
34455298
257778019
249687330
28672447
261827271
2329013
100988518
161903417
41096978
208415093
223833131
165707342
148008762
225921927
177234508
87704072
35242517
225969445
173672047
149534845
192986896
184080598
199970674
159785873
245253872
213861822
230056139
38072837
155550595
249054307
113117302
191654132
25121123
213960980
244690966
25740436
194954061
11285179
47036056
31207384
14058104
77031233
261832147
214615644
73159162
48873331
171581021
173186375
37946942
10382551
179058884
10866316
200766673
128711604
193737014
985256
77222283
176487506
38072137
213534457
262451666
262681403
225911561
262451664
49441700
262960317
87672805
136941156
50497029
250229487
55205996
197920812
198326072
262891714
208745202
173557676
189937984
71672017
217776515
190702870
10806487
200010611
190702833
262512099
198643941
28277772
208778435
181118421
250020158
11384740
204204627
190553919
247678678
263098309
174606962
136076637
261828153
77109211
248650832
225926201
215292692
158563273
117221134
155555985
247254429
225926063
10277500
243034987
184945916
222703427
10593981
127032061
263109553
41227465
249017018
248319420
79007775
77560708
24262679
77221781
193893304
206643144
184878544
66682048
262792186
208288696
221236601
253190483
210273627
252591758
190703212
77580343
248789006
95108320
38120303
262823792
3876413
249935450
53770260
179764577
248777733
198901411
602365
102552316
176080861
207831798
77221747
247269932
212484405
696231
253395581
176080909
226170192
207831773
201624162
181776215
230572306
76837841
192949559
179951281
249387455
70511708
262605339
77639108
263100018
263104496
162025557
182482224
188321824
196354516
248818479
77560803
160755326
70637406
177063109
403431
36701242
186575373
263104723
53872077
201244443
16287612
10679600
53935803
4179199
200728994
53777115
176792240
261964856
212607495
195787967
230056079
36873740
260931845
108716657
262073058
213728198
38072352
89315854
262980753
249220241
197347047
179534738
980918
181924640
192949775
77446860
261828125
248173636
261832157
207491333
192949698
249771752
71671487
249534465
50215736
262904803
251384462
250386338
261974872
65443440
35453640
191357144
15674175
100299259
186706019
193151984
219636889
251275774
10738330
77580195
66681836
214001582
66681710
128674833
247446336
127031872
183482054
197658105
197897234
247464572
77222209
40744274
260120579
208210969
210530301
146274643
192811687
260934663
114411627
43700306
53826904
215545091
127242583
116741496
198511521
77639170
194568668
244131693
185860342
181249003
184873798
249065208
185851611
205522287
51600469
34320326
38121607
77639164
252663434
263047622
75792980
263086397
186217452
214770423
52666063
214912118
8175895
90745928
8090977
108966265
242496577
213997347
207831804
249798765
20959348
77580245
209864181
263104534
439669
48719646
160814578
15183781
183481837
195797415
17597773
132927488
57902361
11276426
215136630
262677006
201687479
262697070
161541476
101933516
197897250
203843957
77447115
208778404
201509253
182744869
116566874
263097257
176522910
40746973
74198804
2657461
36131998
77580301
185097295
244168377
77222372
181998075
204473097
242501934
77220808
176150591
12141172
192705158
263100990
208208254
5109737
208745642
248587374
250469527
190318845
250083549
205290031
247943107
77560781
102552319
208119603
217566825
198801146
186234935
127692422
54597876
210138320
209608260
176778464
55209558
36978648
177062920
191914687
214203622
115246767
178085574
210509616
198414097
102552326
243035999
261964861
4465271
257759263
146271756
20364154
197530303
249645272
215775835
110153284
253040814
22386004
160356255
55239095
244690888
110204717
58709569
114895648
192950510
197897210
205972893
77221924
212328961
197597246
160577494
208778539
98823273
217562202
249960738
89314271
209603433
405902
198244054
253044140
254132112
50420622
252803307
262605367
249306020
249220256
42873230
249306022
71670825
194114721
171580744
149707211
249268753
76658150
200673248
54926325
36705686
14353075
212572472
180723487
207831806
28238701
174435282
10581650
108676283
206648653
96009603
136795966
213972823
261974852
184934205
111635610
207553720
127033479
203422547
12804601
249388576
249995875
262083106
197745249
202185779
183375622
187183482
600384
77580350
245776267
194208304
53776041
241839777
204267186
201630862
117202944
10670680
253609458
188919875
190547039
181121931
22866130
253152759
208117262
30886308
214101663
53203915
201953315
192949966
184861267
77447033
217525117
214656447
193858813
227126856
164922375
197824180
26495633
253152263
171580681
187193446
214190330
243121623
41210859
191770376
247831225
95070191
177623512
21025838
190725060
52883967
37287215
215792332
223858734
25073919
262732728
186495622
190320348
77446890
109369036
89314256
213534429
249349168
77560771
34750072
50751277
197652272
198735915
36374297
164323161
118897257
11285219
8173485
249971159
127591451
171580789
248168283
359553
184334885
77577496
190092978
248163680
254132108
197878962
181909451
250377741
214595804
32351708
24822367
192161739
72001048
73476500
163687164
197951851
212568270
171585842
217412843
214592661
218752756
262915411
246772790
184941038
250386353
108493411
53252588
209864185
230039130
201857846
210524750
184895056
249220247
209613266
249947246
248686855
248782610
46772997
247953311
254187502
53229014
205899569
212565041
101931814
191438193
230082484
253620313
195185140
192583082
50074642
248496818
242491975
215870685
77446849
171585922
207831794
53203190
38634776
261975733
10384347
214122932
248166742
199038272
40423632
77580271
77560773
165705649
247301960
215485897
204665290
73165030
192948982
38117720
37407178
36970028
84881837
181448825
154492418
77560826
77639226
38119406
201250819
197412499
199518267
77580139
146276819
61892384
184333886
216983206
191630386
246772889
72120432
192949750
198897885
204184510
77580268
202742716
147886922
223738447
249092324
179220976
164323180
77105715
413110
147751656
201843821
200946095
155530485
200997185
243018028
114616857
262687988
179059904
177068244
73177069
196153308
194489888
262904799
77639112
77221752
125405716
176910923
247840504
205858689
201679163
247657132
253620303
119698670
208067589
127031655
216933899
161253460
44867180
77221758
77877660
77560714
195709507
67280964
201245189
32588925
209870838
15182134
263085369
175176030
15180927
191682327
198245891
191529665
247718713
185405666
77560817
81576235
247260631
201856542
197531626
77577410
114619555
205837488
77560752
195301018
250339437
171586005
263084725
214615479
116668798
261974825
10156033
109861872
177158804
188260569
77580193
201251207
132183756
189386358
254187864
177529562
218752557
40621416
197366512
75376681
77221373
241732764
96034332
205921253
254187936
254187618
15913441
229723807
262664397
77560821
183540626
253620309
205857348
50939399
230202553
208797922
73209661
252663456
77560748
53226667
197897232
205899525
209870844
198419528
117595545
176767212
139979286
244316351
25056503
195303944
248801406
77222357
201348216
203974184
91847155
201308619
2422067
203018893
178602196
63462880
243089114
77447083
195951941
184617637
198957714
185175749
22414587
191592875
198593135
205921412
214210719
206669841
214096506
249570760
163739440
114895583
184873918
185863013
253158622
77222778
215792011
187871351
179978768
223943577
249289065
248524244
77461849
101932721
244169833
187182657
179913007
248704821
200851409
77446878
77560735
249971157
200005251
209608262
77576285
212759409
217778509
127032676
95498384
117073296
186369536
77461835
21205394
215792107
213864998
165707497
146271671
181453537
77560815
153411224
171584596
193736769
248178638
185172791
199175695
190338643
248414609
173449189
215738593
201244504
67254578
10866555
154364716
200981501
77461861
183526396
247837646
198957920
181249082
187811690
183501918
77446848
22878071
91544419
106348543
147564573
217474387
171807691
192705140
242625498
247953313
210512539
183719450
184781897
189472696
200720516
192950809
167421804
207314409
216285739
96009684
91998734
217207423
154880463
117064424
196554772
204049605
160580304
205811828
77580183
186165926
209165793
246852289
249130068
46345211
199120890
213942646
146274688
217125667
117080266
248846486
213674988
196219983
207933161
210512569
11384617
24823020
77220857
195089204
77580365
190109612
154861084
77560791
77447085
186080596
146275532
193154749
243003874
77580354
96009642
77577482
111646917
42814749
247845660
186497699
201106756
101932310
14256591
41097954
41251190
19763950
77580093
253248293
213671217
194954054
214693353
169377658
181452664
105231476
140222198
184330228
188229225
206784512
77577422
184873899
215136600
178533651
195089187
77577466
77577504
176898504
54753169
223925418
222660964
49410571
215792009
21016000
191894531
201245214
92358840
77580357
217207421
207018880
77639168
42403801
205113410
207491498
213598756
25062349
406650
684818
225195183
125409862
185737655
182111766
190181195
177991446
252212410
207376459
77577430
95039289
201623878
77580371
249935421
182786430
15202585
248359957
195837257
196156138
50420872
212218091
205031191
77221270
189266368
248619215
10673162
148636823
87392044
207960454
127832126
77560807
180253136
201088222
149527171
193736638
77639190
77580156
186156796
202425439
35226209
198897839
201122823
216982815
212474333
101932089
252867658
248176666
25063750
215799060
187931623
181119495
247853461
215792005
77461845
180346914
248165735
146271998
87960998
208778358
181453574
146274672
248848691
213997343
54917428
87612813
199040173
77857675
2404433
193692023
176815747
207342452
169377564
168006480
99056545
84881518
195916183
185466800
77580338
77577516
213964747
195844733
209867785
185873549
201106680
248179444
77639261
195666903
215775839
210129566
89314272
209606351
195828136
248179638
215914456
215914450
199040246
242502782
77560789
77577508
77560834
77577398
176768343
249640348
185851693
213475025
77639298
263085176
96009700
214508554
242693628
215040080
253099558
206860131
212556392
212465931
77221919
197091494
69568238
230323519
193568679
203215306
176761057
181452666
202395081
179167718
178062088
77639139
246855029
184878632
249600361
2404435
154931760
212329194
154365366
91986144
106150754
218752865
432890
215775608
185991902
91985188
197897204
178606009
56094203
77577388
77222131
15077077
77580235
117791512
127032118
206253434
201623867
77461851
198906733
163793508
36570266
77560702
8196545
32351724
77221947
180722042
225959692
193710364
186369458
77560709
118419920
77231163
77577418
77577462
212424971
77461823
77560726
77577471
201122893
54926127
77580249
201622666
77461853
77447039
100299111
227309456
77580122
77580315
189476343
254895950
145978383
92551651
77560811
77877662
179969624
195844730
195662493
20324831
77560745
77560742
179533119
46112721
179059624
185743823
2422059
13901175
251444020
77639244
201613867
77577454
77577490
77858291
77446880
22159854
77577540
209863938
77560783
195856442
217776253
195294136
77204165
263103789
77577450
108130850
160814516
242451679
176767258
196313838
263335355
213470811
175724211
212610790
263393600
26136047
200851407
201622704
149779879
197546569
77560713
94118348
77447069
146102304
77639291
207024536
190087675
30886310
154923900
77220733
190087718
91985183
109295430
77446852
165707208
77580181
203053523
196554765
196141122
149774992
53935570
109861978
121973506
218752654
180722546
77580153
77222008
215775717
77580283
203065537
73526350
193128778
206781765
77580373
77221504
77560797
89315589
154924178
77221256
197618998
217613418
77577533
249035896
77446874
63479713
77446876
193006759
196554760
190241919
214497623
177268409
109862005
263272838
42250715
94277429
196146602
195822583
195666895
77577512
128857518
195866882
159724760
195304973
243091429
77221439
247841631
248177475
242501036
127033444
176768317
195709352
77447031
77447046
195300930
195323591
195322244
195305772
195323705
193904312
194199278
198958732
77577510
77639085
77580189
187240637
77560843
77580218
195856775
253248047
242502778
101932282
89315731
253166407
242502753
14088289
102552333
202413097
204301999
87660044
263098292
263207513
77447075
77577386
77577474
221516841
230126745
213534377
251575605
200646420
170466500
208097062
263291691
190707624
34747678
191635910
77447055
263275071
77222502
176817156
197412816
250378120
77220892
206560539
77580349
191683213
193006866
42586164
249054427
249577772
188375176
77577486
113117280
77580363
96014028
198414614
77577434
77461877
192948708
77220949
204317963
77580239
73354555
6544499
77560833
116722980
217500610
247285720
184617753
168004974
186080648
251276479
92002625
201243180
206253528
206253521
176784548
195299934
263275063
242501916
249092404
242501918
38121854
244169071
243047826
215897812
247842305
201643578
183539915
77221354
106362113
40752878
242501048
77639272
77222417
222704518
77639093
195477985
201538668
38143377
195662491
196049332
89314918
77639109
195305792
77580289
215914452
244332966
195287262
10160089
201844687
201476161
195911665
209319612
230041751
242502786
77447029
198957980
195328210
242502769
263040482
263079980
77639268
63434180
103870570
53207014
217778500
40383310
77577390
77580127
263085124
230127882
230127908
230128058
202529511
247705323
230126599
77560767
164848115
253089639
247799362
185410938
225937105
177307838
199006653
89316185
249149907
252804031
175419545
263291680
263102415
77447117
22138908
248523038
106516650
77577500
186156874
77461865
185448209
193708580
32613911
198898382
192987154
77878975
74535510
206781640
181119335
185449986
185868491
77577404
176309120
77461825
165188994
203499080
91986515
174608094
176897663
193007030
173554626
218752814
203201037
32785882
185466588
77560799
42560956
105366595
77580368
77580143
77639286
263272802
8175871
160814401
192949870
77580113
55284146
174309380
77639096
101932983
77222462
178036314
215897810
215897814
195815343
195303955
195841291
199037367
36827898
36829030
12279172
242501928
55210829
53302804
77577407
207831786
49165025
77560765
77639259
197626702
160582238
25071010
199006669
197639598
77639090
230127384
194182376
38594919
263207681
263209732
77577484
190289119
212564440
230127055
77221757
230020344
230127760
207933163
177140627
263082084
128711692
263206708
248590212
242628115
242693622
165023958
77580353
77577428
212462569
96034337
159915723
77577506
125137384
96031637
77446870
200981503
77577514
245765752
53871099
201243197
77221484
193155501
10827741
194583055
186156845
77447073
189179430
77577380
204105518
77447043
206316831
75573505
134677448
77560753
77560724
125409753
210523654
77222102
197842475
77580347
77580081
77560763
159696068
31207440
255411372
7982628
217419215
255611960
262758761
262976039
108752960
128535076
262799764
53293038
32639696
65024421
207831795
143906241
77865077
166437973
48963029
181453319
262870185
119055976
199176414
95472859
202203581
9349859
243035358
138070468
214666435
37455752
184226803
32688807
247245053
52417994
4605667
168899455
252765067
163567799
109427954
262516015
207032985
196906635
117254518
217145071
225206708
252664492
75764819
241732750
193858873
9999368
15619908
212468183
216332051
241821079
262732333
262524079
247254460
203973131
85350803
10736977
253113456
177768925
184939383
191265883
91609686
249023200
190702852
199530602
259568236
191356940
12294152
6544495
188318470
190353661
54751682
26494384
32589214
223819477
183111435
52287353
251929674
22118877
12604592
214927703
199037049
73169611
218752561
77461847
146271327
263041089
262778916
253665981
96201048
263085288
254189237
196897126
77221456
185005875
101932954
182748371
105740061
206560753
91734265
188849116
186085749
253319063
207831780
260961592
251551356
193736765
54752613
252867650
79561248
174558135
194418190
184878830
47158812
25293177
262732726
94716620
202439389
187598267
187874491
197548064
208310737
52678800
21574738
111712021
194004160
184884073
171876672
77877664
119407556
242799773
158448952
191530035
180736967
252950182
77639210
74200644
253721426
247473246
32413031
4485903
89315552
92551406
118228702
187226605
184591261
178954978
201622619
215736593
248171347
172349078
177529578
34859021
176785169
192949510
177529590
249659396
177529512
77580251
86516146
760820
162839009
185863827
15123213
77857680
77461858
187927301
155763508
207830872
261028569
207831766
248776555
253660181
161255537
247943248
72606265
248801793
189463845
203499069
42242927
221796468
119642618
200677532
197847959
160671632
187904620
182851075
158866402
195673117
253578244
42657166
207294488
191266033
195738483
77221008
200673053
192062635
208843604
180346565
222660503
77560785
182709313
184879860
207295196
191536179
248708673
108493403
24743301
186304781
214508705
148008768
367615
247473021
185714044
186234939
208100312
82953515
197677612
253160989
215531197
187942954
77580262
200673058
207831784
78495940
50416084
77461863
187927716
253401964
16228521
192863155
145777688
177529575
209863933
212961737
202770494
187895876
190702858
134284727
187183337
174600602
214693323
197603830
19763805
253657542
248697263
215727569
199527707
201036161
195948500
209913848
45613721
198127423
15532447
195323915
90524020
159383436
77580167
170628882
192949502
167425974
48136518
262344800
92552225
159439226
173449158
212262804
77580165
127033468
77447020
200650744
130353357
254146311
187232926
148008773
192862922
187217823
190702874
25120339
180723634
208109075
199973992
180737033
193000901
183540269
248176237
262725456
190119035
2404431
194954056
147988214
253089632
77577480
249136390
187241314
248169571
192364517
191592436
176298916
176784648
253160503
160580195
10681246
212426608
77639138
15117163
194004410
155701353
214617392
187896439
55443108
222696000
182748504
195324069
207293823
217525034
149778982
208103275
149405077
212565065
15532404
199693019
176391235
149781044
77639211
251733653
198746799
111499804
214010541
77577448
212607981
203006061
185863558
77639067
37656100
221796139
77560734
77639288
201845212
177723260
100299022
25067387
200019142
221516844
200651007
174745984
193736787
185768640
53599470
184495526
101639607
73756640
91832899
130828380
242423659
87988375
136080509
154920664
84881577
184879027
196912486
77639236
249789668
146274094
247473291
212474351
125046925
77580083
182976180
28670927
182711286
217776551
214498233
187245701
247446764
36159335
176378728
197897238
119229176
200037820
77580159
180737301
247842875
188940656
192364667
262462113
77580109
69561859
101931265
10111490
191267436
253089603
92551511
211303526
249789620
102552306
113791446
244169815
215557158
77639100
252727549
196054825
77580273
89315549
263085627
77639133
77639128
242626988
212962046
207831790
247949565
223931058
208415100
262687653
77639174
136080528
182733522
77446863
101933223
102121183
77580090
176788261
186305056
176788055
227330345
217440255
77577546
188849228
77639278
77580311
263085201
91846967
118789668
208056304
263352345
10706839
119989675
11658049
99056205
77580175
77580243
113454156
96013238
36389219
261996577
177529588
177529586
135339466
89315787
107015947
181691561
77447102
77447063
77577460
77580261
194372315
77580255
77447101
173554366
176821679
263104296
195821511
242124188
191630746
166088447
176430871
158999871
176784618
184489298
77447108
15202742
106150733
249141706
196912499
77580293
77639246
76286235
208778372
197340586
263352332
247949624
263345139
249570602
173577039
108966133
250076992
77580275
53840029
186305269
176785000
183544559
192705067
103870634
42242087
77639230
262456018
42443388
207732599
180736905
211949224
212963362
25061121
187888680
94129419
201099378
77461857
77560740
247949617
263352343
149520239
77447107
77577458
77639240
148643402
119234338
36387808
188576475
117315712
37409851
54782541
76305752
37751165
249875509
229738684
259326570
149776444
148008785
221226054
190702841
90574741
24824407
230079431
85350805
149844592
177860578
189267697
259326549
10226616
202020030
208778370
262653400
199582812
107098913
127032597
106059819
248319418
55124646
207831778
217778547
252591792
250365661
27189072
4942319
91985051
208778152
77461879
150169834
177068010
207830864
259326631
184122902
7621426
43695409
163724958
176791181
201625313
87631853
262464457
186243733
34749072
207831776
77222021
10709472
102552297
212580606
19763679
177078055
77461837
251274332
130061246
208119601
212580414
246163500
174317284
246163506
55659621
77580111
254092665
101931580
197062963
180723580
185756712
77580089
198342327
214584778
181667524
247718717
263104548
187182960
248789306
177747817
249052083
91853735
72813219
212993135
149963308
189460898
53297739
47158816
189464168
249372632
255765256
15203099
50215212
246163529
165705686
191266910
184873943
176919160
55212067
176732395
246163542
77639149
193881071
111005488
163875182
177067919
246163517
193715860
105366550
246163508
10670628
261832161
185880651
187913502
77446846
188935798
199889958
34977453
247412971
147060995
246163494
246163569
246163478
246163556
246163483
24154976
249029694
249220252
195536312
177529582
200851450
100299337
250082095
102552289
193736779
131526305
207019031
176892671
213683887
182754096
249934693
184486567
117034032
187216843
192020145
145246614
74547095
98696194
114895506
212607972
77221506
253362715
246014463
187889557
212476306
208738724
253362719
247413049
221791000
221791719
133935414
210512578
35613428
16154765
114895610
246010089
188927438
77461873
221791262
120573073
77878432
252062229
247412838
247412961
247413052
247413142
89314578
263105023
214584881
77858289
77446844
77639102
217777592
199969215
263085348
207831810
179059449
247413095
186303896
77639154
221791472
191267377
117555980
191267413
77639224
214011122
247958463
11286503
247412998
248230144
77878434
173577798
263209472
67251192
173999824
197636446
196150464
202661687
152464642
262732740
190702832
101933609
207830860
222627165
215342803
192948804
207830889
253565412
185098330
249373467
208100316
262826115
248247948
186265609
177860574
216097175
56845916
205113426
262826260
144405316
214693382
208069272
23638069
151483528
181453561
162025627
176009277
249051884
149974909
119055930
248789302
216400977
204803162
176343222
150938907
207911326
262465278
40407776
253721907
209415188
253722194
137144033
208118283
92010531
249218385
117073579
186348395
167374526
207294238
247959794
214010539
91985515
102552328
101683213
43693037
154921558
247958306
248789300
192948926
249052169
152370958
246852930
184873896
214928423
117735039
208738726
263303878
41241757
147024585
193156015
77639171
262699498
262732337
27225792
149520309
190702835
211309079
137941480
121105679
77447034
116199325
187887991
253134525
246853041
87999653
197090152
214879563
206544449
261840615
215870331
68572274
251231230
174372556
198747534
208405607
251551390
19597901
205973458
250548877
198740639
213863508
242504780
196859952
216283973
19764360
242504782
114895517
204930830
214873832
235879505
213498660
139987854
201110626
210513736
242504784
77639178
193007580
136731484
194102769
117036025
215767035
207831762
263104639
253161182
252861872
183482096
252591733
181667654
28673491
123081704
58461930
88798529
163580205
163725743
251268291
248852784
159717927
117586325
184617944
249220258
247887811
122150848
193154093
204055770
168900644
180745166
11661528
116552803
193736777
137922215
177302197
263084795
145778070
192048457
197101762
204806061
252631878
254188069
249921270
162735207
161897218
252357123
206945996
202510834
241915528
101037350
10102877
207831792
125363152
73872773
176939516
105739819
53917758
172024629
200633786
175167325
139208033
50215993
196762741
167462177
152818161
129179365
189932332
205303870
186137307
158208448
66510850
105739729
250339589
253318289
253620058
52678618
252357121
149767086
194105449
137853967
263291700
207830877
214495404
250060816
193511505
253548166
252357067
117594416
191763353
217125798
253317743
217156073
128711710
196762538
247878740
249051425
196288487
196288192
196285189
196288537
252357171
195891003
192881523
195881696
262691765
262691927
154453886
92551655
253396151
186106273
192451468
250062266
177528854