435979
160208545
217181083
129233519
129233605
89501815
129233515
129233477
199963333
23102869
140769170
185654354
262078621
128823309
168025342
96551446
140768955
96550405
159786027
123442494
82403103
252942074
217181905
122273807
160212149
129233445
206244092
253630020
160208525
217320493
101873758
160208917
125603745
159786118
217165407
181809419
124704121
168025570
96586977
160209199
169380315
96588424
252942319
173674365
159785995
44661417
262078455
159786120
103753742
127880082
140768868
253356762
193737181
79459957
262078559
262078381
262078465
107005303
82389682
101876173
434872
252941785
140769273
183924597
125603940
263244266
217181980
159786025
90813399
129233571
217318102
171868632
148698949
106538979
122193520
217319744
91164124
159786112
217321302
110875392
263239527
206243788
262078545
130043232
261952361
171969561
160208527
103753769
202642865
122273780
189632828
160209189
102911287
122871283
169380041
252624220
262338151
225911052
252942423
143001872
106539644
143001892
258775422
160208541
262078407
117270939
106539190
262674763
123442243
226124798
91010023
129233581
160208551
110875787
197180984
106541800
139565394
182149811
162593424
99373995
115222752
262338164
171868634
110876349
110876503
154184559
110876834
159786056
98866979
248646906
91808010
262078613
160208539
168026035
125772654
92810522
31517018
102133589
160209249
106539906
217267768
202231521
160208752
217266955
103753755
131280883
171868593
226139064
123442701
143001910
248647011
147977257
226189108
159785977
82761662
262605490
248648905
214867785
160209027
160208535
82938999
253632204
140769104
102133512
77223285
103753741
160208523
215098095
202644659
262078399
160208493
159786020
160208543
98132109
163575410
130327873
77223322
248647026
159786006
160208529
217171937
262078501
122522105
107005314
82389244
110875374
262078547
171868612
262656950
110876244
262078509
96552879
110876836
262078469
168025580
262078393
262078503
205741768
192906496
91457801
122645882
214868257
217173570
50577240
259511788
248789464
262078421
160208499
28906114
110875385
262078413
189341906
166037280
248649093
160208533
95295517
125772655
169467830
168025705
248647399
87940922
97043866
109010621
96553878
262078473
106539779
183554957
171868610
248551611
159786059
102133622
92364962
130043368
160835397
148698870
48282523
169380083
139565387
80960448
262078593
77223304
118262184
262078543
138384391
262654625
94282967
230374218
198492441
126734868
129711913
177625685
248646876
214867754
82389238
171558319
151496974
248646839
160208501
160209213
261964193
160209255
103753712
140768743
171868582
121228443
110876236
168025344
214868114
217292494
106539000
92017379
160209253
129711809
260921787
171868622
193047582
110877176
262078541
125603525
122273827
160209251
92766847
103753721
160208549
130043301
262078617
252940965
122871959
110875380
126734860
106539938
189204074
95864355
110875505
172177079
159785985
168025934
102133485
159785972
262078433
262078403
262078589
262078397
160208971
160208495
198892557
87843076
187837086
92765383
92691619
106539491
144342721
92810548
205483088
110876098
107005277
262338162
262078505
147977506
262078475
160208521
262078597
146491597
262078581
122873103
92382763
174663206
36330592
99373495
164579010
99373485
110877168
262078571
122645869
168025349
171868575
101871983
125360333
186567879
262078537
257842702
262656946
134652551
99373338
98863814
110875602
99373201
106540278
110875970
110876673
262078423
262078565
110876316
110876410
117662035
247718202
148808524
206307691
215098104
102005755
110875900
173449758
262078417
262674912
160208491
82389684
248647797
168025566
171868570
171868596
194785902
130043273
262078419
194787854
160209047
139816378
99373445
106539923
97890932
146758208
101818999
110875627
110877059
248552506
171868597
122522168
262655242
262078529
171868576
97890930
106540029
97890888
145134609
93830412
151496970
99373461
247718280
99373443
139565546
248800373
97890931
94426643
97890925
148808525
144937067
214868200
127354024
92017455
187636860
189594420
191418490
189588872
92795287
252790494
258859787
97490040
93245299
154183475
252793369
99373411
139565233
203897748
252566697
247718257
106364723
98862456
253162464
198436045
262481167
83933660
99841840
110877306
110877178
110877061
110877071
239196292
263042990
263192575
41084823
168025366
168026146
171868603
248646808
248648889
160208516
248649111
186567902
262078427
262078517
262078445
262078437
262078429
101871979
262078431
262078495
262078443
94282891
91457975
110876415
110876257
198962157
110876398
197182335
110876361
192731022
99373229
114571827
263353873
262078523
262792495
194787643
23640324
154182026
148699148
154182235
97890905
106539438
252790042
111191045
106539874
216396715
202420900
122873130
250175944
215736477
99373194
97890873
134653220
139565310
92766125
79551755
215097722
98962558
110875416
110875637
110875365
131280703
99373333
142031538
106540062
85344214
92766854
144342311
247731075
134653096
99373983
139565715
99373212
187838550
122873904
92383819
91266767
252793338
189574044
189586728
187634866
92765108
262487893
92693516
110875395
110877031
110876975
110877082
110877219
110877122
110875766
110875401
262853130
239196037
253238172
97890895
252630609
252596390
225381591
107005494
262655244
262078549
91457884
262078375
262078499
262078383
248646901
262078467
262078591
263091917
171868591
243086267
262078507
262078527
202642910
91457896
244132142
168025568
262078457
248648880
110876346
110876353
110876283
110876280
198963105
135359602
121228157
262078605
262078415
262078385
262016670
263373197
257842750
122872102
252784427
187837675
106364606
106539642
144339857
139565732
106540159
92383133
122870985
106538980
97890799
139565419
66902630
99373459
139565397
187838104
106539909
239196098
253892546
75367743
261817566
254082594
131280627
259321138
110875584
110875605
110875387
143467974
253238150
97890889
139565686
92766060
92817922
99373354
215053898
214868250
253891716
225215491
216395922
100510606
100510581
127286438
110877008
110875565
110875932
110876091
110877166
160208497
248732979
262078609
262078551
262078361
262078525
262078627
262078577
262078603
262078359
262078425
262078585
171868569
262078515
262655240
174183088
192909375
205903629
183926599
147588076
248646981
171868601
171868579
31519132
91457800
263354523
262078459
110876196
198967106
262078583
110877153
110876246
110876308
99373277
214868255
262078567
262078441
252942211
117271584
249867462
97891092
99373298
93245216
106539868
154182024
127879420
106539165
139565457
199972813
248723384
262016671
187623207
190212819
110875367
110875386
119501625
253127449
253127838
239196115
106539353
102424105
162752471
99373202
106539871
125603372
252400992
110875415
110877066
110876738
110877085
110875978
261851595
261857320
262016676
215720650
196293565
252596131
252596232
168532295
248649050
171868581
171868589
248648925
159786008
130043357
248647379
262078435
262674816
262078497
262078615
106540252
159785987
107005114
96585924
262605494
171868630
82389234
258766926
263354420
214868215
214867856
160208992
99373522
247718172
174858239
106539862
106539676
97890886
150374890
199241519
92867575
216204872
252566736
79555003
163543881
144341695
106539665
92870234
106539356
261820091
189587200
191417580
262016682
253127848
214867673
215097903
115223233
90606867
102157046
110877023
110877057
110876044
110877024
110876646
110877056
110877124
106806616
142237577
262852675
239196144
262078487
171868620
202642644
202641621
262674327
262078373
262078625
262078595
262078453
262078623
262078477
262078377
262078491
262078611
193737185
169380176
171868613
171868624
107005319
82389696
248646868
32224041
171868573
248646974
122273800
168026258
168026313
91457946
257844234
216206569
124703035
198962317
110876304
262078439
252941225
263354565
121228108
77580909
263352714
216395800
217180908
230027579
262656959
250020558
95864198
95864219
187837291
225214525
203585901
199993461
154183010
99373211
70802727
79552786
199903638
176522433
217170938
139565513
203586611
189341231
203897678
106364722
106539580
195875419
99373303
74282179
92869113
154184647
199123608
92382374
99373340
253164922
91163526
214868307
215098070
253127699
253127569
187626349
216396094
252787423
153885088
252791447
97044206
248263462
145134528
254083001
102158531
110877080
110875987
110875660
110877413
110876684
110876518
110876865
110875709
110876742
110876114
110877081
253238165
252630565
31517310
160208547
262078449
248646826
171868607
262078587
262078569
262078463
262078389
262078519
262078471
262078461
209409503
262078619
262078607
248647936
25004103
48010640
122273788
91457953
171868585
262078563
110876422
110876321
198966219
125603475
198967472
263352391
176583583
263354353
230374212
204453606
263091914