157422653
129233409
153769814
184858371
54811496
192951722
10368675
197063061
54977324
168610400
193094831
93110
168610881
139816308
54811504
160269724
55924646
126734571
168610760
137005264
252566549
244301427
126734684
168610476
152879800
168610496
168610518
126734568
14602328
25680260
168610468
12356980
126734591
184944548
153328558
12726475
168610346
168610470
154155163
126743137
203585237
168610756
153658504
81157584
126734896
246854246
114679909
168610530
197634069
129233516
144178306
129711162
126734660
153664925
174651448
121171813
141362689
13888025
126743170
126743101
116737601
11588787
129711251
168610791
129712840
139816306
168610517
168610486
82226412
144465556
126743083
12129811
126734865
149913473
126734924
12217136
126734954
126743058
184944286
114779033
168610580
126743246
139816359
19584584
144178059
189364528
168610618
184943977
126743120
77093578
168610347
168610800
12619895
252566617
184944559
168610880
139816256
168610611
126743218
184944042
12218888
126743450
139816227
126734826
11402629
139816368
89659088
114690367
121171528
184944464
126734921
55064334
252757189
77082260
112323920
25732854
10773392
77093838
13061186
6916939
126734894
114684813
126743277
129712583
77084953
77090060
77943793
91774033
206123453
126743253
11221552
59464836
114758168
77051997
168610453
114736285
168610363
168610766
126743191
11202781
19778205
77090073
168610342
139816241
126743214
77090077
12220201
114680694
45508228
184943994
168610594
93131
115704245
158215249
184944221
154413592
55026549
203729806
184944274
139816262
86791232
74461638
197924967
168610914
77082252
77083325
184944391
139816333
145389928
168610520
126743199
153593247
203824533
10771650
168610451
19583856
160268798
139816354
86672516
77081944
126743242
77082247
168610814
19776438
77086207
77093757
168610502
168610731
80993751
139816288
213893222
139816212
11202152
193094833
252357255
74461627
77093459
77093939
160269510
19775325
148863907
10281108
126734892
148703256
168610569
19583148
168610856
77093959
168610769
143951801
168610741
184944474
108961493
126734943
126734618
142221487
168610673
126743121
121172461
126743208
126743108
101179661
155273619
184944262
168610705
168610870
129711348
147974233
155014980
126743224
158411939
114682907
184944573
147993546
86994020
184944235
114758784
168610600
168610446
114682761
77094003
168610858
293689
17949854
184944506
168610360
126734567
114690322
203586561
184944000
203585231
155278260
87127074
208404289
74325042
184944089
203586512
139816254
149913507
154404632
77093984
87125984
97922549
86993622
168610862
184944522
203585982
148852457
203586465
204320873
126743178
129711523
49608958
77093604
12218180
77093926
197063038
91773557
87121170
200685870
126734662
126734645
145393916
21650827
168610829
126743257
184944596
126743103
184944085
184944505
168610920
144402336
126743229
114690280
184944495
184944214
206465305
184944242
252566641
252566593
252566676
155015826
204324673
252770661
262674767
205814563
84714730
139816224
148703347
139816270
126743244
147993917
114689874
126734830
184944317
126743241
252566569
252566557
126743269
114690237
168610723
252566663
252566690
252566648
252566712
252566706
114738921
252566545
168610753
203585986
142221635
14846652
262674845
115948500
249637191
153592718
147970791
126743223
139816217
168610847
147969978
149399346
106539957
168610372
147970592
149274403
77090085
168610511
252566714
137005270
252566555
222650495
184944164
168610465
126734857
184944233
205539467
206472118
21713701
77090070
252566731
214742279
262674843
124041234
86993947
87128559
87126980
214742264
114766645
184944290
184944141
184944480
147970248
184944475
168610775
251175047
184944483
189363988
200982608
204324720
184943988
129711151
252566625
252566634
114731660
222641405
114700838
114754928
184944305
148856097
139816366
184944175
252566678
252566684
126734849
239196302
184944105
171590682
86749884
252566546
114689648
168610710
252566602
252566657
114690190
148856461
143951698
184944205
139816267
137005265
114683757
252566587
252566567
204324726
77093501
213893225
77092555
147970109
184944257
114689796
139816297
184944071
153592643
252566562
126743156
87117933
10760874
113792766
184944206
139816309
252566730
21711501
168610370
184943914
168610407
114697372
184944009
129711854
21709358
21709441
168610625
184943951
184944026
252566686
19777917
204324686
77093511
101183809
252566741
106060949
252566671
86729521
81157697