134749532
217514408
197685836
106539810
194823033
205828442
261810928
117555365
49895638
139283532
117556328
37967623
248303088
147062697
203402287
243058108
47312446
217169320
53455803
211084746
216901649
262522504
119925836
177446257
187838728
204413869
248804825
187839448
169929754
204419914
199711106
49895728
117554765
225957590
152816171
133563541
193587864
161465143
50226206
144463702
115972809
216360581
253632268
113967242
247414977
22514869
73401997
208683582
262530553
19645784
49366263
98863216
95298206
19908514
117556339
73402120
68489135
73402370
108259075
132004065
114688685
206463527
204195734
19615607
73402106
242702863
247906842
73402004
117555418
216378751
254113778
26028862
261964310
145563822
217169149
51347539
121005000
117556268
36828211
243422102
117553984
98875253
205018427
6555671
98085356
134417420
254859551
110317862
144917592
92984114
132195809
117554741
162822722
262758253
214938879
12702199
54420392
249467109
1520769
261816111
225957626
143617678
92811441
202292271
53252290
53272748
144959510
35600521
53283668
48551509
117554754
92867486
102400915
52867878
98065249
216901900
248893339
155255820
198587478
177783772
125502188
1520767
144959594
180304928
106540151
117555360
210428384
57147091
25936554
261872295
1520779
1520765
16077771
19616183
49895700
211056777
225939356
200810906
179952742
195825912
117556349
52804804
216379751
243422131
158135376
127941946
214579077
145506292
58441975
58443694
243422081
135391320
141366359
83059489
106715434
56098721
54895820
117554900
204410289
243422113
106539540
245075388
67360749
1520771
253164168
117554758
243422056
146289775
21461937
100099724
129746870
216372782
216371051
247730437
25461338
164075843
198893817
49895689
207819099
216902900
117555914
149194430
117554397
214742372
117555608
248805207
216901096
141366497
48773428
211827688
136879960
133947809
195341271
192121093
168046970
216902517
207697736
73402124
212568920
117555575
191740385
247972704
8102452
117554202
252857255
253782386
117555422
200003420
117555985
139471711
216204952
168867001
216379057
216369289
261810915
262473369
209164846
225957312
253079010
136860399
261863473
261856077
261880769
261870223
261873456
121332073
263166641
263169907
159095465
263257444
174143835
213964897
52765708
19616813
176584721
144959464
212286427
31171650
202404587
203199068
216901084
117554901
117555583
134352984
176715251
211008125
117555978
117556388
158225332
204425556
225957597
208914808
74565946
251997167
253235064
253188569
117555371
215887542
87651053
221253902
186079336
108324660
211936375
170917138
117138671
117554755
200003777
216369860
253127508
253782453
253782398
253782445
253389777
253782410
253782452
261879479
261843105
211727325
263172775
248646073
248647621
1520773
1520775
213936661
263167872
189151686
127941924
151562746
120461049
96670878
16077644
144959542
112139687
246205407
243422083
172206002
96099845
89696963
201305875
117554417
225957589
205692734
216901822
92766813
207564786
165255838
117556341
117554392
135071814
82909590
117554292
201348259
253278844
205620746
252913751
186314588
252911732
249238202
113930301
261965662
261965835
253279549
154444130
253782409
30163910
249799156
216369225
216372157
216356716
216379179
216378695
261818271
225957307
142265772
202338300
209164812
143862718
199993386
215195817
202715264
143886124
261864758
261853700
261879068
263166749
263258283
248542237
248646189
248647918
248645930
248645977
249174149
242729876
124275183
19614504
144910608
201539092
82371101
20343003
79837312
117553947
117554187
212579856
117554752
247718262
220680689
216901884
144464626
207206481
117556332
225957604
205694629
191764990
117556345
199647394
106539328
216373455
216372672
225957313
225957311
210423570
210423565
253782471
253389734
200559632
253892561
117555987
148074752
201301324
212576547
117554404
94051653
135071887
117556347
117554402
252568876
198129425
168724609
252911755
252758164
144757941
117554908
53455629
143862545
117556330
120252249
261883901
261879851
253782514
263081183
263184821
263263603
263260872
263260111
213969284
195850014
248647605
260942265
1520777
213936993
213965969
213967490
248444854
129143471
242751828
198114910
243422115
117555386
212567728
136880031
106364914
117554905
189947628
129748480
111510956
188211316
207640626
143612666
227288578
216378555
216369350
216360717
216360081
260924876
23375573
258403551
200701515
202759191
147854687
225957344
253190263
200003509
200003464
229803596
117554182
216900936
117554003
253278703
253782503
253389732
253782403
253782449
252770274
216936216
138900129
7308975
69092193
225939135
144495230
156653186
37972570
216900969
186978811
252811775
252588003
252611287
200003735
170881413
216902203
216901767
202413326
95733269
160098445
117554727
177444472
261871949
263040741
263263480
249174105
1520761
213936857
213936321
173383455
150904198
252977641
58440683
143071805
49895660
177634375
262780369
247401209
73402095
133813492
169274968
187836720
117556334
203195881
145500987
117555580
117555989
106364658
204206578
117555396
208125471
200531168
214078711
117554744
212578905
201300055
250173257
117554766
210008691
216900980
216372205
247730592
207342531
53454558
188210779
117554742
250059702
253782480
253782434
82483078
253782516
253782375
202642720
248647589
37458497
1520763
214825569
261867579
261857095
93272424
258752377
150886418
208404258
198966480
144959584
204615994