193107370
424718
705296
8357964
257866387
55287195
50078310
242030320
7202909
2922181
36710971
2848367
15134137
50078774
50078294
490332
217387280
2613103
253432001
207196906
14617235
14617224
58031343
958366
56003829
7202901
953424
50078316
154010484
424782
954586
338153
263057071
261076178
107759815
262852769
421232
2530165
2613117
129947542
516521
35896621
2613109
2613115
40033786
49915999
248789425
902669
217515529
48983911
3819141
129662382
73766624
3819175
2016279
530858
192951458
2377373
3818691
147575838
74750032
35779547
50078277
35778405
102133176
7194091
263207828
10186282
73491835
339681
50078320
8849990
50078306
7257059
35869536
401812
416307
421275
208056380
191779269
35777561
154028719
121409972
195283752
208056378
35777567
35777563
74828838
128865755
160402426
129587397
195697050
45258098
35779491
74329959
2613099
119315008
35856089
518251
958370
19830290
248703402
101870931
262795622
50076271
32222289
195472327
195994085
195283742
35764187
956948
907606
31852914
35856286
193758316
35869489
117985159
262730817
262796023
1384815
35778344
42262929
35779421
192951448
35869408
35751685
34755917
15134127
35764246
52112607
1384863
7203179
129602084
35794153
31895851
35764394
195472302
1384865
2532769
109945632
55422811
2499727
2499579
103475213
198996342
200976697
55289060
2499577
88809747
129947529
2057529
35777621
71683113
66229162
101871018
198582995
191781283
7194115
2530795
2502993
530874
976252
531743
50078282
35778275
35764285
248558643
34752191
518274
183719882
191779867
29357412
121235531
35869541
7194099
560363
707400
3765631
192450778
518266
35778299
19823158
117375162
68984820
66105805
202495667
342360
35777564
101870937
129587671
129868846
518074
35779437
35869569
7194107
48983732
52112601
195696981
252131229
192778478
7194103
193101650
517469
101871863
1384873
142435845
339208
2465273
7194095
2465317
706146
249180912
29354716
55288617
195283722
195696919
198495232
193101882
198495251
102132999
53806192
51991139
49641519
263207765
263103112
263115380
192951163
46755221
262705765
35869543
7194111
517077
35896667
35777584
2499731
4319095
102758499
195283760
109945662
14617239
129662396
35896787
35896797
58710066
200976670
31895868
262655374
55285171
193101447
195472352
193101580
2613097
74860078
262705701
2465245
262876386
35778338
102758495
102758345
130285877
129662371
252460930
108748256
74570290
247902539
102758205
51991152
118522625
29357000
55286509
55287843
14976452
195696931
195472287
195472341
195697009
193109454
156202145
247346499
2613101
262068438
2499807
50238873
198996371
506011
2461259
109945613
2848337
160402498
263102317
263179522
195283740
102133254
54513276
55285774
73584966
195697058
195696991
247902945
51990789
71125431
76152481
263071836
195283809
191779279
195482707
15134118
7194119
35896725
35778281
50247585
3819061
102133070
195283795
129589492
129768072
77222381
2613121
129593282
109681678
128856457
35778316
35869542
2532695
209399384
74569756
263083125
263099042
102758400
200976879
195472245
198638349
198996369
191778979
193109450
195697007
195283718
55285756
58710708
195697025
247902535
31516416
102758505
2499575
111153150
35869414
35896679
48552830
1384841
102133157
102758520
198996151
1599549
109945619
130295402
129594281
129770969
128857898
35779571
262470111
195696965
195697013
195696989
74571350
263199147
121233987
263023246
263199588
263179628
73668642
198495230
202490642
263208135
35869396
1384813
2062075
48862968
35778342
116189173
1384857
193102083
193109292
192951414