154160965
243006527
188189658
243006533
216096894
248362143
154160976
47504732
62633902
243006531
62633900
248362144
46107058
152919057
714023
13415205
247483899
84992108
174605339
13415209
174605332
23794632
2027779
167446027
714012
656352
8163190
214493621
174605353
3266007
91534916
1019270
193602928
708134
206482094
175445727
215912986
195827458
247856803
205694547
208065035
124237020
175214108
194368595
194344461
154224185
48035347
191570167
124941568
163172708
205694555
155272296
175950835
2220303
208064961
175215027
174605343
172916170
801599
3284615
3265999
3284645
124942767
3266011
10398229
10398219
250549073
3284001
207658007
3283767
225957718
3283667
3283685
208065006
207299225
3266003
3284153
263113988
179074503
199975531
714164
162824212
196483852
62633904
207909646
176533159
24823006
175214099
175798782
2884141
175211328
10398233
10398227
118139117
260918901
467358
177650168
240639418
3257835
25423464
207699229
206164064
175214105
206331034
3232083
215051930
696181
175210514
124941600
3232075
20909683
62633910
84452630
885800
124939883
235735496
207658011
205540368
113526885
203213523
212326214
475642
198537391
172870418
10398221
201580899
20487290
213997935
136483093
261952564
3285165
64979330
137372098
219344961
203200662
46107051
6932291
564788
137432593
1019266
206488710
247337122
177056792
251984587
178777155
199975499
3232081
206482098
75983556
208273303
184243386
261823278
650427
192736741
196341164
251531722
3232077
20486566
206331030
101498024
199975795
696186
201845867
203543529
257790276
137425187
206482096
814956
247944753
75715372
164441887
42594232
178777227
84731312
183268551
259481644
216233559
251984739
202529197
202040172
192736553
696185
214189254
249022433
112071598
249865655
137367821
207563818
253321449
240626592
52805065
262767042
252324045
24984567
1080530
20487312
164437620
206165486
206180655
202510829
113528050
142242695
202715178
235368502
137482095
179233960
47504728
114944775
206482100
212323832
250548885
248521606
3232085
200851799
198866408
117926915
253321445
253321451
174216895
174216920
46107050
20488863
4281575
3232079
182309499
207332548
137425434
203592350
179233000
138891055
180848497
180320203
137486372
137582842
137271688
206480559
206331248
214189238
253321447
3232087
242085563
127692508
127033302
207332576
186752148
203540093
261957840
207660652
251998840
212326448
251998832
172871208
209388256
114945345
206482111
206482109
129138275
176825522
172161457
206595239
251531726
249601713
124893225
262550640
3284755
260154204
214752721
179233025
172873109
180318007
114945683
207660658
251984695
206690932
207642898
206360959
1016297
241482480
215221397
174216902
249889726
172161475
186119045
113527632
2891851
252658519
253700606
127031700
149125880
137369093
137425438
200848394
201307996
155287349
174216899
3232089
248773862
201385842
182300790
194525908
2855813
218760947
192863674
179445991
207660654
206480553