32720778
102133248
315230
4097347
22856437
74678261
313679
216335291
206248720
192989928
22871764
7202941
7202937
715735
7672726
22985293
7202953
546193
214937164
198564635
253350343
1586105
559681
55287752
546333
519992
23437598
10185137
58710256
2027311
2430581
3745657
314379
191714363
55289497
258378674
3885883
103475225
193003940
44172983
44173125
7193907
49863380
2468959
70805263
248703456
258378411
7194143
261157176
55287853
25204657
314390
313633
59297402
128670419
203422646
102132928
48755879
23437484
215605837
191780579
263207816
339294
248703419
50216070
2466453
215540817
73585187
462965
248586332
253350357
41375061
49915971
44172981
565377
25203939
313402
3745661
3745659
55285438
173449516
22859913
10183891
14054854
50410207
44173050
197687668
48984387
2466451
48983780
3745671
53924731
520174
192908919
204044677
160402367
337420
195697035
135544705
2846015
55287740
44605176
14991745
195994057
197687712
313401
318565
14016663
58903589
195994034
209390637
337789
14054902
2865529
197821254
203422656
484674
314061
44172917
115967860
48983767
24594673
193233534
55287627
64452987
55288329
41375081
195697015
249853288
52678951
253944499
342109
90430940
193233913
363328
191779255
48983967
574348
203422592
339202
58710465
3072569
1056110
594174
315842
3081253
565381
32221962
44173052
73385234
49181776
715704
3745677
2466567
48983690
375480
128656040
195283746
197821203
525884
314324
44173023
48984332
247902322
248762228
192988886
58711416
55288692
25204335
58710399
73585164
25002398
44173092
197687606
197821186
115968391
249945576
197687619
195696969
197687581
191717396
2466465
3745669
2049051
70805247
109945582
248762681
58710663
102133267
4621039
204325619
26600976
22986636
55287234
120471923
102758390
197821188
197687587
263209025
197687589
197687635
10183826
3745663
263202963
197687690
2245281
59282005
197821227
263098452
14016543
191949994
250336193
191779469
42483042
249851733
261157801
14114130
29356076
29355360
203204658
204439184
2430587
90441064
263246688
55288769
120471996
55285426
55287171
44173137
203204669
195994119
197687672
197687675
23010690
55288338
263021109
142481115
139527909
4205811
2424615
1384871
74749998
49182100
44173054
120472002
41584995
204442595
41580184
196203628
196197980
193233126
263076429
263209917
263098559
263209977
197821223
195994093
120471947
120471941
3745665
3745667
193549176
7194167
7194415
262705007
121006077
195994079
90447334
121006081
197821272
263209622
51990818
58710962
44173088
44172899
262973199
213492349
203422622