253099216
252770230
261003158
51474583
197119849
203231264
101870295
249663536
207032950
197587856
179063968
73107479
6403963
172568462
186578233
21129748
79937406
36750643
197745241
179952409
57905699
57300933
111285052
14890554
248355607
105375429
50361636
178240500
213997363
212992685
261833893
89204270
54929742
6968113
193211309
128917245
248554950
251885302
32056951
168234722
89793154
91146709
87108578
146224798
138269679
59395854
54008180
115773023
138269724
260940055
213753354
96027375
58810066
32472857
95755271
149781034
57905703
252866592
56982072
252062227
192949946
73521903
251985093
186434582
37156892
173093859
68832574
172067125
242743166
49649751
205506451
534944
261803204
145627009
39514007
390192
54682252
776687
54929669
217500548
35193352
900363
56336299
441835
163831346
98686182
253248295
138504804
171586019
193920921
23413038
50422954
195854520
54002869
23084460
248176881
23648313
43986365
202961613
208226462
127170155
68446015
49873790
181122295
49501968
41263075
162025551
253361965
203204624
102412528
208778406
141002538
180591153
253619342
255435094
253363346
252174673
53789573
186369444
69107154
1360329
188229191
70038951
422011
25163567
33620522
197178852
48040527
186670426
76599939
138269675
79117397
215104328
141118382
6034711
250017722
66067657
225210772
56207377
198494991
33629705
146270660
41197399
192949765
1314621
127077153
35445135
252012237
89591448
253176158
49786831
171581082
202961571
200673123
162399356
127692368
133864414
68585569
49811002
36744080
129767981
27156837
51518590
248502110
106078318
167462086
37363738
202961728
48758523
55238052
182603711
192987838
127591478
170466620
192950426
213886956
54924495
248342835
183513811
106349669
177753703
476616
197337508
50192677
253620326
10189330
194568658
50182245
11381558
170870724
532256
194493672
43907452
169377709
182993439
50074144
32741688
208126944
127591360
249535109
196683909
36314500
203468121
160692420
68832576
127692584
205506474
50178042
202961730
111107372
23084466
59103866
247564805
66863432
171586013
127591504
38061318
249268736
251984833
34281109
548293
174321411
53468812
98599016
49450348
146225105
44866011
146225082
179584500
42966078
38061786
174558260
532261
390193
42966084
170870041
442740
54609018
170870035
50423667
170870050
16382538
216213345
132302832
253129521
127692304
38065185
50190868
116452116
194568634
152705174
72512009
173745199
221516868
146223877
173479574
208097099
187846013
75953555
206242520
146223883
72092779
56868232
248343312
253364548
51618100
36377568
171580692
247933385
243037350
197745205
15232923
201385947
225210826
106996496
184880647
15777354
253394592
185449475
163918373
73923124
434282
96366394
175552134
262845360
230599359
174307004
52614034
262085480
105375445
182300292
75590297
25163558
253323995
254141578
253386598
37975917
253169122
230323410
25883206
33410342
32743708
204627164
72291824
191320227
189659169
1332613
253169125
21673716
186434156
262522673
50743569
247892327
253382088
2418647
172475715
37956995
179584523
253176156
1692507
38061458
194085910
36705062
140743001
562660
104273017
161969977
197623458
196220002
43476932
72639899
203069612
201385963
158622120
50074626
98239417
43476283
248915722
225386010
225959930
215104369
249268709
513767
127591186
119698522
14892951
193921022
59342296
77774623
48025795
53468873
201385945
242710638
38065075
50769303
50419187
109135487
247778449
2442163
214730882
253203040
210156135
186457129
192949900
210426636
127692337
215560782
764022
173489966
244169825
195814995
197687354
36313840
57772710
20820825
88917475
55356005
186455009
50181874
57300935
466801
57965540
116196834
214652718
182300304
217500544
96392036
262085482
146270538
195801919
203591356
247998646
49649601
241745982
172918737
217500638
46332503
127692510
47274882
127591178
1692511
208778521
110595946
241746447
49187774
214651804
50883575
58967738
205802219
573582
23432954
206087328
50215718
195701153
57489978
35859342
210524748
161945392
32744293
50743565
52418123
191649832
195845743
187852607
171580762
203422513
181122297
1692513
492395
180400018
49311389
206641268
221516921
127692226
7204287
160814594
11619679
127692542
249679653
1692509
195318995
54924762
214189288
133864535
138504797
76279856
182603741
208634815
59293801
188255434
214189108
117722880
55240778
55799018
52273044
133721691
225274007
214828874
197687546
242101990
50179083
127591562
650058
217500594
127692167
691103
127031752
127692238
198772524
187157831
35859411
263044496
201385608
252073275
36706420
10673160
217500602
120183745
1591275
213676649
31514667
187202235
54892990
127692591
171586324
162399364
127591379
225380484
21302216
244690953
251985132
217125641
173093698
46240608
196055064
198858706
214775112
169377570
129138324
50191991
40391828
204815432
200848809
200673108
247792763
76187991
74890061
197623044
174558132
247786117
192950921
184886818
58946341
74811080
225379219
2438587
206145363
171585981
187200887
225237342
52850128
159785907
207749417
146226380
177743560
183513255
149844796
54609014
247566126
34745965
202529482
50421287
22070586
185991786
162025539
90240738
371849
188785971
242443789
204421099
248184548
41143329
68832578
44858299
3317201
252872604
213997359
53468845
58035648
127692492
169377729
562624
15232439
215136632
171580726
197748257
1521357
49873938
174321355
174321478
37963750
79483244
241746063
147651063
10189314
221516924
160671626
21219153
180381248
93374915
83002004
258844294
127692116
186080373
206204989
249644188
195304521
1661281
189940293
496981
124893046
172024585
7164625
248894263
50417587
37966470
736532
171586374
160671638
186752727
57702249
201058677
77059007
248897979
213753387
203288360
204664013
247792771
204302054
127692420
198515144
208226947
116904752
214932889
471776
247567459
217125590
247931379
11391192
187194277
204302076
55505337
138504786
208319661
201385698
221236127
195952188
225386008
132302633
248586068
127692538
216987695
197626826
183512514
195304546
24598320
11406860
109295429
109109552
248805965
360128
230218964
178776469
183701408
195318991
204068773
113528511
174321452
50883577
127692306
176902941
192445136
29353834
127031576
247930780
249145005
44859170
182300741
53468897
241746262
32701090
169375305
74883416
200784164
225386017
174321361
74883483
249768142
183337331
74883261
160671636
201385828
216983082
74883710
32743071
214915795
49784380
49786838
46240916
8780058
217500624
574340
127692209
127692438
169271148
50076939
247792755
113117547
225235569
140969450
195845079
215957958
74890158
181810328
56189706
43476281
214920730
87044716
202529534
178056214
76527950
248346960
242076411
247778842
54623320
197687383
50322689
172476346
195299548
534692
225215062
190109966
248562058
146223962
203701655
247778560
198817146
214948951
195952556
195952549
249644205
249569917
74890099
128711699
127692277
192680200
215739392
196049909
167468291
205506371
55283287
253066070
183687276
203154806
183482255
197605164
87054340
54808327
53904621
410098
171586422
171587144
253620232
202961778
1283351
248208368
142900299
202508629
178450538
92600887
217500632
197620483
215288780
177747098
142004032
127591400
32742498
50178780
127692621
49549956
214189416
185449519
203945307
146225003
213960970
10134902
204376294
248574870
243245745
216462178
456294
258646489
213710420
146223815
200849283
50193183
249969669
195299484
40435431
214921475
142628175
215727567
197636331
50423067
252767986
194493696
22883677
177928681
206205016
241026242
197636416
68663115
1287205
247792753
213886830
1332615
163831398
247931449
146369103
49564270
198517348
215897821
248562071
195822610
214189263
71668973
242102051
195853885
242500942
242500902
215292801
252040451
219163399
165627387
108956753
398860
214592604
11578091
127692358
213676563
183313760
215897823
195319615
195828603
33595851
50419677
22956194
248807149
143780246
249489626
242101904
72183888
202529392
250078197
118582472
50215034
1529871
204302058
247779031
77221798
147415596
159785708
68585580
159384918
189468623
4146829
249679546
135099739
39359708
195287387
248844065
146223814
247792779
207641119
195854513
171581172
127692276
192783666
117315721
195821536
242085713
217125638
230316480
195862627
242500944
242500948
23426193
555041
204429543
127591167
185991800
120183704
195854281
163578663
127692309
74883353
248897971
249769434
249767596
249258150
135094103
48773039
183030115
444900
405133
204302375
202333807
120293829
216327127
89480881
109109663
207933225
189683184
127692490
195845073
249679615
136403533
195304486
242500950
206145427
204068803
431510
214948532
427063
171261087
102108214
215122499
189702731
248570025
195864634
196049236
89883660
217125703
242085727
242085715
242101960
195663650
252079935
201385704
249767730
195322330
3794289
194595508
164077916
247892505
247892503
201385780
195844984
201386038
169379472
11405575
249954127
195817475
225212260
200848817
183523764
230316511
197647816
216462175
109109559
195862635
195862117
91767572
182300640
182300715
182300279
182300556
249347293
263104516
133716288
214775110
127033489
179584521
214921413
262878716
200848826
120183769
10684914
197647343
128711673
115254487
50189210
178263291
172475794
178519584
146250257
210524112
177339204
197605751
196048803
215147294
202604318
257915444
247892478
201308038
195323236
201385954
195323258
201385981
195322407
249658402
215121621
248896768
195827536
195665022
195318910
195821313
214932954
195830937
248577345
196049988
195323884
252079187
38595257
235735847
200848848
260818812
216462278
249679568
151977047
262798854
91765500
195305581
182300784
182300929
201385714
195845755
199006655
182800040
215288776
146224783
197745243
242444477
213491924
214948005
198224300
188050605
263308659
197628358
172475716
216462130
165021254
190094052
194493684
152105066
176845410
183314736
120183828
120183284
200723710
118419955
195831507
250017690
248896764
195305035
189661248
195299525
195827498
242443837
73851402
125446545
197646537
33590150
216983128
216462191
201385969
195322256
215121606
181097661
214189338
183337287
230316956
230316968
127591363
195862114
182300319
182300967
186434166
193897836
195800694
247273577
132304041
248086574
172475726
197628419
186165202
172475886
194583685
172477089
197605754
195828946
189659248
11391513
196054768
249972166
195561357
260819669
247921376
54897358
195821201
195801561
195665055
195304882
195831801
195701159
252812077
214582236
20487275
260819300
200848609
216296808
195304652
249648923
109109537
215897819
243092020
250017142
225212258
129969942
215797558
127591516
262865480
195823123
195866753
195665835
195305558
191817965
216285957
127031805
216286117
262659947
184918836
247931384
183718261
191767655
77222069
172476394
242443929
178827013
107366376
241746195
186369199
118375056
263071791
180749764
195854347
194583687
182106050
179232112
198824498
191824404
189680867
195322400
195323077
195844981
196049099
201308330
252078337
21266160
127692536
195300088
195830764
216462234
109109535
183036619
182993120
201821882
127033487
225212265
112787072
230316962
197645285
133811744
215797560
215797562
198823703
195287385
201385663
195853911
182300576
182300646
115254353
263208886
216350770
204416985
180999725
215288778
216350681
34751409
214933758
214937509
127032946
209732313
204068841
127032164
120183195
205018789
116947332
193548699
172475793
192948612
186670223
189683519
249487430
195952186
195323879
195815015
214932887
216213331
212924337
216462211
260819943
249649008
155419902
215121625
215121661
195845037
195844994
195814886
189590317
243083190
206145436
225212262
79377583
242101832
195853898
182300921
182300450
182300742
182301012
199040187
214189110
195823135
195665795
201385926
201385683
201115003
183314432
106349233
194787317
116120080
171259768
201613904
217649135
196018631
214930452
217411128
109861900
195854320
132304357
111498891