25201911
216199165
3818715
216199153
24166172
213863143
3770033
261840878
15908440
116670034
101870756
216199078
216199124
110204858
251276042
202961865
32196817
217722059
55287879
3856837
55286913
156199768
122521741
262903871
58711554
82388006
73766460
170274959
202961883
197530375
1616547
574282
202962040
82937056
122521772
193109442
489716
3856831
197530463
217722777
21142610
197530377
209082558
26170004
58710197
217722151
217721996
99838377
193101976
197388123
197897321
263098470
263097513
263179584
263101044
12193952
262909860
220683266
197897319
147575697
101871814
121678639
25204031
198285408
117375029
125506962
55287677
263097465
263179582
3770035
108818316
251276442
261994818
209389712
209406127
262974366
3849549
192951484
263388445
1390031
217721980
173945044
263097505
263097835
198285231
263097483
263104274
191779485
25205037
87044890
261840789
261995833
209053740
192951177
2502921
217721976
263097536
202962026
198285243
263179590
263179586
74207878
197652325
55286141
55289426
191779597
196220831
213710630
193101539
260798094
217721950
263098942
263104633
263102321
73492206
193102053
122521993
106351386
125506866
89481469
258673205
106350075
197620732
3818711
3818735
3768937
86424451
81939453
217721944
26143134
263097457
202962018
9950318
263085342
102758236
55552308
26143322
198562153
3782599
192951474