168060555
76162140
252875881
88197182
178605945
150613266
122172053
36537158
36540108
155007572
141393283
90329438
173449722
193487021
198964728
148870093
16155105
73402148
129061233
492885
193476993
202561234
133946992
96587608
262674400
129061232
200982156
253248158
13510574
105614547
168723033
953893
88784841
202644501
16301036
129061225
88201553
12491176
168732097
88206465
185855658
208587391
2028555
99045718
162582233
138147675
83021086
243224080
73402727
199103309
205894351
96556097
953897
193511436
183348662
557537
953891
93211213
182996204
171652258
195773172
144463962
96551946
152705347
185993741
953895
113431213
144465177
222723843
2028829
187836944
164541196
22663820
2028785
466212
217387963
202642637
384429
198954259
11387803
141514515
168728059
73402009
168733496
134851842
144464702
73402706
135072418
148696961
140212090
143612989
243300568
199678806
174256305
187838347
199684422
384434
129071248
144300290
73402022
171063517
136430588
214000850
167237578
73402553
139661775
73402362
202641333
148716851
466209
96554652
121228055
10680210
166398085
16218049
163887879
159897730
173450092
25900851
129061240
202641913
384451
198272031
77223280
173450069
193483439
110575115
77223335
202643112
72165849
73402713
199678971
198893246
88821794
96585519
170988240
187839171
48602307
168061309
129948417
152107798
7827790
77182452
97043958
252874724
77280707
11387825
192333208
25887139
34357708
97043250
191365098
73566834
242092456
202644158
105513272
73402287
214744798
249894705
96557878
139660205
198284458
197514523
114456166
243099134
216702839
140214343
106236972
83020817
73402581
73402247
124230604
88206691
95863815
202643630
20107128
185856821
99139700
143010653
216573592
199145761
188831779
83020784
216453219
73843528
70014171
149917212
109235400
217529048
47143042
82360798
199145360
202642849
96554346
170084414
52424838
252396371
202628512
202645684
97502054
2028913
209409713
202644081
202643695
173450155
25039762
31519292
953899
88046540
104903242
168062316
247730347
159909148
96586869
188832130
7990300
253239080
82390184
169381109
198961846
149192093
253127651
253127677
1711601
25005277
73402795
128326328
252062369
248647493
252062375
96552721
23629099
82389544
2028681
95864275
202641720
83020800
169380218
492887
96579001
73402350
96553204
384448
121228494
198967227
14941679
242092458
17525720
148698733
97044083
83021048
198436009
133924849
216475438
115921922
216476430
185855851
214050511
144464492
32223666
216720544
202643794
88205783
11387815
197505831
135072514
187836718
48602015
155200650
103475316
248647040
13553076
216725552
9657215
253121795
56336479
199103154
168061187
128327093
202645075
182994620
96585293
74991516
77182444
35860631
112171385
472882
196073046
155256570
148871952
110377688
198965193
128326513
20585797
209408881
129713027
135072127
188832211
187837505
215745794
183054249
197068520
193486382
188722980
168061777
184859294
23936969
187837066
82433017
122869701
88212416
138148174
194086903
50740457
247421427
187838994
188831556
162752327
140981819
197514678
214742327
191331145
249153186
32222920
119315108
147588593
183285289
171089273
83750576
183338524
91284367
79554864
187839167
216247715
79555000
168060948
230220593
97498398
202645534
248647200
209409738
202643200
173450067
248647066
183319295
96586840
210878265
197068054
242092439
171558022
144758647
492878
175797081
88209328
384450
492882
144342460
205396039
249874363
24471697
29357833
217500676
83750642
953889
32223553
11387832
48010763
11387836
106539092
82006801
252002575
191809865
174838407
163148292
48282629
25005655
138383101
101265556
96556861
176582701
492881
127554089
214742044
144342292
106364827
54450237
117612858
205536809
202644027
202644309
193482750
198964891
48756196
11387799
11387810
122870897
149194379
153885131
20857658
199103289
52650877
90088067
197505765
183288741
466215
262674794
96575189
26613989
77182458
182997249
10073893
197064039
557540
135072365
199672344
201852555
135072880
187837673
207292171
128326549
115222576
205288201
249219751
122872772
187838998
202418555
187836959
122872280
197505181
128326858
198444980
197505257
207562683
128327522
243088510
197505367
205288504
168335148
143612298
258861629
253127718
55040197
201852404
166152408
242092403
89591345
25904777
262696086
15323195
262674355
173450169
77223279
183058760
820924
23410451
117375216
174006905
209408953
97480588
262658963
14761676
262674270
262653837
263273716
251983855
248648191
17512963
183251558
221032142
183250487
96557110
186753106
185925452
216299184
221517223
96557096
248647079
252357243
262087171
198964563
198966525
217636375
198966221
153522271
141096910
198967276
198966220
248649002
263201933
144197265
119315397
144238800
144239124
199103501
96553456
62878860
86424567
92503704
32225192
248651526
212610345
213690881
20586987
25901901
199682822
187838285
106540115
197515135
197505188
106539777
132859007
52649022
187838155
140103375
49863661
149194129
195340001
201853368
145297447
214742292
205537049
216449511
253071941
253296556
10680188
124209089
199103355
262696405
263060856
263103743
72527557
96579726
96557235
202644279
248647001
202642134
96547478
262674571
247903513
202645678
250233805
32860548
183315332
192870201
247546112
73567706
73567105
263273872
197179621
197067111
208275055
198965964
198964142
198962573
197182874
198892741
198893700
198490040
57838474
197063898
242092443
144238934
15284810
96553452
78554620
99043083
99043095
96578971
48011235
11387805
200682918
120504655
252608289
160278683
135072214
145563969
106539369
148075293
143612978
212610343
187839433
138851374
201112821
25903657
106539139
200709370
106539247
182114740
25904392
136652463
133104063
133900339
171157050
144340802
135064277
258861517
133005375
14486582
198435627
110378142
249153106
242092406
202641845
262674412
263206764
202641765
209409808
202644530
202643684
209409232
187162136
248648603
173450049
12491187
103475522
105665054
25002961
96546610
165024068
248648541
262087928
262087043
163148412
217191117
208276722
197067074
198964262
25981518
86424561
96575235
99045572
99045575
168777703
96586653
96588866
242092423
10680202
154184710
106539889
187839238
251589028
252162338
25981103
253348024
253297128
258857843
170880698
222677674
176119431
133900367
133900345
249219927
106539103
106539516
25899431
201852857
201852236
242092405
15283952
208767329
128325131
177527160
106364923
128325391
208658128
216462300
133828460
198435976
107351142
248648462
247907337
207997117
249153107
262696361
191366521
113332496
202643058
22670601
261840885
37152450
262466990
96557079
33456868
263273960
1994247
209409465
209409858
186753108
96583943
103867767
96557102
202645945
202641869
202642508
202643080
262086763
182975224
208657407
182976000
209408997
73566659
73567019
172366755
198961376
198964532
197067194
198486408
198966719
198963923
198963444
208276861
193485165
255173226
48602140
96578247
96574188
96589023
90087197
144239007
144197214
157137103
31519096
35860635
130948294
128327891
242092450
25891175
200738897
239196063
143613841
197513267
199678895
201852637
145562495
199678929
135072150
187836812
199678340
168777573
188832273
187836930
187839365
230248929
249220005
197506118
187838803
194565469
219144592
207772459
253349223
258857908
100993591
136933819
177634366
48282671
95864114
187839408
262696008
262640560
262640573
253120970
262696023
248650848
242092413
263255928
263208673
202642031
14761015
25002526
262674723
183283270
96550230
23410270
96554372
163147406
202642557
248648046
248647186
103758324
182985640
96557215
173450057
248647173
182971903
182969881
73567916
140786226
183337841
263200430
198965423
197069109
193487122
147966014
187838761
144238973
48911345
35860643
73402817
11387821
82008124
99043087
15284287
17513629
199103508
96575229
96585544
72727474
148077254
242092441
143612122
97942714
58072010
90088850
197513733
143613139
127879885
55589442
127878705
249219895
177197202
243014141
133900372
15284180
24540073
10680208
168062128
199103312
219462217
77058460
52647774
194565439
247741222
164536397
148871855
255076757
197505130
197513595
197513679
209409744
209409891
202644323
202641519
186753170
173449846
173450159
202644525
209408925
248647176
248647101
77223289
263210208
31517815
96550132
82391461
96557246
11387817
24754875
247907238
191357153
114689544
197068778
197064543
138711898
247906969
255179454
191357975
199103478
31519032
88046534
96553483
96291184
90485506
11387834
96586785
96586790
242092408