547157
358970
48862978
225195247
195472271
243084427
261798499
243084431
192951169
55288058
248764403
29356152
513620
37794776
258095572
243084416
64455095
195472279
55285084
197821205
342785
313653
550355
42838971
525649
248763864
120471939
214242711
193101994
120471952
115768386
219461027
212358067
191699524
219460820
43751945
203204663
197687612
54000312
197821217
195994130
197687642
314276
1384849
59297360
100447212
206715309
248762557
149520531
442344
51991108
206715285
121006048
262313965
2057109
206715291
202962016
191779570
197821219
206715313
647911
421278
195994050
58710872
42470392
15134114
2430583
206715295
197687593
203422618
120471911
120471903
53806186
2026663
37152044
263256273
263385024
197687704
2026541
120471915
120472008
48983595
203204654
263179530
87635097
121006045
53806230
206715301
77753910
120471982
197687603
197574632
205417034
263097091
2124133
3745675
58710288
191780619
203422654
197687646
203422606
58711542
263100901
191779327
195283781
263202178
35779435
50490882