88861618
189676642
207316689
176663464
115818591
204420968
88861640
196182583
204988472
196029332
144339150
213516978
22968351
172708765
106376918
203150531
47210578
158462630
77495778
16718591
195527689
73759853
205897637
14307007
252103039
106376688
2435705
203701735
153609504
144622920
126079062
207562755
14306995
14306997
247239515
140290132
141996187
14306999
139519743
185991024
14306983
148698977
202643507
74203462
193762865
125744728
140843718
186677604
181714362
73736902
252015178
72910701
148549859
115105346
142795845
29396195
137223284
249004495
79239431
137191211
137134224
22968199
148851704
73750715
16718597
74203351
192952382
3679571
206459118
67254368
3679541
248084686
53204924
122871865
2435719
2435715
174114596
2435723
73750677
3679575
140148121
133673472
14307046
202645074
260920703
215197637
177814094
204068633
147010378
164542151
14307015
137038056
73746944
202958266
172174103
14306989
219138625
73928563
47208260
74676064
204065609
139225556
14306987
31700891
139449472
73747362
148700110
79319621
203696692
14306985
14307054
79314045
252103164
142419402
51480074
74457314
207565336
161540430
202643248
2435703
122871075
148077134
74203747
252103211
161540388
11662819
158708457
465914
198876222
79316547
142421295
51479836
157476598
247906847
54439443
186268420
140148159
179795382
145303950
248211707
2435697
73662136
127880551
144623329
182558182
148076667
187837698
207772106
128327874
139565289
247239517
217480373
204218131
248290011
190481237
149195622
249484009
168726371
260920863
260920546
252073948
176171643
3679583
3679563
3679573
202644013
202642163
209409866
202642165
209409405
116398340
215122677
145411761
149192902
254082845
249483848
208188439
128327478
3679567
79316343
141733755
249937560
260920281
260920835
11662741
102159062
142115707
51479934
248647084
202643505
15520140
174114917
56683380
2435693
2435701
244183572
248083857
11662730
248880752
144463480
16699943
79316038
122871804
260920507
260920600
261973224
254082717
243244719
254257106
254256808
214591107
3679547
251552912
260920460
140148195
162351202
73759733
16718593
216010208
12390061
3679551
31519658
191732412
143852557
153875743
208408355
74203836
249484238
127220911
14307026
247295854
260920774
254082297
260920738
260920516
204053155
254003070
248084041
187838262
187837235
252073842
142791415
79240104
143612188
3679561
202644187
3679581
213522584
79267056
184767522
11662743
3679559
207565602
139461155
207565091
164796118
127880830
207562823
249483959
260920411
260920300
155314341
243084984
260920849
260920853
142423346
141492564
177212626
260728546
209410039
171660056
263310108
252012715
171670588
168119174
144616207
2917599
2917609
263451213
263451229
3679553
79317601
206461117
187838257
205609065
148074797
252012871
252015529
34513806
140148099
144341485
122869417
14307040
262780498
51479853
3679549
179795430
202641862
202642230
209409432
252865217
164542099