93734071
192374488
115093388
111271075
109298270
112588572
196201375
179063980
125932213
54046992
135608188
195845910
76688193
46749907
247858742
168956204
249771928
1617809
251921710
207563200
71001107
73165390
112594560
259310808
72224144
140174608
251772885
58268333
21660244
89696777
225912600
187595623
116032176
191926264
262463562
115093589
795518
162352405
58444922
686652
1277271
77323490
181371633
92996203
71322822
107707574
226399125
252867333
1392949
252859719
109515300
248816943
252861874
58403763
89696783
58972767
169732808
252859709
217535421
192391211
186272533
51501674
245765261
217765857
248817012
2100765
247346513
31207370
22438811
262734361
181782011
215739407
37216514
217765143
56800092
50779599
249766496
76222921
108939002
205540364
73514241
262570248
249794956
262734980
89689403
68823446
113527297
174830019
262570270
205284403
77221047
76117857
262746101
198414312
262570099
205695217
208210974
207400547
795512
263057540
176478654
252861813
194131807
222483773
262570034
200725319
215617754
89696779
254092414
213846693
249533371
192692844
205694788
1065618
200725304
262570032
214937309
119064704
795514
141075155
250549061
201386061
795522
193159744
578868
106362373
46253837
73294878
263057528
181929541
160518496
56908152
253548410
205771468
120183405
247446294
137261106
178316115
138049869
136112328
58621883
91121762
200725313
430345
171118203
254022153
253070785
217528677
215739405
262570097
795516
253269109
262045055
217641826
139979520
42412019
600358
795520
196021370
140374811
262570324
252855076
144444437
795510
152567363
200940918
85886884
192287957
159811028
262570322
187616485
251577299
76052357
162162040
174295302
89696787
115254536
73890485
249394065
204871766
30156402
189468572
262570413
193522367
188322056
58807118
68719136
96057055
215943389
262570123
189697613
262570121
556274
219147090
83607363
262570452
148734282
205695215
262570398
262569949
196022333
77221745
217764843
252600957
639287
183481636
262570349
262570236
262087000
148848877
127448199
114944802
192692919
217765334
262570212
262570409
213531706
182481595
248562038
215207119
207292315
213598640
184303086
248929117
77900452
217535502
212474072
215104826
215141164
138049935
202604475
262458232
177922483
261825805
253239841
200725311
261825686
206359784
217159027
37134895
32785858
215943404
36701117
182481574
127033553
192458977
216462270
206640986
262569903
182482208
253265354
262567734
247346462
262085804
127033455
30886286
215943385
248418577
215748915
214933062
122521479
115254362
251513348
127031487
247862396
242223846
253242055
253242057
261825684
124893118
202529354
247446325
262570149
262741498
262655991
15224832
248087720
143144196
181799177
217159031
262570354
215727151
217159022
199542425
182993627
124893165
253239843
207195303
17960438
251577284
38293828
205591152
115254492
32351710
198517040
143354729
262908002
137941419
201055529
262570127
262570202
205522895
247922100
221223061
115254394
214815374
248902073
200970134
189412802
253472062
247322550
36701792
137941698
129138341
261825711
127031985
262570071
262570141
260811420
213589298
214930622
2118779
120183755
215748917
198579483
120183735
36700884
147246792
177991604
215617763