133573582
29290798
98217482
92144873
184072324
98280808
49549374
98058259
87978810
130075710
507225
169377743
104013252
169375460
1074870
55284112
253400353
98540261
507040
124893038
434893
98284093
176132383
1074866
29290812
182300604
12057544
506642
50308587
53390523
29290784
2211287
229810554
29290826
84932900
111615992
76221008
174027082
205506429
508212
507930
29290796
507935
507208
507214
506986
29290748
240626546
506669
100285407
20427032
81237384
506666
506647
506676
507170
506655
506683
506662
146225271
192987156
105975763
33703900
33597898
506728
507020
506971
507652
252078759
116105706
507905
507035
130756617
507849
12130875
507175
506845
507947
542872
506856
507206
217523981
252078826
263208645
249681351
198097297
252079310
252080245
197540229
263073609
217524814
183269507
252080113
252079956
214189330
263079224
263088300
204473061
249603675
248636312
263101174
249602746