5173823
217146387
217181972
15116963
185690673
109579617
189595573
217181959
249286025
97921604
198536883
97922718
97921557
217182032
222695772
207934349
242694446
192358759
4364979
197404137
164490501
21587221
189752241
205304004
35877083
109665969
95756
191770324
97923136
136219332
207991426
217146075
19769995
3242089
103691164
170620607
16708216
35302753
12870574
202491857
90365214
135231743
185976758
96462792
242694466
192009622
95175159
97921791
96108
202644042
92383480
153662192
204420750
216204902
99139658
97921689
148716939
214690213
201841177
93747546
466112
98122231
160404802
137827167
248648527
131391538
131391768
85932268
144758523
45315454
148700285
253203725
252784888
97922561
248647712
181219175
137827393
106539111
253051283
206535984
248648509
248648487
248648971
13733530
149459802
97925414
153594582
126743118
181146813
117382496
252092617
73745433
202417692
187838076
114738133
219462423
7151719
244133736
135235728
98120123
97923199
207810507
168096368
16718797
87630796
189681201
252566638
215727011
215727020
98127096
248647978
98126932
248647093
248647076
261964206
87826922
144402064
253086987
98736071
199126069
144403147
201390010
213927617
263042859
97921668
248646950
248646718
176582778
252770721
154249339
244133559
213521360
144403477
247448104
217720518
92806801
253245673
5196723
166138003
251588553
252770821
247906386