57325187
3608623
197920653
116406678
43859629
575176
56047341
204027453
217268952
192125806
24984581
172175794
144621056
453820
162100220
189642775
7833728
191781260
188535634
241814107
185863050
36746659
2776871
574746
598975
52665707
163580376
221223542
160779603
191781262
39523267
49506139
127591618
90960326
251547952
21949144
36748524
159440781
176167325
37961800
878673
37942350
63470362
384103
113527404
416697
253412201
172175793
169546329
87108759
41549134
220682521
198208142
471004
24947164
45663006
153518787
137375815
110447684
113583667
56757443
582423
186391737
247658579
2781229
87120581
114944931
136785774
168900803
77111822
195961282
4780065
209603393
48544425
252575132
160395507
77777405
115980876
103864392
46755095
21367463
58272314
1527513
41549126
159004234
542645
629150
76779004
41593625
1821963
248469238
7171937
23576200
23358141
242099871
76778875
576378
879440
430598
138313962
483957
357844
261974600
1392957
1539209
57798817
203201371
137454768
192674306
93331135
4779501
483943
32975800
691565
202343044
49273650
613062
613929
187595371
46825663
195634997
567066
110198836
120431839
34553364
886962
127692519
55636422
506325
535959
196186870
559913
176752865
100033065
251942844
250804668
129138260
263081040
187191468
21392199
262756328
146270513
148806159
187595369
181210190
137941438
837604
187191459
253319431
187610218
197652266
90413499
45814374
189177278
46755093
139490951
634258
217123666
213669688
184248168
204027447
867270
254093556
625970
74983563
127591490
897979
719162
12502145
168561539
1727949
46755096
189035245
262056158
35010872
61800997
261974588
127991076
161903962
104557751
146275471
575842
545969
162772213
261974590
260931267
45663003
473725
262570393
613021
854932
24950333
162774148
137249876
114945465
37975737
612231
32858999
76778873
25401561
689514
130454382
187191461
506321
261974598
248303077
760372
631888
130468190
340282
247704711
192452459
1006207
1374381
114945474
193668785
8951241
242812753
262756324
181904602
187595375
203735347
87651346
27634032
187595365
262803190
612327
248754885
252556863
187191463
652478
78289023
230315755
196054901
1038640
253237601
189035552
508478
247298269
176156165
177322300
205857433
47161855
195952575
159813651
510108
573489
247302579
187746429
367652
248775774
215144370
185654091
247659791
28923889
473817
454294
181200526
967496
500655
203862512
550473
127991062
214730823
137279348
195820962
147986929
250054851
32975740
195192255
190608514
508595
55068234
829155
118100395
102108314
113672435
483947
248004640
440605
242804712
138323652
36405588
1734379
241654085
5404403
262056154
214929090
213873063
90374730
183558661
152556213
253161623
181776566
38115361
113117531
2407101
193043914
38436482
204083664
242206222
120183528
114944412
195326495
248754896
201308274
248131345
248131349
33098588
1392961
105281932
32352209
43749287
128711558
162772211
153364716
686619
171580740
10308658
32895630
36209744
181776564
176153140
163567972
148714444
114945815
190755673
195814244
230237139
248131347
106362259
6201813
260922783
262062144
1733013
207196253
137941383
76696733
252002404
207563247
207671455
191548325
107701143
120183396
10579438
127991068
177286650
133628207
31117323
187595373
262695496
114945210
73222800
251395545
94597203
216213317
260113006
180847080
230237278
262056152
262056144
154249886
262062363
250334802
1374385
247269913
213875516
242432587
79608800
184588681
100395621
193667901
148812668
139093773
23051193
129938993
114944325
114945633
48895051
138379213
46332508
89000432
230237216
230237179
182787014
261800634
402651
260931269
36565147
262062142
261800630
829053
248679061
141772716
260931265
197543311
132304654
169193021
127032804
183364935
151950552
137440209
104268067
171580785
102108287
500430
172328140
162113911
118693690
120183765
213726527
262056150
230340923
201385996
230237152
247269929
167019487
260931250
32899109
202611881
115254274
198415395
30165548
193667275
120135722
171580688
187595366
35474275
214889669
366002
177991450
150864686
207564403
54266567
199030585
68049234
196726736
181379287
55119185
77982978
205001886
143226162
48629556
50322156
181938702
169887119
261832797
1826681
51660434
55302745
90413501
196726826
50773990
181699658
60692102
55066551
416919
11218443
152743069
57771305
203883775
23088717
219146717
177643303
253237951
106149744
196897412
46723657
37577206
185067348
195801645
110112108
19349145
48629547
241758779
245787189
985266
81133416
108327034
605726
204009103
204027443
165038798
1254119
9608888
37902342
181699596
1576145
100384419
262836698
70637402
52664522
213496992
54053150
207754090
195192082
691516
49506137
162772854
173864192
24984579
188534652
249243862
261978262
78975614
166033485
114579052
106605687
251577290
186391676
170490705
146065916
77149792
82700697
56116641
55298776
49204113
199706217
225386376
33268759
555359
217830161
20870115
125737966
262695476
189642782
1080548
191410853
82996527
212330087
37887031
582569
186880522
42686968
57243161
164323260
73259729
195634995
185006363
182984035
178941080
41843998
58696236
114271468
247260406
37975723
35829802
169640943
201769595
3283827
74161176
255175413
42686978
205928399
116396349
49252204
56878210
193622795
59258217
72290296
143144316
193439382
173135270
251767379
59206416
41549124
57039816
248989673
171584587
224876706
922385
37012365
195801682
25886954
54053152
14714204
262656093
215543990
2254427
57791768
122489046
40981442
36565136
140948371
195665969
53261254
16158709
261978299
262836667
102108245
248585387
217192413
24155174
165022018
173808741
202475520
70823302
173740154
43129311
195192094
418607
32352225
58023085
237826076
34180367
53905112
74277049
45955006
1613345
197062943
45613725
249854958
207852947
57325189
252035414
87389620
167034122
215089988
153521896
179438739
37216545
140220406
252714170
97888625
161426362
48314958
43859791
12647219
203150526
249771940
198197311
30807702
145300489
149974913
545486
71907874
74992393
17883068
195192102
57771208
854934
814290
606111
216093958
194959323
195299496
194127596
54632091
85560667
207754107
7533287
36399664
206673076
30807688
251545579
57791775
116031745
202045622
68676435
187191466
32438267
177659977
37216407
925909
1734377
1028649
168962696
68942273
185668595
108295958
215085057
37946841
73836482
206673074
202879287
92551258
144487589
161699350
177639263
201251993
252794850
163579631
997539
72308259
178460985
80935602
204631064
101807946
76601010
21442338
140360876
59411896
198746822
14083858
163461821
916571
196394975
192561061
101296961
69644754
14044907
205294139
577319
217341662
22299340
160671773
53978579
79110422
102431114
42829039
195961287
12790731
57771402
637484
116396338
193099629
248540536
128869237
195796510
899437
250020068
49057892
137129431
198520887
58616758
195256369
485527
195702800
163567023
247330433
158868234
77910869
484365
1010610
249766470
203995755
183244066
48151583
201424625
137572748
168962694
187191458
42843287
202961365
260932539
251448753
515871
131138719
90679259
255175418
146988857
53237534
249130074
77111816
144486696
235062924
253700900
205506539
158235762
225385705
70851271
45123845
203999115
225262577
56671369
986186
41864327
131886038
949683
202487861
1374383
214798770
160779607
73795009
197951993
360136
4780293
242411338
195305990
48873339
176778999
253181710
137453152
106208721
194125900
194585108
32218707
213562614
247840805
230081298
23462318
124558743
205391365
150258677
3750475
198889492
251942846
187148911
23047892
38385470
153409660
54567402
634270
631925
440264
43950749
36708224
45123837
106362131
766595
978808
261799009
207910676
113932805
217385431
90679270
138183576
181782943
246160177
214837517
253168620
885456
12622541
758635
150565093
1940501
187618415
248989628
113230694
478655
252794585
24984587
262833387
38110395
248523290
47184480
249161147
262887337
96289767
178831416
201767364
29164799
209302852
147694486
177312945
248935048
262640419
182984039
247328558
162774155
251456296
486636
57598508
146735966
128711601
168234702
262836661
160224219
196726802
185028370
224820036
249771924
207755564
189689042
404565
78578206
197142805
186577094
177633718
7387829
190846297
179142586
55070245
149974905
22472175
75600095
138395184
74415872
48882452
37134991
14080601
429830
202840401
46749913
262640379
177860421
195256598
2719939
201055520
244277824
22367154
251936897
195109507
11238774
62312524
179983720
36092657
113151384
242075262
28280612
72642587
114895526
263021104
152862081
167433882
130469427
137976207
242713237
162617140
192845103
111646640
181794024
3102755
12401819
214294533
199030587
42686983
162111052
193724452
77222304
197634829
116577589
11305924
261840197
262081285
162513853
181713402
190608627
253293499
59336974
253168848
168962698
159974095
160754695
127033574
92551928
33007534
177642291
246853550
259326711
562047
158761986
160759011
251513184
95039278
152705176
37975725
253468093
183037397
25163560
263060080
478640
215727147
48586859
130757144
127032747
262060224
77231102
248656083
261839417
159951457
229962951
185448087
52695988
36744082
190558203
35936474
166299527
119225703
21927034
97888632
29643609
480168
24005274
36209123
179952622
214312632
161497855
215763686
48622426
200651837
192549108
201088206
184627438
49671155
102140100
220682117
193707050
58810062
14767831
200976594
127031589
191892903
215483671
262785224
262887285
187610466
215727183
111635773
187001011
77910687
36701866
215745879
116049419
242075227
260932536
116124461
253168706
77222371
263064009
180227983
253227259
57765923
215383806
260010718
161634244
242075256
162115375
30807700
217331923
202529510
130546397
146272700
107551492
44225209
373859
144487763
27937915
760714
184495891
446615
76779007
2100769
188658250
183223203
22080363
198416968
252040694
476514
262694340
260922778
261967277
192950777
148071875
72621963
109867728
262053140
261035709
200616544
42462086
248779436
48766396
259310960
201089560
179121158
176752857
32438269
242075314
195201200
215739125
242443946
113368311
199240134
253323998
195192261
43924213
506318
247879160
195665974
261448870
96649476
90679299
242504800
203290229
242075306
257758720
55597442
202475576
131590642
204941423
212326107
195192150
195192170
170298027
261839424
26412689
53259393
127033153
153260958
38121707
23362281
195192106
137536959
11595171
229803973
242075297
36775066
129138467
192168332
74502686
26135029
243146078
38113205
173882588
179375695
235064792
259568172
262570050
262084926
138387836
198057973
37812265
225385711
200787576
116594945
127031638
141990704
132971872
138448270
138176463
181782886
192951102
248687809
316121
182981105
1082454
204027437
163405206
634669
187618760
162154685
686435
483936
196186959
225385753
255175194
163132710
79200245
247261528
186110683
195192146
204309108
181799251
116033351
971732
67991606
242075390
128711574
30886411
42598017
252002706
48873343
102108350
131532852
247998133
657975
137483718
248769019
69060823
555314
247269937
226928465
54398871
210735224
54878919
33061250
184101422
77231130
159813717
100395619
37975731
54632089
3003447
262833370
251942836
184589275
2126451
216473196
2120369
263023643
242504802
85192062
206205021
127692480
114271469
105206643
655852
101839984
73384918
220656823
215745875
206481459
20727853
189150749
262053134
255175421
181782965
1045788
194789842
252675593
193745827
204105557
54431529
202231519
216868963
201687223
74535213
261962356
172475747
77230832
192950058
124859147
197098994
168303310
206608847
169193025
1228395
212560877
249878118
68398639
69838429
47469931
171580897
225201234
242752502
205695317
540354
242075175
260005650
247610229
213296644
217776592
171580820
137941652
247596277
262808882
262385937
208608167
24163124
208097095
199699891
260816995
262656095
200010675
247302608
262656118
213698415
247945469
227349595
384101
591347
105378735
114945247
73327127
262808888
149394705
541170
261803941
48758414
55070242
263098684
208408604
259326746
198194766
346111
118419975
59144046
212977315
558675
211948376
260110576
136403522
253133403
176779013
159384921
154231197
262915874
179121876
106362223
172476033
253238099
198531898
253147136
183537523
50714575
262084791
205811856
199970028
73323666
262385996
249966334
258509168
194130337
146274291
260932531
162141709
247260625
252060882
250797916
196193408
206488680
184908094
247862416
92010868
13624084
177703694
70262302
243057373
251942834
212554317
261800525
154365492
834154
201385203
248677905
208200892
152705129
247948776
149980163
106362449
248770382
110916499
247329544
197542880
177996045
169193011
197849862
227358921
188551909
178462916
2120183
184217990
1590957
186080517
34751987
128711621
214836062
607537
187548203
102108299
184248485
137428010
259568170
24162909
212051518
433337
215140005
182305753
217144230
92650960
118693228
200520658
251942839
178096043
217125646
164436878
74856992
261800051
194583046
432475
215619198
73639048
200013583
54780891
44017479
229800217
250077234
253327631
127031716
596115
2254425
198350041
212213015
196188414
192978883
248986431
196537981
29907175
84873119
200561474
185668103
95039254
40981408
215739343
77777778
32352048
206362827
173673973
72622138
215727145
215383834
378197
629219
516297
180962681
137350061
194769135
195848474
242075287
229963025
225209916
250078508
352638
249085101
230296530
253542757
197687556
197891617
125007426
169193003
490420
250466242
178068938
212475221
250251718
262060243
478060
248994347
249150666
259858001
36085772
215486340
215737431
214836057
181982686
77230869
189658394
194451850
32075733
203434254
186692427
146274133
172907596
32888688
48984968
43369469
182708976
255250174
176748026
225385721
259568168
26524130
216473020
248585447
198128672
249693724
213676684
207195770
183228709
181461067
250557410
77154500
261962347
638658
30886423
164078773
192323812
214823316
367636
585107
357310
116049227
50322162
188505687
181180683
75601478
197835207
189601717
248783174
248783163
225209779
194769142
215646345
242075277
37968907
230296551
255175411
253542759
182129596
167019752
22980658
213691726
164323176
253239593
154260975
183907442
261803930
208779578
158753676
214828458
143359508
192942801
163582623
121009975
179401509
184492945
176748089
215739337
194585103
165345525
187184579
169681793
147568393
160814447
212567418
217649776
77231117
58401422
481622
56525746
262060241
242075207
58339448
197899753
409461
178827147
180585503
31122065
31207318
197062929
196597916
4692655
189466739
165038796
41864386
217836990
180499346
171585971
202529584
178069000
186693711
110916495
123865198
262745000
248930223
200005135
214928138
189429223
113368101
22367128
21909718
189463230
138155144
248740025
217385428
192812147
434140
745338
202510862
36828209
143642526
230328680
225209892
225209865
213706964
242075197
242075206
242075271
260110568
229967395
215646590
165146053
219156908
217125742
260110566
195319596
261947100
181448110
139449753
262637418
139490683
197603950
243245785
34352886
195661481
262745223
230296472
494080
262812640
261113964
32895656
263062017
249151255
261943641
259568166
260814057
262811938
263104059
225385715
37468742
261799011
176761666
69664573
212560911
262656121
263085101
212567780
174014674
210428066
202343180
37468778
262812636
262060227
260814044
260011712
137114615
247291809
263097986
214815403
213675560
178827030
22552303
197230168
22400997
198734522
40981285
41293568
187816121
247656003
177092936
201571602
35671026
35610041
213681864
23115964
41070911
211958659
215748852
26453465
163304765
182483618
183343556
207566574
38436480
45814376
135346847
191544696
214836049
178941185
213680906
193512256
41241730
107539169
36261009
137592808
178708254
138317322
263097979
215727423
102141033
253147175
113117301
215390079
215737459
185863044
208432888
215122433
230339910
30165554
209400370
248009125
150567629
198817317
172476506
195838396
195303247
230296503
261943908
253542856
262821219
262811936
195305603
248010993
36701804
36775029
261943137
36700844
38293854
30162678
252870261
252870324
253133401
192949769
197337614
263244110
255175188
255175192
215224667
253242138
253147034
210735255
69664799
242086177
180225195
20555383
213691945
9793181
172024925
248613500
261839438
37354950
154312397
253468097
202450756
200672503
184287356
262887305
263348431
242075170
248610854
262664403
215543984
263367047
35720780
133052546
215727120
178778235
216868981
23459897
215727783
138183509
46525096
214831198
14080603
38137474
198517052
77231225
214828480
179076323
146272019
174808403
32075715
36701547
215738350
22367148
215390152
178561915
215730432
200851539
162350732
177335030
189463436
138155883
253094689
115756251
178935342
215738348
114944866
40981333
53925183
261947107
182975979
195663647
214831192
164437166
215737461
260941202
260941204
242075244
241654033
242075272
242075174
242075243
40981434
247265594
215619755
252798610
253237990
229800255
229803976
248009207
248009128
115254537
35616594
217574564
128711546
201644894
217835536
242423718
193568370
225209896
230296678
261113966
260814046
263109015
263084239
253239673
253327623
248011095
253252440
260816993
260816987
253241316
253241311
195715959
253148255
255175185
31876139
1727945
215486399
251772606
247269921
248524542
262044800
204309101
159444479
195465985
127032970
110916523
181991195
72769204
262808894
14185869
253252359
207502905
189035882
182107799
183250358
263311033
262812642
262812638
451473
36701181
198223873
191453991
246851237
225909063
200672327
261803938
190608552
263348020
215544791
263077595
215727781
31122063
177515520
138049803
200672534
213674824
201089550
263310906
215727598
252529491
263338327
241899655
6999055
201770681
38290641
230010559
102108345
178458029
217497187
153046419
37468804
106362230
138050000
201790448
120476164
48555526
174008264
174567224
32404804
178211227
28734874
163184287
161254820
146274054
161383382
215739123
20689523
137341083
141315528
43522209
207564405
214823308
137263301
248772525
12502154
262858894
217574562
127032447
247265596
229962857
229803966
229799974
50226538
195848431
215486144
215077258
30886059
242443761
180576145
178096650
242075102
260110573
242075131
195819560
243148216
173089027
229967347
247399181
217835622
247269925
829061
225386583
216387807
242443933
196372535
178096087
100383054
225209912
261113962
202604490
261943144
262811930
262821224
24162923
253327629
253327626
248011040
247943899
261943890
36701125
253252442
215561732
169192995
163021131
213669788
212992358
119330755
48040525
262908909
217526364
195192085
146226460
212052136
263235793
215727181
37134897
36700846
263310268
36567837
184587567
247265647
247271431
261962352
263292350
263056555
253160623
35670612
188535333
140005174
215548575
155755343
20111144
230010536
145231021
134323839
40981299
40981381
99056063
92096321
215619842
215720818
215752245
248770209
188551473
75656540
181976443
215739121
214831213
102140338
40917960
242141613
203288376
92552120
138318320
74285044
40981426
77220890
186549800
216724566
216868979
192950834
189468592
239466435
149032081
150868377
262704576
1006403
195855750
36701227
16563979
33035595
114945009
24936679
206784522
247265684
229967498
113141950
195304666
150980405
242075343
240626994
241654017
176056775
215561726
216462290
203434340
178096117
215486226
214831165
215075220
194772965
229800166
229803971
225209908
213704771
253147173
91820721
261947116
252079036
260941198
137445917
217835738
217835944
201089555
248774504
154297226
195838023
195661476
217835866
262734523
217829992
161863335
262073777
250076991
31207279
209380992
262821226
262811934
77231405
152534387
261943634
260816990
247867714
92714243
190502021
37216842
192624424
242123469
217139694
253147138
242792736
242727523
180978578
230201663
252870249
153492166
253239671
210524167
214823310
176080855
23832634
262664357
253148257
253242131
177339096
262812793
253468133
253468085
153491921
12250880
263311080
183362181
261962354
261803933
199975395
168303296
251999352
263388938
215727600
32352054
179075968
247265688
77230849
215737433
36700894
215079522
225186449
192733739
29907154
136188144
192950996
210530903
230010546
163438848
21927053
215389502
36710120
106362396
36236710
194451779
193143009
249025647
253168814
99056064
117315717
247265640
25691529
178528540
215738333
33071918
247265644
195855752
35676824
207564409
252795315
92862289
248776337
247815160
53993996
178059557
182971714
159727200
214831161
215727421
195952591
196048336
143642515
242075259
242075357
217574560
253147017
260941164
252078912
248775334
249670787
162777462
110916532
261967455
252870292
92010708
176906717
195715945
263101190
58716806
159684271
31207326
212992411
213598850
212474367
46332488
262875248
215202990
261027677
156199503
108758597
181973518
209400295
193602601
202425491
197595138
197595124
180499586
42201520
217830068
217830280
192705125
225209903
261113968
260814053
249151294
262833381
225209899
253252367
195822639
195866790
115254237
248011097
36701820
260007176
30162702
36563667
262808896
260932541
190155269
201567923
263097981
110916496
146224455
253168671
48481766
6411283
235411538
215730434
214828474
192987938
182108409
133629889
247446412
214831202
193512997
124758323
75602409
190106521
116135515
102140520
122492877
75599971
215727785
192070304
215557337
178572767
53993656
192949411
120476150
247265651
183313928
190608547
106362132
148911083
215726904
178583175
37492481
168504652
32686733
178783322
148851759
217497194
181799253
76738012
200803977
77137270
189468745
137252018
218748226
182483199
263385124
263394465
35733378
35577825
263405816
214186189
147999778
27582931
93249305
249243864
26135056
57890342
6848781
100395623
631200
58015654
123897086
971704
190601858
179063975
25914366
161426354
14446873
248644120
97876234
94904250
790312
137941448
79539095
58359997
168289354
912264
53900666
207754085
896720
263062381
194959693
74418356
201038413
149942445
130327841
75659946
177891802
48928918
161366603
189648719
241791153
91625816
184790643
7365069
197230166
191148968
44195623
186614789
197096037
74410447
143219851
7011259
56269032
56020644
196058125
43605636
252234993
73125814
57771404
77982972
92436299
214242699
168962622
225250988
216724726
8327852
40427111
215733800
123894597
145288164
196180759
53261094
215556981
196180715
215952175
212562851
48481761
260922640
210766013
59478517
9486536
212351488
36244371
260810925
247402132
242343302
171574368
69337848
57767462
200795416
73828259
56013362
188769022
188576536
196959143
225914084
206675364
115801991
392850
57786941
205855150
249089685
205508539
11960708
177891350
215733816
248585285
205849134
149253536
8306379
193142640
39820466
30807694
72926795
215779075
206990783
206651002
144920323
14812665
253181812
197648683
203909527
54421216
92710540
243082384
76527930
205894098
108130636
248710673
107459917
252099014
225250939
215779073
119284166
196932306
215733824
427865
55302743
252562092
202604388
32589559
181447690
1525329
41142731
205509266
110916516
263084710
137432949
201089751
215587704
208834521
257915547
36244367
260815327
35863236
253461502
84331600
221235591
213705287
14080599
249524919
179937816
255612035
201089760
248591363
253461484
255611750
57725921
155340716
206374815
262694942
249000806
189472756
215620419
163021098
15726201
118582556
25146107
215779169
199608293
189413717
252760978
427631
247944016
220684542
261961715
97876282
193045195
203401772
29605451
262736807
108007662
191088284
115761895
186434697
188990309
261957083
206675355
169193017
248688213
203909495
162399330
214815546
190880253
261821562
32075196
261821537
215779171
260815317
38120095
32414864
123557790
48362507
50773992
192031907
196048845
100382967
101365036
149253672
201004707
79770385
222686843
247451183
249683555
183539025
252282008
253461497
177086427
177915452
190864063
262640393
262587442
80937014
34747340
262640371
26211310
242075231
214933492
247402432
250500978
209400377
56407171
207502938
158868218
209402785
208779580
206376498
215733826
253721483
69342104
181782894
262725703
100285392
56729807
205894094
24744597
84327526
193915756
14308445
74906864
202203564
187827439
69660788
215779246
215779244
173449215
133049501
181809078
124178669
247402435
214768376
222660458
214821656
48579030
230348777
37169830
263020076
106362237
188585505
181119157
11370485
137607458
192032269
207817309
248723560
261961756
77895983
203759947
201976419
137941468
208643635
253461494
162769917
146274248
191258731
22367394
77879864
262345411
249246531
34747467
258219112
110916527
166033406
16256506
26213210
77855669
195481072
252641558
193212087
31206279
43950705
77878612
31117325
247942362
190695339
215136591
187182623
77878973
214823485
73891297
204339926
149765322
263098654
177085636
215748674
36755831
34935394
162519709
249823515
199672139
37169999
53988252
215733818
29810062
222660428
191221404
198735192
20276091
150845300
248656087
214101415
247667357
158583302
248716147
255611698
120504201
42889894
248523215
2069337
181938692
221018110
221018112
247256811
41886722
77878965
261961743
262664400
815379
171580686
242719748
63940291
197576198
189204817
260104743
192950540
176784409
197604743
201089563
260104731
462378
248644127
197595427
54393800
261821587
209400001
12252040
205522167
68033335
190108536
42845085
242101849
248714313
36570238
34922103
53988227
262736778
242275887
252042977
262664341
42847330
32352503
215739396
119309060
95124734
177117690
230348652
25062237
247941765
242075265
57038727
95226207
197889835
242821805
26634329
191423318
176784654
212351422
205696347
177703679
189179271
187396498
248792319
181462834
184667322
117926936
195713863
230086614
11981527
247402458
261949347
38292915
205885128
249400305
247331613
215739398
29812135
242620578
215768154
197823339
212323065
71201554
73890843
113527340
207023473
47138855
196514426
77855664
252767919
251280588
189231336
247238526
48210074
184497673
54755452
215763719
24163133
88891022
230348822
206482301
242075205
196726886
201291381
84331694
7367441
260104741
261961765
109959830
249921179
174040332
77877652
106362341
215379317
176779790
248880026
179072614
36365168
55830926
32975703
253405813
260104739
2380363
24949179
220661076
216092085
110916487
7612207
123596528
214611375
177991022
248774713
214822969
53991819
138323987
248762706
169887150
148866371
214822976
11596277
222660420
190857129
31815928
181107814
196726822
253148162
216285759
242443782
242075202
242101731
242075193
20350336
247944157
171169464
242694454
247940331
53990879
19683424
176842936
37216476
175445407
25961515
30156430
259514673
200628347
263083519
195634942
230001082
230000772
242755366
248781398
242298815
249602379
77858281
187183724
166644382
123927593
143144326
15946948
43748975
40615822
249590407
205128576
254139176
77861831
174823101
25146109
66959222
247555661
22080351
71893275
212465519
34744975
148848609
68562499
77878608
77258308
205810137
26357230
222660418
138049981
73754498
74992596
53990785
187183709
201852602
56576242
42873962
187182887
20421718
130639167
242075145
242075281
215779120
262637351
262734519
263061869
252341210
249431643
259514678
189147176
230000905
215767983
25962121
152798014
215727612
125731286
213072145
215126097
253396259
124171054
168960033
247256694
200557882
34748417
69665781
148806634
262812800
249000431
249170198
108956926
215733812
215733804
200851456
191141601
191390319
138049925
138049840
106362433
199728363
54789986
77258284
67182087
40148131
200521213
200673103
41608598
34917656
147324137
92714201
263271567
241984294
214932971
257865583
242075398
242075223
176007463
181113299
53990874
83677591
16086510
54365922
53993322
191258263
247904622
209869142
173860085
178560010
12235877
229804234
229804232
83677824
259514691
190240967
252341216
259514675
249426541
87591660
87582849
217345596
242223878
174539077
110916556
123575330
120183725
209414985
124171112
247402449
212212791
148850057
197604741
43831654
208678418
147854831
23301668
192032415
36630037
34817926
23834345
149061134
35572229
84637483
215389407
204785896
77184051
22472274
215141591
77914196
110916500
195192236
251442537
189216570
181118557
209402791
54895067
252563787
22717116
11252830
216213446
215768156
216462110
148747122
172236847
41686322
34750471
178521966
15051279
110916509
59483295
215733828
229763925
252341214
252341221
252341223
252341212
77878967
37940839
263294378
230001003
230000854
263263702
182308765
262656129
146224977
125259987
181904591
54143679
252064180
110916507
110916519
41887283
110916521
262812806
58211864
249694097
74956896
22367262
199101286
38436488
53924204
198285194
31148489
67254468
214823059
25466694
212326826
77877646
215763717
147362814
210134549
215383331
31207426
57328522
213682352
178714781
120183257
77877650
57823827
36154067
11338336
263388782
33337733
194847815
137478272
215796892
222660445
189204305
215727761
215727759
249389207
242075326
242075195
147063415
173831684
25491302
40848073
187182736
201291393
149022975
12481314
229804230
110916534
221018108
198583261
252341218
249680429
249680560
248502648
249436343
96301815
178957492
92551479
205684669
251769396
263292348
10170633
205294135
242693647
242816010
242263091
253395724
23292036
172024966
73718428
179210753
247402466
261821580
217327489
260815284
243140723
24954642
97684877
215733814
74565676
28709704
215383324
162341355
66966974
215730400
179056845
75602334
157203453
12229771
25624972
66761938
215727165
195192121
24959157
77879858
67257092
215733806
177933558
36336180
16084560
215796894
215796898
193601548
194859598
197901908
216387810
28624223
242075154
242075316
242075380
242101981
242075233
242075261
201855374
187184261
242694450
247938813
247940721
213705151
194847813
41608888
253148164
215768201
202529638
138049843
262747141
229804228
196900980
230000820
263295277
242309452
212992384
262812798
263208964
204309106
242091563
67260785
173393177
160814596
21484045
123915871
92552059
66104786
192943152
200737840
259326652
260815301
248160050
215733802
113117323
26450994
32351738
138049878
32411542
181982666
207596436
40919567
22080349
178603979
77878961
186567766
157133102
24951029
166035717
200032449
190537690
36155119
19674203
205694705
215562038
3608625
57110087
71094783
46789754
150269635
612808
613215
9947041
146513510
55081569
409112
123893174
252859170
7471127
253183140
66609568
21146760
42875955
57043134
201045775
205852158
251936895
203909549
213978236
86840856
32656576
58362101
120183492
54896834
195547039
150689283
54431361
205852159
22907324
259537390
188257853
75700739
172334155
107401971
11301028
184759102
54820415
253366417
201845396
35408882
150689308
196219971
32653094
181567241
251392564
180324994
77231005
119691009
34750173
247677208
190681689
186369462
196965765
394522
105231480
74820618
175444830
70613646
76757410
14040628
205695206
54341053
193690503
48461784
62212014
8951167
247679771
203909539
77561027
51579973
205855496
15709106
177962512
190489429
394935
136541129
64322088
77777118
167351244
205809650
57707950
200844815
186200856
248977619
70722369
48152209
54749787
32423902
109869908
476885
242194468
261824985
55714625
251551893
226392926
211299378
55734284
205885354
181808913
262687322
171155636
25501582
146065954
205854827
79555996
11860757
157537784
84325501
146272636
239453536
63921321
25153677
19787640
77895987
136540175
77877057
171651783
23084536
14309472
38948989
33008042
397028
195951963
55744690
195863781
160694036
181938684
191136674
33008058
25491909
173844254
419144
215779175
178937342
66941559
107465764
42846138
214930736
74994667
56671559
125732043
137478262
47133824
242075369
189226712
74402666
28314930
235983527
181782963
215732983
69696070
158867695
69696296
23036514
214094189
77965234
69700039
249024841
173846459
251394778
181102319
56670460
42846372
205018796
189950101
249129892
195635225
59076051
67254350
242662990
177270026
59506210
454827
36155113
108562978
55162583
73375297
242663001
25765980
194199342
215374831
242663007
20631135
249024517
54900010
39106117
248723101
249023951
131139980
123924435
169192993
205695863
77577076
187182970
137136366
71509535
73598599
251514797
77879439
123936288
24935206
204338336
77895985
10168156
137136601
75579392
189641612
248715840
54926167
67992375
191259211
191219616
69693624
179062924
242663004
86748179
33008012
177860530
66942565
37928502
53900792
249791429
124121653
73657936
88220842
34746414
148078805
184759449
187182675
171960704
181107882
172336319
224232086
99056735
187183547
248717951
215040417
207280727
59142174
149253619
252077981
20880458
173842559
28002180
86145748
110916542
204309097
254117513
23830965
181184390
188256851
77855697
119396388
56012940
39019073
33008083
214931330
23299819
187622423
22884851
70714452
247402454
66759058
25754148
20588480
23474817
33139945
23897723
160313963
42715433
249025275
247822033
248723381
173832643
249025059
137457584
54741395
185941013
184740964
191356418
54745950
20673427
22152658
175440550
36154338
98299777
21126651
166134729
23296684
252401834
67251351
88911840
262058306
66837713
52302916
138569284
214933022
24952248
34917635
20628536
51041896
173710584
64331145
53577421
23067571
187623032
37927322
15076663
248715592
42953768
173840507
187186628
54890032
215040415
110916544
119698275
23290324
209303220
214611407
34960049
249657796
24196046
253720622
59502230
59378022
36832490
49650450
242662996
174593690
35617066
66651363
41274040
73217846
77879860
173831116
247942624
54789291
166035740
125237373
216213488
216982821
54413508
248802280
37170245
110916051
35594378
35593591
98332169
41081348
119109708
110916489
100383088
195863788
28654033
197899820
11736337
69680743
59073454
77983174
19577784
180608626
55445299
215727161
36924928
77855700
140318211
242662992
72748283
67182067
181808991
58323617
42598453
249024165
77878963
247942991
173831549
173837271
22003496
247820180
110916538
181117818
181114281
29815397
71509705
248878228
174848662
209387709
35594185
35593283
263207463
181982704
55829941
110916514
56695583
77855671
19679283
54663858
119330522
71973927
147980468
56257958
215610914
47857402
195530930
34935366
58908410
59500038
67260962
201845342
117315816
203909535
201853910
181107506
187187099
54874839
192881888
248720977
242075292
77855688
61231054
98331743
181938688
213676890
252401822
215206127
42313055
62277997
110916551
35591889
212326809
36368763
57747720
187824938
174593684
116025124
123948518
30807686
30807672
113282891
61238791
36154721
91159513
23832960
189413692
67182063
25150554
58910145
179547036
72615305
21146029
170898094
45576163
90204867
41886504
168375327
97914024
72723083
205810720
160313935
205809643
11782374
53205299
54926134
217577368
176777504
50932807
23831028
37401408
34379012
42464345
54755559
150287002
90679268
242653546
77220867
73854882
197888376
160370221
107364489
27956821
213557182
262082655
205294143
98162278
130841631
70630224
51087284
181808895
23262063
148747412
897164
205694753
251466394
3608627
177208723
71938568
195797305
15702310
216213540
72025580
41624429
177056713
206377348
192720831
8327701
188429086
53900262
52069758
63915446
23830599
253396621
198734428
76199550
57747947
249243802
7990944
74158207
34818776
39194765
110916511
23038085
74821350
69690354
184757725
21484187
242101812
86794972
188768440
247939664
181809055
15469833
181938704
54677807
77561067
74157575
253560074
53634594
8197661
193701768
190608535
74794124
25533996
224067978
203909519
21484136
69687636
57705051
69543242
54365862
23835054
74161610
168092209
194370659
95563279
229695869
102141052
187184464
181982698
56262265
75515420
247938056
110916491
199235985
69611126
42958087
247938435
86143384
247897969
263117527
67835555
27979417
253096185
175192121
50738243
174291556
174259559
57894699
41886868
66939985
159822484
56012955
67182059
19391419
67182057
31517022
27979466
215221544
200984546
180868225
60709667
22885082
23292634
25971579
195505385
190608637
48226848
92513774
51198880
195714084
186433716
247823136
195714397
242101761
110916540
24745641
19391625
86780864
67246529
41864498
235146398
67182051
178564258
67244712
20879648
68562901
71953220
40420371
42669560
192711872
201854818
57036647
127805181
40981233
222660486
222660475
247261459
34361217
52768595
252915846
7934211
195635941
195510009
34749373
43491623
72287596
63438705
195508264
55212881
32662877
74292511
72117033
26213533
68546736
35588696
23259385
69691785
55141784
188541651
34745500
66957345
54749460
23831767
195951984
213691781
43749916
34928455
183907519
60743630
22882595
67254624
75515461
25649686
136483538
86978470
119206751
263406235
252026972
178737206
52069289
68053035
208198125
75540173
217641618
206232782
148633956
63475306
179992641
150279599
26471479
154228282
242430563
13346541
37287113
168387826
195189700
74012306
154219373
262818819
650548
76274317
252597314
253152665
191923317
154227529
248985962
24745278
147937875
249244883
145978414
197899973
69542581
49603202
57486535
192706353
121220428
99039107
55489060
68060257
22386026
67699920
15959016
141151900
35905777
262821163
262821046
187184395
32655254
36827913
165643871
252872758
77558813
21126662
253095602
195714160
184318163
23838210
165679112
34362352
154227433
34380900
68456833
49603420
24163120
253626956
54421358
160785359
19390990
253095427
252871774
55208260
77258282
74161207
34917860
23019148
187216841
213691959
167030923
34935432
26608119
247821035
33008046
67245385
209274808
184497390
57894605
45159406
25145736
166322280
42515219
34370887
12665218
90185090
66878128
42387987
55156718
162865562
247821381
23259662
86791101
206205066
66878042
49650368
90476848
35905779
262859726
204309111
34917658
84285672
74428965
88911795
77965536
147988185
157468180
253892623
91010162
217641613
53020545
53273984
72965333
213568260
150286402
20737296
154228341
117551574
117400561
58364617
548760
11958901
181567123
470531
191778444
53599501
87383281
79310610
58934142
213563626
454886
58934144
38439064
16592679
509793
486699
263062454
250195021
50496493
63070188
79556008
48752298
217494736
74444032
187578028
38132909
946054
77561385
36155709
35616670
96867790
212213355
136978487
247433982
178711218
66105067
197901326
192329800
201843174
205708131
114895508
196411456
169099369
42535911
247402417
154223871
116040061
22298274
23837741
55292826
247402426
25691681
10160959
213563771
77231193
54642448
75556206
51437975
58395397
150288548
142833869
150287131
11336868
249823275
192377324
198734336
201569550
22507994
113403122
86137696
178031534
150271530
115520175
59340866
203783727
38057189
201843203
77703670
77317050
251942854
181679913
82518720
35591891
181783060
198205211
180396328
127216050
96874710
187644520
200013579
79367263
215399641
154219231
215364118
48043850
215405596
52243636
150269486
73638545
103926870
102897852
150271511
192949437
201679187
228563604
108401718
77281289
51851321
217776455
201569302
215538305
21146033
141242497
77703673
165188871
22039140
102891069
22293282
190537767
77333205
198415069
52631361
190506522
77223259
77230307
181809098
199701099
85704928
31279586
178299190
262086886
77323484
159823647