57325187
3608623
116406678
197920653
575176
43859629
204027453
217268952
192125806
56047341
24984581
90413501
172175794
144621056
453820
162100220
7833728
191781260
188535634
241814107
189642775
185863050
36746659
213496992
574746
598975
52665707
163580376
221223542
191781262
160779603
82996527
77111822
39523267
49506139
127591618
251547952
21949144
36748524
159440781
176167325
37961800
878673
37942350
63470362
384103
113527404
416697
253412201
252035414
170490705
87389620
169546329
87108759
41549134
172175793
220682521
198208142
24947164
45663006
2781229
153518787
41593625
137375815
110447684
113583667
56757443
582423
186391737
247658579
87120581
114944931
136785774
168900803
195961282
4780065
209603393
48544425
252575132
160395507
629150
77777405
115980876
103864392
46755095
21367463
58272314
1527513
41549126
159004234
406390
542645
76779004
1821963
248469238
7171937
23576200
23358141
242099871
76778875
576378
430598
879440
138313962
483957
357844
261974600
1392957
1539209
203201371
130468190
886962
263338327
137454768
192674306
93331135
4779501
202343044
483943
32975800
691565
57798817
49273650
613062
613929
46825663
195634997
567066
110198836
120431839
34553364
127692519
55636422
506325
535959
196186870
559913
176752865
250804668
251942844
100033065
262056158
187595371
263081040
187191468
21392199
262756328
192452459
146270513
181210190
137941438
837604
187191459
253319431
187610218
197652266
90413499
45814374
189177278
46755093
139490951
634258
217123666
213669688
184248168
204027447
867270
254093556
625970
74983563
127591490
897979
129138260
719162
12502145
168561539
1727949
46755096
189035245
35010872
61800997
127991076
261974588
161903962
104557751
146275471
575842
545969
162772213
261974590
260931267
473725
262570393
613021
854932
24950333
114945465
162774148
37975737
137249876
32858999
612231
76778873
689514
25401561
130454382
506321
261974598
253237601
248303077
760372
631888
247704711
340282
1006207
1374381
148806159
114945474
193668785
500430
187191461
8951241
262756324
242812753
181904602
187595369
187595375
203735347
87651346
27634032
187595365
471004
262803190
612327
248754885
252556863
652478
187191463
230315755
78289023
196054901
1038640
189035552
247298269
508478
47161855
176156165
177322300
205857433
195952575
159813651
510108
573489
247302579
367652
187746429
248775774
215144370
185654091
247659791
28923889
473817
454294
181200526
967496
500655
203862512
147986929
195820962
250054851
127991062
214730823
550473
137279348
32975740
195192255
190608514
508595
829155
483947
118100395
113672435
102108314
55068234
440605
248004640
242804712
1734379
138323652
36405588
241654085
5404403
262056154
214929090
152556213
213873063
90374730
183558661
253161623
113117531
114944412
242206222
193043914
38115361
181776566
204083664
2407101
38436482
120183528
195326495
248754896
201308274
248131345
248131349
33098588
1392961
105281932
32352209
43749287
128711558
162772211
153364716
114945815
190755673
686619
45663003
163567972
148714444
36209744
32895630
10308658
176153140
171580740
181776564
195814244
230237139
248131347
106362259
6201813
260922783
262062144
1733013
207196253
137941383
76696733
252002404
207563247
207671455
262695496
114945210
187595373
127991068
10579438
133628207
31117323
120183396
177286650
107701143
191548325
73222800
251395545
94597203
230237278
262056152
180847080
262056144
216213317
260113006
262062363
250334802
1374385
242432587
213875516
79608800
247269913
100395621
184588681
138379213
46332508
114945633
114944325
154249886
139093773
129938993
148812668
23051193
193667901
48895051
89000432
230237216
230237179
182787014
261800634
402651
260931269
36565147
262062142
261800630
829053
248679061
141772716
260931265
197543311
132304654
169193021
127032804
183364935
151950552
120183765
162113911
171580785
213726527
104268067
102108287
118693690
172328140
137440209
230237152
230340923
201385996
262056150
32899109
202611881
115254274
260931250
167019487
247269929
198415395
120135722
214889669
193667275
35474275
150864686
177991450
171580688
30165548
187595366
366002
263440245
207564403
54266567
199030585
68049234
196726736
181379287
55119185
77982978
48629556
55302745
143226162
50322156
261832797
169887119
48629547
205001886
51660434
1826681
1254119
196726826
50773990
181699658
55066551
416919
11218443
181938702
57771305
106149744
54053150
60692102
100384419
203883775
195801645
19349145
152743069
23088717
219146717
177643303
181699596
204027443
196897412
46723657
37577206
185067348
241758779
985266
245787189
161426354
110112108
81133416
108327034
77149792
605726
204009103
165038798
189642782
37902342
1576145
262836698
70637402
52664522
207754090
195192082
691516
49506137
162772854
173864192
2776871
188534652
249243862
261978262
106605687
166033485
114579052
251577290
186391676
82700697
56116641
253237951
55298776
49204113
125737966
199706217
225386376
195299496
33268759
555359
217830161
20870115
262695476
191410853
1080548
212330087
37887031
582569
186880522
42686968
57243161
164323260
73259729
195634995
185006363
182984035
178941080
41843998
58696236
114271468
247260406
37975723
35829802
169640943
201769595
3283827
74161176
255175413
42686978
205928399
116396349
49252204
56878210
14714204
193622795
59258217
193439382
90960326
72290296
143144316
173135270
251767379
59206416
41549124
248989673
57039816
171584587
224876706
922385
37012365
195801682
54053152
24984579
44225209
262656093
215543990
2254427
57791768
122489046
40981442
36565136
140948371
195665969
53261254
16158709
261978299
262836667
102108245
248585387
217192413
24155174
165022018
173808741
70823302
202475520
173740154
43129311
195192094
418607
32352225
58023085
25886954
237826076
34180367
53905112
74277049
45955006
1613345
197062943
45613725
249854958
207852947
57325189
215089988
153521896
179438739
146065916
37216545
140220406
252714170
97888625
161426362
48314958
167034122
12647219
203150526
198197311
249771940
30807702
145300489
541170
149974913
71907874
545486
74992393
17883068
195192102
57771208
854934
814290
606111
216093958
43859791
54632091
194127596
85560667
207754107
7533287
36399664
206673076
30807688
251545579
57791775
116031745
202045622
68676435
187191466
32438267
177659977
37216407
1734377
925909
1028649
168962696
68942273
185668595
108295958
215085057
37946841
73836482
206673074
202879287
92551258
144487589
161699350
177639263
201251993
252794850
163579631
997539
72308259
178460985
80935602
160779607
204631064
206675364
194959323
101807946
76601010
140360876
59411896
198746822
14083858
163461821
196394975
192561061
101296961
21442338
69644754
14044907
205294139
577319
217341662
22299340
160671773
53978579
79110422
102431114
42829039
195961287
12790731
57771402
637484
116396338
193099629
248540536
128869237
195796510
250020068
49057892
137129431
198520887
58616758
485527
195256369
195702800
163567023
247330433
158868234
77910869
1010610
249766470
203995755
183244066
48151583
201424625
137572748
168962694
187191458
42843287
202961365
260932539
251448753
515871
131138719
90679259
255175418
146988857
53237534
249130074
77111816
144486696
899437
235062924
253700900
205506539
158235762
225385705
45123845
70851271
203999115
225262577
56671369
986186
41864327
131886038
949683
202487861
484365
1374383
214798770
73795009
197951993
360136
4780293
242411338
195305990
48873339
176778999
253181710
137453152
106208721
194125900
194585108
32218707
213562614
247840805
230081298
23462318
124558743
205391365
3750475
150258677
198889492
251942846
187148911
38385470
23047892
54567402
153409660
634270
43950749
440264
631925
36708224
978808
45123837
766595
106362131
261799009
207910676
113932805
90679270
217385431
138183576
181782943
246160177
214837517
253168620
12622541
885456
758635
150565093
1940501
187618415
178831416
113230694
478655
24984587
262833387
38110395
100395619
248523290
47184480
199030587
249161147
44017479
262887337
96289767
201767364
29164799
209302852
248935048
215587704
262640419
182984039
247328558
162774155
251456296
486636
57598508
146735966
128711601
119225703
168234702
262836661
160224219
248989628
196726802
252794585
185028370
224820036
249771924
207755564
189689042
404565
78578206
48586859
197142805
186577094
177633718
7387829
190846297
179142586
55070245
149974905
22472175
75600095
138395184
74415872
916571
48882452
37134991
14080601
429830
202840401
46749913
262640379
177860421
195256598
2719939
201055520
244277824
22367154
251936897
195109507
11238774
62312524
179983720
36092657
113151384
242075262
28280612
72642587
114895526
263021104
152862081
167433882
130469427
137976207
242713237
162617140
192845103
111646640
181794024
12401819
3102755
214294533
162111052
42686983
193724452
77222304
197634829
253238099
116577589
11305924
261840197
262081285
162513853
181713402
190608627
253293499
253168848
59336974
168962698
160754695
159974095
127033574
92551928
33007534
177642291
246853550
259326711
562047
158761986
160759011
251513184
253468093
95039278
152705176
37975725
183037397
25163560
263060080
478640
215727147
130757144
127032747
262060224
248656083
77231102
147694486
261839417
159951457
177312945
229962951
185448087
77137270
36744082
52695988
190558203
184217990
35936474
166299527
21927034
97888632
29643609
480168
24005274
36209123
214312632
834154
161497855
215763686
48622426
200651837
192549108
201088206
184627438
49671155
102140100
220682117
58810062
193707050
14767831
200976594
127031589
191892903
215483671
262887285
111635773
215727183
187610466
262785224
187001011
215745879
36701866
102140338
242075227
260932536
253168706
116124461
77222371
181799253
263064009
180227983
253227259
179952622
57765923
215383806
260010718
161634244
242075256
162115375
30807700
217331923
202529510
130546397
107551492
146272700
144487763
27937915
760714
184495891
446615
76779007
2100769
188658250
183223203
22080363
373859
198416968
252040694
476514
262694340
260922778
23362281
261967277
192950777
148071875
37812265
72621963
109867728
262053140
261035709
200616544
42462086
248779436
48766396
259310960
201089560
179121158
205695317
176752857
32438269
242075314
195201200
215739125
242443946
113368311
199240134
195192261
253323998
506318
247879160
195665974
261448870
90679299
242504800
203290229
242075306
257758720
55597442
202475576
131590642
96649476
212326107
204941423
116049419
195192170
195192150
261839424
170298027
26412689
53259393
127033153
38121707
153260958
195192106
137536959
11595171
229803973
242075297
36775066
129138467
192168332
74502686
26135029
243146078
38113205
173882588
235064792
179375695
259568172
262570050
262084926
198057973
225385711
200787576
127031638
116594945
141990704
138448270
132971872
138176463
181782886
192951102
248687809
1082454
316121
182981105
204027437
163405206
162154685
686435
483936
187618760
634669
196186959
225385753
255175194
163132710
79200245
186110683
195192146
204309108
67991606
181799251
116033351
971732
247261528
242075390
128711574
30886411
42598017
252002706
247998133
657975
131532852
138387836
48873343
102108350
137483718
247269937
248769019
226928465
69060823
54398871
210735224
555314
54878919
33061250
184101422
54632089
77231130
159813717
37975731
78975614
3003447
262833370
251942836
184589275
43924213
2126451
216473196
263023643
2120369
242504802
127692480
206205021
85192062
114271469
105206643
655852
101839984
73384918
220656823
215745875
206481459
20727853
189150749
262053134
255175421
181782965
1045788
194789842
252675593
193745827
204105557
54431529
202231519
216868963
201687223
74535213
261962356
77230832
192950058
172475747
124859147
197098994
168303310
206608847
169193025
1228395
212560877
249878118
68398639
47469931
171580897
69838429
197899753
225201234
242752502
540354
242075175
260005650
247610229
213296644
35671026
217776592
171580820
137941652
247596277
262808882
262385937
208608167
24163124
77910687
208097095
199699891
260816995
262656095
200010675
247302608
262656118
247945469
114945247
591347
227349595
213698415
73327127
262808888
261803941
607537
48758414
55070242
263098684
208408604
259326746
198194766
558675
211948376
346111
118419975
212977315
59144046
260110576
136403522
253133403
176779013
159384921
154231197
262915874
120476150
179121876
106362223
198531898
253147136
183537523
50714575
262084791
205811856
199970028
262385996
249966334
258509168
194130337
146274291
260932531
162141709
247260625
252060882
250797916
206488680
196193408
184908094
247862416
92010868
177703694
70262302
243057373
212554317
13624084
251942834
261800525
154365492
201385203
248677905
208200892
247948776
149980163
248770382
106362449
152705129
110916499
247329544
197542880
177996045
169193011
197849862
227358921
178462916
2120183
188551909
105378735
1590957
186080517
34751987
128711621
137428010
187548203
102108299
184248485
214836062
259568170
433337
24162909
212051518
215140005
251942839
182305753
217144230
92650960
200520658
178096043
217125646
164436878
261800051
73639048
54780891
432475
194583046
229800217
250077234
253327631
212213015
596115
127031716
196188414
198350041
192978883
2254425
248986431
196537981
516297
215739343
215383834
629219
180962681
32352048
185668103
215727145
173673973
200561474
84873119
77777778
378197
72622138
40981408
29907175
95039254
137350061
206362827
229963025
194769135
195848474
225209916
242075287
250078508
352638
249085101
230296530
253542757
197891617
490420
197687556
125007426
178068938
212475221
250466242
169193003
250251718
262060243
478060
248994347
249150666
259858001
172907596
43369469
48984968
146274133
215737431
189658394
181982686
186692427
36085772
32075733
203434254
214836057
215486340
32888688
194451850
77230869
182708976
255250174
176748026
225385721
259568168
26524130
216473020
248585447
249693724
213676684
207195770
183228709
181461067
250557410
77154500
261962347
638658
189601717
248783174
248783163
367636
214823316
384101
30886423
50322162
75601478
585107
181180683
116049227
188505687
192323812
357310
164078773
197835207
198128672
215646345
242075277
194769142
225209779
37968907
230296551
255175411
253542759
22980658
182129596
167019752
164323176
213691726
253239593
154260975
183907442
261803930
184492945
163582623
143359508
208779578
121009975
179401509
192942801
149394705
214828458
158753676
165345525
215739337
194585103
176748089
187184579
169681793
58401422
160814447
147568393
212567418
77231117
217649776
56525746
481622
262060241
196597916
197062929
4692655
178827147
58339448
189466739
31207318
409461
242075207
31122065
41864386
180585503
165038796
118693228
217836990
178069000
202529584
180499346
171585971
186693711
123865198
110916495
248930223
262745000
434140
202510862
252078912
200005135
214928138
745338
22367128
113368101
138155144
192812147
217385428
189463230
248740025
172476033
189429223
21909718
36828209
195319596
143642526
217125742
260110566
242075197
242075206
242075271
260110568
230328680
181448110
219156908
261947100
225209892
225209865
213706964
165146053
229967395
215646590
139449753
262637418
243245785
139490683
197603950
34352886
195661481
262745223
230296472
494080
32895656
261113964
262812640
263062017
249151255
261943641
259568166
260814057
262811938
263104059
225385715
261799011
37468742
202343180
263085101
176761666
262656121
174014674
212567780
212560911
260011712
262060227
262812636
210428066
69664573
260814044
37468778
137114615
247291809
214815403
263097986
135346847
263097979
178708254
191544696
197230168
213680906
213681864
45814376
201571602
41293568
138317322
211958659
22552303
26453465
41070911
107539169
41241730
187816121
36261009
22400997
182483618
213675560
137592808
193512256
183343556
40981285
178941185
163304765
215748852
198734522
35610041
207566574
214836049
177092936
178827030
247656003
23115964
38436480
253147175
30165554
215390079
215737459
185863044
208432888
215122433
230339910
102141033
215727423
248009125
209400370
113117301
150567629
195838396
195303247
198817317
172476506
230296503
261943908
253542856
262821219
262811936
195305603
248010993
36700844
38293854
261943137
36701804
36775029
30162678
252870261
252870324
215224667
255175192
255175188
192949769
253242138
210735255
197337614
253133401
69664799
242086177
261839438
248613500
213691945
20555383
180225195
253147034
172024925
9793181
154312397
37354950
253468097
200672503
202450756
262887305
184287356
242075170
248610854
262664403
35720780
114944866
215543984
40981333
53925183
215738350
215390152
46525096
214828480
215730432
38137474
115756251
36701547
146272019
32075715
216868981
77231225
22367148
138155883
178935342
162350732
174808403
138183509
14080603
179076323
200851539
189463436
178778235
23459897
133052546
215727783
214831198
177335030
215738348
215727120
198517052
253094689
178561915
263367047
263348431
130639167
263244110
261947107
182975979
195663647
214831192
164437166
215737461
260941202
260941204
242075244
241654033
242075272
242075174
242075243
40981434
247265594
215619755
252798610
253237990
229800255
229803976
248009207
248009128
115254537
35616594
217574564
128711546
201644894
217835536
242423718
193568370
225209896
230296678
261113966
260814046
263084239
253239673
253327623
248011095
253252440
260816993
260816987
253241316
253241311
195715959
253148255
255175185
1727945
215486399
251772606
247269921
248524542
262044800
204309101
159444479
195465985
127032970
110916523
181991195
72769204
262808894
14185869
253252359
207502905
189035882
182107799
183250358
263311033
262812642
262812638
451473
36701181
198223873
191453991
246851237
225909063
261803938
190608552
263348020
263077595
263310906
43522209
12502154
262858894
6999055
200672534
201770681
230010559
215727598
137341083
153046419
174567224
37468804
146274054
248772525
201790448
48555526
213674824
32404804
174008264
214823308
178458029
161383382
178211227
31122063
106362230
161254820
201089550
138050000
120476164
38290641
28734874
141315528
20689523
215739123
138049803
252529491
241899655
207564405
102108345
163184287
177515520
215727781
217497187
137263301
263109015
31876139
200672327
215544791
215486144
215077258
50226538
247265596
217574562
127032447
242075102
260110573
242075131
30886059
242443761
180576145
178096650
195848431
195819560
243148216
173089027
229962857
229803966
229799974
229967347
247399181
217835622
829061
225386583
247269925
216387807
242443933
196372535
178096087
100383054
225209912
261113962
202604490
261943144
253252442
261943890
36701125
24162923
262821224
262811930
253327626
253327629
247943899
248011040
263235793
146226460
169192995
48040525
262908909
163021131
195192085
217526364
263310268
213669788
212992358
212052136
215727181
37134897
36700846
119330755
36567837
184587567
262704576
195855750
114945009
263292350
263056555
247265647
247271431
261962352
253160623
35670612
188535333
181976443
186549800
215548575
92096321
36701227
155755343
230010536
149032081
203288376
138318320
216868979
188551473
150868377
20111144
24936679
40981381
92552120
74285044
215720818
40917960
99056063
189468592
242141613
216724566
247265684
145231021
206784522
192950834
239466435
215739121
16563979
40981426
215752245
248770209
134323839
40981299
214831213
215619842
77220890
33035595
1006403
75656540
215561732
140005174
113141950
137445917
229967498
195304666
253147173
150980405
261947116
229800166
229803971
225209908
260941198
215486226
214831165
215075220
194772965
213704771
242075343
240626994
241654017
176056775
215561726
91820721
216462290
203434340
178096117
248774504
154297226
195838023
195661476
217835944
217835738
201089555
262734523
217835866
262073777
217829992
161863335
250076991
31207279
209380992
262821226
262811934
77231405
261943634
260816990
247867714
152534387
153492166
253239671
210524167
214823310
253148257
253242131
23832634
92714243
230201663
252870249
192624424
37216842
262664357
176080855
190502021
242727523
242123469
180978578
253147138
12250880
242792736
217139694
153491921
177339096
262812793
263311080
253468085
253468133
183362181
261803933
261962354
199975395
168303296
249025647
193143009
253168814
251999352
263388938
195855752
35676824
207564409
136188144
163438848
29907154
215389502
247265688
192032269
192950996
99056064
215738333
247265644
194451779
33071918
36236710
179075968
117315717
36710120
230010546
192733739
77230849
36700894
178528540
106362396
225186449
21927053
210530903
215079522
252079036
215737433
247265640
32352054
25691529
215727600
252795315
92862289
159727200
260941164
214831161
215727421
248776337
242075259
242075357
162777462
53993996
217574560
143642515
195952591
196048336
248775334
253147017
249670787
178059557
182971714
247815160
181973518
209400295
197595138
202425491
193602601
197595124
180499586
217830068
217830280
192705125
42201520
225209903
261113968
260814053
249151294
262833381
225209899
253252367
195822639
195866790
248011097
115254237
260007176
36701820
30162702
252870292
58716806
261967455
92010708
176906717
195715945
262875248
46332488
110916532
213598850
212474367
212992411
263101190
261027677
31207326
156199503
108758597
215202990
260932541
262808896
36563667
190155269
201567923
110916496
253168671
235411538
35733378
263405816
200013583
159684271
35577825
178583175
116135515
76738012
75602409
48481766
192070304
182108409
192949411
37492481
214831202
214828474
247446412
137252018
122492877
148911083
192987938
190106521
124758323
75599971
193512997
215557337
217497194
215730434
190608547
215727785
182483199
215726904
178783322
133629889
102140520
53993656
148851759
168504652
218748226
189468745
178572767
32686733
6411283
183313928
106362132
200803977
247265651
263097981
263394465
146224455
214186189
147999778
27582931
971704
93249305
149942445
26135056
100395623
57890342
263062381
6848781
58015654
190601858
123897086
631200
249243864
25914366
207754085
14446873
97876234
94904250
248644120
790312
137941448
179063975
79539095
58359997
48928918
912264
53900666
896720
194959693
74418356
201038413
130327841
75659946
177891802
161366603
189648719
91625816
7365069
197230166
191148968
44195623
186614789
197096037
74410447
143219851
7011259
77982972
56269032
56020644
196058125
43605636
252234993
221235591
73125814
57771404
92436299
214242699
168962622
225250988
216724726
8327852
40427111
215733800
123894597
145288164
196180759
215556981
196180715
215952175
212562851
260922640
184790643
210766013
59478517
168289354
9486536
212351488
36244371
260810925
247402132
242343302
171574368
69337848
57767462
200795416
73828259
56013362
188769022
188576536
196959143
225914084
115801991
392850
57786941
205855150
249089685
205508539
11960708
177891350
215733816
248585285
205849134
149253536
8306379
193142640
39820466
30807694
72926795
215779075
206990783
206651002
144920323
14812665
253181812
197648683
203909527
54421216
92710540
243082384
76527930
205894098
119284166
108130636
196932306
53261094
248710673
107459917
252099014
225250939
215779073
115761895
215733824
48481761
427865
55302743
252562092
202604388
32589559
1525329
205509266
110916516
263084710
201089751
208834521
257915547
36244367
260815327
35863236
253461502
84331600
213705287
14080599
249524919
179937816
255612035
248591363
253461484
255611750
41142731
57725921
155340716
206374815
181447690
262694942
206675355
249000806
189472756
15726201
118582556
25146107
215779169
163021098
199608293
189413717
252760978
427631
247944016
220684542
137432949
261961715
97876282
193045195
203401772
29605451
262736807
108007662
191088284
186434697
188990309
261957083
169193017
215620419
248688213
203909495
162399330
190880253
261821562
32075196
261821537
215141591
215779171
212326826
260815317
38120095
162341355
32414864
123557790
48362507
50773992
192031907
196048845
201089760
101365036
149253672
201004707
79770385
222686843
247451183
249683555
100382967
183539025
252282008
253461497
177086427
177915452
190864063
262640393
262587442
80937014
34747340
262640371
26211310
242075231
214933492
247402432
250500978
209400377
56407171
207502938
158868218
209402785
208779580
206376498
215733826
253721483
69342104
181782894
262725703
100285392
56729807
205894094
24744597
84327526
14308445
193915756
74906864
202203564
187827439
133049501
215779244
173449215
69660788
215779246
124178669
247402435
214768376
222660458
230348777
48579030
214821656
37169830
263020076
106362237
188585505
181119157
11370485
137607458
207817309
248723560
261961756
77895983
203759947
201976419
137941468
208643635
146274248
162769917
253461494
191258731
214815546
22367394
77879864
262345411
249246531
34747467
258219112
110916527
166033406
16256506
26213210
195481072
252641558
193212087
31206279
43950705
77878612
31117325
247942362
190695339
187182623
215136591
77878973
214823485
73891297
204339926
149765322
263098654
177085636
36755831
162519709
34935394
215748674
249823515
199672139
37169999
53988252
215733818
29810062
222660428
191221404
198735192
20276091
73323666
150845300
248656087
247667357
214101415
158583302
248716147
255611698
120504201
42889894
248523215
2069337
181938692
221018110
221018112
247256811
41886722
77878965
261961743
262664400
815379
171580686
242719748
63940291
197576198
189204817
260104743
192950540
176784409
197604743
201089563
260104731
462378
248644127
77855669
197595427
54393800
261821587
209400001
12252040
205522167
74856992
68033335
190108536
42845085
242101849
248714313
36570238
34922103
53988227
262736778
242275887
252042977
262664341
42847330
230348652
95124734
32352503
215739396
177117690
119309060
25062237
242075265
247941765
57038727
26634329
242821805
197889835
191423318
176784654
95226207
187396498
212351422
177703679
184667322
181462834
248792319
205696347
189179271
230086614
195713863
117926936
247402458
11981527
261949347
38292915
247331613
249400305
205885128
197823339
215768154
29812135
215739398
242620578
212323065
71201554
73890843
113527340
207023473
47138855
196514426
77855664
252767919
251280588
189231336
247238526
88891022
215763719
24163133
48210074
54755452
230348822
184497673
206482301
242075205
196726886
201291381
84331694
7367441
260104741
261961765
109959830
249921179
176779790
248880026
55830926
25491302
215379317
106362341
179072614
77877652
174040332
36365168
32975703
253405813
260104739
2380363
24949179
220661076
216092085
110916487
123596528
214611375
248762706
169887150
148866371
248774713
11596277
53991819
214822969
214822976
177991022
7612207
222660420
190857129
31815928
181107814
196726822
253148162
216285759
242443782
242075202
242101731
242075193
20350336
247944157
171169464
242694454
247940331
53990879
19683424
176842936
37216476
175445407
25961515
30156430
259514673
263083519
195634942
230001082
230000772
242755366
248781398
242298815
249602379
77858281
187183724
166644382
123927593
143144326
15946948
43748975
40615822
249590407
205128576
254139176
77861831
25146109
71893275
148848609
212465519
174823101
247555661
34744975
77878608
66959222
68562499
77258308
22080351
26357230
200628347
205810137
242075145
242075281
215779120
222660418
138049981
201852602
56576242
42873962
187182887
20421718
73754498
74992596
53990785
187183709
262637351
262734519
263061869
252341210
249431643
259514678
189147176
230000905
215727612
215767983
152798014
125731286
168960033
124171054
215126097
25962121
200557882
69665781
253396259
247256694
213072145
148806634
34748417
262812800
249000431
215733804
108956926
215733812
249170198
263271567
92714201
34917656
106362433
138049925
41608598
191141601
200851456
191390319
200673103
67182087
199728363
138049840
147324137
40148131
200521213
77258284
54789986
214932971
257865583
247904622
209869142
176007463
181113299
191258263
242075398
242075223
241984294
53990874
83677591
16086510
54365922
53993322
178560010
173860085
12235877
229804234
229804232
83677824
259514691
252341216
249426541
259514675
87591660
87582849
110916556
123575330
217345596
120183725
242223878
174539077
124171112
247402449
212212791
209414985
110916500
35572229
77184051
22472274
34817926
195192236
204785896
36630037
215389407
149061134
192032415
147854831
43831654
148850057
77914196
23834345
23301668
208678418
197604741
84637483
190240967
251442537
189216570
181118557
209402791
54895067
252563787
22717116
11252830
215768156
216462110
148747122
172236847
41686322
34750471
178521966
15051279
110916509
59483295
215733828
229763925
252341214
252341221
252341223
252341212
77878967
37940839
263294378
230001003
230000854
263263702
182308765
262656129
146224977
125259987
181904591
54143679
252064180
110916507
110916519
41887283
110916521
262812806
58211864
249694097
74956896
263388782
33337733
194847815
181809078
199101286
216213446
25466694
11338336
67254468
36154067
215763717
213682352
53924204
198285194
77877646
77877650
57328522
178714781
120183257
215383331
31207426
38436488
214823059
31148489
137478272
22367262
210134549
57823827
147362814
215796892
222660445
249389207
242075326
242075195
215727761
215727759
147063415
173831684
40848073
187182736
189204305
201291393
149022975
12481314
229804230
110916534
221018108
249680429
249680560
252341218
248502648
249436343
205684669
253395724
263292348
251769396
205294135
178957492
96301815
242693647
242816010
242263091
92551479
10170633
172024966
179210753
217327489
261821580
23292036
73718428
247402466
260815284
243140723
24954642
97684877
215733814
215733806
16084560
177933558
157203453
193601548
36336180
66761938
67257092
74565676
25624972
215727165
215383324
77879858
66966974
75602334
215730400
179056845
24959157
215796898
215796894
28709704
12229771
195192121
198583261
197901908
194859598
201855374
187184261
242694450
247938813
247940721
213705151
242075154
242075316
242075380
242101981
242075233
242075261
194847813
41608888
253148164
216387810
28624223
215768201
196900980
263295277
230000820
204309106
262812798
263208964
242309452
212992384
242091563
173393177
123915871
21484045
67260785
160814596
202529638
138049843
262747141
229804228
66104786
200737840
192943152
259326652
113117323
215733802
248160050
260815301
207596436
19674203
200032449
32351738
77878961
32411542
26450994
138323987
190537690
22080349
178603979
166035717
186567766
40919567
24951029
157133102
138049878
181982666
36155119
215562038
92552059
263385124
263389173
205694705
3608625
57110087
71094783
46789754
150269635
612808
613215
9947041
146513510
55081569
409112
123893174
252859170
7471127
253183140
66609568
21146760
42875955
57043134
201045775
205852158
251936895
203909549
213978236
86840856
32656576
58362101
120183492
54896834
195547039
150689283
54431361
205852159
22907324
259537390
188257853
75700739
172334155
107401971
11301028
184759102
54820415
253366417
35408882
150689308
196219971
32653094
181567241
251392564
180324994
201845396
77231005
119691009
34750173
247677208
190681689
186369462
394522
105231480
74820618
175444830
70613646
205695206
76757410
177962512
14040628
54341053
193690503
48461784
62212014
8951167
247679771
203909539
77561027
51579973
205855496
15709106
190489429
394935
77895987
136541129
186200856
252077981
64322088
77777118
167351244
205809650
57707950
200844815
248977619
70722369
48152209
54749787
32423902
109869908
476885
242194468
261824985
55714625
251551893
226392926
211299378
55734284
205885354
181808913
262687322
171155636
25501582
146065954
205854827
11860757
79555996
157537784
84325501
146272636
239453536
63921321
19787640
25153677
136540175
77877057
171651783
23084536
14309472
38948989
33008042
397028
195951963
55744690
195863781
196965765
160694036
181938684
191136674
25491909
173844254
419144
66941559
178937342
107465764
42846138
214930736
74994667
56671559
125732043
137478262
47133824
242075369
74402666
28314930
189226712
235983527
181782963
215732983
69696070
158867695
214094189
23036514
69696296
77965234
69700039
249024841
173846459
251394778
33008058
181102319
56670460
42846372
205018796
189950101
249129892
195635225
215779175
242662990
177270026
59076051
67254350
59506210
454827
36155113
108562978
73375297
242663007
55162583
194199342
215374831
25765980
242663001
20631135
249024517
54900010
39106117
248723101
249023951
123924435
169192993
77577076
131139980
187182970
137136366
71509535
77879439
73598599
123936288
251514797
204338336
10168156
77895985
137136601
24935206
75579392
189641612
248715840
54926167
67992375
191259211
191219616
69693624
37928502
177860530
66942565
86748179
242663004
33008012
179062924
53900792
249791429
124121653
148078805
34746414
73657936
88220842
184759449
187182675
171960704
181107882
172336319
224232086
99056735
187183547
248717951
215040417
207280727
59142174
149253619
20880458
173842559
28002180
86145748
110916542
204309097
254117513
23830965
181184390
188256851
77855697
23474817
23897723
33008083
25754148
56012940
22884851
187622423
39019073
119396388
247402454
214931330
23299819
66759058
70714452
33139945
20588480
160313963
42715433
185941013
184740964
191356418
54745950
249025275
247822033
248723381
173832643
249025059
137457584
54741395
22152658
20673427
175440550
21126651
36154338
98299777
88911840
23296684
252401834
67251351
262058306
37927322
166134729
64331145
53577421
23067571
24952248
34917635
66837713
214933022
187623032
20628536
173710584
138569284
52302916
51041896
15076663
248715592
42953768
173840507
187186628
54890032
215040415
110916544
119698275
23290324
209303220
214611407
34960049
249657796
24196046
253720622
59502230
35617066
174593690
205695863
242662996
49650450
59378022
36832490
66651363
41274040
73217846
173831116
247942624
54413508
216213488
216982821
54789291
166035740
125237373
37170245
77879860
248802280
110916051
35594378
35593591
98332169
119109708
110916489
41081348
100383088
195863788
42598453
36924928
55445299
69680743
180608626
140318211
242662992
77855700
59073454
19577784
77983174
67182067
72748283
215727161
197899820
11736337
181808991
28654033
58323617
250076707
249024165
77878963
247942991
173831549
173837271
22003496
247820180
110916538
181117818
181114281
29815397
71509705
248878228
174848662
209387709
35594185
35593283
263207463
181982704
55829941
110916514
56695583
119330522
34935366
77855671
19679283
117315816
54663858
58908410
201845342
47857402
59500038
147980468
67260962
56257958
195530930
71973927
215610914
203909535
201853910
181107506
187187099
54874839
192881888
248720977
242075292
77855688
61231054
98331743
181938688
213676890
252401822
215206127
42313055
62277997
110916551
35591889
212326809
36368763
58910145
123948518
91159513
36154721
30807686
113282891
67182063
23832960
174593684
25150554
30807672
187824938
57747720
189413692
61238791
116025124
241791153
179547036
72615305
208198125
217641618
170898094
45576163
53205299
72723083
90204867
41886504
21146029
168375327
97914024
205810720
160313935
205809643
11782374
54926134
217577368
176777504
50932807
23831028
37401408
34379012
68546736
42464345
54755559
150287002
90679268
242653546
77220867
73854882
197888376
160370221
107364489
27956821
213557182
262082655
205294143
98162278
130841631
70630224
51087284
181808895
23262063
15469833
897164
251466394
3608627
177208723
71938568
195797305
15702310
216213540
72025580
177056713
41624429
206377348
192720831
8327701
188429086
53900262
63915446
52069758
23830599
253396621
198734428
249243802
76199550
57747947
7990944
148747412
74158207
34818776
39194765
110916511
23038085
74821350
69690354
184757725
21484187
242101812
86794972
188768440
247939664
205694753
181809055
54677807
181938704
136483538
74157575
77561067
53634594
253560074
8197661
193701768
190608535
74794124
224067978
203909519
21484136
54365862
69687636
69543242
23835054
74161610
168092209
229695869
194370659
95563279
102141052
187184464
181982698
56262265
75515420
247938056
110916491
199235985
42958087
69611126
247938435
86143384
247897969
263117527
67835555
27979417
253096185
31517022
27979466
56012955
19391419
159822484
50738243
67182059
67182057
66939985
215221544
41886868
175192121
174259559
174291556
57894699
25533996
200984546
180868225
60709667
22885082
23292634
25971579
92513774
195505385
48226848
190608637
57705051
186433716
247823136
51198880
195714084
195714397
242101761
110916540
24745641
19391625
235146398
67244712
20879648
178564258
192711872
67182051
71953220
41864498
40420371
67246529
42669560
86780864
68562901
201854818
57036647
127805181
40981233
222660486
222660475
247261459
252915846
34361217
52768595
7934211
43491623
195635941
34749373
195510009
72287596
63438705
195508264
55212881
32662877
66957345
72117033
35588696
23259385
55141784
26213533
74292511
188541651
69691785
34745500
54749460
195951984
213691781
43749916
23831767
34928455
86978470
119206751
67254624
75515461
25649686
22882595
60743630
183907519
263406235
252026972
178737206
52069289
68053035
75540173
206232782
148633956
63475306
179992641
150279599
26471479
154228282
242430563
13346541
37287113
168387826
195189700
154219373
262818819
34362352
650548
74012306
76274317
252597314
253152665
191923317
154227529
248985962
147937875
249244883
24745278
145978414
197899973
69542581
49603202
57486535
192706353
121220428
99039107
55489060
68060257
67699920
141151900
15959016
35905777
262821163
262821046
22386026
187184395
32655254
36827913
165643871
252872758
77558813
21126662
253095602
195714160
184318163
23838210
165679112
154227433
34380900
54421358
253626956
68456833
24163120
160785359
19390990
253095427
252871774
74161207
55208260
77258282
34917860
23019148
187216841
213691959
167030923
26608119
34935432
247821035
33008046
67245385
209274808
184497390
25145736
45159406
166322280
57894605
42515219
34370887
12665218
42387987
55156718
66878128
90185090
162865562
247821381
23259662
206205066
86791101
49650368
66878042
49603420
90476848
35905779
262859726
204309111
34917658
84285672
74428965
77965536
88911795
147988185
157468180
253892623
91010162
217641613
53020545
53273984
72965333
213568260
20737296
150286402
154228341
117551574
117400561
58364617
548760
11958901
181567123
470531
191778444
53599501
87383281
79310610
58934142
213563626
454886
58934144
16592679
38439064
509793
486699
263062454
250195021
50496493
63070188
48752298
79556008
217494736
38132909
187578028
74444032
946054
77561385
36155709
35616670
96867790
212213355
136978487
247433982
178711218
66105067
197901326
192329800
201843174
205708131
114895508
196411456
169099369
42535911
154223871
116040061
22298274
247402417
23837741
25691681
247402426
55292826
10160959
213563771
77231193
54642448
75556206
51437975
58395397
150288548
142833869
150287131
11336868
249823275
192377324
198734336
201569550
22507994
113403122
86137696
178031534
115520175
59340866
150271530
203783727
38057189
201843203
77703670
251942854
77317050
181679913
82518720
35591891
181783060
198205211
180396328
127216050
96874710
187644520
200013579
215399641
154219231
215364118
48043850
79367263
215405596
52243636
150269486
73638545
103926870
102897852
150271511
192949437
201679187
228563604
108401718
77281289
51851321
217776455
201569302
215538305
21146033
141242497
165188871
77703673
22039140
102891069
22293282
198415069
190537767
77333205
52631361
190506522
77223259
77230307
181809098
199701099
85704928
31279586
178299190
262086886
77323484
159823647