98675652
169036524
169067075
98686366
144203440
98565928
98357524
98572456
98566071
197658229
169070689
95179731
197600303
98678261
197658402
98686643
169069012
98574043
97921009
120032484
97916949
98355214
215590452
98293621
169043686
98552071
97905069
169075771
104741779
169069350
169076908
169056862
169074992
169056898
98678443
98678586
95179867
169065592
169031368
98686372
120032405
169072731
120213339
97910810
98685835
169070076
98681547
169052070
169042754
207749165
97916811
169072900
98685852
215591109
98355390
197406193
98686479
98330449
97905238
169061598
83398671
169051822
98678591
83398616
248645800
207749194
213518461
120173113
253363130
98555786
98355646
203840297
120194892
122437021
97945484
197212580
98564884
243082396
217385935
120278682
112549743
169052715
194950752
98686638
181461520
97904610
141908196
213518588
138909367
213518762
95179884
194835645
95179716
120182023
248066440
95179736
149130417
95179738
207749179
253075696
120354896
215590681
120179736
202644416
112535085
97927728
97932493
144207353
98678680
98567190
96814171
96814174
95179756
90523157
95179722
248002071
95179760
253293021
95179724
138909521
199902042
95179712
97373297
95179720
213518374
204412976
215591155
120278537
252601450
215590913
97923912
146491801
209605942
112327926
98559687
213518146
97404764
191553132
213518139
96777978
97020972
95179894
169042565
251393006
213518452
95179746
138838209
213518831
96449091
124275867
144203303
263274530
97904150
97908086
97925729
98032686
98298380
98029657
112539440
194953592
118529582
213518426
95179721
249238364
95179862
213518726
253350401
253074011
98686515
95179742
95179725
213518499
253293027
253293011
95179729
215590748
206488440
120278571
215591073
112549230
97945528
97923628
97905883
146493597
112517635
98540106
98341611
98356087
96814136
96814815
199902255
96777996
95179758
191444152
138838207
95179717
138838129
96814789
149130514
96814359
251392996
251392992
83801008
95179737
95179735
120214803
120274005
248066461
248066587
120272495
120354969
215590318
34346100
51033657
98332700
112321759
98556327
98319110
181218760
98565399
98029492
213518225
95179753
147770550
95179744
121153942
203155735
95179745
172359726
96815542
96815543
96068939
194954050
191500439
213518216
95179764
217513372
213518589
120274158
120032331
120274052
253293003
253293030
249238152
254256872
254256902
254256945
249693518
124274530
249688716
215590515
215590237
215591008
215590872
98541417
181219704
98294213