200779122
200779106
107707571
191770386
217268891
220684088
21240313
200780124
186646558
247760172
186290786
98556318
31716464
250060680
83680361
139207275
14996954
66863429
2921297
5372143
146270693
174605338
37474664
247326348
214234013
149970539
252011537
203228877
195962654
253134088
20559101
74488127
92396288
58229002
111197275
247328438
52592322
3981417
257863120
247329067
247329363
262023379
417393
21238295
58493551
22052754
165699912
20542125
22052742
247327590
246851769
115254519
66863431
171905390
213477625
21238303
8023426
23827298
2210143
82413527
74571430
189572513
246851605
54683114
253183331
21956724
20542109
21240815
72796610
214154920
77718021
251257227
116971666
214731972
67120562
113525971
129852712
23838410
165703620
23839230
20542121
75750583
20578963
192453310
20542123
22052744
77222610
242325812
196817580
198642715
247326732
20542115
186635059
263047689
22132127
74460057
249575649
221707849
21956770
248363351
159863478
191507264
179372235
194451798
165703633
5372147
107539397
21240799
179211054
195091248
35341004
247328121
165679130
125042640
23831650
144621034
205136696
97825972
247327866
21240315
247329136
75540326
195999578
165679122
193218625
202052163
246851920
254076727
165700035
22257650
193212458
20578987
183348656
54129247
82517454
178302418
165700081
111172656
22257622
182319705
137429488
23829543
247328927
247927047
21240347
107707550
195999370
73376443
201622239
217268913
58493547
186619151
249772720
2920065
188665517
183544969
21956789
20578957
31128184
214233742
247329616
201622331
165700240
92995014
20559109
95039310
525161
247328624
98070943
243224092
21956774
20542111
183029223
182588515
180008379
193060181
146274577
97012348
196935136
198593913
165679190
194397382
24818449
597124
109322391
187047706
165700208
525141
22052774
58493553
181568322
165701973
183337479
183558368
21240323
22052752
22257614
185595374
165704119
179983599
195985320
21240317
165704124
67120551
249053547
21240809
203013209
201106832
193218621
22132171
140820409
249915991
20559097
173137623
21238289
186348798
198897696
247932413
195122903
148550892
111198124
208653316
72796606
254081946
156821165
188665471
251454585
165699817
172905982
248092093
214731976
179966990
196933967
67120578
2879387
200521336
213492418
193206822
195521104
190544799
597065
190469807
251735348
252589639
253152716
221231422
165699996
216356553
111367348
249269750
183685146
183290611
91146561
66863437
182587583
247757299
217441208
192452455
20578959
262681407
246851863
262681195
95039246
262681441
21240329
189569600
200936095
195662913
212942750
95039294
111533983
173378310
193710083
257844678
180736901
136753150
252562198
198269422
193723489
21240845
252571764
262435758
186815619
148551750
202961451
67120545
258897557
21240803
200004827
247327253
197597093
247326989
166135900
174318302
247723262
247328323
174038119
252574200
158714764
255410126
82503982
252585914
103640413
193218646
77718023
192452439
196350277
165700850
172673741
243244930
144207419
58130571
22132155
21956755
21240843
128341897
72796604
168376085
186277395
197751643
165679156
252563644
182980958
136700822
194199065
252040806
184696902
91988311
200996159
179780841
247794515
189681760
193666126
208907061
250009438
20542113
253097507
252580613
195091373
194395840
22631290
166156790
21240327
219161764
252675935
247219239
104558883
67120583
190354483
137486331
21956759
225969869
67120548
262652300
205614267
252041081
74459674
193411363
249931067
253152791
68181536
67120582
130441174
183558814
99367579
243245657
76070975
21956757
193218781
22257638
191353960
21238284
105376027
188281615
22132141
260111515
21238301
149969462
202714141
212563903
72666056
200004738
246852141
188285272
479361
207656831
217123549
248095666
22052740
263069120
250097983
246851484
74178205
172437143
21958582
212974605
156821167
21956778
21238297
221703495
94385135
225206347
182587256
72666058
252571447
203285875
72301892
165700069
252581860
22132153
214150614
125739774
183223222
105378742
22257630
247794154
185855394
198271043
243246054
253071523
258384462
22257628
188288861
252575144
48309946
213492426
221767473
189657625
247343321
102698030
247790959
252581734
139040933
50482210
252565388
198027333
95039292
258542968
1598309
8958888
254085644
250921613
181567305
173768711
152931146
21239126
438816
252857450
834567
200004763
193219288
918724
21956732
173980460
257313452
193206505
207596724
252078591
250071836
181656163
260110347
21956766
203883507
171095912
252585740
22052756
127591265
230199886
82503988
22052768
176606105
206361121
22257618
178107513
82517448
241253936
208686236
22052766
106362346
21956735
257765732
155269831
214930755
181568135
179687964
230049944
251551426
144619433
250008417
262686947
136483485
188833242
4893721
187010296
187608232
247219218
104050152
248468391
252578283
204871664
252040974
252575542
248351876
179970128
214255078
153915599
208914354
253151852
195129152
247219156
104268003
25188693
253314242
252578611
73400597
205807371
107707554
192289618
1598313
178952526
197627163
92010630
22052746
596576
202863093
187636916
253409853
188689814
77718470
205807367
251735287
242634490
179979357
180009558
4276011
251735210
217868546
1496067
73735264
214610341
22257646
247921350
174215071
243037864
221707615
252583957
216867001
216867034
21238293
23520217
243244299
221717722
253613792
209904995
21956728
22132187
188830580
253070281
73391426
252040848
253412867
82503985
173831636
186711246
216359926
230508688
25188574
242488768
107366394
176824198
217564282
22132135
196825539
22257658
196817471
95039250
225386728
249968227
203208671
248901000
253134480
99972472
202596238
187182734
217865509
217865542
253152755
22257648
184860968
192628670
261114635
250006652
253134455
192288227
202664369
433305
183262996
252578371
22052772
165700051
395103
262526548
243245312
190289161
184507882
181379141
251520271
159241257
149970558
196825637
176606082
203889493
260922626
2879389
252584325
247265294
209349786
188991715
173943103
82508210
127692162
137440313
179518744
455985
22651425
165699850
21956768
230534913
190251475
189082429
217883959
198186954
247926952
177143525
21240851
58228992
190490079
189558270
258402383
262455980
77222764
173943275
165679160
150938380
209129198
247921302
206474049
217123662
198578909
252079012
201385750
214932973
182300693
252021089
263113173
198448918
181567648
131021989
249574435
82503984
22052750
137500000
188541664
73559851
181929653
263383643
263373375
179762859
104267950
1496069
247953916
201385894
251736506
202529389
252079359
255175866
255175857
104267866
262652285
262651707
262651764
262688109
252580153
247794933
196825580
202604303
252565143
188535590
212927956
214611380
212993206
235036629
106362885
263374497
249488225
222502741
251736510
252079246
246132302
182450128
251736563
249937936
252079563
252673642
216285765
255175863
262782993
225386594
200561780
253134457
212927954
252041004
179980849
214921078
188446646
168959957
212927961
128782389
206474037
160671366
263401223
263034067
251417352
246130360
246134566
246127208
214189132
77222635
252987932
217884091
262427044
190622462
262876704
247447907
185878354
208739056
208739068
21240811
181568377
252578229
262687923
249693656
82489333
249574257
263029318
212993208
247936987
249245528
137500010
212942612
95039255
192287758
252080088
249570842
249937905
252675712
252079600
249603856
240626589
255192324
261943038
91984565
25197285
262677390
170312082
181568401
21958659
253071115
22132139
190167183
137941386
106362546
181929655
179372405
179372346
184779702
67349497
252673268
255188428
246133532
247954766
137941347
252078992
252078355
255191846
255191211
176775688
155880546
255175855
165769137
217865595
22132169
249693642
210134608
188535651
252585608
82489332
249856047
249309526
250007526
253160418
247324111
179373192
1749275