1926761
243223577
186211127
90056907
186229224
53452969
252131401
252558658
421620
75813201
120357410
155463014
34869856
85192060
87941401
75585401
154938614
256500686
9692014
252878921
57521324
50359874
16610187
94878710
45653142
134846272
21430148
244168758
50074646
76755789
160397655
340631
363376
554914
56819706
253376358
11127636
197047868
87978940
551919
196284166
248644118
34870074
244168746
249922965
1057428
250020252
229957281
246853817
20086333
167031429
136753125
74236579
260672929
193994147
248789044
74458466
258378701
249773414
78015055
153873405
174321331
13632553
185024247
10907565
704749
77231612
39854398
141489837
456564
200764914
977648
401349
136021332
250020203
202510845
242424802
181998065
215206615
204053495
98239422
202961790
127692279
196853350
356317
973534
56094156
199532590
216216858
37289584
73717906
192704675
21435640
248504802
207933193
252035429
101801585
129138436
2852297
167043770
44976898
479279
23427171
244168752
216216856
197678423
43950745
219332731
177234518
56446016
215997730
252880594
47809935
190127523
544646
253366498
249774880
193736870
48982098
215997701
216216853
92083660
197388015
168232276
160308904
19778180
104267902
221234367
217500588
967506
242620706
94739422
202604463
24594345
13808339
24390430
201090112
2374181
196900619
625801
198204744
162196414
23619294
203927160
202961545
128917509
146273525
129381096
246772800
56305506
141678130
55425082
15869739
798881
112083172
202529255
252876612
259520403
175432489
59208623
252040581
74992385
342851
1574613
215136636
216204424
178831420
17614397
214930639
92436590
365609
569583
128711643
253133882
22400985
461268
260806324
249022052
361875
1031926
173877803
202510826
601896
133633916
176777041
19767139
704294
336112
221032105
2120181
186080513
185435419
159011636
51518940
353344
216216798
136753126
95220114
205809400
260922648
262693254
19843973
27973489
205808667
200940130
262852528
96616366
20434351
262877186
59553868
216216830
252819417
175445592
833611
252878253
262392327
200739160
74236577
263209745
119932995
216216840
247256781
76152165
114271476
250020091
140136454
97810023
247256749
162025753
399889
44810371
215544789
77222275
36700833
185966418
168900778
202964100
181799162
43950751
262688574
252043598
48202144
32412536
252079153
118582618
149653467
257859359
248800950
207829155
192349299
181799374
199034288
973536
146262229
206576724
90523814
59344690
692692
118694771
973538
34751366
113117430
161383981
194860985
170466517
260933444
215746452
1052710
115520922
345684
36775048
44968156
212553281
127031560
252062259
192972173
92092832
258116155
216216820
147754720
57048709
252881427
204004484
210118457
192138459
6761243
188554215
241109490
192908717
104267874
253240671
54802029
145449416
652061
194860730
217125774
113528278
225195618
35467012
172476308
186743930
354111
145455142
935487
216216903
257846623
252819951
197878601
241821081
146271534
117034380
3494609
170849500
51286732
154365587
77221249
191955209
177340635
58709497
70654697
217500520
203998083
573490
67244135
12107546
357140
4439889
253237838
257847999
32701098
47137280
253248356
203933666
118940476
260922647
162100206
118677041
409296
242625586
203853054
92859718
162771871
74247027
127303584
46640357
47093399
110448027
38517928
342438
173911175
441078
221236989
212052163
217207339
77222830
247865528
127033147
207923634
34943221
132303939
244303814
357019
36701752
143144331
197604320
133040151
36701816
146226466
143144180
260940707
548043
92010611
192949852
32975715
196574338
96029774
225195628
201424421
215544770
27978003
199039805
203146114
194198692
129138592
191636139
253169316
54208917
263035266
262664319
104267992
532973
32899119
162113056
253833537
12398634
261988282
177266365
262724572
208192619
249006192
170766144
193202934
189468615
253169398
174308041
160814417
112083183
7824787
147415612
249569850
49795031
444935
202529620
262903841
247256745
35733808
189035618
33146956
36610892
30886069
241654026
192859218
535137
50215292
161252169
214932965
23134426
202000034
83742025
77231287
248059987
260933442
262664310
163045820
179062990
67244083
216213422
211284436
192950895
190630851
189466561
14901299
15068910
248891770
178831658
251392829
35910282
178310639
212553352
196597234
1057430
217780649
261958963
1519297
23183718
257859341
20589177
225195626
241746167
258496263
62754127
113527723
157704839
109776184
247256768
84284070
189630630
163318649
199132829
248800933
1081536
31518137
191136668
213676884
203911746
205338232
247540073
46644841
252724496
262695146
10081208
23231903
31207267
71200164
195192142
252040605
192008406
29339583
24429514
257846539
507446
20438830
30162722
249244254
257759769
77231239
138180906
242145329
35445355
109776212
47103572
261988340
203200654
206334906
52426076
48117849
216387981
140121726
176777458
82935808
757655
207933141
262664313
137047664
92004367
253293671
29248666
196202663
7663055
12081477
215160785
193723050
247546959
49021793
129138420
118419929
202529504
248703902
261799401
249575662
161245760
26170140
186693316
199647346
248703896
202529695
191265218
217418684
197603099
11423569
193524643
104267936
163566588
178057402
14168900
38290597
210760868
119064759
141315591
52616196
177890965
262392136
486949
208137721
171584528
247678556
369249
15000365
54354707
205943773
66590061
146231469
118582423
150607533
41638022
104267943
215100369
146274367
37134889
262802218
198517090
260806326
127033283
259483366
353662
202604361
260806322
170827991
226682616
725981
77231583
202529402
207502971
65028855
260806301
36710302
37216608
160262680
189960026
142815461
212921231
178069238
190701423
55650317
218749964
53991869
193910692
473836
160814558
178827131
212560394
355166
248703900
127032949
207427677
189462093
259484112
249037281
138106716
133050141
203884159
142321355
32686747
214205641
215763933
161254556
214821187
197603096
217125718
170106930
180576651
260235763
181668426
213706209
118419922
74986045
215739347
176910078
36829346
129138268
262734525
262822154
137941686
19844453
263066536
218749924
260932858
260806231
193916587
249017078
174531920
77221473
195192211
198349768
252041036
186080484
168900676
77111629
14147653
262656155
243084977
249693668
161383030
191630727
117315629
182106046
183560169
189475466
42684096
171022508
178957572
205370959
154245480
136021396
196574257
52671076
23310118
57325283
215145746
7630880
263292032
263207712
207933200
193568207
260933448
260933446
261942755
206376460
148078910
248642394
32051066
249682102
35911621
172475710
48101189
22400991
19768229
189462358
215389392
35828302
179056819
29810046
31207394
215123298
162349267
215763935
143144305
215145711
177860409
141338169
115254317
192949810
197821129
23471537
198128610
77230811
196021451
215119480
93735091
263274134
42785267
207657799
213997907
205696901
194847428
251394124
215763937
215145741
119285136
248739994
252078612
107366381
251513240
23948952
215746448
195837488
248783202
201386064
63829293
63954821
148071906
35724442
215746095
29815379
217125671
217125832
179062593
247801881
67242106
253240669
260932863
193736634
99508172
95226223
2157787
149520334
1535527
253166232
208271096
249693682
217500522
262664444
76013337
222660434
252040567
127033587
214937325
27732821
25146809
183702782
253181772
248978719
192167632
253181474
215544772
248643714
77109729
120183394
7465853
72851636
181938745
196280085
65031606
197646485
181929065
183313793
202230038
115254278
119698562
104268014
204873159
32352052
176885087
196514482
161252478
196761365
117315863
197941459
209178082
208134419
181699618
205809398
251462768
230368303
215377522
215739349
225953996
225953934
194585610
174510524
217123590
217125848
253147123
215145736
215145731
195301267
198817453
201385876
114944739
201016780
154102546
248703894
250070968
250077442
252179527
116125081
262053152
262936585
261799414
262724570
36701788
193900196
193147202
249004343
253248197
35859428
252040924
35720766
159686889
20863437
8347018
23260327
123865908
260234833
186691835
199647448
191426490
263338861
253899639
247930084
176784353
64980097
130063375
210163935
120138551
178780715
104267995
181794058
115254332
8709712
189413654
149319561
225195624
225195622
263083433
67180387
164436583
7412491
125005100
66105096
192032005
92004371
193555740
75617892
113518207
205884147
174587691
36701472
242727985
120183397
149844903
29812121
41926702
32613921
263303962
77230817
32352191
52392862
263370000
136600337
215145733
215145735
235732106
247381935
214820668
215739354
215739352
192833199
127692458
19678104
20633673
154062250
260235041
252078975
217125723
253147126
178779842
6279563
59282638
19767520
260932861
260806227
193742906
129138292
262874082
263071168
7846943
104267899
108956808
186080613
252876194
252041008
215739418
215739420
262656115
168900674
198495095
185991847
113529127
222660307
34752033
249851939
251577318
206860447
63928919
177887831
34751596
45012259
52586867
178957584
242105399
242104211
186693624
120183231
67180163
102140346
215388741
215727285
23484625
160395552
112321535
180720894
215543650
105541874
251998883
215739335
148848641
24741432
30886435
184619111
199132960
205813881
178945112
73203411
30156412
67242199
215943509
206675345
114944690
30165544
247814280
35127310
51586887
214205643
91998788
192705082
179799245
248703904
247945836
252386375
253169327
195863734
215544785
195863779
128711640
252080030
214205639
189658640
215145729
192972177
77231689
260236482
249489636
261988471
195837454
225953936
195820566
137952575
104267944
215145734
181990447
202052170
178776814
37943423
249807274
127031691
177891971
193564833
260806229
36570230
260932856
248082759
170487598
243084678
190290013
251077545
181699636
208192354
253248291
195192166
248800935
252040587
214139284
196574469
247750713
248703892
129138486
200738072
191419254
263336553
192387073
253237986
261988555
16998677
189938634
215763772
67244247
23735535
64974261
36667192
215943538
230217068
32075729
119373577
120183640
204413834
77231310
56575906
132303323
198734475
77231563
214930455
178786626
119698242
32352493
215943511
141328648
92010710
19390988
139486702
163792695
32785851
172671012
202071067
259482444
253169253
252065017
25490777
149092265
127210775
34749521
31122067
97845307
29907156
262861354
129137433
27655998
120183756
207652128
248903862
250765447
165177809
215145742
207461110
183040583
127591326
215723314
215377256
14078908
215746093
230346814
74985718
127031787
247794551
141822381
216387826
216387854
217123699
21287972
14203563
36923070
215141149
253137244
252040553
106348946
62758411
195192243
263110120
193126203
252157459
137191467
117926912
263085164
203512005
42821302
8328077
176775645
183230564
250077696
182106053
190049124
20426585
262815816
117926929
260806225
8569414
215389476
193742753
200634160
187184403
182107859
189035718
215145727
263201160
53240634
249688904
249657784
197604330
248792286
34746578
225195620
21341810
99056627
39854990
22433140
30886314
118796459
32351722
215748964
36701131
119698209
215748968
182484067
203850337
32613939
20613304
32075160
37468669
31207324
120183853
184410497
189468584
138049919
11952631
77231278
31206228
214931284
189588096
198734463
198734458
137940501
149080025
193521738
32077208
23485212
74245179
157073387
32895654
22990611
128711632