159482834
22782644
212486791
217144384
217765802
207811308
243244952
205283833
207811513
214753170
144463699
181750867
133830818
193052815
208030585
207652329
207815113
212487173
208099691
197506170
28080043
214742424
205657552
207710418
141218036
212566590
151619350
202643495
139816317
165778544
208099397
79398115
129233487
213690931
207933045
134852390
207723054
212485276
208099432
184287153
214742379
208390773
208390742
214191739
144245776
213691554
97685120
205648108
148963814
212485627
134852317
214741641
207934247
214752945
214753008
128327059
199174306
212487521
146588910
212568514
249912805
122871451
252356881
89475599
127097069
177767529
53278125
127486061
144340825
94801629
212566273
217145494
84166680
166398766
207934275
216204893
132834634
214753100
133929355
134852224
207722906
213720246
212559853
138384726
216936323
144339986
142554914
176435591
172362778
80021496
212561976
212565338
247760832
214591977
212561853
118690182
252792468
133832474
214893463
212561909
252793323
133829640
212560985
210133164
213703344
127220671
253292383
180585517
138384348
140768691
247907278
263266515
258752293
258752395
258752294
258752376
214166492
214188179
214163211
214813415
214912659
140981737
84714478
212578880
207400365
197514500
249584126
119426305
133832402
144340279
212568248
215195794
263266495
258752284
169747868
258752253
104102969
214754988
139142254
165780541
197500759
144757497
212567827
162199841
144342506
173150370
253280848
257833505
143613548
207810644
122869162
253127402
259487710
144339747
173630704
258752338
249220194
263266421
214191535
261964277
24246197
38329201
24245079
215634390
165780411
13896019
208099359
169655755
207562732
143614002
212487099
132858936
212485717
212567009
170836397
89054518
258752372
263266509
263266496
258752265
258752227
247906636
258752297
121336303
214186150
252903015
122873148
207933451
212561363
156789015
122873585
214188136
212480899
150315356
208402238
217144241
133831341
207933508
128326034
162583672
124658112
212567721
212579924
258752244
258752226
263266530
202644894
258752217
257832638
207934254
153593718
212580326
205283808
207810642
122868926
204925678
257831680
203202945
133832329
169687419
216204818
128325493
212562075
262846537
258752391
258752374
136118330
24247272