144734590
147019474
249740150
192951686
192951694
192951704
162019031
139816240
247438557
187837477
198964855
145971843
147019063
96574912
79552544
96589489
192714647
160269825
145971847
122873879
197063050
262451842
97517905
96574903
262037976
96318
96575078
166148152
56822379
144465028
212610325
124041368
96552374
116018322
192714614
195697062
110394812
187837006
197687774
144464580
184944020
197066392
22170060
2819427
145563472
144229477
202641635
141990878
51348860
202420740
212610361
172565283
173674410
114587422
210134739
102133529
116018478
293721
51348873
96436
172565310
96238
114617751
199571556
29358735
1411469
25207757
214610946
202645788
158850006
205814487
95296787
177753048
177307402
96574970
195994154
51348867
148868188
174915579
96557820
410589
177323857
195994146
177320461
174143771
197065930
410593
97921151
139816319
102133460
192951634
187837567
133562320
198495578
91010884
217163072
144403758
144400482
173450197
97517226
72944402
177753503
205814628
144465638
262037962
252357354
173450199
58554927
187970017
171253074
247906943
179944677
104360751
105607676
168610385
171558329
215870209
254082767
253072050
253074527
104183923
104191527
248066732
109004409
121171524
251534347
252857412
103223742
173450094
41877040
25681212
147369164
67242300
100285730
160944355
192951678
197620809
171063398
169380768
25679281
124040900
96574943
102603049
96588985
123442262
169380068
169380238
169380355
197063036
192951805
151950867
262674315
262674452
197067877
144196860
105607700
114587996
249093187
116018581
192928895
25206551
192945221
177315092
248804745
134340851
253074510
239824377
109005657
262802366
23419900
7344423
67242325
23626791
25680203
210134747
120472226
169380892
177703764
262674810
113007419
25003018
102133456
120472207
169380049
169380376
97921621
160944345
198965848
198966012
193483849
144199422
205814743
33457532
187837460
85241249
174145212
253127388
253127454
214868272
187836800
114615315
114587704
112441902
133828281
105607864
109005277
144465563
199992178
110378332
262675014
29365430
25006022
96586450
96557032
25005719
117986009
114436803
262674321
262674522
262674260
171089344
169380766
249012533
202962097
58555582
198966412
198961579
97921883
117196622
25679320
104357876
171293279
128904681
114615256
143951746
251324650
253074413
253077852
192945381
259541159
109005270
105607754
199747344
253133734
253133492
253133728
262674621
75783159
97498387
25680433
169381556
262674708
123442393
96588498
123442207
185925447
249012537
192951815
169380931
102608079
248804735
94869026
144199210
144196915
193646047
76153498
142061908
104191143
188210040
143613431
208678293
106539364
247276805
191822396
187837328
109005225
109005810
158180185
247906740
262674678
252664556
262674672
102133474
96557907
116018228
160944321
97453840
96556984
102133446
25680258
157824790
197632661
177208729
97921176
158699308
198966972
193484649
117202712
144341970
199747558
192928343
145847141
25207769
104185197
105607807
147019065
253073369
109005820
175422073
245776368
251394222
198537165
198435665
187837995
109004383
169380884
169380246
169380901
97921238
97921938
97922181
97922161
262674240
262674419
25002721
123442797
67242312
32224355
100285728
25002998
117375696
96585026
96555465
191472515
252357245
25207211
51348953
202962104
97921270
96588298
247906610
262674653
214610816
144198616
144197347
205814381
66231960
58992717
117196636
103868566