2137883
2131639
217222989
240814768
331823
331824
2137885
215293763
8009877
513838
3124623
513833
3337855
330856
334608
330655
192988475
6542241
1422971
332738
192988746
330658
43981798
217886687
6513271
323553
217977237
4647425
1422955
52850171
176036083
6678913
332772
3124695
1422935
6678883
334568
334615
1654609
3124667
4646617
193737126
3338153
23437449
2649639
215293720
240889528
3338085
91650776
50361744
6513035
323590
192989216
3642343
173866697
1820417
330860
330733
6678921
65589523
198129429
4647091
6542031
6679081
22985069
74451756
6678977
4646627
330880
22966647
330871
192988736
22984884
192988716
3642371
192988764
323624
22985016
330667
192989255
3642369
4647149
3642351
6542063
115967954
77702372
323625
192988635
70772054
330862
3642339
513814
3642347
3642341
3642365
513829
513812
334526
175966182
3642359
334585
4646873
513824
330867
330872
22985153
192989148
513831
3642375
3658523
174527330
334551
6679283
330831
330688
3124649
4647235
3337843
208056408
115695123
55809861
192988522
167147433
4647017
3124633
330707
215293747
240967779
334616
215293710
6678973
6542173
215293657
330793
330687
116567144
115968449
175964459
330818
3124625
4647009
215293647
208056406
6541987
330875
2131643
334586
3338123
3338053
330821
330834
330693
3124641
330810
3338061
332779
323602
215293761
323619
173874421
330839
176100520
3124657
330763
4647587
192988562
330755
173955975
6678969
3338007
6824697
330795
241266109
173946664
6824717
330850
513821
215293631
330670
6544073
215293615
23437070
25205264
22965142
6542051
330864
173846529
174091385
3124703
14026068
115968087
192988784
82388106
88809543
193102122
116567377
116567161
115968382
330657
330653
332901
3338075
6542533
332725
6625431
173956140
174528889
6679307
176548497
330671
330695
23437670
23437118
323644
191779180
192988813
6625459
175808539
334592
330649
6553649
513818
334560
330775
3642199
513837
6625451
215293732
22985104
115968296
115968393
3337879
3337957
330873
174118024
174531850
6542205
175967715
174530967
6542137
176123101
334597
174532333
4646863
215293695
215293738
512911
247240029
323605
215293673
215293714
50361770
3337917
176142347
175973040
173844256
6625383
6679101
176291663
332897
330665
330881
3337949
6541871
175974455
322878
70765552
323695
323611
116158790
550691
323608
215293613
192989095
215293661
174104168
240932048
330874
173945974
510818
1655049
334529
330659
6553641
14026066
215293743
70770845
115968234
334582
6679303
330650
330651
330865
513994
14026062
74539046
92074052
74537060
91664429
92441131
92094552
215293708
192988738
192989099
192988558
74036073
192989294
192989107
25204362
22554274
109765354
221517190
192988859
208056327
191779841
111109315
330656
330854
3338069
3337863
174101179
3658529
6625455
6553651
6678953
173903778
1654605
6542125
176037287
6553727
6542165
3658519
6542111
3338137
174501078
3642381
176107129
215293623
3642195
6542157
91648079
263209663
192988708
76152791
115968042
22954305
6625395
35859699
215293712
247240031
192988726
215293756
192989233
215293740
167981122
3642205
6542043
6541895
6679279
173878723
176126980
334588
176029904
3338115
6679235
174491994
173867406
6542071
3645941
6542075
3338029
3338045
176107522
173944497
334521
6679299
174491782
6678965
3658521
3337911
3337851
3642335
330738
334550
174531824
6542039
6679311
3642379
263388447
92095303
92092626
263209604
92028307
74539128
192988657
215293605
193101764
191779081
194024673
175965023
240991682
115967843
55680974
76251146
103475187
215293685
66230361
22966749
200844879
192989053
6679335
6625427
3337893
3337853
174531156
6678941
6542557
330868
330870
330652
6542011
176021721
3337987
174491095
3337995
334564
6625411
6625399
6541991
3658533
3337847
176104038
6625435
174123047
6541931
173943776
175966075
6544045
334573
173969328
330882
215293736
215293677
215293669
215293609
215293689
192988823
192988704
50361761
6542023
215293607
191779236
215293625
36711007
91649566
92023983
175809168
6541999
174532385
6542055
3337973
6542035
3124683
176108029
176100930
173853675
334578
3338097
3338129
330863
168181346
6544057
6542067
6544077
3658537
3338015
3642201
3642355
3338037
176109017
3337935
330879
3337859
6625403
3337849
3337925
263388449
6678937
263209550
91660932
91020550
263103147
92093000
98080699
95564172
192989225
115695119
6542549
22985313
50361794
115694925
215293617
116567502
215293716
208056448
192988665
193111665
3337979
174105249
167652506
173869491
6553713
175983598
6542553
6544069
174502755
6542087
6679243
176021565
6544065
3338145
175957023
1654559
174532070
6678985
176036772
6541983
334538
6625423
176113556
330861
334566
3658535
6625407
332741
6679291
3337845
3645943
116567112
6542153
21060922
192989142
192989119
192988712
208056395
191779380
193107570
191779520
215293659
92021477
263098933
91640971
10834467
76152679
192989152
215293621
191779554
116567189
23437899
69323381
54513335
76153065
174464535
6542015
173943827
6544053
176107158
3337943
174491359
6678949
1654983
176142511
3338105
3337861
6678961
175807120
3642377
6544049
1654613
334613
6625443
6679223
175953608
3338163
334569
3338021
3337865
330664
330869
6625447
3642383
174531099
330654
175957065
174528851
6679259
6678957
174450785
176103158
215293600
3642373