15631001
254146300
93166896
99698986
263047029
217180609
128594063
109957638
217181068
91261984
109957974
248646133
263047047
109958284
217181628
217181957
147010861
168546049
188838254
180939857
159246446
135455603
217181918
217181609
190670148
217182005
205484276
159018626
217181141
117577943
217180920
170337296
216205433
28639268
122391978
195474456
217734317
212261410
49379437
129623871
465849
26341658
181799472
217181824
21090475
217182009
188838271
25421081
217180868
38447460
167952375
188838339
193640609
188838323
171101293
260438939
252950675
248755380
196468289
121268566
146380589
19531668
190681358
83788287
173393938
109601879
115222788
247906582
50392256
127881217
115880111
125603862
189204086
170993489
248645888
188838274
202644812
171101280
93765641
450305
170730397
115224899
187838649
248645808
466041
169379735
165689113
207011454
136741067
217181723
170754458
148967670
170177902
169409089
169486119
172029698
190481233
169457583
178339545
209391262
170741124
168961984
90893438
207830914
115222996
169391532
148698237
165669490
253347548
198435715
252292916
148851518
190482164
196770035
170311086
214817009
21516729
182156442
251503487
162120829
195224903
248646077
248647311
248645770
184698223
248645798
137547649
129719981
117067194
137547720
247907250
171067274
173286411
173954576
162091518
146492449
249277008
16914367
263047004
133826710
190481232
244289604
159669157
190482176
169683938
220680146
172379071
128325846
190819541
169356611
109712720
190821538
169684349
171167557
153491454
169685149
190819476
172346167
225970939
190819364
176815990
252066198
252073867
252070480
187837140
253295960
253238726
253238582
176498339
157481124
149659331
101044671
49379398
248647447
248645748
192951797
188838258
248646059
252954796
188838335
133713945
138188976
162764933
164535868
173616469
192288096
154162265
132247627
115819424
170834720
170177886
263047158
172364692
89052937
169083651
172316275
129711646
164057423
167675477
128326045
133546336
164060628
190481439
171654700
170154414
170748409
169232395
207565194
169448459
258667217
252073909
253239286
215116394
169341358
148075359
168535457
252037452
155263313
178339427
169352306
207565609
147010970
144342017
133831265
145648807
262727141
110678414
169847798
262674786
248646089
248646050
248646174
202641968
192951659
248645828
205292566
248645721
48119721
102759792
192951931
188838304
169380364
94802337
152693821
169685145
138011962
174637614
100842430
58534529
217132370
217181916
172248016
165652789
170720211
153655028
138904258
169642070
147816481
170818517
194827719
138903804
163824904
142393068
122870830
251324280
193387987
253238671
148808860
145177495
155340545
127834804
170843042
171891723
198798856
168545831
207564652
145134526
128325625
161254374
252099906
252065712
165602245
170399133
171760728
170838268
248646116
248645792
248646136
248645788
248645814
31519519
188838284
263102309
119790632
137547651
138560731
181993811
180378454
102464141
174053406
169375959
170720364
164070277
174637616
162384672
190481225
170330349
206450845
157480859
168867356
122869841
187838039
125604306
195464643
190481452
148850951
82229736
171152287
148699669
174304630
247829706
170177714
171109291
115223138
198435647
253239464
253238794
215119998
145134387
253320829
253623249
247299160
252066423
170186081
253625183
169914870
136023269
217153607
244303148
177191249
242387731
129431975
155158438
52695982
98069360
171654385
160125493
172840606
164058755
112440983
187837446
190481308
165691238
173626050
175784012
173649413
172275350
171886930
173294325
145411590
252757102
215119987
253238721
252075293
196770037
106539832
148809548
137995578
249686190
253164928
248646070
248645768
248646138
248646185
248646195
192951700
49379394
248645796
248645936
248645806
20413479
129714799
136989159
129639579
157537544
57404977
159633409
157028863