47210583
87569364
10761002
73726161
15668879
130144146
164464750
209115088
152831279
10760942
209120156
200684625
155049916
197620787
10760972
197821283
10760957
136871938
109190707
193094821
144465030
144464754
59395544
197687732
142211755
121172586
14438913
14437971
52655676
14439080
194483261
14473289
142211947
48458691
96308333
25429100
131280530
68683404
14454761
116018649
25429025
169771790
116018701
174145508
23865220
65368393
11655693
144340594
217533682
260920550
96307159
116018606
260920756
69043
260920512
116018427
193094800
263393395
11655704
204883497
168726387
197620795
11655763
260920674
144401459
11655699
260920845
254002355
97921145
121172595
152384811
263389756