95090643
182724618
188708494
182823110
95090228
190565198
85186200
107773093
155113250
260111528
192951622
72913124
214824079
262021243
209104321
189674393
209120004
187837941
213845644
95090247
16254085
102133427
175527310
84874169
26473241
110361540
65368391
214824026
208886905
75377050
72305475
95090182
192395860
11713819
188708628
32850846
201004223
24155040
225919095
193550884
188711057
22145478
121949956
148701285
208905069
24155226
129712394
49048660
150856168
153256035
26613834
22168123
217153573
14168871
48476895
83020687
16860513
50737466
225958198
31518614
25004227
138326981
71683888
105614660
263067621
216227287
169130738
145562474
217559465
205685540
144340797
217535655
262522711
210335558
121627325
241758952
146632787
153274449
70817452
133929372
205664437
205692549
249680704
121626877
197953791
169083246
199008538
203393227
23941143
251983857
82939005
217180725
200684742
196373917
167523258
131280657
212256361
232861148
214082790
57895388
172501103
127019751
77182292
11655793
52523866
192577772
153257220
49941661
107907441
7412485
111119813
66717729
251983863
16254114
248907380
263104581
149776348
2502337
41265476
159910492
32750684
143568764
56717124
207937018
188708255
188710479
147809777
111059130
143612085
215097887
10773786
11437127
129711138
149459753
85364647
171587942
84874071
163848642
152182645
252911885
77965873
106307681
115967967
164068961
110377759
111928311
119718951
141362772
143321056
15403247
205666040
139078176
200682721
126743067
143029599
177976129
121171719
48609578
105985466
191770978
82390867
46755447
195277559
129712247
143839071
54799812
111299325
465871
35803138
172291274
147810423
158893950
106307224
14789015
3347211
23808572
204877180
200686209
121635149
171101289
188710862
98056969
169380774
139908360
24155155
42229932
115968541
31518564
56333922
33596292
222723853
225960058
44884745
126743159
205667801
158409783
160410259
169380690
41266210
163919837
170330082
111129852
58963691
121171659
21314252
214868202
8511831
262605471
31517746
202645387
114629177
160410257
97498712
97922227
26144665
75655954
148700684
115968815
52325129
71683457
141219368
145433471
172211081
22257057
189189989
51708830
121171871
11245866
188711658
163724974
239196075
138725088
29809975
172936055
16254122
157256579
132062643
19993471
135733369
153657620
110975540
23409710
208278280
20303168
195850613
148803391
120549272
45909407
24910922
54801571
251983861
215982924
132713039
207562542
166072073
142861057
243058146
82390841
84874006
169380694
171309
251983853
262605461
172497187
110215981
209603175
48480355
207564907
252819385
164048319
207562560
249686346
198436089
94682503
247907123
82390214
160671848
169380500
243098538
58531720
257867499
41265484
111510161
564629
50268498
76136982
132994902
207565146
7412579
206131464
48477561
123442098
84873998
205292568
128517108
254257073
157426786
20085990
55886348
97714210
214867864
214868073
242191243
165911084
116254617
140769326
14179856
10773765
205292572
33457357
117985546
51894805
116372791
13944574
135732845
60743067
114250563
48964790
11662760
59421269
154445835
102158914
12519641
51030051
158811598
159095631
262605469
169379631
82389292
134242729
65368378
77965818
148698678
10323869
47501906
139908253
257835633
16833227
535817
75991814
23641230
82390869
25004329
74207901
125659047
251536227
139136102
138929642
115224252
47504718
111981879
54798989
148075080
169461973
149382847
196018076
170330148
199251329
128327010
163826466
205287952
188832140
180951704
205289080
252037272
247718278
134918328
205050504
207562816
244174393
205692602
248066470
254257261
254256862
131280842
150997508
169452214
203202941
247299086
188831419
214933336
107991119
196399396
79232171
169339637
170311086
114638765
252566609
260920578
260920567
193382728
257553569
257553628
7606679
143495585
262476554
245075279
12520555
12519594
257771073
170520066
140768742
74208050
52414360
76822023
31517697
243097453
62881453
82389446
169381077
260438902
262699521
217153603
97923279
177976402
263207546
222723862
15242414
25034480
137543892
198964775
136764279
176502304
80968162
173697444
179745707
145411463
240369421
168619461
248262508
202643883
69323563
77182241
77182239
77182251
176789731
129711832
252400915
221254004
164048406
171891584
187839545
167607523
163826473
102759710
118968816
252819379
252102599
254256729
183375291
262079753
249536420
143115359
171167557
214910963
171828900
137003721
252566647
54562667
214073242
122871964
248907307
249867619
257551916
198435796
41265480
260920614
261114881
210509618
207901996
105779051
217153587
182086879
251394928
148810964
114680207
148899864
155189265
144758275
140768663
249846641
53231843
195850192
24305950
25679313
73301210
123442268
52414352
260438920
260438912
195850205
263207467
262605488
169380174
169379620
175527308
14180725
193976719
184698225
169380676
198396261
263206816
160269405
193640597
205292583
247285994
97922662
227179229
51004763
121171968
129645395
198550552
258369949
4502841
110976421
161266299
157135834
170863167
171761211
122191872
181508005
81701124
77182243
85562694
142674200
54802297
205273286
195339415
205018136
205509613
188832250
215162166
252065067
171808842
118275190
162384741
134282916
145134270
32410653
11655790
115223712
134283294
205287898
187839122
171875926
138559410
248819471
252784574
252889591
85241502
260920451
214868007
215120081
251392202
216204828
254006920
56542407
102759727
201004248
97990702
173616289
170741165
246532962
163570219
113754702
102897838
51030019
158494980
153658325
140769014
263206808
263206710
16858873
123442893
52325133
72769484
262605459
251754993
184859298
183787422
169381020
169380151
246162364
262699525
262699528
177980659
73565822
149776338
140999913
139140961
177986375
197066148
144409961
130979388
176585035
105801996
122094819
146492766
77182296
77182269
77182271
49182568
263054056
176789729
192577774
54799814
216867604
169235524
171729951
79366609
54801927
172030285
247404071
138899319
260920324
260920699
252566624
210164216
260920492
111516086
198435851
254257082
248066462
254256811
214868286
252819404
115241931
119108343
252566598
252566565
161905785
199975086
104103523
149659311
252566619
201153179
170864170
164513122
47501735
262689421
121336154
217153611
210133905
119064187
168532015
195651904
249581965
143589326
41265472
175527312
14188994
149520711
142849618
52403121
82390106
82389188
23405578
123442064
52263576
118522886
52414362
25005671
262674694
169380966
169380994
137994501
137114758
48493274
93949897
147099582
172498866
122094789
108632095
132980944
167147486
179745634
85562640
77182298
77182246
2692729
225924368
85814809
155218427
214656810
159668319
170160303
139816355
163849502
149274206
142858260
128608432
158811575
217322938
48602325
200762272
149274377
171534352
169687270
170842096
162970137
185439178
252911812
253189623
197514788
251324311
135732695
139192134
164538641
169391593
249531822
143862809
189341074
198435675
121414489
58273431
214742112
4502855
214593724
253400343
254256987
254256739
254256732
254257215
115241245
217729928
230038607
247299533
254256858
52847254
214603199
116185566
140768894
217153593
262605427
185925456
123442075
72769602
195850742
41592186
52263582
262699536
260438908
193976714
248647343
169380099
177989354
29362495
186816978
198963194
165631507
251535479
117552400
121336584
176584903
4502819
13944585
47514362
178944732
127299946
111033023
216227161
251754939
104669326
181219222
77182352
77182267
169381550
48012352
50268533
252566719
155216637
165941631
83020973
85826916
144341346
246854374
208684200
208662575
243183150
199244640
247901211
173630541
197514636
176476928
247411868
246532688
257771343
257551999
252400961
253073234
252819378
5907471
35332358
168882287
144757043
106539657
176435755
254082285
144757598
262476752
262605483
202643586
139908309
152866101
263207658
263207461
195850324
263105019
177977955
200728805
13829109
68544946
69323407
25679352
25680205
169380793
205292581
171588050
149776344
52263579
169250844
140768845
93374012
111519659
193111360
198966169
138015060
247906655
105626396
58963684
13944538
124275816
121172625
90752685
77182249
77182294
195850669