435979
160208545
217181083
129233519
129233605
89501815
129233515
129233477
199963333
23102869
140769170
185654354
262078621
128823309
168025342
96551446
140768955
96550405
159786027
123442494
82403103
252942074
217181905
159786118
122273807
160212149
129233445
206244092
253630020
160208525
217320493
101873758
160208917
125603745
217165407
181809419
124704121
168025570
96586977
169380315
160209199
96588424
252942319
173674365
159785995
44661417
262078455
159786120
127880082
140768868
253356762
193737181
79459957
262078559
262078381
262078465
103753742
95915588
107005303
82389682
101876173
434872
159785977
262078501
140769273
183924597
125603940
263244266
217181980
159786025
90813399
129233571
217318102
252941785
171868632
148698949
106538979
122193520
217319744
206243788
91164124
159786112
217321302
110875392
263239527
262078545
130043232
261952361
171969561
160208527
103753769
202642865
122273780
189632828
160209189
102911287
122871283
169380041
252624220
262338151
225911052
252942423
143001872
106539644
143001892
258775422
160208541
262078407
117270939
106539190
262674763
123442243
226124798
91010023
129233581
160208551
110875787
197180984
106541800
139565394
182149811
162593424
99373995
115222752
262338164
171868634
110876349
110876503
154184559
110876834
159786056
248646906
91808010
160208539
168026035
125772654
92810522
31517018
102133589
160209249
106539906
217267768
202231521
160208752
217266955
103753755
131280883
171868593
226139064
123442701
143001910
248647011
147977257
226189108
82761662
262605490
248648905
214867785
160209027
160208535
82938999
253632204
140769104
102133512
77223285
160208523
215098095
202644659
262078399
160208493
159786020
160208543
98132109
130327873
77223322
163575410
248647026
159786006
160208529
217171937
122522105
107005314
82389244
110875374
262078547
171868612
262656950
110876244
262078509
96552879
110876836
262078469
168025580
262078393
262078503
205741768
192906496
91457801
122645882
214868257
217173570
50577240
259511788
262078421
248789464
160208499
28906114
110875385
262078413
189341906
160208533
248649093
166037280
95295517
125772655
169467830
168025705
248647399
87940922
172177079
109010621
97043866
262078473
96553878
106539779
183554957
171868610
248551611
159786059
102133622
92364962
130043368
160835397
103753741
148698870
48282523
169380083
139565387
262078593
80960448
77223304
118262184
262078543
138384391
262654625
94282967
198492441
230374218
126734868
129711913
177625685
248646876
214867754
98866979
82389238
262078613
151496974
171558319
248646839
160208501
263091914
160209213
261964193
160209255
103753712
140768743
171868582
121228443
110876236
168025344
214868114
217292494
106539000
92017379
160209253
129711809
171868622
193047582
110877176
262078541
125603525
122273827
160209251
92766847
262078617
130043301
160208549
103753721
106539938
126734860
122871959
110875380
189204074
95864355
110875505
160208971
262078433
160208495
262078403
262078589
262078397
168025934
159785985
159785972
102133485
198892557
87843076
92765383
187837086
92691619
106539491
144342721
92810548
205483088
110876098
262078597
107005277
147977506
262078505
262078475
160208521
262338162
146491597
262078581
36330592
99373495
122873103
92382763
174663206
164579010
99373485
110877168
262078571
101871983
168025349
171868575
122645869
125360333
186567879
262078537
262656946
257842702
134652551
99373338
98863814
110875602
99373201
106540278
110875970
110876673
262078423
262078565
110876316
110876410
117662035
247718202
148808524
206307691
215098104
102005755
110875900
173449758
262078417
262674912
160208491
82389684
248647797
168025566
171868570
171868596
194785902
130043273
262078419
160209047
194787854
139816378
99373445
106539923
97890932
262655242
171868576
262078529
248552506
171868597
146758208
101818999
110875627
110877059
253238165
122522168
252940965
94426643
97890930
106540029
97890888
145134609
93830412
151496970
247718280
99373461
139565233
99373411
203897748
97890925
99373443
139565546
148808525
93245299
252790494
258859787
191418490
189588872
97490040
214868200
92795287
252566697
127354024
92017455
248800373
97890931
252793369
247718257
187636860
189594420
253162464
198436045
144937067
106364723
98862456
154183475
262481167
83933660
99841840
110877306
110877178
110877061
110877071
263042990
239196292
263192575
262078517
262078437
160208516
262078495
262078429
262078431
262078427
262078445
101871979
248649111
248646808
171868603
168026146
168025366
186567902
262078443
41084823
248648889
94282891
91457975
110876257
110876415
110876361
198962157
110876398
197182335
192731022
99373229
114571827
262792495
262078523
23640324
194787643
263451111
263353873
263449923
92765108
97890905
106539438
148699148
154182235
134653220
97890873
99373194
154182026
215736477
111191045
202420900
122873130
250175944
139565310
92766125
106539874
106540062
110875416
110875637
110875365
99373212
85344214
187838550
216396715
144342311
99373333
142031538
92766854
139565715
247731075
79551755
99373983
122873904
134653096
92383819
91266767
252790042
189574044
189586728
187634866
215097722
131280703
98962558
252793338
262487893
92693516
110876975
110875395
110877031
110877219
110877082
110875401
110875766
110877122
239196037
262853130
253238172
252596390
252630609
225381591
97890895
171868591
262078467
262078375
262078499
262655244
262078591
263091917
107005494
91457884
262078549
248646901
202642910
244132142
262078507
262078527
262078383
243086267
262078457
248648880
91457896
168025568
110876346
110876283
110876353
110876280
198963105
135359602
121228157
263373197
262016670
262078385
262078605
262078415
122872102
257842750
263450305
97890889
139565419
106539909
66902630
99373459
139565397
122870985
139565686
106538980
92817922
92766060
252784427
187837675
110875584
110875605
110875387
254082594
131280627
215053898
214868250
75367743
261817566
253238150
99373354
106539642
144339857
106540159
92383133
106364606
139565732
97890799
187838104
239196098
259321138
253891716
225215491
253892546
216395922
143467974
127286438
100510606
100510581
110877008
110875565
110876091
110875932
110877166
248732979
171868569
262078359
262078525
262078609
262078551
262078515
31519132
262655240
262078627
262078577
262078603
262078361
262078425
262078585
171868601
248646981
171868579
147588076
174183088
262078583
183926599
110876196
110877153
110876246
91457800
205903629
192909375
198967106
110876308
262078459
99373277
214868255
252942211
262078567
262078441
263354523
160208497
263451248
117271584
249867462
97891092
99373298
93245216
106539868
154182024
127879420
106539165
139565457
199972813
248723384
262016671
187623207
190212819
110875367
110875386
119501625
253127449
253127838
239196115
106539353
102424105
162752471
99373202
106539871
125603372
252400992
110875415
110877066
110876738
110877085
110875978
261851595
261857320
262016676
196293565
252596131
252596232
168532295
248649050
171868581
171868589
248648925
159786008
130043357
248647379
262078435
262674816
262078497
262078615
106540252
159785987
107005114
96585924
262605494
171868630
82389234
214868215
214867856
160208992
263451286
263354420
258766926
215720650
263450866
263450600
99373522
247718172
174858239
106539862
106539676
97890886
150374890
199241519
92867575
216204872
252566736
79555003
163543881
144341695
106539665
92870234
106539356
261820091
189587200
191417580
262016682
253127848
214867673
215097903
115223233
90606867
102157046
110877023
110877057
110876044
110877024
110876646
110877056
110877124
106806616
142237577
262852675
239196144
262078487
171868620
202642644
202641621
262674327
262078373
262078625
262078595
262078453
262078623
262078477
262078377
262078491
262078611
193737185
169380176
171868613
171868624
107005319
82389696
248646868
32224041
171868573
248646974
122273800
168026258
168026313
91457946
257844234
216206569
124703035
198962317
110876304
262078439
263354565
121228108
77580909
216395800
217180908
230027579
262656959
95864198
95864219
250020558
252941225
193012986
263352714
187837291
154183010
203585901
199993461
92382374
248263462
97044206
199903638
217170938
139565513
106364722
203586611
189341231
203897678
70802727
79552786
176522433
106539580
154184647
99373211
225214525
74282179
92869113
195875419
99373303
99373340
199123608
216396094
252787423
153885088
214868307
215098070
253127699
253127569
253164922
252791447
91163526
145134528
187626349
254083001
102158531
160208547
171868585
209409503
25004103
262078461
262078463
262078563
171868607
91457953
262078519
262078569
262078471
262078607
262078587
262078619
248646826
48010640
122273788
248647936
262078449
110875660
110877413
110875987
110877080
110876684
110876865
110876518
110876114
110876742
110877081
110875709
31517310
252630565
110876321
110876422
198966219
125603475
198967472
176583583
204453606
230374212
262078389
263352391
263354353