208206868
15467092
163664509
212894595
249013959
174301838
263117498
48100044
2612871
48101383
92160353
54351650
209301068
13326095
7361039
203585350
20554487
48888410
35935246
48101276
7221699
4316017
35935249
21188723
216957850
253185767
252701364
22255023
71667530
48884625
71665884
10828208
15593312
15640958
54081455
55015390
46681012
21188699
21188715
21188701
208302758
22046663
240602238
55318238
68498416
129647199
21188704
13929766
162100890
64336431
196196880
58409299
106906406
249147543
54565143
15628910
3880471
33659618
55075752
205001603
199692596
48885860
21188695
2055631
35935248
139307644
214592189
48892341
21846667
28737661
30010045
32220066
48884291
10310957
188710300
251546103
252298414
44656898
31643341
21188709
48886760
28326750
133807623
35935244
21188703
6498305
6498285
47807880
6498279
7615112
184674098
55349215
208314704
52626836
7615110
6498289
39370381
7615117
55100531
150311015
48101318
252859286
37269869
47801622
35935250
242891274
51524542
21753053
20107122
20340633
108900910
48891961
132859236
50079567
17928691
195528821
206485406
1209465
54353916
21316805
48886432
47801516
195531142
32894683
45447131
4316015
54616580
11376167
257859377
59476221
48885299
156178104
48886513
109954345
58327808
44663068
71666386
54092669
21188707
205122180
48252231
195544399
44663355
48887918
109015430
25363567
132859147
51559373
57277027
47788241
216197320
25368001
37300868
21610823
202412667
50353790
200692999
48887642
58327558
44664439
47808309
48251873
21673447
54645449
195527738
156177475
11298357
92383767
25378112
201245252
26672525
21680313
7615106
48892504
44659222
9860442
68497850
200693035
11376214
54099316
195559327
15622847
25377346
47808521
51546786
26378979
44091436
92383323
26728333
26550794
10310955
37073351
54616489
50007144
124887223
54616289
196197053
23371116
76103850
203586093
48888362
44063502
48885355
44059203
200682916
20633909
21611297
22389222
20500886
160576585
262523684
54085077
122367662
48249418
45513506
92384709
74527555
11376192
47686413
250070925
21851096
51574821
51588193
51586740
62681226
15329257
48892217
195527555
34381382
33662050
51574812
49250802
207749631
33758894
47794758
195530922
33661507
23483615
14693440
57471570
14868221
37056354
37032266
45806046
14710088
14685242
33732886
14684191
15354214
37032370
251577201
32655820
33760628
71666746
55020461
32214947
15127136
56237393
11376203
15593307
92383928
9860438
133829905
55020794
55020848
23447959
27857811
56235434
19345183
48885524
15594155
71666809
44105640
47807399
108117694
25746270
25363569
195527945
26378192
3880455
44653361
50007538
50084629
22389206
253292418
58326838
54365696
19341789
26548489
57781983
76104035
76105340
55021478
33726161
13510615
10310953
14706816
26554257
14731863
33752107
37062184
172800171
92383296
203585391
14684885
14707267
15353592
7615115
55348170
55020846
14684979
32661290
15593864
15593809
15562631
26550797
6893193
92364649
14674209
247298893
47809922
195448577
195526940
195544765
195531547
195542714
195544141
195478234
195536315
20502012
21858875
21854198
21848444
51591439
51524538
51710910
202412892
251321938
50353798
15594430
33756100
34810227
37150551
26080961
33738885
23448081
15132753
124887171
140717839
33743566
76105334
14694073
32674669
33759373
54084155
55349326
48884176
15354460
51370755
33750412
32655276
33721836
32905808
182558312
15594737
55020786
32853076
27857607
62679811
58330372
58327686
140717892
47796918
35031055
35130154
195544296
195536492
195536592
44664263
25184589
20503818
50006354
50007359
7218207
51524550
51591435
51710880
202412795
206995128
51527343
33723382
23447000
55020784
25363494
176558098
37439500
32117999
247708982
253292347
26547724
48887902
55020827
15467478
144476835
15592150
9860440
51665613
176250504
15353830
27859653
57277034
33732171
14710054
216357820
47809112
47809703
33661293
36588867
48888046
195478056
195536672
195529230
195544583
71671450
50086237
50084177
21845215
20628021
51524546
52943378
51524540
51574809
51586546
51574796
7026365
47801701
32905825
14706828
79117258
55020400
24356991
14706854
4316019
19345199
14686106
19366601
14683091
19366036
76102440
7218211
253292565
58327505
57214049
57214414
50713051
156177864
196243668
37494031
55020825
26728383
92364390
25363559
155347277
52947505
55020807
7615108
10310959
13954490
58327754
26728381
253292461
48886141
195543664
47788266
48887773
54090992
44597013
193614514
249793608
58330424
58327797
262261476
262147025
51574807
51710861
51951423
51574798
45997112
51956152
51527442
2055629
48887544
55021470
92382835
46681172
15593256
22829186
15250008
33736105
50353785
55348931
14710381
14673857
14676502
47789020
190170660
54354530
195528378
195527223
195528072
195479169
44648274
58327560
58327728
51710857
51586535
51591433
240358518
46548754