95311757
95311763
71898415
168559521
74946583
34267257
160488838
95220863
72542509
100947280
51251658
193433940
1453829
161383823
162025641
52335946
199007480
101078279
184774175
72225310
200617420
161383835
116406672
54627611
241746523
12627185
215123446
173515947
29175037
147341598
248555074
160822015
174829946
48753850
203763597
248591397
2356567
248591369
192950889
208537309
20693211
78890194
169546323
85445388
252009432
638193
436882
37152022
405393
17614749
63585342
37151279
589399
4056409
80764005
243098599
37151810
248697774
32545425
37151191
170870029
397008
174847761
704780
575506
37151884
37151880
37152031
103864119
253216104
79617991
55282983
1392983
51850812
564878
207518972
15227120
454462
37151457
68668447
70637416
82651642
55284430
17495296
72334208
93238628
14304337
55283444
68201137
253498950
684740
58811442
564880
439112
193701379
146272090
8458240
37794291
248591355
190755675
39358935
10303673
8458242
602346
157194662
638240
550498
10735302
8458244
189226858
54422959
907550
58708343
93238626
186391954
225386262
602449
570300
213869343
209475976
91663276
202007174
2287443
20349236
22299338
199631813
781907
574406
103864575
201855778
84883460
146270691
78889245
192582173
48981232
49180425
193062751
230335609
537942
37151643
1935355
52331725
375848
212992616
145435357
54917441
345122
183681557
84229830
79617996
230218770
85445384
199685395
46253846
164323252
32219927
540822
126976305
55024174
555380
419057
75539228
103674330
58605325
656507
1023425
21391594
58709195
160488841
656236
252724734
81133187
51990229
37151330
176024811
223656895
63187273
37152026
107339232
508607
490887
343860
55284375
91833059
80628935
189220140
54426402
14455662
34261301
1228631
262054433
550482
103864261
204052398
225386549
137440118
187597488
44812548
17958238
169817736
172143446
414254
105739207
1392989
436999
540075
557610
181523347
39357603
202447774
613597
439661
3600269
74235034
435318
347967
174842557
374288
570305
251250585
203701746
253766656
252886910
4407369
120471854
202528004
37151755
340312
205891920
2943525
212992624
39359825
374697
353228
13852734
19274738
50436575
169818664
262673335
210732855
682906
247290033
253412708
23425298
638228
107480089
210732835
179545352
251588976
51497095
249656696
374613
37151721
119313693
260300889
37151524
78886041
207772431
340019
203401687
78578210
1392963
37151570
248732887
37151985
37151840
252080339
37151193
103865229
248798726
76227487
37151873
1675713
403080
248591359
253322927
492742
74528031
73684902
17615885
7887187
260685380
37151389
84872589
230335202
84873121
103780591
263103761
112857029
165021167
253237414
52806377
263103876
263103747
263103901
263103811
78879013
263103913
32217472
80142812
208555210
37151400
1006235
470958
1582095
548993
92551820
207519229
107479374
357623
37794105
252320449
48983213
439166
35203452
10303669
540194
550502
190601840
550505
37794362
248893896
64988210
197719869
253321976
185863037
181237844
252069299
194151487
105893918
142996137
197388003
52331729
262076087
248739467
24165371
353414
435449
203288308
137290425
207517338
499902
201914340
192172110
188657445
73316980
225386712
37151964
103864596
253079359
146274602
1622649
55284402
107480026
103863994
103863864
103864394
103865015
392498
505103
109959984
247415547
31206009
79555998
1059336
103865362
103863886
103864040
32542610
248697177
201926341
103863937
37151992
80358873
37152029
37793729
54002541
209904991
450617
261944099
120183851
206360722
353227
103864690
37151746
102757852
109369155
24164628
103864716
59563989
103863840
72769116
93238673
165021292
103864240
37151957
196887766
253305140
251589048
3738995
37151777
103863857
146274679
73865933
50490703
103865420
230218695
103863750
146270215
54917411
37794342
37151995
103865507
501883
103474378
684610
103864439
37151182
37151709
37794330
450603
81245164
253384829
453858
248786272
406839
146273449
37151357
149520251
103865023
103864592
103865212
37151999
37151326
641735
207596846
570303
103864426
37151730
341425
54138798
37794360
92503321
37151377
103864011
37151767
103865480
91832826
103864680
171901864
10226375
259567312
253236614
32308854
195286665
194525289
248891647
745717
250220290
202455850
250337989
197139317
6568649
207789071
248697746
78880196
253216095
557627
137190853
169818388
225386422
250654781
51348542
354112
253236607
165627268
354782
37151277
443220
37151831
109960520
37152011
262054463
254078877
259566676
68984580
121157691
261944117
260407523
115254546
92552021
262456001
253216092
82384961
343864
455479
137129378
207522899
75539724
174848176
101096883
453563
727253
225386405
213935981
197337584
540774
435423
215776441
230335284
248695045
74332677
174827163
37151613
202526576
340361
406882
253065966
253384827
249025230
103616066
225386664
374715
197337582
253444106
397075
82662081
1392991
37151241
248786618
250674614
253062948
114945224
118985344
250071843
250727603
252887421
37151639
106337320
75539440
450626
162025637
570297
1067714
250732763
414267
225386485
388170
68668523
107480562
84872708
103865380
436980
641732
504658
204420582
213383938
533828
198894911
132304319
603797
212323383
654773
259566710
201850239
37151292
93238667
411624
91833081
99989991
45528362
262688546
198240804
106782780
253384825
228987716
177703650
579885
249573531
137432189
230125178
248786882
260673479
249664493
248695065
209391385
103864991
82657790
362419
49960422
437069
354272
82650960
190854684
127031632
92551919
107339309
38436462
249387493
206335124
374698
248715706
248696759
247291828
189201751
414249
253444153
103474911
434268
193747710
58208204
169817793
361713
115136769
550510
253326431
404688
198869111
205808705
106783103
117202647
548986
242871528
252079806
230218989
230218866
254078870
248502716
248502803
262686993
250672923
250635298
248502805
248502790
559206
230221184
230221285
230220999
262015823
263103776
263209967
103863536
37151410
37151974
169817764
37151677
10303661
103863611
189539241
37151673
58708347
242693572
107479630
249010518
138158241
73323670
116250167
106749722
174224477
137424084
208648842
92551586
136482482
262054479
262054436
199171762
248912697
247796231
252674983
252079714
252078457
262068399
253326913
252079425
252078121
252079769
252079637
249085089
247904445
248502712
230335374
253310205
230218934
261944096
253310197
249667990
251252247
253335974
262074635
248502787
260673180
247338172
202528395
201850029
230221260
262015821
262673468
263104118
253040812
37151867
80358871
169817863
192987776
37151727
207777639
37151180
186392716
252079093
262043998
242434062
248834084
57771434
248115062
230220608
228987727
253216107
242078573
49526474
242078558
242078576
198906740
204923153
242078567
114944949
206474476
151676134
1367895
340760
92551553
253326902
230219258
547703
245248555
253195756
247896901
253326896
248502686
248502723
253766755
252077944
470946
375813
195523681
193668924
250078204
248786661
248715574
248714424
259565012
259564834
182300881
225386632
230221069
202528180
207521484
86986254
263104587
263104260
103865360
173911186
37151842
17615865
113526286
103864686
70637408
91833057
196887370
115101782
204070993
19274549
91833029
197638424
253766660
253766658
193643392
47273273
132302723
162140231
103692665
187608498
228987725
194543725
1656021
230220375
120183184
228992579
228992571
198898547
228992559
137425298
206363000
2288237
114944673
158868147
242078554
17958231
438616
230220724
252079901
638197
250077455
250077287
248541587
262673338
253317737
253166286
259566823
182300461
230221055
178502488
263105017
37151380
54426484
48981949
253319031
93238675
147047978
204053285
86981323
253384823
179234160
205506375
7049375
107351950
104558863
1392995
252079988
130014021
177627245
247904432
248502730
245246987
174128803
253310209
253326907
254078874
262015825
1042472
118946670
248502782
250219340
250639408
259565270
248912430
248502764
124481367
247904412
259567287
106764977
200646547
62453218
341464
49961021
24594021
208739249
190552051
262055989
204416979
103865009
37151541
263103932
202961435
78880941
111005847
103864013
37794010
113527318
200679365
106745785
638194
203288414
248895625
253766662
148812504
228988066
138120334
120183204
207563337
169818428
92551573
254078872
248502707
248502703
248502684
262075462
253310199
641649
252080068
169817871
58709213
78888602
37151221
80365547
80959861
263102283
103863844
37151723
58708329
37151355
263295417
262015818
262782023
262076061
251589077
250206613
207521479
62373326
261944115
114046582
253236635
253236624
228992554
253216085
194807295
91998744
197897212
215545054
228992548
253234733
1816791
178483637
55605170
80657321
100947276
74285820
207400598
243086207
58441509
52808349
68437861
113063342
173763084
99213957
105740318
249782717
65484239
174444166
110448022
34744268
49002497
100958526
44627532
35785372
77911682
244178163
176909246
212212206
158868255
252062328
161383825
216407984
197964807
21502913
54733876
178032055
251547360
48895045
182149648
106243694
77621574
72540047
2314955
252912202
258509091
229933283
84932846
76544619
174567241
252080057
47322048
160370107
74492397
15592540
241746531
76514182
209349491
212213125
192452453
251756027
85375645
170298031
49460092
181699609
7166359
206674254
52601971
550457
166525092
194398341
66570501
194105480
55506690
21677556
115897815
212213121
252714160
36627851
375266
162399324
171903495
1619631
87044645
186739612
2388519
104325609
249258488
203875221
171097944
205928370
81224320
251590716
92494212
104324825
34553362
2796917
186740562
74332865
70415997
220824434
20941235
127842557
75539287
202608436
112848073
173347867
217834224
57766320
103865353
51559766
103863931
216332949
86982017
7151047
8162625
74277051
65029077
248654852
255175612
107479322
57767419
162155836
2314957
146272575
174816666
203763601
181976393
206619592
242770620
95218498
56757444
156234331
6213291
74491426
643523
192950355
178937487
210415121
209381131
52331731
54737988
74953477
69705137
205921579
175855814
92494218
53534873
248004636
2939773
198215136
203898854
24862359
22649619
247293341
257770218
144710188
59147865
41549132
146275429
103693005
198869074
174823170
53228753
193206816
191039855
6449443
101483956
201107333
202450587
209403556
54380450
151660845
177652655
14921532
205010238
194396487
101078283
214818768
253471952
107342756
77220735
210732765
53395800
27010049
92552205
209432123
149520277
253079464
243083128
212212999
247292931
192950461
91985992
214189359
170384665
151950486
74332704
222453523
91343895
72595288
194113931
247754576
209391309
193045227
109958672
2939297
253630738
23084452
54621826
177783935
197556589
57750623
8082597
192948608
208789413
207755510
74339566
103692766
126989686
255175623
241776801
196552887
112834762
225386438
107482117
391050
144745120
126995491
166107677
208907075
215288751
178331264
191805061
260407973
177616306
91984661
859264
79112164
963854
161497795
253079297
202733995
247293665
74332416
173866510
253071091
209900536
15898064
144689406
74620371
247292108
174312548
177066136
201877393
74492096
93328238
49716245
54425837
203208288
202229568
554924
176753062
260818586
209177697
1026202
246167503
62373320
212551582
200616595
225205787
124484167
93208157
262875369
262051718
31716185
113353512
194133856
53991491
146564487
248792434
193717692
44872860
79565486
58621866
201849931
144741668
253363017
1651885
143157732
113351046
202428648
20891298
207512361
108231096
55055911
209403035
254189071
248696209
118671231
38110663
249778333
145500003
75539483
490898
198725279
160836723
124483657
137385050
201927342
710618
201088293
138127302
45414859
91985025
202431334
435230
192949976
75455264
530013
91984669
106362446
199691073
202461868
205921555
126996524
166090783
153518809
52690972
118419942
4526871
262829987
255175616
173391003
177264755
171807976
84697462
191427201
253282479
168181413
1816779
124483865
48481706
31818091
174824549
209391281
158100127
209391692
71090211
1392987
202997152
230334939
250077248
209389753
48364934
250070933
181977057
252658493
45902247
96200954
1392981
193718180
92004182
206474187
91985772
435615
167019802
262815799
45417080
16990893
247464595
250739148
1392985
242504945
210732833
253277613
249885176
42592026
29248610
179059957
206361205
75539520
169376343
136600042
172475732
255175626
177992258
120183707
185114306
24165916
209390588
107479314
137430106
203986481
200616550
113528737
247937008
177976334
185946832
225961817
248637198
10681843
248759746
221018207
230124724
208310785
110000665
253063937
190467359
249766478
171581130
137432931
195573601
66571099
249806622
75540658
197635667
105739936
249569790
262512105
206362900
69196004
225266824
260818593
74332157
158868282
185945334
69248402
208686244
207933262
115254238
160591696
219144021
192388034
124480839
253284387
58208212
374402
67624581
76175345
21427477
93849128
111005644
168962690
246971524
157204418
254132197
184295655
15249379
254077151
190466673
202961651
116402843
180720768
115254301
41092784
258215759
210732811
246971558
144694131
247945735
257768190
178269525
249028689
183343597
107480485
204421110
209902381
172024929
137375201
207011156
25933101
120183881
169600533
215777228
250336481
205696258
158868145
162025667
72742672
246397549
174848542
136403519
178000160
178000207
98045657
75440547
208739092
80940984
146274076
253212273
209320284
210732353
200848783
253628806
186495702
194562819
109958259
173867404
70016678
215771538
107427968
260669340
260669133
253268993
201854822
184466623
169817719
248133858
194110235
209609957
112555150
246167481
247963793
253349827
214189322
172142356
251251174
90159319
206335048
247302044
189266711
254079119
194110221
1026194
138123581
248773684
200761979
207794494
107479453
41430952
250020152
172476367
146274224
152532281
11132035
209610090
207521450
10735306
137440311
115254340
215136561
262700352
136599987
249599985
216332907
178827058
174291657
59556811
205921426
260181090
216724714
252385579
199601410
177272861
32351739
137440026
202439362
262664415
172449899
213850804
225961819
138183010
1026188
41092328
201850584
210163840
248744479
195286655
539088
260925281
260685128
77221324
107707546
207751436
476619
209901316
193717460
91998737
247300268
246971554
109982981
126973378
104267876
202438227
109983115
22367363
194397624
113888375
144450262
205891918
115254387
261025834
25388471
245765330
158868271
202529589
174215080
45419368
206659091
251769661
216409028
179734349
164929817
146564299
253218917
251277647
247292611
199179942
189374054
248739242
247799368
34455117
109861998
195110009
215771335
111008194
246397600
118375094
146272062
249085020
199549747
213893215
103865338
42844008
8310490
248823043
42842992
185946608
193717598
200633881
177751923
252849822
44017471
186741005
4291935
4291937
74332743
174312550
253398136
247414620
6112259
106805964
216409026
247841652
250741492
260818589
22169944
52022584
210732387
214189186
250077416
249671365
253229940
254079123
225386722
201910102
192168625
253412706
109958807
190460537
440601
199544058
41096733
230217522
182091715
215040006
152105075
215771723
214189105
92551857
194111004
439779
250204160
242504924
253235542
244318504
169817891
184466709
253587619
197139229
259512058
259512174
249578188
248611316
181523339
163831366
253398134
91984916
355185
230253844
260673508
253148420
253074084
89314884
261026325
214237821
172537994
193045181
205985312
188537436
208907013
220983363
193719379
137423541
215777545
178461084
248716142
209432081
253071145
184521860
204878454
41155559
28976320
108957068
176356622
137375714
200848870
253398341
144694153
106150702
247302569
257915734
247670153
178462924
12029727
208907105
230219498
124893036
41096674
168181454
178827687
193719401
137432300
230253791
230253720
247395141
70601997
243058027
215775417
215775277
215775275
230219738
215775610
214189350
192387708
192395790
252079759
252079763
252080285
252679769
262050266
2297629
250078399
250078287
198859155
199030583
262050272
249533345
254079117
173761548
243808152
255299326
225386716
209389368
173858266
213935975
213935971
262570089
12030243
204420570
262982235
152705099
208652764
213669666
262734553
262795341
203842125
248704724
143967989
253212271
205810014
137424562
208739262
263383551
204878383
253303516
106361462
213741093
210884509
208131740
113000867
179232826
197337482
169818491
106337517
225238672
177207695
259479549
215777041
32613933
230328987
207762040
205109457
252854102
8127623
214515104
260818591
189092195
177860510
253230265
253413076
253230270
242075209
247462305
247462465
36570242
253194060
217123702
214775876
252078250
216462143
194181806
252849859
242718928
242718919
242718917
253229960
253613927
253229953
117315858
181462902
243808148
243808150
202044000
174228451
49377867
20481732
135988061
216741013
185945794
169817751
207281015
215040008
262570486
208063125
246397550
209349634
215040002
181976969
250077934
262795347
253358628
201652995
253212244
253350093
263025325
249084836
209905740
253303519
197638652
106765216
206331291
172476174
174216497
230328943
76899374
132302755
124893166
215777108
178000192
230217509
126311035
199969141
242889593
2939821
263047656
248585423
138183987
209901652
206376706
137425503
242492464
262068465
253413073
253230261
242101944
242101772
215775527
214189085
204879174
54479946
252079834
230334542
253230267
183520190
194198869
252079944
177615387
249085343
250078581
198817491
250077757
262904850
248723604
248543318
260148529
172448209
253613935
242718913
152533782
263066514
202610624
207782172
201386016
263085134
198458719
263207896
253237312
253265339
178831433
201099319
208686276
103865577
45433561
213935959
168905932
249208123
217411123
248741959
137430455
203842565
253587591
38081236
248986330
261801840
249883312
25621902
92552108
116406674
135417813
181462880
192712650
106361689
158622059
102552265
209349774
114141088
189036257
225289341
202151971
196018786
262829991
262829985
260925288
253475042
209298549
260925290
188940976
211008070
215777111
253384744
181906865
125024684
181153858
206628956
137485687
247862414
202616015
230334668
243058021
247462680
215775188
215775279
253412931
216462221
251417199
30156436
208443317
200848356
250071845
214189147
117926928
248293872
248912608
248695854
248098887
253277609
242718935
253613933
215141285
15309995
257859342
202434713
207521512
263099795
263104270
193718088
263085397
181235043
86983597
169817787
213935967
263084842
253444088
248619207
252727430
209902379
208739285
208652725
22827549
160591649
244169127
253587580
253587613
253587598
262043716
190529873
225206100
230217537
137741285
105366576
230219414
253303544
198201292
178461140
208739341
174039359
92551885
32429625
215777256
178460997
194556382
106796860
230329039
230219657
120183337
192396162
253212269
253212240
263027562
262865465
253475282
92010554
260925296
188928203
248767640
31207416
247741052
215775421
230334813
230219356
230219769
183520188
181503000
215775186
204878291
262067510
208616761
200720944
198824608
214189069
225386710
253398337
217123546
239483006
248679076
249656726
260154226
259565942
253277607
254079125
253613931
253229947
202439248
207512363
202608590
68138479
217832507
262570286
20440460
262699494
262664406
181502996
86982780
246772807
215196721
247446367
208739130
217292646
111005079
198996084
253358661
253234649
253234643
203208428
261026628
253350089
248880397
205707628
261839948
120183181
215777183
248585428
201796321
115254441
201679828
212554922
194562593
201613817
201630464
217387164
124893209
118419931
229699859
125240659
137375819
180104004
92551933
120183441
46622658
181780366
262891478
253303529
199494326
114945818
253475264
215775531
242876217
252078871
230254080
252078816
253413061
243058025
216462189
252078762
252080289
247276774
174896258
263057843
263085146
262082613
213460730
214922183
262344736
194105478
194102733
200721146
32433096
262050251
250214181
253322944
248695830
248912545
248912250
253277598
202525983
201000184
201911435
209392541
207499106
216288967
217123694
253234645
253234639
253350091
253350095
225961811
263100819
138342544
263102299
248746190
263084921
263045891
262873656
248835461
249010924
252287462
263272807
77222660
124893096
208131209
174308521
217387162
203468258
102552254
230334514
132303371
160591605
183718494
250078220
197656023
205807523
184492124
205708158
225272675
200032468
188548609
28945620
230219978
198721560
183269520
178310786
41092316
253475015
208168464
23416722
160759005
66090079
48362502
201296288
206837194
170706990
199037285
102900219
210414994
51547112
220684092
7746020
254139403
222657906
253498952
77147582
190699231
21025730
204056230
158807601
203145137
230801748
245766252
190320219
192107996
745103
77328505
200646202
153275608
246161953
119692201
262704561
262811980
20270625
51952740
2314959
129355985
212939540
36700785
547836
192810734
15121855
41886343
144868782
28930763
253470058
15309680
209385861
74855191
51923651
92551409
212213024
167019786
249775149
253248173
54745894
90680780
201831046
162151280
26427562
54811308
28307305
74855526
208686228
253629951
196524221
58134526
154164595
114629181
139236866
54741002
66712450
190699235
31595119
253235089
45416220
198123605
205477431
191148969
153284628
106243753
242633323
169375184
194003691
58213159
11130464
180317013
145093736
8025155
134025492
202961461
201796332
50778845
7250957
158775142
194568542
115978107
185946395
41883886
11951771
174291659
209291570
195106885
146271791
174308508
229732092
202179746
44433384
71894269
250365253
108402758
220670497
42174143
253218863
31515515
202414704
169817984
202529748
203875835
209331265
225206250
206242821
252079355
12483014
75789631
5932697
22475733
72911332
192987544
37468674
55506720
188534353
191959985
51298415
198473623
107480162
202528645
200998405
184217974
54431522
251773642
80929786
600322
253469883
248808582
25733765
23619292
210732813
144751529
73125625
144867107
17615879
210732359
208907211
49640581
74855661
32370762
15281571
252849831
215772057
74332372
32745436
91985219
262904797
49476918
251589208
126973710
245766085
192020556
172851357
209430455
75540001
115254245
126980382
67889289
261833470
53261314
54921165
106807729
137375710
58841451
99056174
49716249
53395810
15117039
85259402
262646195
53395802
248643416
192396257
74973350
174836831
56209782
254117326
97851266
207792976
202604496
201625843
263085357
77230781
189371317
144694104
198300810
200817301
169818269
248468765
45560159
54744915
176815794
75789655
262088067
55355004
90142260
201000124
202461460
19944525
202491835
249349030
186233244
262688106
162100218
247799406
183459176
67889291
205315832
11129407
262905621
57904978
245767269
35412317
174127977
192949890
57905380
260922777
216462217
860353
137694317
128934716
242070831
261808010
209403283
145167511
246163110
190739533
229944307
193701782
42892504
179800406
214189191
658669
203899185
247731836
248730107
201843248
107339452
147854983
50251989
146224721
19763303
242426791
252079644
12481198
147854607
180320266
36701084
150245870
116033396
104268015
4875529
208739306
124480124
107482043
5569129
173449383
205318983
249026113
41886608
68138405
195283666
196181065
249601210
201161542
253111677
117315767
225206242
258929099
190537836
28939826
215775172
200787322
263085087
51151312
86984504
202379245
91986115
249599661
58855024
201692382
253470030
139236768
248911912
203902537
11713817
241736343
136587438
193045274
144868193
50766347
51554023
134025505
36701754
252658515
253265855
11772086
98046506
11131856
253235465
107339461
59554534
106750203
249349251
7487699
35412106
10670548
191805717
253391305
248703263
91998881
186066730
225206236
72032638
201934663
181237031
117315841
41843996
169818230
262570238
215746279
172422125
249767566
201846177
248678846
248695870
202961738
35745450
59156259
117202670
174305355
29246043
196338076
90142343
27730480
147969047
253602759
215122714
55508669
253216083
215150451
177632202
248879532
101412653
117315797
73465487
115254277
435417
215772142
209403916
207782796
201851113
101464871
209431428
137014312
120183837
192020538
176736401
190739481
249662998
194421066
147501798
173093663
184318217
203288388
163739547
207794999
36871286
173015992
216867447
68138410
174762080
225206240
253363818
253230355
221026729
205697380
190739517
41886045
70689320
22473388
152532563
55355313
184766703
115694641
209867949
201055482
172538455
216387914
207498699
209389480
684741
164323227
174134090
216867443
253218872
252078045
250365659
252079145
192020415
252680125
250366934
248695713
250076880
201843224
254117674
641761
117315792
262903848
262056100
193717259
173758176
207644409
67390612
196219943
167280118
202259105
174764042
193643150
208686262
209273950
73465166
204761683
200787594
201123609
180584987
208643693
16386547
252680110
215775061
74610357
10127382
248679627
35974497
199916657
202012350
263100562
262904779
19763441
262704552
75341353
249290033
262870083
190856071
176029877
11714750
205407334
216332780
249766831
87955825
92002639
158633591
204954127
140351092
96083022
174765089
259512527
91984816
41884306
209280515
119706770
252079393
253397970
253258313
198473630
215775281
253218879
195961269
202529694
253397976
200934423
172446332
198126981
201926740
208648766
68137007
68138400
190739490
203842522
249883316
137375385
174238757
192714773
176767315
203288380
173752743
174597790
87951252
201161469
68546535
189253272
164433064
248643183
54488063
74792956
215772275
252078589
250077340
13751768
248716192
68136991
172450456
253602917
174044900
253602857
253602658
263063019
174804750
209389417
174849160
263103417
180320674
147854877
262656171
107480329
202650774
53486719
208917518
51064208
70667814
178602250
173745220
88220844
186495680
38080490
79671253
178292465
137411430
252080032
252679825
136059793
225206228
248956909
213674871
215104404
641749
263084895
196181063
252658491
215104822
263085072
102140961
201842379
174291672
174134180
41886540
124893219
184588672
174216458
219163717
35539572
262905558
263085359
230801743
253218867
242887938
134626821
54486834
174046117
146223828
209869307
160262766
68138385
241666526
198889510
171625603
250071129
248809801
202756087
11188239
214645331
205856574
245984518
208739084
207722038
202782961
177995205
177270250
174605306
173752749
173449393
207904446
210274765
205685144
201614401
205305432
173752842
249855072
4371159
13290131
995310
381274
200746416
63187280
63473589
192950844
1696349
5804793
31514558
209385876
139096966
119698672
119327118
15309866
21949061
74348589
49651102
119703637
54746410
153305584
127032545
42844152
245765859
219152231
215560857
71105482
1392993
193723593
198470544
74225717
105219595
194134328
199679382
136059320
63538262
214841365
55323552
55615690
90153375
173449411
189144273
225386754
35360233
95917377
213996576
10670462
174038841
31716449
169817904
207750952
890592
32715957
91139717
245765748
217528844
33387076
109987143
209391510
180330079
88224572
84981061
262362962
253254463
205110477
73717153
15961939
158446482
68138443
177963457
68138439
84732083
28292943
199608108
48202916
71895293
36374541
8014385
27690009
74943738
210732785
119703631
97844781
248681369
6184053
182784585
167019703
204884431
25733767
54431354
54750171
150227893
248351964
210445578
251756018
201853906
6926509
76105966
185947458
162100195
180329847
72910282
210732841
56218387
110100977
107373587
10317736
186740845
57320707
248679251
42849304
217411105
645669
10682540
54900777
207757119
58908337
7095349
46837046
202604359
217764276
209332122
202013229
168062549
193710450
105656281
242101863
201792171
180329194
75284563
261949483
192302421
212314894
129138522
55508280
209393054
11985731
192908619
109957141
198473629
200970227
209330972
119692094
117324423
58621868
194451612
110116569
35610060
97843137
93238621
112129835
187827443
56687783
68136984
68136981
252078812
27600240
71051468
685243
216213465
190855964
74890909
262852519
252357165
35435036
207782650
166107700
68554181
254139405
198128147
944390
71156254
188837623
177068267
163739535
58213114
41886153
196577538
177145251
54430845
3613085
194847889
249011662
262991138
147838559
59285136
178000134
68137003
136060266
31610264
708031
198901733
109992267
193666034
48372730
120471778
167207584
193646218
558062
174211133
88222568
77231369
35411959
68400710
31604803
176842771
252658503
68546476
50783106
192387484
253285153
242620627
209391379
253237359
200004598
174301280
73207078
531549
180720270
48229480
180580814
248893925
96070730
203052370
10682829
250208484
253274781
197544253
209385872
176752920
112824741
260939920
5974311
117315640
132206360
172857005
180580739
194847873
71051470
50769717
119691468
86817918
212323556
193719546
183518537
58954635
49195495
91623197
685194
253265169
214189478
253656563
189468734
51063248
172857398
11309648
252185076
208219183
214582254
214189060
54927338
32217682
253235540
67156764
248909429
209392481
136067421
248700509
180364831
248880899
247407907
87943963
70628997
177616151
136059848
215770649
108966475
253194286
209430308
209389108
207750947
263118504
253253016
261833417
205499382
247741506
174113148
215746271
180353888
68136979
2299055
119703644
137440053
174767495
11296740
193643193
253326645
19421038
54901782
248365856
180590533
195107108
177067757
207760602
69345551
252078587
249656684
216213499
48315280
88096901
146275321
190681706
230200127
220661617
247408220
136062079
68138461
132304627
119692401
180589928
242790300
221251346
148925961
207750950
253298699
263085319
262792405
262903759
51297354
167207530
242101625
109369116
261957824
3631449
68138394
172447863
106362900
117315817
248360124
177616380
244300619
215770930
252078220
207750957
200848621
136060247
180586319
209390509
263085089
253264115
102552370
34744873
260939922
174258095
174049888
174038262
132302653
35412056
247741508
215770482
117318257
208406220
174307549
244603950
263266077
14351872
263295310
263040765
253265684
261958953
80959001
261807994
172023349
172451389
4371221
177273951
174576056
207935865
253382948
249001036
97842357
180586493
184474990
188376661
252079103
5806897
229786260
252080013
263099986
253298727
253265343
119324360
120183163
174046309
171476380
172448012
202528341
132302652
68136987
248654766
188376526
173758139
188549616
263390035
115254267
174216453
174211225
119703664
194113978
204878414
193643191
197161595
54406635
25392827
262582156
180580958
201001219
99367562
7984098
147854910
73687704
11954602
32894628
86417772
52431199
71895792
108223222
134629233
91984835
183728998
9185635
210732837
252079719
16237302
36650047
14351717
58290336
213996705
191808434
176893001
102763777
53875097
78926422
221701838
208074068
207761136
73688109
209385874
221223489
68326603
249918181
169817753
117315695
177067976
180364926
209406009
250077590
194398190
35127728
73716452
73713095
53691056
200848674
34750829
173841923
198473600
8098288
538401
68136995
82874802
180852271
75320071
189641881
180584796
767930
41092058
62637207
54743994
56274036
252714238
73500037
101481174
73717125
262839752
261025838
249011711
6835625
207562882
180853222
249028802
136060895
188376601
15214147
209904949
69844006
202403642
180852665
136060862
261798586
74198739
214189243
35409064
73716897
121153939
201692368
40914483
6835029
174258065
94656104
14352558
216691791
248206512
180363871
73686850
261025856
155350470
136057278
106786589
202379274
117315655
214189256
250368504
85449434
183513482
262077806
119108086
27611061
31843328
200005084
119706631
177270225
54739748
132304648
110353453
247407165
174836838
59393704
194525879
200848468
68138418
201845520
68138413
260933512
174113216
6296077
72142066
180580572
174842429
263296860
260933451
247407564
172451401
134282737
136059524
121166287
121154560
249011705
14351353
247405834
193748174
36650039
214189425
252078039
180580688
185910910
243083144
52720930
75655173
247405880
173840026
208615251
210138578
214740396
160890911
190461012
103581608
75310287
70565476
55509672
235856274
66131775
103635605
44632287
249714045
48051114
188321236
13744351
53918834
5573805
55991322
57324494
190857058
249664089
171810980
204954390
101462194
220668722
23847632
150258655
56588971
180854186
221788804
45570520
45580260
210445284
253275884
262082875
11130519
119698834
259767867
193526483
180340639
68774130
180925111
179775520
73712349
191135261
93207302
247406377
248741598
188376191
203875495
55084894
73712115
73716704
73716940
82946231
248351895
133774144
217489177
225936097
10681930
136061268
252179451
180851145
206661362
249602049
202013713
10670796
249086306
75454154
93207455
198473613
177994215
209349501
193643195
185789813
106703850
11130603
200762099
205684443
203905144
202782604
247405672
73100341
205499331
172474859
247340074
184497272
68136983
263040978
87958037
38290282
252680121
576517
16399727
136057362
202426462
262460492
10126918
57325217
249053571
134025361
247406199
200819116
95958379
249772101
42844842
262460526
247339271
249723203
248418398
800132
80945522
201476024
6170221
253456848
107366304
200762445
29188763
110353576
764103
203293755
198473612
54738009
253350296
34750892
74301194
58814551
77756392
253456876
253456861
74200608
708524
74855243
190506665
198473598
200763979
89304137
73687926
13751524
200763504
248653227
74300870
209332038
184243091
189076759
179234277
209331140
102795712
179196358
76405460
73686256
74890945
73716788
209432047
73688501
198473611
247287250
11129520
134025047
188548290
209331975
253456855
252079065
247413140
180848906
37038670
262673476
172457063
208566555
193643189
209331186
77231604
193643185
209390369
185005767
136061305
134025224
38108488
188687457
119706635
247414803
251258834
51990696
1052830
177777688
4384529
186369384
1464625
191128173
213996804
199668433
73687580
252949898
249011867
82874588
17615942
176812954
214591709
7908327
176843169
198473608
198473634
54746108
129235584
253618632
198194589
262089524
54740806
262503584
210525166
33387619
198473597
93211049
137471898
202008172
262459298
180853058
244690395
262460140
209389915
252714178
252079236
191259152
262457912
263295425
172477167
90469338
171874021
203295003
89984162
11259997
5466377
77747982
247443730
13418701
249011703
201847157
220662965
49477982
202515624
262469810
247411966
247408803
247423690
263348433
200004791
7030063
220666594
248796494
166092725
208063352
201845943
249600086
225386543
262472899
263118747
72621014
208074181
263256640
171889342
247415500
248830964
202622110
193643201
262473113
249084905
262477929
262469634
193643199
262466692
262466260
165346933
47374496
165657439
206148245
3963463
51000320
247765716
185947724
225386746
11259626
166103552
248744670
263392771
209432155
1052826
252658523
176842668
26352485
247461048
206147312
262514594
262515703
262516021
191129059
253080074
372182
208092408
252389891
103346182
209476006
49478113
28041485
262903742
49477844
152103027
28075999
205386628
247706725
247765337
248777683
48329889