22610399
116638262
116125839
49181617
89481578
58710586
262305694
192951422
22610636
101744211
67607354
58711384
248502294
25205201
22985269
58711348
23008961
176713884
209603519
58710427
206248718
260803546
198113254
253428414
121229000
109767555
55286647
48983717
29357347
192173840
200976865
23437046
259479540
51586635
110126341
192176677
6824709
261800557
197530491
22985226
523713
192176537
171653823
171653852
192176615
49181919
192174000
116139380
55285248
200976743
193109317
116139566
192173860
195697017
190738226
14040472
29355217
213936742
192173872
58710072
23437381
200976769
117980922
198285364
58711016
117375035
179930081
49641366
200976871
249852334
197530495
179754095
130781022
176534645
171653850
19830366
22984932
171653827
109852158
14100760
14101857
14101146
200976763
58710990
262045040
200976785
51991134
258673191
200976889
50239060
200976777
22986544
58711292
7695682
200976723
262853114
55286801
181451201
109767215
258673150
200976855
191621078
31895818
58710956
251902569
200976721
183364493
74451693
54127840
200976822
58710371
117375120
116142764
191809778
74330010
22864382
209603512
23437664
54002753
261113137
49863396
116584269
191621086
183570361
200976828
54660946
196579666
191621088
213936766
192173936
51641214
191005090
116135576
262045163
14948540
110126379
115694826
176533523
86424380
116396521
200752580
25202818
116141749
117375088
82938697
91089821
66228980
198192582
58710834
253152042
109852192
191779601
195283773
191779517
22866528
70473706
107004499
190737794
66230846
66580450
192419889
489834
26595129
263098614
263098563
117374911
192174018
181567293
263209949
200752529
191779855
202962030
22985077
51990894
55287637
22987658
74036069
192989146
73492338
74035844
58711514
32222440
37659345
191044482
209403992
116193083
261800715
198103395
198110808
197530335
31895796
174625356
110126372
48984127
77182195
55285582
198285282
200976711
200976895
209603498
212110143
181267970
22955885
74036005
66229176
22985893
22986270
200976775
192989140
198192601
209603514
213936756
191924212
181267961
181268231
263099028
263097849
263209558
263085292
194086890
139514040
195283738
46689814
190737489
142366175
174526342
87045231
230139064
263110065
110126383
110126329
258673189
200978490
191621076
263097747
263102421
263082028
183368646
60397655
66231630
21090589
118522794
55288596
55286691
262656772
23438716
203945403
202961942
202961875
195472249
194024625
192173762
116135513
52678957
54127732
26594242
173751768
263098535
263085326
192173878
191621082
63962488
181267983
263085344
63875428
66229423
22954173
66229453
22986308
22987056
25201851
74035791
14948544
261995636
261996172
12206528
179930522
193880574
190725633
200978494
115694905
263097745
258673152
263103108
263098436
253089456
190725974
192419899
200752531
192419893
58710233
118522800
74207818
22987469
58711022
55285300
191779506
74036126
22986863
2057177
253331092
253182545
110126331
198285300
32222552
22989961
23437908
53924708
55288987
181267991
192173948
191621092
43159259
22985908
263101474
198996223
71307689
196579659
196579674
200976781
190725819
195283821
77656082
23438622
49379202
198192590
195283777
198192607
22989798
73385431
22985824
192173768
196579672
197530487
260733956