213704979
230039304
217148632
253361064
196851822
14655136
200780120
229714485
190242072
162205263
184781427
253274970
212213016
201226690
195299500
214497211
201933789
185242031
216001258
248755023
248755021
10857702
217259508
136919435
212562594
423135
213704987
261832796
470066
185410041
181915295
185357284
2782211
249055695
212992699
259542207
189391153
201698690
860786
446176
182735416
21130354
1332643
396925
183546607
184774171
214933081
63078279
371432
70692014
870609
207251181
218736247
179546674
253712409
200710311
172118399
200710315
251345239
114046586
200710332
11339965
21130352
215452791
260847315
13935123
70692035
166319868
884426
200710340
260115221
70692018
241963893
217517692
210732847
201348241
21162548
214949377
200710322
143144301
213967097
857646
180575453
225241488
262023853
200710338
817992
894763
168493857
836322
1042922
200710310
205944766
166319841
235367949
66952510
77665453
242487869
249054617
185816145
12118197
199973843
424505
172476450
261798710
249133272
185449411
5402423
191923933
253468637
180749974
55512030
127692599
262895524
200934062
247885701
194115962
182479778
15733996
178240553
113526018
4467479
210230230
105633795
251446827
556179
127692398
250549030
752165
190883050
378484
8069591
195970367
198214253
185862216
196855347
261832802
205926704
190582095
92732212
166319855
214154683
169514223
252648920
253111300
50349596
20876050
8285608
200002515
262344770
176902310
127032891
212993224
262974897
202475475
185490052
216933911
251324739
185466033
168470218
249970992
207251187
197668849
21032148
182547944
350246
247936401
127033424
168662593
214582363
251335936
249054643
48759058
246113880
20826377
196856044
215837968
214505237
251335664
22157569
225251602
194398028
261832804
3035263
193008067
166079877
182467633
248779217
828613
10113479
248682670
967548
251336058
182458102
114597562
251280276
251279776
262051436
230055061
252565084
197625519
14512563
201308540
193106817
191914901
252052780
197575054
894765
254902132
76527970
252636715
167595096
1429129
182481294
222695904
189494805
207708472
254901670
192692428
114945240
185868179
253184124
171004081
46176723
213870110
192975174
212218168
178056537
190582896
117832416
201385845
196543455
92680822
10227230
208103418
207251160
248799086
196897141
252584728
190575836
1197143
216462242
177930414
210524746
3737967
201038943
38143352
76899364
208100400
174307634
186090744
12042865
195863340
127692475
159847121
218736204
54982957
246850927
151757135
196283053
217624448
127591579
129138462
212218210
193008368
116120082
171093208
235368664
22057984
208100398
253237460
379438
249056843
191477707
182708653
143970237
242075143
242101947
35318151
262845428
189494599
151757142
225251245
128711588
185865400
199990390
249038469
218736258
7086995
116937566
197575060
204302530
196897136
178230451
190584154
178057352
245773043
207251179
217187518
200850956
191320339
203065263
127591571
263065148
828609
127591343
206536660
213724166
251460259
251980499
1040972
129138311
217767994
166079885
49648595
203967167
248977499
127031569
251446877
77763232
227672326
190093968
242101837
242102049
177154447
205081280
253100661
207251164
54784046
173883484
53935534
116806267
220662874
169514646
214189159
199571329
205183112
194124808
176891222
209306287
197668567
202042294
252658527
54785904
181120105
253106740
248552893
181447671
214930427
114946474
190061072
185868352
115254445
22162313
216285767
181564342
201431032
249874441
211315123
197575056
199006554
127692268
214770868
217771933
195661142
217771951
378452
129138328
242030636
214992618
169514458
127033516
205696299
200848735
206762541
248848798
253168683
213698514
248208935
242504269
202529586
181449624
166080183
215139986
248549807
127692179
49745266
247892426
182300492
207251170
207251166
195184808
151757124
205113107
199039337
160819242
198643854
247446330
189494745
250052679
54128717
127591422
207643826
198958135
54782236
114946564
251980501
205071991
206992958
179952380
216285754
214189220
245765340
127033387
195185156
202330080
190109689
179954191
115254456
197623553
201385755
54788529
416323
253237465
145457022
205080989
191281348
252868490
137941259
179445807
215111593
216285725
251552606
127692443
209863820
179157538
177208768
178770048
6215057
195661147
195839974
53777155
41578653
354469
20848323
177782893
49648668
251980497
194033288
193008155
828611
251365208
247331154
180230056
197626882
182547819
230207711
251280022
252854098
109862075
132304320
166080223
251447047
137941300
251552600
135423809
201426524
72032644
202604342
176779890
215795980
53935506
191767731
242075250
216213560
202604458
205081458
194489317
207251185
250002304
177976051
179689809
249874425
253406832
183223754
53777142
195185034
176885080
129138515
197629212
202059372
251552604
251552595
251552594
127031579
242101702
249389209
242075396
127591155
214873561
132302823
235593275
151757133
179059879
389580
182300625
10765943
105366582
181449622
127591580
127692182
201843859
166080073
109641024
124893040
180230731
120183442
149775862
207278706
249652825
182468682
53826897
197575052
215157186
251552602
251552596
204429759
206797959
202529257
214932917
214189233
178771384
216462171
201385672
248542314
230199795
201385799
195840363
22060103
207115950
254902107
212564945
225933799
179159398
201548782
201385890
195184383
263308595
207278783
151757140
178951148
143144255
214505801
230207715
202716535
53776086
263053844
53871206
250548905
201385951
136795876
214189280
216387947
217125629
189590758
195936908
91847857
180218230
21172852
182458158
205082374
185406966
177186022
351056
201559789
860796
197647711
53870838
202771618
176672952
77222860
202714174
132303574
251553158
201385674
200849274
214875362
214876251
127033529
127591399
209863818
248553167
205073649
252853938
151757125
72069918
242504277
252564721
242504271
242504265
206129305
242101806
127591346
202529427
79239520
247337388
201385872
248682760
207071969
166079820
149707216
116904746
207278704
214582366
163831361
129138205
200940120
262782341