208116166
35924459
20342932
120789191
204607141
84446917
97044329
252884778
181997906
183060761
89126188
217196637
116618300
107371023
11828450
210763461
221801426
19767389
147937760
31204125
225113100
20127585
225112785
196223411
200615982
184914057
141293023
213532489
220824571
13510560
20775424
192127526
19758940
11399297
43343295
146509341
205428319
35573384
247372255
177794372
41265982
24844641
11772687
146509177
115477461
183101868
186079129
129528199
160297016
34748971
164435775
182603131
134852152
149446762
157146035
138070251
91370184
195436934
187730072
84447621
146513426
92806722
253542182
115795458
183678780
12252840
9023213
217734427
187606580
6274843
7641219
206127030
146499365
108903324
186106420
199647454
33608440
141117714
125753930
128574803
153470055
178951012
33538807
21243437
73724238
198573274
251551265
173168111
87055119
75945089
71893344
249157088
247372199
133914094
108644443
58566219
25688904
186193801
20774022
21723277
201308585
19403938
160070014
210516953
185099225
128596809
20477624
20808674
190253272
217853536
137951763
20779204
24837612
209396178
24863570
122893889
197146578
107617455
252882764
9802414
248128561
80857555
146509632
24815167
137951609
205404876
177794567
84446611
220824424
202819577
53037183
12363798
217411491
42535974
191258247
25405401
172546243
208376892
125803016
146509319
119348161
72615095
169935654
51108199
19402269
247372228
196759842
109181064
98862857
215333848
107615664
210459853
105985650
19768630
102551617
55695132
45620358
192693739
216935464
119256605
36781970
137548075
86561578
22485606
146509358
205932163
260931816
196158325
253411902
133039930
91864483
3905209
20130820
99894498
148965843
95141823
135421358
169191267
139721893
70203304
163017075
186433487
194568394
210147177
21392142
131338579
6274403
140981786
51993042
225112714
254260780
254260812
19404141
247958391
53922095
28080357
127268667
192017322
119224325
242663609
172976832
142772971
49249561
133246703
6566169
16448801
13225553
20772731
192018838
25428406
263021807
25361821
13119269
47135766
134851958
98604483
180380964
254260771
253785655
198198602
249483894
134851783
202060424
201694190
72792591
115149822
243087613
58341688
53023097
114687615
20767150
11402697
212083881
14770304
97043215
188409700
25325304
198451890
252584103
247958162
188991321
20737174
187515013
189430669
206988935
72862627
252100384
21548325
24862726
253503410
182602744
76545630
155413367
96067486
243358535
112050821
193127998
42509532
50471217
107368521
105711455
52082311
189943681
124274476
183342121
202816439
125603669
159730838
174502760
8725252
76086599
176872650
197677103
194473335
52854690
98760965
19769316
48604706
106442211
217169641
116379116
108997842
177995227
86175032
24629235
152299052
17042099
201677771
189388402
51932415
198883256
84446915
205889601
171666237
166007640
105710764
91369655
244316605
78965862
145634791
14113130
107088815
54033022
217317467
247957987
215999330
119392827
253099560
79608503
201677704
24809188
133431714
111421920
205889424
97043470
201677636
59452266
11791533
107615893
177794408
107327322
205504829
20808968
155040464
20780901
168562951
81757603
134851779
116619289
41207141
5507397
192070387
117969914
201694182
54404701
50495170
246163771
4963531
101894091
203950836
19404358
206662201
138849232
106975031
183101016
72574610
205405553
194392843
114762700
27880471
124275286
138067439
154155361
98762301
192717495
91269650
197602665
106011147
104845136
197936201
214050284
197556528
160822185
131337506
191270255
106700477
24376291
206125919
251589476
163171651
92547726
252721575
187609430
182603498
21860436
106338373
44003116
197940818
242703628
183102078
242616801
163171269
181776741
178940413
84446653
192124658
106589691
169936024
149448088
147992776
164445560
225113051
182603510
49228271
89427092
125604330
145604209
166398243
197920920
252787250
6939995
11791538
197139344
35854355
183101805
107615730
150850255
137903961
198224063
201677556
185435122
167552221
118235436
117089744
11828464
150868736
210763374
164795192
206118818
101256347
98761698
203950896
146946665
82751634
205417350
125751340
197406313
72570311
132078732
80854901
58913301
176892167
12252778
114687587
146509355
85763708
117835594
92806876
209398885
120169612
181752174
195624534
50018788
180388859
28080339
187491690
193223552
250061086
252784789
110924741
209399148
146950858
173983871
132079583
196203635
108349652
202816192
81991926
132080092
72586987
73548708
169499237
118555323
120788412
214168103
249219504
134852088
252784765
201248978
131338447
110925389
252785678
227036083
172353192
249394035
42493422
140435222
165974507
164435386
125753628
118235558
252872244
138032156
90898848
162211753
119093669
45815812
247261499
182603403
118243255
9689622
34150208
12252883
102049221
73745214
189944223
212086692
28131210
72187839
23346644
112047830
155100913
106541865
171100812
213523193
25407509
185990029
134852591
164491089
169722631
80853438
108994711
11828380
187609386
172545955
247958905
187290310
168369037
148925487
136403563
198451297
111287562
67111018
43761241
51369141
11791531
183100965
99689982
75477262
59470692
124276061
124275419
122871232
173956206
96752625
140128764
183101934
112102841
107723694
206629042
148895655
121162056
187314540
16265238
165707855
117835514
252757365
192034561
187152190
24854636
146509138
203586057
149448778
124860710
13524936
198451587
53648053
249798149
213961206
191221373
69851886
46183312
182316478
23308326
155340660
146509741
200522135
167552196
213883754
201672607
68298565
10078067
131908429
177793830
134851764
138489762
125603499
252811943
4964609
205990925
197497269
169373132
114751184
23394465
75039787
58184506
71684650
53355944
152299069
58644142
95279709
148895378
31692524
187151430
99316953
208119425
192587195
174809267
106035253
209613302
138489692
173754543
51031983
86672766
151661464
187152430
176447289
183102234
94903423
101990872
46183382
124273992
134852529
53648417
192012849
182485557
6274801
110924493
24932756
176510301
101894088
31692412
114202909
83429884
207446029
119447983
201672633
248128771
134852545
248181116
214050227
124274834
181217745
187606875
198454661
242616555
206144727
183101149
197940892
176447154
108995171
118858884
13557608
58342128
102004513
109063254
164335542
38601238
257779343
241654129
101447038
71684639
159510169
242880397
54626395
138067052
253447615
204923990
169111419
248180955
58394189
82172485
205674668
13461029
56199401
217139630
152120073
260108372
28079472
187315780
14788121
54901500
25539170
48953918
184696804
146509519
207179427
204925804
200545166
164490516
25969067
157446250
72082001
25774879
247962833
51086209
191504201
124273827
71161709
200545162
19945035
176510077
71973432
172548680
185174057
252174155
97042710
193485642
94104702
6940209
165967302
201672608
95141864
177794628
120153857
10867190
6274757
45911648
176510083
201697406
168523780
17057425
132078756
177794168
11791546
196158234
140538044
46183416
59464852
149447283
103032779
71684621
151591869
72867201
36325185
198500666
129373990
158600145
192168586
120169729
96909526
134607093
20712241
147698707
11828413
55704618
13715150
7280187
126917111
80854912
197649633
24981114
125603820
213564792
20782506
188472004
6274999
166001616
183101968
214050089
85351341
98867586
17094563
6635905
33033743
206641799
19769439
138489702
176009280
114688176
207178715
134852079
137952269
44000601
110647598
188039681
163804449
22022581
97786108
52065821
226074419
194803722
98191126
248730656
51696597
134851944
181789139
100265075
201677610
117047757
184996628
176507242
5793683
248648308
258369965
204926452
221229828
94260189
176510139
6128703
183101144
183101810
226074408
55717850
252092545
252409790
211299898
225112758
12343040
248181033
20425784
162149672
253666305
247962579
114686184
188022602
219140864
80759922
122868801
172546851
45350205
14577234
105821531
92806734
49227342
148891262
53581302
169417328
247784912
141689755
80853558
262830921
188446338
12059916
157451215
172801782
197141665
258515322
107584912
168062013
98102728
131337690
183101898
183101092
162109321
135538348
252174192
228985621
225113197
52258457
150857058
48901836
248128708
48901723
217535903
11772733
138384764
192011033
166397840
221350237
205427578
13431540
67517517
45347548
197940840
226780343
193052757
192071628
13524904
110925522
52082498
247787431
115840206
191357343
187286295
204926488
214829562
8582284
179805887
163171752
7154259
201697619
183913110
197497026
201697204
251466603
77182640
187151934
187297114
121331265
205426865
92806683
189944598
200522140
92729170
188409524
169447902
28081735
92506359
118900049
200545160
117048029
253230797
100269462
85825151
150998278
193177845
207170296
205889699
77109621
225112897
35895087
127114703
106524341
192124471
12299735
11772765
62856464
187606990
183679111
6274417
152298272
212934011
184134595
168369153
72586740
206665166
100103091
13876990
247962240
221229690
44006894
162200964
98112805
97044365
137014125
111421699
137864280
114687807
253785853
192257686
74488294
206665404
191221178
206145250
178950014
11404200
210134865
106906821
92364380
72615264
171321591
113049630
11198876
120169488
258515348
176779961
185097306
98761512
106064242
177794556
100269500
6939987
248128503
9967099
108093186
98762596
114050036
170625061
139221543
106700240
37079169
24255066
183100968
23290159
53350894
57290626
108942642
184879878
48075847
62856466
27859514
88931744
4978613
52643858
125755231
177894194
92807344
165985159
11615399
138382883
159733463
251443346
209396764
57281529
252174301
139218890
164490684
189943353
82169242
97043200
105821754
20145587
12252765
10347774
136029517
189946826
144464799
103887345
121277367
121659568
191444682
146943991
11198530
225113168
183101887
149446252
12060647
105710613
139226414
200522138
174808958
116638977
203810783
190537666
226780254
182603587
205891592
80946647
3905221
138853424
134852136
11772777
183101979
183081657
203950804
149448219
24629072
206145217
249219494
208091072
17875640
189867567
44061094
122870713
172548742
55707318
40071991
58355715
161035342
3905211
3905213
191366443
54626405
6008701
110924772
168368719
86562104
197940782
11292861
248181183
29257584
46104373
100134611
109814084
56714950
241653459
204930835
146248324
83751116
71684625
71684656
73387859
23291551
195523272
125753519
120169744
192012653
51768033
51895111
139412973
197941111
249222880
242290628
82392012
85294188
100269467
119439746
226780370
20489472
24438489
49649762
188446173
139216295
13233683
80350477
98391422
100269448
136218862
68963572
110926718
110925798
50319066
52618509
55411345
72514496
109024807
226074491
165706254
82483268
100269476
13930255
48947913
97042414
135110530
106760108
129070817
182602586
182603446
177794329
183102225
183102214
183100980
190180843
122870147
4615789
97043094
136219855
28080351
141219369
79007378
125803117
152298793
248128593
248128527
217195303
87998919
153500563
255176179
259537335
257770370
257867432
114762689
4961881
141660027
52113146
45597502
228990311
132225495
17048468
36337168
198554107
149618182
253503956
253620060
160864591
51768829
74488312
74488350
205427574
51519754
207555062
248627344
202816783
183101754
182602686
570919
118004944
198898459
198199055
32108243
11586860
184801561
149447502
125603577
165972141
51610996
201677600
84242803
83430701
168563245
176307375
173034516
106032903
248180989
227036446
141774809
55701482
92806913
248181149
150804723
203285790
100184972
186495285
174420716
118281018
91846992
187621699
58429598
201672613
105698927
165778532
202270293
100269450
108896370
6327561
55695775
56205476
72825144
126882275
121180964
200545164
139216155
47109402
103689883
150862373
258373937
255410032
262305650
248181110
54645054
247907323
191367371
228990303
228990299
20955388
95141877
56515258
179562681
203852812
24932735
147937743
197940986
6939971
168562556
15860429
187804339
176283338
191358025
149448201
92818030
197941025
105502340
37283135
149448180
201672621
82485786
197219023
13715400
115437695
53583131
72578054
23380930
205404988
28734877
248347354
72570422
194498543
168563096
121185615
197418192
100269541
203422854
93832112
169653500
53921140
27821175
46107210
52771299
72614603
184941899
183102106
183101919
183102284
25655510
242657543
255395263
84208644
3905225
253447602
57031655
23291540
75313189
249713690
179545673
51731210
25051030
181219943
79580512
172546033
51713957
140538102
202152128
189944875
51696581
141564984
21192348
174808821
24430833
195328829
100269458
193223383
188623940
167514838
186485245
92806878
133829195
193223278
162089341
136219399
172548861
127671184
184696006
52672364
96927616
191365336
182603182
177794357
3905223
170658862
51519830
176206830
197552704
176447203
52700171
11772689
917350
102566698
124275825
138385347
47215601
86561855
98868567
75099126
124274338
129408205
209398999
77682771
51367940
13602041
195478148
25748659
125753498
188428934
187288142
114686310
6320373
51930025
198823681
181217954
204610603
160427548
203950765
141259424
14531487
226074585
53518097
127528434
116639500
91262629
96670351
176801016
149447723
28079474
205891664
242618537
191955306
6298305
98761437
201694178
92383574
52065793
147975880
19297563
248128781
52667697
108355252
48904578
93832147
91369990
217494626
191818811
13524943
149446184
10608231
204609797
67089934
118535139
133828407
168948998
46183343
214830154
196801387
51875158
209581175
150862116
259333805
121329500
35670678
253680658
119108047
4297241
179786793
51932072
57399521
179219224
179563126
51731217
81076886
187606299
160368762
197940925
173705337
54626401
198198708
236428329
201252367
202060452
200622673
149447803
28079480
81815367
134851762
149446921
197940709
202269791
81758230
165704860
165985667
139192335
198198980
202060260
194477091
44006435
152298681
202268413
197940778
45351245
59005560
202060154
197941131
202060243
105714876
198198632
202267863
198198507
214911713
210135078
197940919
202269801
198198503
197940752
29257260
209644748
59005515
42932877
189468751
201252588
202270795
202271198
140537739
202267931
51558340
190532382
204927226
190253572
180935067
198198570
32652737
128959576
69861131
152298900
204927933
198198953
198198972
90088175
198198704
217512163
200623436
159384950
11376059
202270825
169306555
167019101
59005585
79008159
111414225
198198582
202269572
205111107
192034126
202267663
168867034
26720834
202270397
199646675
200736110
138833564
59005628
202267831
202271170
152298255
152299594
52051474
198198841
59005658
95141830
202270929
202270553
152298706
247854852
205110919
202270771
162752193
116639665
11957256
200622772
200622700
25051115
202267803
185990329
139480117
182603633
191365863
191362992
248263428
83430956
188427612
170627012
165780351
197940890
201549503
200623299
199591853
202269618
202060400
216401303
13524977
59005685
43986812
174809571
202267761
51834229
115224050
193012613
214050397
59005674
225112466
184486656
198198520
200623291
202267765
198198787
198198682
200623115
105713395
51617775
106907169
188446533
197940967
202060426
122869356
51699741
193742946
202270773
157179078
198198542
105713848
58203642
25051082
175106381
183101086
183101992
183102006
183102058
183102027
183102257
183102237
183101060
191493158
183081770
183101036
183101064
183101817
183101808
202269734
202267702
202270658
28079478
133832221
198198670
181782377
202267839
77927165
205111257
173130358
226033608
134852419
199646473
51558490
68024360
252092527
11376063
81455121
251046240
190537626
198198921
105712340
198198511
162752428
207854555
198198592
204925652
83430709
196940354
165780252
139216193
59005554
198198931
198198586
202269920
51702634
51702559
52081595
134593682
120461564
184801631
193052748
251221083
202269724
214050079
200623072
197940947
202270865
139479076
194958675
195221872
175151303
216928009
138844126
201694208
202269689
205537296
20675319
197940903
252787086
206546245
214050464
183101001
252791740
248128636
248128586
248128549
248128675
248128697
248128658
248128582
248128715
248128733
81412536
44878091
68298215
52672734
44882177
44882158
55695568
52772065
44877889
44876422
56206975
20324648
150805660
134841561
73552524
258403768
248648166
208092419
116638599
195879124
197940742
184129022
247797245
56033291
200623382
183101932
226780234
226780469
27855520
51338786
256834889
84527861
110943505
188120911
201677582
182603334
216170177
205889140
249219519
159381461
59005534
198198726
202269892
132079634
149446809
214187397
202270166
51693076
25170091
180849110
197940999
13510528
138849909
202270186
203950932
197041549
202060170
149446054
201252727
12210417
201252262
71880633
202270801
12199235
147729339
103458391
55886456
152647990
90087524
169365822
149448611
202269698
229736218
110926661
110925311
110925774
110925946
110926665
110925668
110924819
6940465
79104696
99841644
4616513
149447504
72112453
204925079
51696593
175653545
143863738
176891882
202270233
201549181
58430447
108224161
202449863
148802665
16386146
20273881
30048127
26684542
7614020
48838197
18004339
52980671
53830474
55717678
98104918
125755069
77058576
77058451
202650953
258515302
248181027
248181223
248181256
248181119
248181025
226780334
258515310
248128653
105990219
182551250
75985332
91072044
6940369
258515378
178583677
155100909
134852264
202451741
11772685
11772731
253348665
25796734
253241476
253349065
253072881
253072752
253076070
253073880
253074628
253503396
200623484
104948818
253504029
253501579
253501741
202451714
191367017
252849103
253506953
253503471
190532192
134851874
227036415
198198759
134852284
156226880
139218886
186627044
33517430
137611929
170241670
197940730
196362408
190706631
141724215
189684633
4963029
139336813
73865596
73865040
13522784
98952997
192693737
205287447
143114095
46787415
73563148
197608600
54008670
100141544
197621142
197654375
197878599
98179017
108183318
204928419
262746224
110358254
257683132
124274723
171761754
124273416
205287309
103690770
146250663
103690219
116846949
146368041
204923150
103691194
124276087
103689989
124273063
183127462
153021263
150787608
259515193
259387757
258284894
258752456
257842758
138385715
138386167
138383718
257869230
258552354
258668413
257844472
255179009
257843482
262636893
262640742
262551695
262603246
140622700
262797440
262387211
262387183
262309072
262346188
262345076
262345066
262364044
262358231
191346358
191367380
47298608
262863075
164435625
114687440
262746529
262853054
121331368
124275175
11828405
228984244
253554512
253551742
253621547
253621400
253621557
253622016
253562657
262076869
191357654
262836796
253629899
192257210
253685501
253703953
263028808
191366922
259575711
105710857
93196568
263028874
263272305
263272399
263064012
263272374
263200051
77051881
197781039
91773663
9836309
228990315
71684633
20823350
51031886
71684645
71684631
80854959
80854957
209431156
4962981
17056646
121006547
113802412
21546868
199898359
141657021
141662967
11199264
84865797
260941791
116174541
73388089
21979370
120657533
149757054
120657098
25748682
17078697
120657495
153580681
120657393
199113833
176708920
199118068
109020174
262977645
154977831
109399312
144901977
144674258
56513963
196831989
126511814
10820565
197990521
51932562
4297141
225300870
12107869
51895140
173389989
146492523
146493809
146492243
146492702
146492726
252174288
24932749
31204095
24932754
51930202
181217282
23205574
252174182
263123325
262077032
197940814
202412975
152299465
83430564
195663670
162752271
197941094
51566162
225113371
51474858
203898880
24637336
202619052
138154617
13743907
166006657
183100910
210763319
6013139
14058048
11857582
255406972
150998659
190355236
253412249
13888295
160867484
203898243
217509327
50725440
72078982
202560653
51197716
58565286
155761074
194819980
4585213
197664211
95000788
159262015
212485329
149448727
117977224
195317276
22255289
164225423
207923903
162777529
72576991
184857535
11615376
195188662
36032789
190319780
198099072
95000865
13325963
203950818
96253717
186577701
186675776
252588381
105687580
225315646
188845267
5853469
73579399
18818868
15133018
25405820
253121192
244168354
195538072
4819083
174469178
22984691
249156590
201694195
98761543
11615362
257861193
248637691
168563126
224791582
5946563
168849763
11615392
198698715
7774162
192158565
161214875
262439639
133896091
72515672
159484512
54885902
249713695
121245004
174439120
83168600
203177256
24861561
260932416
225948126
69465746
242064380
197636076
255414226
202763052
210437544
144755978
195849683
195306025
7610949
4585229
4585243
217735989
213883638
80946856
195189517
214849991
105246613
102108031
195479209
80947873
147975906
210726072
162540928
195188762
58188019
260934514
195896577
247804622
5950997
153781870
102787402
6013043
25406565
51232353
184218819
192210375
195305779
119224122
142372610
11228000
162089336
142779238
144776689
72722423
8964557
102551571
195900880
12953454
33395548
72577763
201719141
144045198
72116444
149447290
171852650
214496441
164804967
4585239
208270671
98761680
47940954
208270530
42533860
98023516
86723530
11615371
59413126
83833923
13744360
72861946
73607761
149448248
248804813
166005537
12969339
111857919
251548209
198412036
184857575
5868633
214866757
121186304
5867531
145118675
93290790
197653497
48633530
24799646
73204612
25045607
210437675
164810002
138154080
72718816
87895530
149447471
111857998
204926669
58545222
16060135
122171447
12252727
243056986
136879645
209388489
204926261
80947639
103601047
197148635
165707251
6013847
13585450
244301348
163021089
7982771
5853603
204925372
204309680
169688560
21242318
66621706
5950809
137149778
191751954
206991193
149446238
139479494
31879534
59292141
98023387
72717113
108881629
182708795
13561547
6013097
13572531
152317881
17901888
155759982
6013609
175684890
108356108
197148339
195318765
98023133
212963155
12830479
94302339
3905231
13740948
248128792
122153827
110925638
33395144
48954696
102767485
5951251
72000947
57711109
191388025
96475285
142002074
14284190
6013135
69442512
195275133
153037920
12027156
190537693
55092856
5946721
52065862
24733821
20804172
13567562
11873193
228981138
165997311
207357231
148021514
157542062
195664486
110924668
177924428
173740229
200622624
187182092
94426853
196474416
103545060
202270623
13560733
203950882
80946988
98761653
160985651
51067008
214050117
70211230
6013073
92231393
166010559
26022192
13556989
247840676
22196721
13558262
143470934
13738251
139227422
149448792
152298539
13579690
134852669
38345164
14600368
149446943
116639908
29832236
179549665
28909229
16061079
58544914
5866145
149445689
253350535
252580825
11857557
6393085
242793771
5869229
252787422
48906738
76198013
72518300
187294456
98218598
98224544
85827668
106538971
252092546
214050122
14449369
173742736
15281804
29832325
13564462
207028255
116638442
248180934
237163933
107906704
195461142
7145677
85804227
195306826
195305137
195305588
195306942
22780090
60074401
111995634
262663456
262665939
251262879
98956379
197093401
204411557
248619483
249921765
249112312
151848808
75580973
75580674
120035552
120036072
120035919
120035697
120036435
98654543
102766750
253619598
183352089
120036164
153792018
13670982
148011413
13678535
13671083
15281798
13115837
107618151
138844318
196247590
173740031
42743851
153790371
28080353
200622510
14449315
247841730
13563684
50492464
204607564
192017583
201677656
51067683
5951161
165710981
164804377
55714853
202268055
51067607
46357149
24358861
103900124
13668550
5950797
107881779
107896376
107901781
171763703
171686895
76728643
11857549
185003352
216934804
96701622
202267897
205035571
188472634
200622632
247798235
203950814
29832252
149446299
138144420
152317997
14449319
51067964
29832310
13630694
247804856
149447380
155414978
204929077
139479489
144764148
62777631
252788013
216901125
13807310
20365764
71141376
41355382
192411904
216935992
201677635
155760672
115624442
194851505
247797054
162583630
138903051
183351032
101454033
77158389
72570341
16318347
253785684
178732434
20496418
214050198
97820976
98023250
244164294
174511343
258548891
258670014
262675115
259536741
262660842
262663481
262675255
262657176
262656691
204609620
192124818
81578124
259462042
140327101
153508500
249921763
249921759
10015138
249113886
249112699
120035994
85969882
120035506
260932816
46602277
69464562
199113493
206316668
262818412
158813409
11847466
103374954
33364882
183102101
183101047
164809188
138154542
105117571
5903427
197849083
94982561
20804213
247842307
41355380
149447365
13583111
5856827
13720740
13561908
202270589
202270599
149130510
14449308
152729903
170919534
29832307
139217836
200623025
5951173
114050780
13563129
200622679
194960127
252409796
252787541
214050208
121186419
96743561
262038932
73357142
165991998
183351371
35349234
175549408
68242620
149447025
139172400
168563053
166137856
133825901
13667174
174445220
188210453
204607898
117977010
202060058
158763323
202270295
98761667
197849142
207816424
13671027
185990683
258403750
27653072
98234472
44876591
108705557
215169303
170126899
248095553
97550324
59288785
72008222
23289800
172994734
259415072
259515519
262675712
262675107
262675182
262657069
262675710
262675111
259575655
262657800
258542847
184126199
262656066
204644808
6908933
55279528
196724475
249921769
248619478
249921771
69465333
26480998
249114428
149337354
214774756
120036446
120035584
151848812
120657864
260803359
126317081
253620065
204466231
188705663
167972741
169927931
139230575
116639076
202270255
203950866
13670439
216195100
204323244
5950785
5951035
246917531
5946297
11615385
98761129
203950783
13744686
202060367
162149302
15281818
114050090
145108197
200623261
163170905
29832290
164796044
149447860
11873215
196466136
83431237
162149123
96915988
149445949
96701720
121186599
11857555
133777180
84448872
23157744
20784693
6129763
13735782
72116311
202452385
252790647
25165200
27652523
22030265
45351040
25965000
108900782
104293913
23172171
13721523
16019569
73676053
16064962
178951132
204926770
29832295
183901348
29832266
14707995
13580251
98762505
214050294
102581612
159945687
29832210
195663819
157480990
51067918
247796986
13667605
38348808
100265631
44876524
108701186
155382841
71187193
51525756
29832286
152318099
22015300
5853697
190253697
203950936
13725203
5946743
235883115
203950892
94225840
242723887
169200565
149448619
19407256
137358662
29832330
184979772
197096475
195284744
69751826
195220188
195188919
195316962
198692934
195230659
97820945
145247255
258542957
257909116
259465270
258667089
258766306
177603125
257869107
259535694
262660056
262675184
262675113
262675379
262658807
214050425
184984864
222657064
204608849
263065039
249921744
25051109
248619476
178226446
249142972
249142497
11227757
7774551
89948462
199112805
50722977
75486574
120036358
214768417
253619798
205031751
253619825
21021472
203146042
5864015
138143957
13582307
97604085
163039587
98761117
5950933
13723183
91779384
214050267
202781814
14449311
11873106
13565205
22196719
214692560
149445623
204930044
242766020
150555054
135460178
15281800
244169151
138845104
174808770
164795721
242773883
247804694
203950828
192210325
13745063
95861872
203950760
117980413
113404199
68298420
27645308
59188100
100251600
253785824
29832305
12716502
194865666
13670364
206144715
95002107
207016641
26225014
201926541
13670292
242696240
138844891
133246773
13561072
14258256
247841592
29832323
5915985
202449081
11772718
246920504
252714387
110925848
51895074
214831616
214238130
214050113
201215359
62359859
13669729
201677601
162008425
252791864
253307272
202770095
4585211
253785881
248180954
183351677
253235583
46813769
97551550
97437009
205538856
201282208
259388936
258288271
257868695
262665925
262660081
257904849
259520763
258373885
160560888
262894434
258804913
192418949
187513069
262897049
252134046
258281014
204607617
262724617
249921746
11857236
50017080
35221964
11263894
11228152
16198184
102386110
120657188
120035592
13733469
78940771
260803663
120036134
253078657
21732685
112734570
6947393
42502371
250874543
216786201
248095517
13434866
5946747
202060150
175567674
195866908
192210265
248956859
149445780
171774994
249219517
185003268
13738589
71177690
166243334
13745956
5946265
11615383
207016602
13724018
13709163
209163616
13560096
149445948
13667490
173719363
95000780
202501955
29832238
13561464
213672698
13692045
197848899
13568202
5914803
176009047
119439811
102806786
83429883
208170224
29832327
149446050
183101172
183102039
184689621
29832216
174246294
13556490
183351495
183100983
143302223
253238942
154720591
183102120
216934475
222656720
48906275
73353925
55967089
107874520
56992061
108356486
174371222
149445715
247706930
200623015
216401509
207017172
247842234
89300834
106906533
158763296
116639653
5866865
249156543
5946155
200813716
58544713
33365030
247830337
194807345
254025312
96702030
96701848
96701475
14705044
11998061
44666196
195238572
195231361
216936358
98023693
98178769
259536557
100130026
26052603
116858045
259535900
258820284
258670213
258604966
259479712
259534821
259417164
258666938
262660993
258571282
262659296
262656706
97820692
262655839
160560873
261822238
177118666
258373168
258668174
258280587
249921767
248619474
252851286
11224280
51337905
6876677
69465102
20490960
69466156
34675881
51341085
249142711
111857954
146924374
194370672
195481470
120036304
98250665
124328783
119958141
120656992
164061796
4185129
263357286
207167919
24637999
200840940
151611962
193640843
158812949
122409384
197126959
13933256
200903708
197136394
83429652
178043670
103768982
83430404
41823764
116639775
192230444
197637171
158816576
200720866
73428686
191387903
201622757
69675090
26101497
262030675
195537906
83430427
145110317
200904443
56086312
165988889
252409807
92230828
83430350
170496490
163560437
72301383
11857588
197130338
168304506
92383679
139219168
166014825
139222373
205924274
149447374
72116153
69342057
102654920
192210337
201596852
83431455
202780502
153500825
198099054
83430246
195201183
14263815
74892497
155761851
84547691
22901553
69210512
59345748
82015427
22895080
210763315
68593571
197106350
149447569
28434517
195189370
120657312
186271081
195740366
82015535
134593256
179754053
14449381
170919377
149445936
138853548
253084536
203950854
253085045
253085046
195224562
195244325
153500637
153012348
153011742
153011770
153011081
152092071
69545001
152028816
69461744
13325667
120036241
120657293
120656889
14449395
195663614
14449391
149446448
14449323
210013405
104439774
170154533
98627542
253084731
203950918
169692395
72116735
166003214
222666145
197635925
205001115
59202185
262604141
254084931
153008953
153012164
68153918
69462319
214488088
68154761
252073401
222653328
204468859
242760216
149445837
14449347
195664578
149446029
169847417
46179691
82015550
253392286
12732439
180730129
195184920
195188077
171891690
149447435
14449389
206144732
206679792
153500042
198035247
153010847
11224807
153494422
69461933
69687741
69675861
120035443
120656853
120657701
222652777
83430599
202780504
149445566
145107541
14449343
202508620
94427086
120068191
35345299
252409815
149446282
170108658
14449335
197137842
253084541
252409802
205287846
202781682
14449329
195188399
69701417
12728806
22895809
68168583
69573036
69660389
153011347
153011586
153011375
120656780
120657749
21980621
7577031
69686566
253084947
112587817
149448657
145110826
83430054
149448715
202781462
82015419
14449375
248544140
149445919
248635119
21608335
139218346
139221781
98627715
149448650
155760687
82015528
35346888
120068250
197745488
262055904
214599253
69643835
28278222
195106685
255295056
198696806
254084818
262604166
153493632
68305459
7802475
120657772
120035729
120657645
120036133
120036302
120657305
120656985
14575880
120657642
69692740
69660276
82015434
195740593
82015448
83430084
14263927
197120180
149447366
77315000
145100254
120068060
253085128
185653833
202448950
198099059
24499685
28280681
195185128
195226080
197625541
195231536
68154078
153493590
153500627
203897953
11223281
69572791
149597879
205970523
253085320
222641945
222640627
194837733
197637796
51663178
195202305
179882467
247816109
72120043
247816136
253407349
82908958
179882018
9950894
117598350
162085365
9949214
197627056
9872278
11255777
9943981
204988814
70601406
59411847
195238822
195234225
76243231
83431453
9949737
149446341
200619501
59140475
195229509
15281809
168562448
200617458
179881474
155414233
204987184
69613986
9943718
94585605
200617579
195186664
15281829
9950757
15281846
189944470
9871890
149445791
129667311
9944248
200622548
149446819
15292980
200622378
194565090
149447053
200623209
200622976
202267701
94426883
202267589
9950070
179852582
251393299
15293007
202267567
202267825
217274404
217275186
217274757
37655488
91605643
37304835
217164116
153492555
153501280
202060142
149446655
202267683
202270503
200622273
252877499
149448158
149446398
138848166
191818855
202270036
203950870
200616871
200616866
179846769
217274196
200616997
179879830
202060102
200623219
200622354
200619276
200618532
164450248
69625396
209389209
195190462
201625122
199215710
153492044
217163793
57147351
202270070
135474263
202060364
179855525
179859496
200620169
179846751
41355335
15281825
235882905
117763891
189943119
195106598
195192425
173265306
197624413
153508754
262663722
153508715
120036085
9872433
243079621
22765526
94426828
203950908
173237343
200618730
179846825
179846813
179859544
15281837
37467920
15293102
55170042
149447008
69193564
195218373
201622055
205001750
206231142
153492520
153508231
202267461
202059958
202267449
173240542
9950127
179852631
251393304
252877441
94074414
73477219
217274251
217274877
179861418
247816138
179855562
14263917
195222043
197638611
195237884
153501295
10077650
200623101
196233552
149446177
200699137
202060238
251589458
15281840
149446870
149445808
179859542
197629170
197629504
197623176
195184990
195193173
195221840
214594902
198672696
68166693
76056187
196538763
21275522
71508123
21275524
69707247
71634380
149446460
149448366
77590722
199639312
15304640
77590747
70664596
15304612
198692776
82015467
15292994
149445612
71546774
70744205
77451706
252877439
71548603
15304696
149446470
71545708
149445594
52386289
141218407
14263943
149448746
149447110
70744173
77563315
37942451
149447743
145112911
52386072
149448263
195107134
153008719
15305240
149448673
70744299
71623010
70744995
199682905
71469626
94426878
83431339
15304660
153505591
152875117
152870404
153506463
77561551
15304676
15304614
54365632
149446833
149445958
77561602
54365661
71550244
15304638
70743876
49943623
199639042
199639019
145098441
15304648
76054990
149445596
149446245
71763814
83430218
69228934
120035674
77563356
149446749
71622434
149447002
207754389
158812112
91606869
9848713
41355344
9860849
149446073
199629057
21275520
252786747
9837697
15304662
9850110
69653314
9849055
83941516
204924901
82912212
9837494
82910456
149447318
82912216
9850232
82911028
82908580
83940060
9860508
9861223
82911926
9860377
82909799
75951341
83940083
83939306
82909363
82908442
82912226
83941666
9861432
83431568
82908613
149447942
149448707
189671802
153499075
247792147
196076426
132999831
149446569
83938545
206652994
145097890
104465445
109137295
149446055
149448228
149447941
199683889
149447386
149446015
149446898
195342785
153493491
153499101
149447042
82912183
83429647
161540520
195185041
82015531
41355340
149445997
149446574
149448506
149447376
149448543
205384172
9837163
149447824
149447091
149446285
82912142
253118778
149446343
153011296
98941329
98941336
206230319
263197250
181664536
132999823
120035785
120035467
120035582
41355333
83430871
149446247
120036184
120035943
212980989
15281808
71762270
71206321
105185073
120036088
15290315
252877458
15290248
136010606
252877508
206649165
15290237
82015521
82015436
252877449
252877448
261822724
120036341
207755271
15304636
71631796
71631229
71625624
15290269
15304620
82015412
262274995
71210469
15304623
82015545
52378476
71987041
262265426
11248266
82015420
71638766
71210960
15304622
161540405
71624885
222067253
206218123
206621730
77451612
71638141
143891533
71470721
182748351
182748502
252877452
199681536
252877467
98761191
247855886
206140686
252877414
262224334
203950832
262148254
262289875
71767219
186233150
252877463
172003345
176793184
197825063
198504937
198505016
176793315
197824770
247320148
172003702
198506732
176794131
197824768
155760380