184417027
176933390
75338644
207726229
107077295
142029354
142232910
190352555
195996255
5545275
102378105
79664058
106807074
87982596
102401905
125258897
26270151
198335848
177339078
181249704
148809254
106806688
25594114
127195575
7983172
139422137
179493044
16388103
98085371
110249400
197531615
136037542
180236430
95295653
186435839
116050371
247924210
7904778
171157533
138147276
107016592
141091166
191494385
257553381
140003611
122873335
243038991
27615217
165852563
27615242
28359849
87940924
134242668
145221036
159812899
146919876
248715874
147326671
121228555
178056830
83681314
249580633
55448490
258379155
108593624
177897444
2430767
74178556
249530334
144463416
50606177
247718311
125604434
207400829
145134290
73645511
148851470
140206769
196825011
196824927
23419108
121228498
262891883
196824924
94712868
249488579
53983400
162092067
197065475
124955817
95733360
243002378
171934314
77851666
42470969
194827182
135547528
186816171
145537038
93178705
249582393
106006170
197862899
171612929
145563398
257552436
148075125
115224910
116756474
107016497
248742250
36317932
148850910
118288152
53654204
14265494
194827191
185877721
199221934
125161704
127046545
167581061
123533581
15263775
247793293
229714686
162092124
218754991
204083423
207042345
163574883
242645393
137996526
194825918
38273130
162092121
255173622
129646390
50885572
148808946
262852560
129726688
74176181
29394607
166031872
106112532
148809417
194806097
23418430
159899424
217641264
465654
97925457
249578148
144504491
194826591
148699728
214919581
147011446
243044207
215162403
136742325
148698645
146981202
127881107
164379595
248649116
259487313
58985963
158210250
122870755
208526404
259485267
21441769
151611706
189341426
148967734
181979155
31129334
177898039
44615669
257771461
199730841
158409624
29376048
128326507
125603356
249089520
249578944
198953434
214943748
203497877
147764287
190505811
177737029
205510473
144461980
249579814
180745951
138355644
254082495
157568088
177735494
164538187
262476324
253621080
262661993
181928223
199951308
263266485
122645872
258752235
164346412
137004387
138014703
196824871
259484635
75648261
13853965
3579701
25206252
248907292
194567266
252857630
188723118
155019123
251324534
259485942
135072244
149195154
135072872
207354608
214819406
163543968
207346111
199107368
252614514
119501426
263061973
260792795
196865658
146492249
216419925
262456789
25206149
191678504
189182950
197862478
148698962
200852768
162092061
254006188
253622486
113189765
215120063
143886549
259487864
109853879
172840722
173098496
263062298
196825074
196865665
196865707
129724453
252720758
137994894
141015016
57382260
25553830
53242959
124273131
263047137
207564933
107776412
122873799
140332591
207562790
148850770
136742348
153989396
253074046
259488424
198435962
259486946
253782421
254082950
254082871
198696141
187838771
252783585
168730214
253623230
148940062
173237547
262719121
139510872
262659762
129421621
208398528
129423437
208399070
165631284
106806775
94584551
74735664
181217572
77851910
247906434
151946883
190242222
221253966
195474397
170987068
252784659
249112118
252672828
253043922
210137781
182546354
122874163
252354755
167146804
215162027
465670
207564658
261814011
249570962
254089426
200002381
210617317
42470954
138014110
208396395
154415428
3579707
242487457
259488384
129711890
132103034
190481226
147919130
168562400
207346188
188723902
214933658
154184639
187838717
247718304
253624463
253625405
171093614
262478012
75007859
249578734
122873971
132082889
207854411
147011412
259484578
245769822
171612919
133667819
145671585
147117483
177220111
251393595
215736424
263266429
136989135
23419904
34767640
115433451
196825019
208398391
8183978
205674445
263042892
98737241
15263779
29378397
25207172
95733373
24584456
31129424