185006183
595726
595738
595724
171057415
197615062
253444078
188694727
2790499
215040309
72851586
146274560
595751
43051849
4061017
217124868
253444074
190502236
146274618
111413155
39357752
574990
777541
54629212
247705458
205506470
205506346
92904464
92904519
190669530
73854345
2207745
262804723
215430078
198301224
252077922
81086770
69980933
190669910
170064212
777570
92904376
166625890
216401112
2790557
46206233
76118417
48928980
186620131
73875108
76223381
141949861
170064046
192950957
171108471
257771684
257773680
252714282
1079176
73872704
71928865
139730453
616472
215560792
54629206
777547
203084194
170063477
81084757
197595360
35723005
247465740
106752940
206145351
197595389
81276232
217489614
777565
777398
197516456
243089020
170064116
46206082
257847863
257787141
43948990
84566171
80483227
198791956
777545
166133482
68072117
225386506
66471595
230241354
170063789
777550
118775678
777497
235882970
80148080
198739321
248494655
81177513
81085674
203084218
166642513
75973107
170063659
203084170
118296855
176119709
777552
7286001
199706092
167614658
170064352
166536940
80485328
68071885
777549
170064340
198956738
173188925
249938496
80583881
80879116
173864055
176872518
170064232
170063945
173189435
243059543
108187832
213348521
247931380
262454876
167351145
165237426
254147410
248678197
205692319
243051187
248396994
248682905
166591693
109355836
170064120
247465716
149767123
207934259
197516491
252714270
248841061
166397569
257787139
80877980
170063827
250095746
173864041
230241360
170063428
46206221
80702045
257780579
36710391
20491325
45007586
257774317
204298165
247465725
235882962
243051094
80896205
197595369
257771705
243054676
247465795
247465775
247465738
160207707
197595403
247465851
170063817
173189478
170063488
170064548
170064569
107993271
235882950
213857272
36710366
207971046
84333276
118269855
200725365
248682894
257771685
257537357
197595381
166538173
170064151
257786751
257856333
243059447
197595405
81264825
253188070
248614805
243022562
81509987
257771679
108046875
198562065
34746225
248615849
214893567
167366416
247465735
251757119
167359951
166537175
197888061
166537380
167359608
141132870
257771694
118157050
257771686
257772674
214893533
197595391
170063988
217776327
170064097
120471439
166551465
167615266
257771680
243051120
170064508
205928395
166119349
452322
262512095
44201055
257787243
170063839
166480560
261967239
208747319
197595383
170063586
33395544
118693074
205506561
257780557
257787237
230241375
170063652
165626721
203084079
203084158
257856345
170064474
257847856
199898080
247475221
257779965
213936305
148636660
108185326
252041149
170063712
118209109
118791803
452315
166404938
235882956
251771015
243245106
118792123
32218438
257683139
91755002
41556298
118762430
3748987
248682939
645624
81198073
170064015
170063545
98938278
243051132
98984228
170064372
173189729
202996507
81210013
46206243
257771707
81239535
118284956
203084043
170063333
251761924
243021861
76023044
167208594
170064403
190619572
190608326
170063375
173189302
170063323
207971026
170064170
190608496
252077959
118789330
118281735
248678667
243051096
207970987
247401733
606696
170064591
167382672
170064634
170064187
34745854
257787249
257787116
257771690
173189201
248682935
243059533
118288133
260818648
170063791
170063330
170063286
257787130
57521318
166474839
257787241
165228229
257779968
190502238
605262
153409652
257771699
170064488
257780571
257780553
170063315
200727492
225386434
252041153
173864056
257773338
248182664
167343530
257856350
35674471
176926438
80752602
166537519
109343487
207280989
166525229
118792387
85028959
173864043
170063832
170064089
80934332
81135309
81186167
248678288
248843092
213698377
249859665
243051108
170063234
118792322
248682929
170063845
243051100
173188915
174829994
166549304
176587043
118775271
118792394
257787195
243051106
165236065
248842859
167613644
80886066
165227615
170064002
170064078
248678060
452308
249938440
207281026
118781218
173189413
257771697
165237415
263060386
243083108
777544
167244240
80626055
170063829
165231509
248682923
121269771
247465865
176049514
170063365
170064693
248678400
243059489
167061582
165231063
200726992
118760060
248682890
108198003
113204115
156234339
257786743
216464514
213936059
118763319
197595413
170064472
80900368
197595370
452325
170063963
230241364
173189121
257786744
80933864
110694995
98951680
121269052
166138147
167613695
247705448
248678299
170064674
230241362
80583727
257787129
98949924
170064331
170064263
197595397
165236077
248678646
166541225
166563088
257683141
257772672
173189711
118202781
80510826
257771701
149771835
19907833
248678143
243059464
216520080
257856344
118201831
213936035
257847872
32221385
243051112
170063764
208137652
605270
176589773
257787231
170063708
14419539
167615236
243051189
81281414
257847877
253188111
257847861
170064724
170063887
170063847
170063996
170064505
170064157
81507521
165235528
165237365
205818543
257787247
257787196
248639940
118792180
167613859
118792171
98501274
207971027
166540791
170063607
248682907
170064499
173189002
170063256
170063964
235882952
173864063
262037420
257847866
257786735
257779962
257787223
257787121
243051168
257847879
170063294
170064250
257856332
777548
201146344
249385149
215141166
243245248
243245219
249937382
255765275
118777279
81224172
81209724
173189570
80932530
166389367
35675419
170064147
248678087
170064443
170064615
257847852
247465732
176937688
777543
9804239
215141144
170063970
170063677
170063718
170063358
80759915
170063341
167210860
235882968
243059483
257771703
257786739
257780558
257780552
257787133
257856342
41610867
248682919
80531019
257856325
80711502
257847847
382093
606682
98966043
198521790
207971090
200727411
247465724
235882946
173189133
165237384
257847869
170063936
170063538
343118
170063998
170063595
173863997
170064166
257787233
167615052
247465734
257786727
257772675
173189615
147415594
777546
170063974
200727484
248678089
257856348
257856339
108055614
173189762
81262116
165236024
253188099
257786734
247465843
230241358
203084156
167382186
166369770
170064702
257788482
257786653
248401730
162025663
36155196
249390755
252078163
252161710
252080142
252080099
261813251
262045755
36154357
262694160
118275015
98957170
257856328
257847875
197595394
247705450
118791828
197595393
109505734
190608358
257780562
170064141
170064376
170063434
170064573
237286224
170063831
170063967
170063412
170063299
170063379
173864079
170063918
203084177
170063463
170064551
170063872
170064660
170064360
170064638
230241366
207970970
170064542
170064316
167053446
243051090
243051113
247465790
247465721
170063662
257787239
257787124
243051160
243051098
257779969
257786729
257787251
257787199
257787268
243051122
181909476
195742096
167613837
167613662
263394584
263392133
263394057
263401693
263401743
252080046
252079905
252278079
107990860
166328141
155601217
243059476
243059539
10767507
173189289
207970982
166390012
248676034
253188135
247465857
109484220
207971112
248678078
170063947
167610688
170063337
247465730
235882958
197595409
166307834
170063327
170063402
170064374
247465871
243051162
168338312
166524310
257787115
257787224
243051146
257787122
257787253
260845116
170063773
170063871
170064337
170064139
170063716
170063385
170064298
170064687
170064600
170064318
170063793
248678491
118775599
118192285
9689045
248638150
36154471
173189564
167613931
173189348
173189621
170064370
200727384
263394386
249659538
252079204
252676713
252078063
252078926
262045671
262438597
252080295
252080279
202529538
263060460
167317986
155595149
197162358
173189510
166545425
118777744
167355653
166546224
230241384
80896646
243059559
80899950
258858415
257787127
108014212
257786663
257786652
167615448
118211878
33039120
247465863
257780572
257780566
167615238
207280986
10767503
248678064
248678509
170063766
173189744
170064335
170063894
170063932
170064039
170063863
207280996
170064575
170063339
173189309
170064218
170064127
170064513
170064051
166359310
248194625
108019770
235882960
253188146
167211833
247465803
197417692
248637879
167615628
248543704
199753490
199901481
215141160
126765713
252080128
262045170
262045545
217124791
252078289
252078883
252078535
250095968
262465637
262646063
77221582
207971070
200727250
170064226
173863977
170063534
173189674
170063892
173189504
170063753
248678480
248678315
248682915
207971003
173189164
170064118
257856321
165235542
81261923
247465841
243051136
118769081
167272917
243059557
230241377
257780564
257786728
257787227
257787235
257787229
247705452
247465812
204280563
247465807
170064319
10767505
170064595
173864019
170064435
170063588
170063822
260852349
81205848
167360173
263209992
257847865
243051110
243051126
243051128
170064228
212265105
192138461
202961407
200726608
252078989
252078763
252078701
202529238
167615485
68119406
98412039
243059517
197595386
10767501
173864025
170063397
170063624
170064593
177145438
170063818
170064210
230241356
207280893
170064430
170063934
248682937
165236090
258860297
81255255
170064189
260859356
257856330
173189847
173863985
170064222
3174911
170063657
207970996
170063530
170063222
173864001
207971058
197595361
170064528
173189315
80934241
165236039
118285830
243051138
243051102
243051104
166533553
257787137
257787111
257780561
257787135
257786733
257786650
257786659
257786661
257780551
257780577
200725331
57521322
263394902
263393683
252079856
167615460
262045220
252079877
262694416
170064714
170063678
170063902
170064536
170064086
170063493
170063980
170064555
173864029
170063283
170063673
257771683
257856319
257856257
257856318
203084516
200726962
248678410
248678045
247465788
170064405
118209757
197595417
243059561
173864037
243051158
48982021
118771251
243059521
253187964
243051152
243051148
257856335
257780575
257787112
257787245
46206219
257786655
257786747
257786649
247465728
247465720
173189693
170063540
248678210
80484095
230241372
170063224
170063961
170063377
170063288
170064347
170063724
165234471
170064441
235882948
248678097
118761178
166561411
257787255
257787117
243051130
165235512
248614517
243051118
197595377
167613911
257779964
263347856
173189775
199753264
170064195