201305608
107363748
201644614
95090377
95091089
93936604
98070479
38311138
262689952
200023634
95090938
95089986
145093523
129711917
460587
171101291
14996943
208170872
111140092
58362486
755533
76587857
129712310
243058041
31517821
25189555
52468788
55681788
58563028
167952650
31516595
262605475
55289713
98079534
193237177
174240042
153657707
465853
78021167
95090161
98077330
109954481
196032765
59202720
84873949
221268719
129712532
174594837
141581093
191977632
87992923
157313230
36318268
55681813
62352445
14134431
115006589
51511741
109541755
176172309
217153583
197215609
123564887
57907881
201359099
123442081
225385287
26161242
23638793
118997694
95090940
197894118
25191837
207498874
136112002
755509
169379714
82003996
68110021
262674988
25981776
130872927
199240728
95090015
15128356
184629190
122373294
20506527
152546311
74744646
157943614
157943656
70086897
82391853
100897277
172191114
209120309
13779127
13132599
75551156
207663389
217153576
129712973
153593846
205481816
112641732
142997548
31519220
165689387
68777787
23377032
225386777
253127403
55553425
169848574
121684438
13944579
58817553
32408670
6821159
216380378
151994822
191573357
149193101
115288695
149659172
204963019
143019124
25188513
11662675
145220480
52468786
37152503
66507621
124273408
473083
180976682
139627145
142210921
217153590
133718717
147012151
253104686
23624288
230027753
125603927
106539543
29372723
118789363
116186211
153594269
152546590
58002869
95090036
86630037
37152268
162587188
225386042
225385204
144755388
136024066
48716250
24822881
135714885
58552556
20670203
95090746
68572116
102133385
35905543
473724
78894109
188711778
102133527
36318543
110205488
95090041
29396619
92521466
59397519
755534
95090248
98074203
95090553
95091069
153593785
95090941
215101622
153593149
104884989
96579226
473750
6821171
130155607
68354420
453377
171101264
153593574
215101664
35447440
755531
206304006
147119539
62884446
197337971
160270409
95090585
29394767
473081
175533792
37153139
97518149
190301989
109369716
15926451
755505
23417804
1711783
31642227
124276829
473079
25680443
102485589
90365339
35451203
225960060
185751462
55681808
14306991
171101272
23402140
82390855
207564743
102133544
177754660
108769540
198395016
129712004
92994051
29382373
102507539
122379551
171093468
53467814
162778644
96579274
9049768
249024179
157426733
102759889
78554811
146233970
92555165
32224027
129712125
82389306
96588953
38143931
13944581
188831951
5315291
25680179
2396151
82391952
75551113
122376102
51991763
178326231
169380988
220683041
165034014
97915888
197694342
121684449
473712
100923867
83750880
187859822
130812993
183683259
154167452
160270210
186989111
96181995
153593190
95091087
195850293
195850328
33457583
755532
31518296
252083972
217153577
44119323
153594353
229696234
103475371
129712054
158409819
35507409
171558152
159095145
197338348
197337969
102520954
160269938
186567920
359664
212261328
153593234
195850695
122870323
187838298
189182660
243808102
124526199
207499132
102519713
127880101
198435674
11662811
202645685
243808098
3657563
111708020
129712215
25190912
253127675
119111642
171101310
108002569
217153584
147690927
217153581
13803495
127554317
193923972
169381097
68984988
262674278
56004023
195573782
197892687
23408889
161944020
52266350
58992645
25653969
243808107
243808109
115224103
217311482
35763353
185751436
101872067
80370912
31518005
29388547
121684442
144171543
148700354
154184691
197506386
29375601
248180007
185990530
14697605
134560583
171652238
195850851
102759887
32222908
31517426
82008105
217646826
159095172
121229056
87536004
101872069
204438146
102507750
465898
159911642
169381645
11662598
109767126
130014032
134507188
15926648
153677888
25006406
19617779
212261652
192952232
190320619
53841614
20345783
249801740
144401412
111133800
192967733
112530747
148716746
102582147
133777416
37133806
248179979
109767587
111147356
102507361
115957519
127353444
216870847
35225011
82390815
138148393
249089817
243106825
171588083
23404805
473751
115968696
424060
82391818
101871940
152546810
121171943
53253443
14537304
123235744
253297019
159605523
5924055
162170365
144339602
82008582
150937779
146781166
133900298
69320964
144183002
190119595
11339318
173030852
205974190
195850687
20670214
26614121
116758988
84874167
49641783
57652507
204000058
225386090
473713
129425135
253619567
253348805
247906454
143627257
16960177
44497489
2396149
85241461
196339367
242282050
166335487
207565308
240369216
129713370
473709
51511723
188613954
192951666
174144192
249799456
48007193
121172564
51291522
67446259
168161556
193779136
171101266
2396145
44497584
52702351
182850388
162593465
217733136
473717
253625698
153545737
170814775
139220061
167033574
1711793
248180006
171199076
109713166
216870843
20872885
217153609
217153569
170752002
58551778
36318830
36319128
39361098
36318256
48756192
25005699
755510
193976730
175527231
124526183
169380898
473721
49641774
755506
137190935
196838169
134501108
129711748
190681230
129712541
91411115
176502775
242282054
128326343
102519539
70552384
111148084
207562695
189203815
185439143
153594618
37133836
253625294
195722778
12519610
6821167
116758641
257835734
101872050
195284100
25207936
185006777
25005858
68984953
25004293
52265422
83750824
197337949
41264541
5927787
1535685
59481786
87890843
186655883
190302022
109712474
11662809
96182657
149689929
207565012
243058105
136461631
98071030
102520951
175527217
119315056
121172386
83750850
82389708
55290078
173674097
49929255
174144412
143807838
203889562
209409166
12035270
142393208
117065629
81570233
794476
143715189
168878879
209431957
176502329
169685889
170814364
170842925
149187647
109339142
170751910
217153619
109335624
171936468
190481209
165911323
129711419
169383928
128649252
116018171
138661777
207565291
113046232
164541049
172373407
170421770
170288361
109377657
168896181
153592627
196338386
148700219
148850982
173630667
122870123
98539315
214912510
87967151
109340069
164023135
37411119
56586261
133832059
210134087
56454884
176729236
251015668
251392210
170868845
176502679
147347674
170405572
168523027
248546052
252626792
70547538
260920812
249686710
214868096
214868001
171593866
112440984
98073363
257842917
165679501
92959798
208681927
138905603
70761618
168729354
169415111
245865347
170123187
174607971
242467570
260920328
260920629
157059354
157059350
254082961
102507434
249276836
249531686
252083639
190681175
176024351
262486519
262482527
111139874
130012814
262601734
249276783
23829376
32946136
124274957
6821163
127353338
1711791
1711767
127353232
217153614
216870845
36385538
214617869
247844395
252401958
263266526
182084434
262605479
208603627
194024744
68984986
262674914
149776342
262605451
262338143
262605445
262338141
29388652
123442287
96551967
96551957
247949139
171089349
248005857
171587940
248006036
225960064
169380672
147588139
147977458
243035096
96580242
96578812
80366407
36318726
73492575
96553366
52523905
25002489
80960955
122522120
5535699
32223829
108957456
36318886
102133647
23630032
66747866
97816276
29358024
25679243
97922474
65394258
160269622
174144190
130415520
119660343
87991681
130655647
97921357
262859985
260893940
115876571
259598510
146980232
155273854
259398443
261116461
263066858
82151082
173636514
253664001
261817097
206134656
121684461
216870853
23377309
195850147
51692933
26613733
146493770
192952131
86406779
40621686
52253803
42470948
216870837
217153605
171199277
140297338
243005300
85264996
169849517
170845553
249093181
89473102
187839572
162385118
170842177
169231551
97925470
95864201
171151966
138906302
170727718
155215818
139948240
250061651
214742330
170283021
170851101
135502795
82003980
207564816
187839414
214908913
171864515
159899414
170123065
143715161
111136882
148700067
216870849
215911074
248230384
254082745
216870855
229805179
162200990
171151995
11662821
170927552
143810541
148967655
109377718
133714286
16729582
69320885
133718727
199196531
199916490
168723063
252402012
89053550
205018423
148076235
167611862
190681356
171661100
172028005
78924259
170836611
198435911
198435720
170337283
253623576
253348414
247295815
214591109
111152692
170858764
48602087
219243425
144188804
260920613
260920566
260920693
11662656
260920374
11662594
260920427
147385718
140998752
220679136
214867709
253127764
253127410
259514038
146649420
137995845
262078919
262463055
41085162
172499116
217153628
124275844
262674394
263064042
82390673
31517844
31516471
31518848
39360657
27577539
123442529
122522088
52266356
101872062
73385603
55289636
31519163
107004910
181998152
147587421
121171527
262674950
195850724
195850276
262338137
262674645
262674940
262674633
262605481
78554772
195850566
198395027
248006112
63678361
59252096
243808100
13326365
262674436
144162749
88809858
23404818
107005204
33457378
23412872
36319016
260438904
260438896
252357253
169380087
192951531
169380697
192951738
212607557
20345799
52382060
102609657
174143535
68984982
156299263
227179218
149776346
227179226
249799633
52268224
59394254
252720478
152692528
152692105
176466486
263042777
90923592
159858378
217170290
176674342
253164119
133159504
129238537
42896363
149382978
3657561
263362733
262482927
182485592
29394548
37152773
262674998
78015413
137995499
42471030
213845615
253128647
217646457
106539527
187838023
169099753
163868942
205510494
217646685
168896215
153593476
16219966
95665595
173469090
79464043
171579347
143378165
248294658
83933492
135502692
217570864
251022069
171828583
53773540
207565280
243005344
106364768
159737331
165665785
169356510
169685147
109340842
170405471
112441609
16730031
172378201
260920641
260920856
254082998
254082691
127353711
215100238
56683110
252614045
253076976
220667263
144756733
188930792
138844504
187838338
159858218
190302691
127497718
164538718
259485186
259489034
91343595
253296971
248231358
111149081
148810032
139558793
183375313
252075484
251499505
185855526
109765407
262502253
59104455
172533731
198537014
127353514
253620937
45695578
61556200
262897777
216870839
141014199
260932061
216870857
217482030
187328654
133710276
136202885
173449814
23403920
202642547
262674565
145673054
33452319
23636168
25004191
102759942
123442044
97816171
96574886
103475511
20670215
23404915
35859933
31517345
257835619
205958940
243043329
90528101
82389625
262674454
262674427
262605457
262674660
262674311
262605506
147587432
121171977
202642441
29388575
248006032
248006109
250020570
196579721
195284088
171089355
177703713
96551950
96585778
197337965
51371617
247949120
227179237
13119573
204212546
144182960
243031218
252784432
163148684
58961958
65394973
39773155
39774486
44497606
59394527
164196060
164351585
204004527
48502427
149045246
253619472
48044220
114428443
98962389
144179141
167490296
159687085
146493939
146493118
144198003
31518414
37795679
39360767
78017339
40963091
143715124
247906650
263410588
182786972
102726140
163725009
164062179
102731153
165854145
102519552
170478083
169329203
169848078
116018326
249585082
201004290
135716089
187838914
187838433
176729267
11662815
176728969
195702970
199974418
129711719
171936474
190482151
169459756
170736918
164022394
89052767
109377720
167952648
169657280
172343293
113205065
170346587
80960596
80960600
249937669
251263501
217153595
247972631
219216552
11662647
260920318
260920308
260920429
170136844
157059348
217153613
260920732
260920608
82005443
260920503
198435764
95090274
254082660
259485260
253128006
253127852
253127579
14800373
249686076
53467812
254082793
118880780
252401011
207562643
147105720
215184238
249815856
214910816
214742061
207831423
207854136
144403143
135076449
196341355
170333033
95733358
117580610
252623252
168730078
69764710
252077784
252077687
252070406
129969857
248180010
248223119
248241558
248180002
170842910
189203893
176477383
148698271
172019724
111134394
207565263
253623174
262599775
190547725
139135755
91090013
79323926
217153575
258752307
195850427
67870853
123442285
248005609
56793262
202645309
33456863
202644035
202642989
129712082
202641507
173450161
191757205
249012555
52382697
262037934
29357925
74208037
31516968
35859995
25002475
114436764
79450742
52255447
25005575
35726695
39776661
174144482
262757669
88046598
262659339
262674637
262674839
262674404
262338145
262674367
169380319
195850027
6936937
119026760
96553317
31517168
1711775
96578734
26613710
107412376
31518954
20670235
177703779
39776549
39773142
216870833
21467282
143865308
215118295
215079465
128815770
249483938
262497015
168729417
167490108
187837164
5807081
181218321
78017168
25538186
53924760
168984940
171555660
197655153
158810578
170165216
214742134
167952372
170460915
167952634
129196386
173150836
132043025
110750300
152729711
111136897
155249310
167146285
172385647
215193151
176729710
128649187
173909904
169640628
138826221
198435635
171152383
201292490
177910282
11662831
201126076
148006198
113236002
196467652
170311457
102482020
164055514
190819311
187839003
171152116
165689577
208684577
187838193
173013294
109377650
11662592
190302013
144342272
198435896
216204932
248179977
96177415
32410966
249277102
122873197
11501407
85241547
90923110
214911216
248682312
201004327
187839095
225971048
186655702
172346262
215949446
248261496
167952430
11662668
260920465
260920276
117643272
157059352
253354996
253354972
43833999
214867728
249686008
254006913
260920535
260920686
260920542
259486022
127354217
248066771
95091068
89212609
253625348
253622510
153978579
200847975
216870850
247907219
1711789
208528011
127354047
247718337
10127416
217153571
25207911
259227886
55681796
247718243
216870841
262982108
202644777
262675042
262674686
262605498
20423714
262757694
262605465
262338147
262674339
262674246
262674462
262605433
96551961
169380454
175527314
25005777
52523912
33457359
25006268
25005630
36711193
23376339
76469553
96584298
92503954
71683697
113792621
88046606
153837263
96587931
25002821
70805464
194405617
77965989
262674345
91457836
243034793
169379733
202642917
20345781
27611265
68234915
52268226
252628855
6420017
173425024
48458043
253664517
253121195
158816463
93871079
122373467
217526993
262462594
262485532
262674581
44457817
263047085
181218940
1535655
143715246
50268513
171185347
187837106
170178092
169076048
214082322
137852302
111136875
190302043
82003907
176262448
157160433
243005325
170870603
129712529
58374119
163863991
176729774
207562642
170843704
144339546
169402269
11662649
169357956
129712286
168532039
165674864
173467866
192011340
247718335
217153598
133829188
187838062
133617074
129712118
138901806
155340522
170278329
217153588
249276991
115224308
85241440
165690667
128325928
16722252
245773274
260920752
260920573
260920591
260920593
260920441
260920291
260920851
260920287
177902999
127354644
253127935
252102553
253127859
220682105
157568975
111149141
109769206
220682760
215162990
248180016
220667133
253244432
251501306
252066635
252099759
245791193
59259382
155263042
145221007
164048226
187837397
248263335
169120590
249276830
253189622
31519255
14306993
254082496
252680641
168734260
90875493
248066425
247016986
127354112
104800153
147020730
249923539
6821155
11337505
1711769
262719182
247830901
247296455
217153599
182090677
262699542
247949131
243808096
177703746
155200666
177703772
198395025
155532271
173449690
29388517
169380678
225960066
169380287
37152523
50724705
7344405
77182383
23639981
101871938
102759780
52523934
23406274
37152476
151950759
262852783
262605455
262605439
262674894
262674769
81577383
262757677
263105025
35860005
263207519
174183105
262605492
52093674
262674690
29374947
63679897
42470555
35093645
23632519
29377003
26612885
52709612
193046930
13829083
171652303
216724847
55290103
260438892
195850286
174144318
52268235
161467259
72527470
58456307
206781583
177545201
227180670
171792068
242729151
217475584
146035110
168168162
253074436
253072349
53467894
135811996
244132991
256515533
189034853
135043821
102133650
252644693
159487368
159684252
29360747
168114916
147963223
143715255
186883125
78017050
113621611
170136611
263255809