50357283
83396665
93707693
155498031
126733781
2582233
246969336
105653684
104415770
113116416
262637790
86049349
135350970
85924601
34616135
47469935
6868921
83400933
6867747
14312780
39324041
248608077
196202678
79359950
3972829
124894164
262051424
91836093
197964803
2582235
249787490
58362814
108240582
490469
130211189
250549034
79203592
250549037
84482647
241779345
109552248
39312861
250548938
84737848
31515230
84872784
262053191
2582237
46825644
10385957
38158409
136676504
72188948
158811181
76205710
78286761
191421765
55318685
207811596
214916646
74035639
46620800
43094198
38158403
170268192
204425378
133775040
203982806
262605384
105629960
39324443
252009283
95215010
251984665
186640339
108243278
242693636
262052776
47469934
14992497
51433881
47110486
76589673
96476443
9101840
23295662
73475064
26618935
203982858
225940663
192948934
146274123
188057650
186640432
249854319
39324644
77329818
125011777
194595536
76143498
59264380
69322452
490578
196148465
77329767
192949370
76129367
191418761
214189399
57040634
214933050
9110425
431485
9105583
580226
225386504
179967732
550053
208778475
10303694
194787075
72890646
508630
200848771
435633
58361572
208073802
199109211
114895562
106276784
195551228
186590387
72946586
550059
550056
550049
47469938
159886880
262300572
198902510
550036
550039
51509015
84479181
202426486
210156106
84484759
217087841
193011546
75376729
103703551
196157826
191427172
194451545
249853892
431487
249853998
207811598
194847713
208073928
126851666
654091
225386494
213997322
60896889
180846912
76250780
253318987
36493663
49066851
205318847
58360477
250743099
253318991
205972994
194493976
29354458
207811594
209882032
262913065
194477417
263097095
262903771
225386529
215560772
205812971
70512090
195187973
200005606
191427185
205514536
1366725
194848032
249853738
435346
193007725
84496030
251984784
171580952
1366723
192288144
253169311
171584212
248354228
194848213
192167703
194847875
410140
84475991
410139
180864375
171580610
550041
194785154
194785819
193012025
178294109
192287783
187860238
250548882
26057683
198522453
192949732
76250046
225195081
208067486
194121044
262903803
84487732
100029893
192288081
247862390
196148841
76251015
205812416
105619735
53668682
26030875
180316866
210155896
580232
180354334
196187314
492750
84455293
194847417
262903795
109641013
77057220
45662998
80978973
193492810
105626415
253318989
193008434
249174161
178533825
51712182
252658504
222638951
22642920
162399288
197337618
193012906
195551248
247256673
35859590
191353911
196161458
1643393
195543959
25663592
100033795
194502903
216462267
550038
249452392
180375795
60872168
147976928
192945855
103723533
249452533
174215065
26024493
550040
196188643
102949742
200848966
196188391
196161462
72946590
177056796
194787538
193012339
196488110
249457274
138049766
492741
76126289
77058822
196161282
100029874
191769422
120183770
206362992
160305068
251984586
77058813
252079872
101860043
250077311
263113022
178957531
50410135
194847956
263098279
146954147
196163405
42838947
124893129
250070898
204269382
198898609
120183461
214189227
252080203
247855722
196161284
182300633
262903773
23424523
3554931
72946594
196470537
108716723
194562647
77057263
192951066
260922652
252079446
251984750
249480482
247795111
77058612
252079709
180933949
72946582
160304310
262755680
248789821
203982758
262841039
262451677
43815616
34747256
182755969
188927396
117315795
177989428
10303702
136599882
129138347
77058533
196161218
196517331
248789825
248789823
263206754
262903744
103474883
194845996
127031467
203401919
207515297
198522861
102108234
195543957
6308487
196517835
198193754
263393345
114945576
206362990
263045010
252640222
201308114
249489557
181773853
105617911
180963518
115124579
127032374
91010780
248789819
182300865
100025322
139498037
262056030
262903777
263105049
207345918
254036911
196163409
178313321
109862123
31690659
8189476
146226348
219151956
253169394
263046278
205573813
205808197
70520561
196188369
240627049
126317622
105617546
137941354
250077205
168181419
193012816
194786803
263209701
53258371
198698499
244332307
216010162
262382696
262903810
120183189
181780109
183332005
197419850
122521488
137441731