249778808
250549121
197464923
159050459
181379283
247373878
199739777
125838238
250104305
59144044
159912507
68586403
253394013
137446010
251551154
193895553
49377935
104465374
202041941
17936553
186187148
157299807
196488153
207563363
185024815
252858760
202339027
162025766
252135030
162025764
109861903
247955075
104465370
159912461
161541362
116904731
216385337
178240521
13119470
202041937
68823448
258409301
214187516
185024810
248886537
44640202
251773656
251460481
49377907
77038795
120183254
250099407
247983017
247954720
247954716
120183235
252583641
247953857
249262329
127692476
127033575
77865073
201385751
253043416
251548203
137260914
105739913
55513749
120183304