394013
714382
11820409
202769503
215745856
149534865
53827745
74217555
203122657
204808179
409766
114896212
215544032
212469870
252771961
252780925
202769495
548694
197637978
203145135
254088273
24152650
253203064
197637709
201843452
225267341
203402054
551539
253305786
225240474
198640705
427993
128261424
1405999
127591615
1406001
506120
198939328
1406005
253394073
176817376
104557516
409767
200995807
104557522
201385709
1406027
1406013
113117264
1406019
221234056
399210
696148
1406011
201843190
361784
337179
137129445
105739279
405395
23731761
217776941
1406029
137129385
1406015
183727532
113117274
1406041
1406023
225267565
137129319
1406039
201307991
104557526
201385671
215745852
215745854
252135447
190087643
137249925
207287172
1406025
215737203
105739267
1406003
249765043
215737205
176932899
190087641
217385363
217385366
1406021
1406033
104557524
215548526