44860372
222627756
252714374
2848355
225195278
73492149
32196825
202962064
192338884
489886
191778963
2206613
2163001
225195286
191779541
217361251
198285460
118522623
197388049
2293313
197530307
73491888
2293329
489899
262704284
217361390
222627738
252714323
16829428
217721923
489842
217361596
116902073
58711488
129947535
129947579
129947573
2181989
489855
489835
489837
121225397
2207673
116768000
2293289
89481608
2293427
191779826
263103205
77702354
574302
73492198
198562366
2162039
489905
324929
191779271
206248764
217361572
260107745
32428896
2208335
3782635
217361507
2163037
192173876
58711298
2181939
2293343
206248750
2162445
10762708
217722842
2208879
248703444
197620651
248703424
87045246
489892
2163311
587821
101262477
116416541
208056425
116403749
73491911
260644128
489914
55288348
2181937
2175571
2207445
193101642
2183761
2181929
262701495
32196843
260107909
217721706
197652418
217721908
116902802
102758247
489851
54660890
217361602
489917
2163631
2293325
2293339
2209065
2163031
32428894
58711314
191780309
217722840
217722790
2206621
198285205
19884246
73492147
102132934
206248722
102133159
116835609
217721928
2290847
2163587
198192588
58711010
2181941
217361598
217723428
31933842
191779887
2162999
198192584
120379387
3782737
202961841
55288741
197388077
174182860
192908925
2293317
191780403
116667923
217723414
120453921
194183584
22866843
82387588
198562378
192989282
55285019
574272
225195239
129947539
173854319
48755471
198562277
206248682
58711466
120375521
102132941
44605405
101871334
191780634
191780584
73492436
206248734
517527
252714350
32196835
116409324
489833
3765707
217722537
217722902
217721752
198192562
192173786
70202852
261840741
171653807
191780021
198562384
122521953
116567097
263103249
198285565
197620749
263179556
263208100
263209004
263179554
263179562
263179570
197530363
191779533
258666889
263100954
116413969
2181909
2181945
197388156
202961908
257925253
129947562
129947585
2377327
48755224
197620691
58710409
101870760
55288522
263103185
197897380
263207854
171592194
198192575
191779912
191779109
249825841
215217917
191911454
191780373
191779332
263103122
252714327
3782621
129947551
111030154
260733962
167686047
191780474
193737149
260107803
110126350
216199130
217721972
129947577
217722898
263179602
263209939
202962062
263102399
263097153
263100996
263104202
202961855
102133180
263104498
263097764
263097192
263209568
197530477
147575682
249825876
191780268
191780469
191780748
202962074
192989170
25205949
193101466
191780684
198562169
198562210
79450472
122521816
89481592
198562149
262704527
1616557
174012018
167657273
2181923
2181991
167658512
110998167
197530412
206248800
217722868
217722710
217361594
110126342
191779404
191779003
198562368
261840791
54513315
116190705
73584898
58711064
198562206
55422892
48755138
77702352
2532725
118522807
191779797
197388137
197620623
263179544
102132943
225195211
263208171
198285213
191780577
116668820
3818683
3765733
167613028
55288660
197897366
107004688
197388115
129947566
129947581
217722543
217722890
130780784
15671855
202961952
263100998
263209941
263209676
191779487
263104216
171653791
191911450
191780558
193101359
197530442
192174012
191779995
191780145
191780441
263179608
58710950
2181933
262305564
2175013
2181907
196579670
101870609
206248736
129947532
129947550
217361242
261840815
166084676
263207878
263209680
263209994
263209614
263097239
263104530
263100980
202962072
51031239
252714370
191780270
206248788
171653457
73585152
191779918
183111543
2181935
202962004
202962046
197388058
191779972
248789318
197530339