261839155
261839082
262640525
253626820
253058519
242442921
253356382
255175166
262018345
252008044
249570463
253107382
249348660
251254678
262566565
247652778
252770270
179218534
215217919
216232236
262806885
251215006
179216695
220672884
253585523
253356263
199109784
230138412
248933117
241742115
252768394
248714885
262658659
219133947
247290091
193101284
247817574
208311992
196603793
997027
262469814
206376647
189263956
252591158
249967038
214628460
242693584
58687335
213892735
251997666
22634378
206376403
173347852
190354675
82385116
253444090
221228319
193715135
196594986
206376147
184059208
168558650
173372362
245790378
248933283
214589498
251245322
188687014
235693616
203957790
250087648
184592599
1640055
136143258
199593178
204231147
216336184
161913510
252605378
209198385
184765615
194788131
88095819
163575699
253556048
257866215
198606734
214498427
261823027
206851355
215388586
189180183
213564958
96594214
262803605
204044627
248565825
207909812
167421806
178787886
94381798
95665546
79009113
181698921
68727258
198779452
214819957
197597357
58709407
253207836
251221081
206335050
245765314
221222723
208129522
230323994
249876386
72026596
208129511
253320184
213715442
215163392
74218234
137430675
196522005
262700316
184673149
91419349
123892983
159396831
205538955
135291319
191800476
253197397
92711202
212259968
235554814
83677340
203293202
188907257
182541056
116455384
96594317
83677461
96400101
196337214
194810629
203701896
208059356
197664673
95716615
95648941
195663040
83677525
164574362
83675701
193583513
205124780
207802543
96396116
146937039
249872231
251243240
251226859
183315325
79007385
161509386
136059673
252603342
103375292
249269645
198587700
206361287
206376509
253056603
192453566
117708182
262803996
68399142
196561773
244173919
207898846
155580229
261800672
263066330
10111559
217130865
192164830
58381490
200994580
160222127
252603004
249271750
248562178
2689939
208169940
215136628
213741384
249881586
252764606
153038925
193601346
45353399
252764741
198960788
169599435
247682255
146936995
217452982
178476045
101638138
55879555
89213218
202497769
168388006
197552616
134522804
78017628
208778485
252179311
67477124
174439150
199007538
242029371
252605701
206331242
206331141
83677626
197607097
252460258
248595146
191013400
198462772
249178568
197714881
251870439
252764824
214619801
204374127
217515479
221261781
252987364
227060480
178566808
251553082
216460907
252605113
252605315
171587368
58870550
263077002
251514857
207041834
253618013
252602769
249974416
79008966
216237656
206340618
192951044
206335227
157027618
73622859
178831309
117031515
213997369
206991043
215140130
160820931
157841888
263085300
212358087
263104471
260828610
24957730
206480568
184234797
516404
205573854
138342392
207008383
166436905
164534965
8286606
143915957
174182583
179584168
174599846
191909308
213708820
83921591
132843371
196019965
214762826
137440494
208438114
93925269
252078200
158220412
191419976
191411311
206360741
21762965
165626690
242085729
252648435
206483362
252672090
222655960
203757788
216970659
564297
105027798
83677968
136482592
70524098
242423669
127478036
204473015
108880996
197866732
161245858
168181417
8168463
251233613
188694977
531637
1955479
174647317
188473432
205928867
116120081
168959966
217614170
127380591
230081912
253254823
180399935
173911159
263060449
176522584
562571
151665365
263104109
263098905
124185517
161025045
76207313
205891916
49247371
63923160
74850590
206374756
206474618
154853066
153993118
179936916
122094847
97993407
109550607
106348426
207564401
207802466
142419393
121101864
206362921
205298804
112532632
170383580
205894573
252606736
59344733
214862165
144176934
120136404
117492428
83677833
118845894
114731972
125339884
96446613
253444086
206335128
212564384
83679929
55261363
139239949
192880081
83921235
73643261
174808400
151505576
115789966
202042258
225386573
205695440
201385768
206480654
30689227
43980017
124029314
135216699
154982292
82528140
154490388
161428597
194195185
83921691
111692223
249679633
195519559
653860
204044614
252080137
137375247
87106861
180582105
186139549
109610899
157055259
653848
187952665
113408338
141317678
116695509
83680302
105070556
109187068
109549704
58709712
107011807
120033741
132293052
77220946
191413186
170870058
181456547
181680961
177532880
198866429
251241199
251875114
251885789
252558124
252562739
252562938
249268320
252131059
149969343
199669056
253107335
253176893
252589628
252589734
252589952
173568964
252590080
216971162
249268584
249268304
249268306
262817114
77222093
197664804
263099070
263104278
263208663
263207747
195472192
120471712
103474451
120471717
120471828
263303870
77222659
217441260
205298939
179864896
252402462
252425678
252589792
252159833
252157334
252558411
252559086
252558812
252557814
252415916
196467109
252760228
252590106
249268316
249268317
249268962
137551607
251254551
178216960
216973353
261979556
249644224
263208153
263206706
263103231
146274009
120471519
120471494
199969209
207749372
197652300
209379533
215560798
263335282
263303868
77231596
57220960
252589882
252589765
252589703
127901482
157841614
252562422
252563167
252563097
252560849
198323070
173347817
197655346
189051795
130286690
183223192
216972117
262082261
67930323
252283627
252290221
252285082
135154454
252432869
252413361
88021202
156233243
252581073
252159476
252159733
263056075
213886920
263101524
80960056
197897196
2716615
149876182
205808429
115254304
252078884
121643371
147784234
191142546
185656889
152425202
252283171
251888929
252159329
252165894
174104148
190231804
252420705
77221399
162597028
252589919
252577223
252576610
176533214
184587613
249268314
252589720
252589989
186495798
195993447
263103132
206248633
166084656
204044616
263209066
263208686
200849495
197185336
187757066
160210318
243203866
171808082
204049650
202880182
252284464
157841675
252589825
252557456
252562206
252561524
252589974
252578221
249268312
249268310
252158660
251921616
252165972
186312809
260803709
216971368
248773851
203872868
262726288
263027993
263055375
263083127
263101554
263078580
200673088
160814614
241667405
248619256
219460752
173911170
1191813
116904719
252078940
263450564
207645877
206376507
145750584
170254058
192015809
143779613
196186320
210144200
252560957
253355309
253042546
203874511
252158547
252429696
249662994
255175196
252589655
263208220
263207848
263207891
263078554
263078582
243808056
160836735
262640469
187621322
199705353
263412937
213469244
205707587