221228338
125776045
155907635
199175145
509829
2430425
125775528
172545644
243018715
151509203
88826423
19518689
13305470
127796699
2430405
2612737
243014920
394421
3007709
55997146
2430427
394462
187837639
205707523
243224499
48653095
394434
221698123
202645514
155906551
187839250
217190527
262730667
262729285
394438
7203373
144464935
72764282
198435748
138315878
187837132
2430423
198555162
121978698
187838383
151509388
251544867
202420639
47511254
1698039
72764842
394457
155904365
8095929
58956353
50415442
5755375
394459
116959129
42004812
137375020
132183472
192801080
77754117
2677959
102082261
195660632
202420429
2430421
151509498
151509476
60201076
202643224
642488
81316123
23413894
2430411
202644993
132170890
202643446
19823233
202418388
247730889
153887743
2430415
1698027
10136563
394473
88055580
151509365
199964425
253890902
199245426
102093478
119445501
202645411
243243503
642190
176673303
187837895
198488506
213524538
73866052
154184532
262730724
72799707
119257146
145563046
1940139
144401597
20148781
19616013
394468
394471
127554378
33457024
134595008
2430407
201353423
29010655
23628883
52703130
119445161
151509277
202643412
113837029
138813774
92817908
642187
151509559
151509186
1084852
197182393
119445251
3819733
199112648
204231148
262651542
262674833
2819317
140103637
21974991
199113192
243097300
108906771
12727928
31575872
199113356
119445722
151483618
88962635
139193510
171155723
148987346
202645340
19921416
202644114
198549913
262730790
109334131
77330775
138855246
198961906
202642766
58693158
146781107
207042062
2716183
145770138
251544849
202644683
243132236
251544955
79554652
140103617
122413364
202644357
108900897
81689861
119443573
102614983
195915625
19943349
77328838
198435981
23410631
2430413
17001799
2430431
202643604
202644764
105608223
154783229
102103551
23411437
151509465
141792302
202643199
473187
22048377
2430409
209409863
198555385
1712223
82433051
2819499
262729387
205835497
57211416
139559114
151509500
195918311
145562974
144401477
17001791
208276878
192801089
202645347
249291468
31262426
14714216
202419320
140103401
8095935
58074711
151509480
199110511
217515473
198893754
154184623
148699699
202642022
119501483
145770102
81579654
151509239
214112780
251544852
204430745
204306097
242753262
20146111
67825108
212927627
119286695
2430429
102107711
248646771
82432787
133562870
122871546
202645635
185757012
127554572
41192896
102102964
208224538
153517652
20243116
169380061
42471279
208276252
127796700
167525065
215600029
31576419
17001769
197182171
17001781
201359359
119286768
198537101
247731265
213893137
208276643
197180301
215627267
145563769
154157449
168667199
157412196
209409745
198486895
9857855
473122
179509139
172840705
207238451
151509537
144401640
102103630
642232
202643805
102091762
144491315
157412142
217179133
119285220
20241900
208413010
151509194
243140747
202643342
202641960
198487466
199217195
187838646
119445707
180042483
247718270
201006864
206463661
187838821
215538980
211267464
122870753
187838780
110875449
116392668
88055556
255371616
202644111
202642407
209409860
248647155
251393484
242730821
138382063
198966254
198550172
17001795
208277079
255758961
2289989
19524299
206459441
143613641
187837688
204439168
149400458
241904706
199112826
175779533
155598690
187837037
147010068
179536815
119444991
140103321
140622292
248221459
253077625
20574857
102111197
88055549
20240903
253662243
253632092
31576727
258752280
242727019
202642160
202644351
209409263
197180127
193484998
249291466
198547654
208275578
10136720
151509383
207853714
199218571
141803234
204438968
202770242
173760818
154443472
1698021
217263217
1084876
102086264
102085905
222281848
31572857
195801886
49713642
172566293
187839228
188723075
168728055
230062151
20542323
20242218
251384015
214742178
182114662
217261962
263266441
202644251
202642136
202642017
209409868
242729647
17001779
263326664
168668353
208275839
198493823
208274262
208276716
198553909
127554547
140103378
13442446
136601789
157412123
229804325
119281127
201346809
169928759
25056859
102087722
102108571
151509337
187838487
187837210
201155066
122376038
148864105
255403562
202644454
202644542
20470004
202644707
32224742
202644475
138387399
202645980
242724052
88782601
36338457
197066511
198963951
131497939
198965253
208276023
255758984
253071514
145681975
145275073
187838810
199110141
146994814
127554215
121434808
169922810
12734416
140148341
253890901
253072984
131280563
155042685
42410564
102101004
144365409
151509339
201431028
216012067
187838087
127554455
119445675
204237093
178778644
168675766
187838523
251544846
253632145
258752278
242727514
243091455
263206772
202644950
202643068
202645087
202643191
243089016
208276880
208277137
198546055
193483249
258820361
198488696
197180591
202644078
255758955
162177250
215545167
162177252
145694799
252133259
157412129
172841216
139269223
199109854
175783180
162481852
248724828
207772442
247731204
195917038
199222387
201436990
173128697
108746053
102103410
263266461
17001777
202645164
202642180
202642683
209409202
202645812
202644479
198488713
198488647
208279157
197063507
198892875
124275477
248727267