88914965
52255829
144237109
188697220
197777841
165984505
37733613
20555315
140770142
23481739
162211765
58114250
23299621
37192306
171612522
136795963
213845648
23749129
194087234
216963290
144758343
162211614
120291200
57622197
17491767
24850327
259561730
72652387
11821797
50824984
192298461
162211652
212606389
24459931
132083191
193478723
32172814
97925528
115701940
25959180
132094041
187837249
451892
451901
206291154
451898
451888
203429019
244163680
146393816
117693664
227135297
48877060
201350306
244170438
118531682
169380504
183262799
465479
106364733
242449741
53135516
107016488
188904775
252178287
132082884
53231703
193478217
136677269
113649869
20552546
251378576
188697190
208031849
197506239
198547123
136879343
19383404
36705992
244166398
473202
16199415
492797
125604215
24799521
161458531
249037203
193482378
242309818
28732532
122494
121335590
216197448
57702427
122868824
195715675
120460574
165255740
247718333
492796
100471615
152410511
118553600
202642324
10073765
148699850
179584201
178078317
49636817
201938936
153594268
132083437
242644661
156653612
171746695
192182073
229726579
124163193
48544417
95866478
51991679
115543125
57760230
188904669
194087145
148044583
162211784
472865
37735985
180325949
122517
188709322
217168476
164536175
139481085
167511751
45024156
48953237
225919490
124273057
215983190
42684460
247906894
202642727
165255703
115972813
472861
208279019
207756477
196865635
244162244
48012241
174293823
202644869
194416575
47312444
26031510
220661801
67240335
473609
153262521
170745424
13320605
1000615
66680727
10238555
187838305
138933853
117212662
197182293
169691011
230374522
204329666
188846981
195850228
167452138
151505752
473655
117212502
48875167
164543205
214050340
187839382
202643339
132083439
89429815
15280794
187836958
162211612
244165521
172922941
99096256
125603905
134234408
187839503
187838489
139481394
160888766
72890092
247718291
129527519
133668903
132082337
207269582
141765225
112686171
106539879
111294244
11418307
188710156
2692405
139481275
204928516
50304454
187839040
187838249
492653
101253986
244160463
152990255
251459551
143865037
48004114
128781821
252563081
128593711
201348338
25976044
171612432
49011902
150931393
26017505
162454804
253782390
129711989
197179331
187839527
132082720
171612548
106068559
5173703
53092850
247718240
206722258
193486765
244165121
198490294
118264383
203538925
116827869
48530806
118404011
187837696
214742129
127428320
95313946
203401974
222529929
187837376
106539989
185854424
187837702
189947594
162211747
259560710
89222194
187837836
139480834
133563628
189947241
162211701
127643705
174838691
69198842
144217676
132082631
180499401
209409201
188725152
187837964
247731180
252792569
131960232
139481033
146479505
58209182
17487905
259560617
221253463
156653076
165984566
244160407
126734702
187836984
160922387
192795271
88915067
259484363
244161443
189947046
136879228
187837253
50339561
247838743
217484889
153592660
170618100
174896266
142720809
14245950
244161908
169647727
191923976
187838310
244163942
472774
153364729
263272237
181917705
188723082
139481095
139565181
16856964
198964480
34351716
187838672
139481185
250105312
262386212
208526615
201349127
117268038
140103728
128190755
222655770
94124450
170280686
214050193
131280893
189147735
197067716
142768099
39323641
184944187
240305281
168730734
155683832
186552806
23487263
111290483
135072438
136875381
244162829
259559721
209409507
202643238
132834090
252728210
253782371
187838446
20876885
17593463
201301136
122872352
139228865
129711803
152801837
148076635
465380
144341313
139481264
473730
193485663
207240351
135071698
207756480
164287771
254089915
188697400
209409941
113484252
13309026
97925565
139216566
106539893
129711684
97925637
189947622
201349640
85112216
32915522
206252965
187837003
132083555
166090709
156653609
187838622
165034644
153593012
242634294
214074935
106364717
136879611
135072818
82939077
166081527
262392498
96579071
180499590
452127
166080674
167417999
43861275
187838437
58243200
452141
216936505
129713123
77451974
168731254
165984559
202420776
178013439
96547462
103475920
139480988
187837785
197065651
148567970
193485460
472853
135071797
142720572
188697096
50314789
188711370
97042686
88915048
196894355
198961327
25245940
473249
242618723
242620093
208277670
185910399
465188
151505727
165913725
114688806
187836797
187836870
143613426
168610737
176096628
133563638
252182333
28530728
252788597
173243733
573588
22957162
129527478
205288593
217174329
3340683
202644547
11228009
492798
193485579
74845189
242264956
158100474
29883505
242636959
187838755
132834126
96585529
466262
48877022
165984494
178013624
124861981
11413581
201350064
139481108
202645907
198966195
253077302
84567132
142720627
263023109
174301367
244163577
188697382
31864212
100184766
199976878
15205765
214050172
56699963
187838026
122868525
451818
1953231
132083344
201348602
166081608
187838112
189946912
175968198
135072882
135071968
201351783
201349890
216202643
172205992
164281999
140743365
194565844
200719075
259561150
174301198
52050808
244163209
192795256
201348365
203468198
98864931
204437654
198931745
2180101
198489308
252789073
451875
187838070
136814743
58488464
134429102
197803334
188697075
2655213
252135758
13868167
217513527
472805
189947550
189946908
252274047
205963391
197804782
259560841
132083214
42250180
135798433
188704901
158100553
244164090
244163492
52250300
153592764
85111959
253072680
29362014
198966448
169756939
263049242
160784449
187838463
253077574
189947630
181979159
244162536
252354535
110359645
67241188
32225617
57985178
4368213
197064551
24606361
247838016
132083730
244163197
216902438
201351397
48309158
244164732
244165707
13300965
168984974
247794277
202643942
198967518
451935
248682532
140103364
125137168
253782473
242453458
207747427
179237488
215982063
169403040
89697272
132082317
200768146
216199473
225915703
25939026
116250316
201572175
122538
173405235
189947616
146380388
165984545
118536926
139481021
187836732
41222532
138826170
222624662
12290402
139481013
90022040
153593156
451922
138932763
167410670
197180976
198964733
162200262
205288437
192730529
192912168
198963709
187836908
187836836
187838242
141129760
128781607
48875082
472795
3579727
192178608
187838631
177455856
187839148
180974460
244160356
79459948
187960099
170845369
8082693
132834065
131183159
144464768
177456180
133913815
201580389
97489924
106364617
199124819
107327709
167607784
15205772
187838438
160909153
106540298
187836790
201300720
135071910
168610896
122870275
106539770
115972817
125755458
249220190
254090709
122506
46112740
106364987
202644133
202642419
84592251
1891899
193485802
53057539
197180292
230315315
4820257
466299
205698812
87672711
175977707
187836858
244162009
189947367
153594656
153592945
207565516
142720763
14614983
216204833
253075447
253089688
95855796
249960911
245074488
84878939
107016470
202641767
473592
473595
473250
202645943
202643972
465467
120372030
67240260
198552251
197180228
197064922
16981588
247730921
172332690
158564616
244165940
90366678
242702854
148698410
162399192
244161666
136879883
204326467
197513257
169924317
187838564
201302484
173862140
259559646
162211767
202645003
473610
197180508
19246366
35860212
184900601
207733748
168563281
187838413
144097805
148699706
187838485
172818780
201349898
151509505
207289981
207815544
51715027
187836772
207802357
192795261
216936778
191365100
51121091
73866083
202645112
202644956
107016540
208278241
198547643
197067782
4526225
96551905
73199294
146388463
166214554
115270984
189946836
106538981
145564072
139481102
197777560
207228822
167409963
179580740
24185945
13820428
466303
202645613
202642568
174604224
198966911
953873
165984486
254142050
244163968
547562
244162415
139562104
125814514
124276073
95039201
141581308
48960606
133712626
139481258
133237578
164540451
197514086
122870466
192795267
172175827
207562760
207838765
200616229
248647555
472798
242634460
242091375
13511145
248645948
50217720
248646242
21266731
216178058
17536885
193485631
198492573
108200996
466300
23146896
472852
2692737
134333224
139741422
204235917
129527578
189341352
162399342
197513770
187839404
188724618
147630471
247718348
106364968
187837076
135071928
135072709
187836740
135072090
187838659
212582843
187838852
135072305
246850632
187837443
199251666
187838824
187837134
199554891
187838127
217645817
188832476
189947375
187836933
214742088
187839082
195773203
212574017
239196092
187837344
197777585
187839547
187837142
23493055
187836965
132082366
136879304
135072667
187730830
187836829
187839112
192552714
148698927
187839067
244474808
187838891
187837769
244162494
187839301
132857974
187838870
251552852
188830912
187839092
195927878
157823145
183251624
249469153
173730582
198182238
260920342
198435966
215097684
187838301
187839463
187838229
127881455
244165093
205822197
259560398
181979142
259560355
178013354
252138998
252566613
252139501
249531394
187837655
187839595
249585385
97925625
201648933
244163910
247796611
108845336
244163570
187838580
187838840
187836891
185909103
209906391
244164462
253072955
254142141
125604238
249008624
109816769
113958898
116862997
259560967
259560992
259561704
262392730
260928636
263074722
263024280
254142073
254672907
176583103
173409615
263117469
197804075
247906528
173347467
173406750
174502449
54624302
209409771
183052446
263080390
29362319
36711283
177315559
174601119
67897165
182969982
242448899
113040030
174605154
20576563
198556030
193485276
135755366
193486713
13299715
56259570
163869390
193485228
197063560
165631013
193486680
74386160
48877003
177311860
198963284
198963940
119392740
117658847
197067741
197068507
198555238
197064148
197067531
72642159
247906687
12380342
1657743
204927236
247896329
247265738
242084747
168869536
147965102
181217014
140174993
42245699
201930525
56250967
15254923
141961636
109601649
207838776
129817380
138814320
169621902
263047319
244160033
187836716
200001478
139219543
184944021
194567812
135072611
197332655
187838208
187836753
187839178
187839049
216907845
242504577
154496874
187837095
191894649
169930038
243024808
139481290
143468522
199201207
92806794
215701121
201348270
203602169
166119557
167416606
187838451
201302203
187839062
187837228
197777393
78986011
248262283
116639488
187837970
187837530
132082731
171435423
116864649
187839554
187836781
187838161
187838751
187838644
187837434
170452705
168562458
135072519
187839126
187838333
242860687
171185721
252157016
187837139
262301675
118890151
174808860
247316253
175977503
253654322
254082887
244160362
187839143
187838483
187836754
229803363
122871724
126743180
90089238
142248096
251532606
251532851
106364734
187836788
136878790
187837130
187838561
187839109
244163314
187838965
168562905
143114841
187839294
178013399
135072159
176249943
139481474
187836886
187838868
244163157
244166354
244163583
252789703
184123460
252529564
189946842
187838511
53242631
187839393
90923707
198079491
250061616
262024197
254897788
183555719
253298252
212553716
253296264
260920673
244162450
133673774
259539673
134354820
132834163
259558446
257843030
107348063
106066836
12380605
108516633
124276562
201828998
109965632
110357244
10799750
262748327
205579047
199583552
263056592
263081491
188897284
7707821
2692739
96586446
50216561
202642507
202645806
202645099
209409731
202643703
209410017
173450082
248645790
248645837
173393204
36711263
129949329
37153151
213965700
260926370
1955267
242090854
16099708
70051269
174600536
174604973
177312573
214010922
96579200
202644119
176693126
53057266
58717531
263081085
263107255
193486930
197180645
196824838
193486502
7327783
198893148
115717239
198967294
197063155
198549318
197065163
197069429
197182940
198964253
198964294
20724300
198963614
197182282
193485850
197064892
198963125
193487017
198488740
197064246
197065919
247764040
149635871
120824835
51133865
176581515
20791884
204337432
259561449
32722713
87043418
83059452
4820291
58573122
42740683
263113798
153413272
158591901
207891207
262780499
247907138
205775903
147966006
147964580
187838633
187838936
187838913
239824189
102766567
187838660
187836820
206714880
187837967
187837693
136878946
181910020
150186036
214658707
145411671
167416256
214825710
138825699
187836792
216936251
144342285
165687185
187839536
153593204
144327751
177449959
140357240
251736641
251270462
252062868
206482136
187837217
187839317
202414287
122874095
212580829
202064658
187837928
184944081
128328201
139481046
212927963
187838010
192795262
142031854
169925818
252608234
187838817
261965694
253643913
165036370
254082955
254142085
254142118
253892169
259558136
242204336
106703901
198192632
253348132
253074475
187837368
175545398
252891831
183251337
153884965
252891840
252012566
168731154
187837849
248761108
187838001
229802163
150186265
135071791
177813939
187837201
187836762
187837537
197504958
187838177
187836962
187838691
188723400
125614288
187836940
136879695
126050765
116864456
187838858
187837068
187838923
132082661
229777799
188211011
252222442
259558286
259557547
164043782
208012674
253892072
197777309
106539295
248803484
187839190
150248614
188311594
204376909
171612308
187838842
187838049
244165257
118103781
205512940
187838978
247327466
109968073
16631797
113207348
253396267
259593008
165034660
179736002
114579815
263056053
111521768
5139891
465358
263208177
173409257
176449927
121228620
248645886
2692735
3340697
202641369
139481073
209409812
96579173
248646156
173389668
182972790
213969148
197802968
197801929
174839849
263042767
198486871
193486085
108190646
208275188
197064998
198962807
208278534
208278626
197182286
197180161
197180482
198963606
198545394
263056350
208281634
197065176
198964237
50346562
492655
177312878
177312709
210766816
197069416
193486354
242648327
197067535
198963879
190302375
89213211
71908353
205110781
54750096
176580703
197861840
37153026
465382
210147180
4820321
25754211
195523979
4820313
201671410
167445716
31267350
259559261
158055303
196443422
175720412
14169319
189946893
187839152
175726424
187839075
249212875
244165147
187838807
187837872
187836767
187838503
187837390
187839089
187838933
187839200
242204407
51447520
198384407
187836817
187836778
187838957
141764676
141765826
249669507
172573990
157603285
187839016
212555695
217191102
187838767
150186226
187839138
187837315
25202166
148699414
187839407
217188289
187837858
144475373
212553347
176262584
176437032
187838405
187837618
225204960
189947060
112139795
253075133
225379724
253378253
241617484
259485795
261965939
259559196
259558878
139480890
252891750
252607829
252840810
244161077
187839441
189946941
115609792
194583682
153592989
171729572
201298882
109853666
244160125
187836827
187837852
122873878
192795265
196580219
157136045
249093088
207853789
187839556
244161009
139816274
187837070
187838949
249220059
102110209
200616322
194565355
165658219
187837227
187839274
139481045
187839183
187837559
247931568
187838164
187838455
187839539
188724605
188723247
115972811
101174636
181238160
116858782
161877927
259562446
259561819
259562023
110779242
263081752
262836893
254142121
86562298
117297575
174300738
174293506
174293876
205729423
180531097
173406856
174469265
50216360
187962196
77182322
48510621
248647495
202641474
248645778
202641521
202644328
202643235
202645290
202644247
147598414
174878672
247842417
242087735
53057635
174604915
242635898
182972058
254142056
183339171
1891897
465485
186122146
38119093
102120964
197180101
198550739
197182113
104272822
197066955
196825043
197068164
208276372
193484542
217720235
193483079
198489574
188832375
198964119
208276967
193486054
197066891
197182978
75520594
118499254
197066985
53872590
242710734
201538643
91432554
143006140
177913298
148698540
146493593
55290002
117692508
102663421
144679388
102615056
205709785
124276071
138823968
163702226
132195119
205748006
252792529
151505755
203115401
205769488
139741339
159144488
253550119
187838879
148698684
187839212
140103362
187837379
189947676
187839206
106363705
136879324
216397904
176477748
187838479
122869464
213674563
139481273
194583692
149194555
187837304
189947610
187839454
201348861
187839163
134508715
133431634
128326364
184944142
135072148
139481477
248804623
247862663
126743091
187838619
129712000
122873954
189946862
252888845
197777272
254142051
187838376
117272342
187838760
178013728
128906516
187838582
173012589
106539189
251877438
187838248
206291616
191930821
252060429
192795269
51063513
187839027
187837976
187838117
187837690
187839052
187839337
187837689
187838680
187838725
187838085
172095531
187839341
244459894
132083827
133562694
152065099
164978130
143612237
144402410
250454298
187838532
187838952
148812930
187837925
252891726
251384187
205547727
156178190
141766038
170882694
249041872
253325242
188709302
113208132
80923469
110358252
92146320
117965978
259562504
259562944
262836759
262903946
263079862
262772781
263042863
209409517
174501109
253162106
248646126
103868091
39360533
202644346
202643099
41876332
48477987
108956476
182992928
173409676
35449903
248645802
242634444
53056867
177310480
175142735
99139941
197804765
174601060
158809933
174878557
177315177
174604023
263113276
193482918
193485535
197064905
160404717
197179140
198490656
198966643
197064792
198963557
197067668
208274732
193477993
198486759
193486954
198965102
208275315
198966510
36336371
197066047
263316857
96551900
20242513
253099318
146493521
181217723
46064289
4820293
72924780
143472921
4820259
167445250
198492804
198555518
179425657
134299862
175784334
116250263
172249064
165658394
191725834
144197724
263443455
247907179
106364596
187837475
244164002
214742265
214755466
139145167
148076154
199999942
187838647
187837630
153492373
95864181
178013289
199977200
192795275
170627532
133671137
132082279
169922153
189947672
187837039
177455347
187839018
207557075
187838992
138840244
129711839
167418078
225957797
139481019
247718247
187839291
106539766
244160184
195474199
208684145
135072868
174838292
143613500
187837307
148016327
127554142
187838866
246850683
189946898
187838246
187838632
187837740
187839222
187836888
187838094
136878835
45806051
132859335
189947668
187838705
187838128
106539195
187837912
164540760
252156767
199244729
166525074
191755663
253328528
253891467
261965627
252819380
133776728
252006143
244161599
244162281
187837373
165146079
175978043
239824244
202329621
253647534
197777463
197777365
252891348
139480906
212581627
252262501
179212062
101171565
187837699
187838876
52051175
171612634
117220823
189675330
139217740
187836890
206254427
187837205
248803972
212578900
184944047
247681090
197777399
187838850
187838251
187839323
187838809
128326372
191948947
88916449
204923298
202418601
249220196
191366931
115972819
107348380
117297745
156178159
259558957
116849552
262720879
190547711
259562760
214619110
262780356
121329826
191331086
247906678
263082463
174301283
248645927
248647519
174300890
248645938
174300945
173404656
197505152
465368
202641730
205743538
202645969
209409105
173450175
248646154
209409559
242086349
177315386
174601022
174604728
197800378
59075394
197804055
242453041
174605046
174603483
202644688
242616236
242636430
242634392
177308422
242634498
1953253
173049262
194116899
140103329
196865597
193482989
198549946
135011932
198550985
198548202
197063526
197068928
198964492
198961280
118985476
56200466
197068452
217720393
120551012
208273808
208277535
198549904
198965938
198963945
73588666
156789006
141636093
138712624
169229635
204928851
146492729
97925435
192926509
157199320
134352271
117703655
28030702
102151590
91550093
127575537
241289588
197068864
187839567
42693006
141075268
26324832
188832738
26456252
12390032
124881633
17904008
192731450
48459800
198965645
214742258
23478189
173177064
21483401
37794400
67249173
160672541
67249645
214005462
183374100
198824690
197924714
25892705
71006390
195536439
73200934
102508680
187838959
207294952
230220542
138536221
248648315
37795148
135072229
24861400
26388223
20412569
91419096
48440554
11641685
252796625
26456714
119132951
47259489
198491763
214050258
76400426
202641752
139283529
155933385
202644675
127554084
198556132
198965208
115794759
133718827
85817275
49636798
189947490
136879216
136878919
119959311
216901161
165255733
82390653
24093866
195531053
195531217
230220597
48621897
37639820
146479313
147212627
252612215
49309176
170740856
57427727
195530932
50741404
5118507
136879937
111294308
20412309
188697188
8163689
10376128
146479365
53270936
187836770
128193912
209120226
262598111
202645762
147976353
142720618
136879482
115789977
136879532
49346241
139283924
136880386
100853236
27829808
201671389
136880015
193478475
465502
193483543
26326971
196336184
198963372
101307675
73508695
72612722
48658998
20225245
48931718
76246537
1755119
135072102
91775028
191955138
136879042
250105775
7801899
162772019
26738729
23453480
208217578
45376435
51063262
195526662
15363073
136878826
14252372
171702681
5913107
156653936
130864820
144220799
189946860
242618225
242616779
48425066
466152
41608090
189946874
250102059
73742662
68401102
165030526
187380257
76271937
197823667
74866493
48330786
132834476
51296362
97729385
153592631
31883685
52180963
201348335
195335185
153664765
49273050
13398124
242646959
23880184
48384990
21930693
466153
27660662
58492745
50299705
193486923
248723553
203584104
14351705
50940014
50944868
160344163
249142658
166081997
202604300
198965438
202152524
136880758
189946938
202641966
198892804
136879770
151950822
163798708
172574629
172573796
22084229
472790
63514577
163797947
52240914
262600891
20817777
144272921
189946872
172573972
244161928
56736914
157137446
76393302
202152278
138561495
202152693
209409379
89228921
111294181
189946944
145139277
189947056
197644121
195529235
197068931
250081610
41345963
117973185
259558956
170625286
189946854
170916554
26736293
31848886
136819912
189946936
145555106
14204344
92808874
247339523
71684517
20847829
261964162
50176614
73851481
42580984
198966154
473654
36318338
36413007
193485261
50303844
165035862
225264146
129256800
172574595
135011974
175150429
23400254
242618393
165631199
48539306
202645949
92099500
66587160
201348780
202642498
173449728
51292171
170848804
170621349
187837914
166082230
201349831
57117972
129711377
154633096
50322939
466290
20728598
198961726
452242
97816849
189946866
147351301
92807046
36318352
465495
25763970
26741234
250073454
197064566
42470084
119791318
198486828
107251648
154225347
57992381
102376854
217769080
207334198
204923881
72882937
189946845
201081470
174588431
247794695
202645751
202645131
198965799
551479
149274302
154401500
206319336
212286425
201301086
95055363
140103482
214912027
64436138
116826273
122873294
25980390
259562221
68734424
23253438
74536789
190302216
193485187
472862
135010731
189947576
135071854
135072270
67316775
170619072
57518847
136880164
26448411
116088575
251264163
4981669
52273208
180030470
197180913
69544031
198547399
83787982
13398118
56100766
252720514
153957671
253663038
92869268
189946926
201348684
174851915
215593862
189946884
189946900
5155451
175151535
102106761
473611
50216730
175149101
132834541
198962409
14434196
42495721
573589
473640
165030502
214742052
172573831
160357078
192584071
103812808
149437199
48533075
149398863
147977017
169108892
191142549
136880266
201350775
172573821
106907028
85112233
197777475
173630668
136878799
104542497
148851172
199159552
187838929
189947472
102764126
106731727
4047231
216902439
172573820
165911343
244163830
141390921
89282507
214742093
169266879
189947650
259559942
72557687
244161605
187836713
169924906
187839169
208068789
187838593
254142113
76645117
76435267
76725498
76655999
77138261
76694424
76372266
260922107
55387604
259561431
262818591
262818563
263082202
248648233
144463851
182985340
174301516
173382073
202641320
5110905
261021702
72668185
44004251
106457446
118880686
42410437
19248331
198967498
242729145
26325466
102832660
119363960
193487001
193486916
98460987
97821592
119271701
20224108
78290744
68241957
31855637
77118854
54764734
42715232
98598963
208277241
174631367
176585171
56209627
252698578
118506950
36648440
119814156
107254202
10738761
244165484
158564602
188697056
189947058
244163473
189946915
58814256
189946822
90852102
249637182
252060549
135072705
136879957
202068926
136879245
136879353
244166231
189946950
260744036
88822222
259558205
129527924
184943987
146479436
187837439
251577200
247730743
189947632
172574120
167409523
202065733
136878995
53181465
257833099
214948634
247423176
75435497
203585192
260922185
16632585
59154703
259562502
40355955
31519018
88822201
188387899
262725105
174500433
263102342
247263046
174600042
247794935
197801323
53057358
21231488
55605244
242801335
217519311
42989298
57268265
103769890
242646884
105551912
56865492
102697415
88086108
102382361
193484223
104799951
98083237
107501706
72288314
31134247
41843941
72613356
242729122
197067038
103774631
122591122
56206225
70627816
81993555
66622647
197065774
74536404
56420881
54498776
73222453
66864305
54901365
102098848
252672811
262818613
52122169
200853735
36711058
205715229
252891684
252893309
187838764
103404588
104289075
187837793
187839223
189947070
248262123
133713386
169474279
187837425
247878728
227288458
162535495
23401669
229732162
136879526
212554821
189947478
189946928
36752655
71961100
169266966
172574256
102663723
189947568
187838848
260685245
254142086
95756001
76102667
262301644
257833462
20133006
253047159
144226536
169266871
103510720
227288575
189946824
99675699
117348279
102085078
197777527
166210291
202152605
244164893
189946864
187838412
53182002
222494149
167431196
201351752
248805136
59145589
262818614
259559888
214805293
249257849
52504763
5110907
465491
202643041
247316530
42232117
249114562
27820401
32223126
173392569
174468263
174588841
13428034
56928939
121317336
118891408
123664461
105639684
91386699
102578093
198549579
102081904
55623074
73221067
250077017
36357078
56405090
106445295
55034650
77872016
259560693
261947771
262818628
184696450
214101196
180028718
68572534
214742308
205287764
187839604
189947034
147974352
167892850
165030505
189946844
214948824
201300969
20585364
172574441
113560956
20202164
72838554
254672905
146479774
176107543
92017075
189946952
136879214
104637409
48315268
136878923
208169866
136878749
136879307
204269167
193608283
189946948
204000036
244162209
184617399
189946833
71908053
102872498
103790631
102373487
136879633
160357099
139216024
247806185
201348301
197777349
197777547
53181157
136879841
163793614
102120559
103879846
201299779
144402011
197777461
222658359
187838941
248767858
202043324
262818624
205729576
262831381
205744120
3336699
202642166
173410464
248647473
107004791
259558620
174500525
92869465
243083174
2004131
174892164
20819706
105880776
58723441
247794595
197801687
72878812
123554392
120403639
103136840
71934815
120247099
69204314
105290632
108182992
14085559
119407571
102013804
121361237
193486882
242648411
68207991
198966304
121710313
72689117
72642645
88783580
244160754
196850681
45656450
56811843
117808107
103127964
102699940
56261236
123546143
124240898
263404118
205767967
202072422
202118453
252139292
172574640
160357012
135071804
189946896
136879007
216901882
187838815
141772300
187839353
165030539
189946830
135072612
244162774
31855488
103300163
214742108
154496383
150186268
252860196
76753029
76400065
101662695
105639889
105622297
141739009
101455400
184638339
210879165
174635249
120432330
54888366
107631910
102509533
193485861
242653042
242645967
242734121
121027407
102074648
198893359
54853223
98721817
74538400
69095281
74571500
90731081
69175361
68852272
92023617
74534797
53759537
79669096
197066887
86963119
217709134
53777558
118489011
249005485
201110810
215595225
146493034
188388039
92806782
215594973
187837032
202118455
169926974
104912990
72093550
189946924
160357378
184944193
136879879
190087542
181917689
98565482
160357418
92808709
51049905
189946904
50742159
101870828
189946858
149274168
57740606
104158741
102884145
170330158
201351938
252060438
187839054
257832646
187837331
254672923
74960746
201348491
244163566
138833305
136878986
189947624
198103688
168610402
146581395
189946852
48050320
189947470
165929471
244165647
165677431
205504802
26448036
187838566
187156733
239196141
25948766
262818639
262818565
173205519
262818590
136878893
174849395
260930329
174587244
210879507
197799771
27778195
118971214
42662747
242729141
56958013
67235665
118781315
106395282
193485907
197183254
66569291
118945098
150886418
87131976
198547318
90740947
197065792
68410481
197064869
42744970
242801752
56108986
242653512
121375258
54707471
198490568
1520781
20243274
162577464
68500154
165030510
262983702
122871305
20962906
73108519
208379863
5112853
158099229
21178588
90619850
111290621
15784124
472776
111290658
8148805
64340068
31840124
195850278
107648671
32361193
202641680
472777
202644464
196374723
438495
227288731
208673121
26457360
50739197
14068357
48324732
53525997
49285663
50566130
13392967
52142396
50735820
189947245
172574380
186802743
247795097
136879392
187839481
13141346
57467014
227288846
105182313
72128800
186292329
106421891
203505646
252569415
119694944
200720242
58221710
174627400
58804096
191954909
136878623
136879565
19415038
52663926
92384399
68206424
31847371
201348699
201381791
129527889
105614729
198964892
53097032
31927800
189947387
20826008
248563201
189946910
250100520
204056885
188927053
71087133
132083331
53268548
52793556
34355405
103125396
189947662
242617880
51037073
74921655
117973325
111290619
208915618
104745494
10589836
19901860
113967158
209409600
180380548
13338611
54751022
203999880
203585887
188701115
67426828
136879445
75320712
49336165
76246680
26457285
172952886
27840159
56249078
193485198
465508
102466390
91773040
170618574
102861924
57466707
139481030
169266691
189946914
42422838
189946880
189946906
47115342
103332042
191388492
73357729
157032300
136879186
48433967
38075072
26752536
187837221
247287641
198966085
205443454
122801362
28927705
243097276
175782462
160357139
27830794
187837532
128326570
28928084
42421781
261021556
119821582
116273979
36335526
473687
466295
189946848
596037
150994546
251445187
27845712
205233534
72769387
247765756
136878757
172574150
103114317
142721236
201348254
248566262
68823274
14794885
66545183
77157916
102691449
102879114
58816077
54757669
120105779
17898293
72964809
136879237
126743135
172573812
200686086
247794836
242618539
98183618
142720633
249058829
202644703
209410078
197801318
83045890
248596075
108174839
105896102
105614817
188691447
217646672
165658290
150998908
169266956
136879956
189946920
189947249
201349029
189947578
202420840
58975759
105626386
104667596
102443941
197926446
249738108
37796180
197926444
116906741
76004243
68656546
67666525
227289086
102784283
201350406
136880769
4047253
169927170
189947476
116451236
197777491
108809327
68720178
202043484
205744389
27822910
261005608
261021805
92869696
208432666
121091045
105541887
55619966
102562580
104912758
242801843
103817330
122591288
97605568
66623299
90643410
74457593
81210913
69270634
102487894
244161835
195318582
136879192
205769764
47115789
187839088
249483963
189946878
140615211
244161376
189947391
244166071
59097554
189946868
102687669
136880351
201301416
201299652
217183834
253623585
253624164
261965685
189947048
136880232
75340622
262780551
205740678
54973905
202642574
174605483
174600240
18006154
85028113
102409349
43945104
102080988
56999573
65016539
118433437
95478056
119287892
95674777
15394195
44630168
73675238
56255318
208276988
77749817
72709160
105638063
52122196
262831398
105651068
243087692
141366288
189947562
48697359
189947063
128325537
56669571
136879754
146479392
68599559
76122978
68217874
255455222
215105606
99055515
154497189
136880308
201350876
207421264
189947038
197926440
203999924
63542071
187837148
201349806
187838380
262696478
250103037
202643778
26749381
175527344
55619943
56506949
36730354
103790938
106235437
174605525
247794439
106631515
105257958
53527958
74557732
79713924
74593960
92025850
101261062
172573800
187838887
201348790
49267547
201349928
136879390
204621013
139481172
169927952
193480605
68597819
94840145
94847932
255454768
189947383
243979238
38242145
196850630
189947484
216901179
201302098
189947548
201301688
255454565
104108118
106235647
146479460
189946940
189946901
108748357
189946932
201302560
202643487
140995817
121624949
88075363
102077567
123119946
95497205
65027587
81262499
121400619
121245976
118368866
108038642
242635204
242634629
91574199
72885498
98580269
65198373
90743255
255455413
89702555
162170386
168152865
101946900
42769185
49437504
136879472
189947066
49826412
220665668
58804297
136880224
141772665
135071800
146479238
215891471
197777457
106315614
101996454
136879862
104315760
136879609
136879224
189947480
189947371
98605358
58977455
102558769
244162928
126743254
252891746
153468402
174589495
27848791
105269216
54639681
57503186
98037028
87668366
91391808
74569785
90721628
71934145
91941782
56070637
108395850
21423247
200854714
255454061
255454862
208675799
11581684
141366375
202152198
197926442
172574554
249091720
103883914
189946876
189947054
189947036
214924250
136878730
136878859
104507029
102732031
201350338
103487755
72519671
259559707
76659264
255454240
72129848
101447009
201350753
72520589
66123353
160357006
135072511
136879876
198964474
254142049
259559524
259562734
1994245
102104297
20538211
54750758
242653526
73201165
109221187
98301288
74460081
78616867
104842889
99297621
102109472
74594490
55397441
102117346
102091087
253665048
102121531
107017546
123547247
51038208
102468361
102438874
14316811
69021050
48268629
136878647
72973538
200717381
69273829
69162835
35860637
131336384
220665672
92229257
194947182
167434844
190775920
252563766
132006896
39026772
102579711
207301549
203505752
3130593
31929197
107876579
102476244
49881424
167631966
247400979
172574137
136878934
57455100
136878769
201816660
247795303
48467229
124257599
473686
49325544
26020063
136880013
160357085
107366108
35868948
1916329
118991244
177274392
440388
58872694
129095932
98573783
68723102
198964460
165030547
203999940
155933455
102466432
201351275
24199265
222610538
107393776
91774469
174609314
188931197
28397586
54515418
197777575
225173992
163726646
146994696
162966655
117797820
121496145
201348814
192731310
135071799
201298845
103711317
202642361
187837429
72770738
36236698
118891299
186978806
136879122
77155093
229967664
36368659
91344010
88779023
119217278
39435331
250104348
1994249
74527725
204268473
201301306
82979354
36398365
440560
103879019
102488438
160357060
135072138
1916151
136879323
200854839
184771100
259486096
68475957
77151338
99081568
261817478
105091598
103118429
201349558
74386163
27636791
53587018
19916533
119813248
122706157
120231169
120458867
90806003
95510894
14756354
58252661
73785167
23299827
91978349
82015129
74849959
198966661
92038406
14979086
42974517
121951977
104273059
242729218
259559593
76052974
172574207
104272438
200854400
103899616
191954049
69175020
103550526
10705108
172573847
227288821
221836600
76310671
15994169
202644915
61299638
56995537
103509258
36461843
57499357
70502326
104922200
90726141
41129558
105913457
193485411
74535335
54562768
121610948
82031999
121572559
102108610
104907931
103551034
102568569
192990768
172574119
201299117
187837271
184944300
187839187
162137893
106189638
135071996
261965550
94848032
259558433
219147071
102766325
103846944
102115844
184944185
172574201
170628396
259557701
201893320
135071811
104272552
85623506
44039381
73161861
120569503
55479792
71904263
73628775
55540031
56340139
88073089
92047710
20364043
70317601
102096528
56946136
121615273
105378256
102110089
205773904
205768051
136880580
103775426
75308838
94869011
74998643
69025975
255455517
255453788
192731309
104300289
103875409
104308799
190491231
19773845
259560800
247794503
57243621
122767706
104193049
95917476
47868577
104907494
85653801
123548910
259558006
117264664
103679299
120188600
103813783
102663558
136879317
195342835
252854836
155933383
34951347
515616
103511477
248805158
102653734
113260656
187837619
242891636
200855230
165030524
68977070
261005988
106230934
123929874
102113056
71514584
90871649
109925416
64355556
90889186
77868120
62892698
75762975
46282536
136880321
168610889
105176508
170625217
244165172
103880723
191729607
103356674
143613041
253077384
95315051
242407637
227288657
201302257
135072825
247401294
39900830
107058779
106707185
117063077
102381676
78367593
117681124
90895222
73192246
72322051
92018287
123562627
103400901
106863865
104395223
202799876
133774697
174609311
34986037
123953493
28640730
197603217
74964557
136879607
103822403
63169332
75767326
45182004
48267452
97786145
104675802
82835271
247765550
43994356
242618021
143888554
101999862
201351705
106066680
91771685
244162398
58842852
465351
191926292
197068791
208437397
21154084
261964275
103622896
172574373
55035998
248589929
33425360
104909807
33393080
121365943
31299585
68780885
242772372
440389
136878955
201350980
466263
440384
225957624
227288734
56689202
67297736
201350265
72138562
95267968
119983350
193482490
77094770
103824429
130197795
220665670
200855038
103399896
48896237
244164717
225957308
27655898
59489773
217171312
244165477
168610909
75321800
75002759
200646614
205515897
56453655
56070055
91368272
208378974
106540565
104269990
105838261
201038901
191954403
244165591
22939841
197067502
107494152
47510211
75843552
101816224
104340663
91383695
184943991
201350344
195340037
103965093
201351770
105652991
71354089
68728446
104309955
122655072
249262071
250990399
58803865
250097654
146581336
252084403
198964044
48148329
144059706
13298792
174609320
261980509
440391
119639131
10762149
50275730
225203094
440390
21126571
198963044
440562
148695991
88784121
200701392
48896382
249173998
465352
68692343
34934787
189681085
175413809
124231979
56272165
192685555
136880210
135072300
56813403
153517654
109588332
252090021
252103232
13141767
119374362
91773552
90875723
253164956
195566782
15846136
22443699
175414498
92083144
107393336
187838436
187839100
154445277
135072506
187837640
27019486
179367623
162593423
187839558
198962570
43927743
8333325
95481396
105909290
106369595
76208751
105085600
57994925
201351942
150186469
244161710
189538002
136879766
227288608
179138540
176943920
262794461
92094478
136879914
201349641
259561528
187836769
172574276
141490346
52265123
198964561
34547710
19265419
465354
174299917
465348
217769035
217767278
195341963
175413842
56947636
440385
440564
34338451
204387460
252387601
121744443
160404522
135071782
214742062
98735736
247260483
48897196
155628355
253310062
252411020
86974426
98240741
68619502
60219824
106066553
135072003
263064226
54639431
87914251
104822615
105836029
252179340
104534789
69911993
55032381
47533883
244160143
73199702
175414547
252199183
103029057
252090168
106870144
62784964
105622479
160356959
104797799
114283487
135072535
107048043
105267879
68656451
13758571
250095744
187839361
176660234
192731398
192731383
215725984
7992627
52322531
33017171
193525434
193483749
440563
158433841
440386
249766559
68564088
135072252
104104433
97826072
136880009
10856556
244162375
113967993
252065744
199683934
261965812
19772253
172574046
23374256
136879847
130355888
10762060
195338160
22712711
74992411
25937474
223755569
253203094
72865907
242753391
23370755
25972327
172545447
62777295
49636682
103877605
440387
136880270
56956312
187280320
68612546
198966872
40979717
98355466
252179071
106702668
252571859
175415002
175413925
47498268
122775099
250098134
262851905
107021756
91960936
71928837
14382273
127941934
25973758
24634863
102574499
465482
167665839
191930780
34910924
153937858
259558933
244160635
105985782
135071786
135071941
105082429
263028838
135072363
67652508
105630017
122592274
26016397
194461714
197065317
46267862
24437613
165188713
193485841
197104917
220665666
104938403
74988890
135072299
175415156
211288156
205517054
207024930
257835609
57471795
54654063
190505807
118784374
203228972
63537754
216335416
253630844
198963417
250094854
175414153
195850651
199629524
135072140
250094351
201038859
250093499
58533765
101362315
120580794
24430758
88039390
74539195
186271223
128656433
95663714
136880115
68978948
121048432
136879644
193526399
52880233
153592476
95581389
252608583
121575996
39841452
67835831
104110256
105375400
103823581
131305273
207946304
176107550
250098479
230062097
187837720
216281475
207946313
219140125
198868109
208769331
9859727
104655805
69194224
74986565
13757177
57959984
175415480
193524559
8929245
208770240
206308374
19772166
135071927
135072876
207026603
46273884
465460
139481027
202645854
198963713
253106608
191918549
24437417
68563001
201038721
252070384
247795506
68603785
251936890
251939269
225958054
249579948
252389599
250098800
111294338
68603865
252389249
250095966
29933070
135071726
68603900
251942163
68819456
68676283
198964833
172156628
10707903
192731378
26017425
68741423
90582574
249305813
34750344
68819301
90583949
90583960
68864342
68819219
68741410
173739655
68724708
250098946
205609048
135071894
68819503
247795925
239824241
252069106
72030488
68741333
200854754
125785999
109019594
68819555
193519357
252389005
68819390
250099405
90583990
26020101
201038748
203964808
198966001
165255779
56733246
9370957
263181797
261843198
249589266
261852591
263183887
68676360
130198482
14023041
44834346
26029023
10862290
68741247
249589117
68979039
23106246
135391333
194462592
165255625
247796305
22885825
49483591
135072087
205116799
68676348
49483537
251929794
139718307