262822166
7569931
74237584
462953
1586265
71944671
2182041
587055
9416785
1616563
587041
1586271
174134837
490375
56209049
1586239
2208381
65111185
1651791
2499511
2533403
56110607
58029881
1586263
252131099
56106515
448987
2499795
174134468
2499691
71308117
3854961
63852754
2259009
63675586
57758704
74534973
7569919
2208277
2259015
3768783
2208209
490260
3854823
56100140
517528
2208491
489903
3819181
194134465
11896951
2183693
646806
2096761
587139
63820580
57703128
490030
3768875
70774404
489782
74244130
57785540
489795
2097101
10685544
2208669
57856126
1616535
523697
324920
489849
128712793
58029263
57708822
57706445
10231885
47101429
1616543
1586253
6349737
3768869
174130336
3768781
1616537
57807832
58032417
57701722
57704488
57702345
7443097
2258983
7851523
48553864
74535977
5149155
135561367
71669218
70784637
58031808
1616545
2502963
2181959
235883145
2613077
3745655
3854881
2258987
57758410
1586241
2258973
111183776
72088890
170139326
262874265
262068353
2502965
2181949
63889147
58035909
2259003
57696776
72081900
7182869
57869727
2290841
70853664
262068284
21056709
2181961
2613073
128713550
524046
57698442
46819024
71043347
57702747
70857832
10053799
2208865
7851637
10229455
71567837
7443235
72082746
2258971
56198325
57707415
2096783
57701808
57708218
70784144
3770073
2181963
128724694
2258967
57814850
74254964
57703775
5148367
109856136
57791429
57758769
2530061
57703458
10233996
57702016
2181955
2182049
3576541
7569927
1384831