2245453
174842858
100958444
111285062
104314401
100958457
63473605
100947274
55119955
1464015
77900454
251395268
145499994
66698344
79672197
111285050
179063952
111285054
127654481
191782142
141489841
197695114
188535073
207256584
73795265
13362558
160488843
136939563
242696346
1926791
406935
97825967
185909446
320482
243006521
160591623
128936372
217268925
75284567
217730460
72459676
160591651
137569840
192474347
205942280
184070225
185668561
194104631
200853723
538038
59043897
108493406
220668855
74174356
73593776
66698352
199536489
217729247
73787183
355026
74235036
127844380
214598590
66698362
134607508
74024708
74855023
75284565
75307230
213911376
76688236
247405759
73515857
252179021
202229560
1082208
25938898
2739561
109488219
47068251
25938695
127032828
167614957
137129381
249012181
76105912
194104371
68296607
167615415
160591637
167614982
66698354
199032041
191782137
3282113
167615439
180016896
90622294
470173
262871174
167613928
355059
74239478
56047349
186348615
829123
76826976
192475874
211924947
186442893
125945261
48266440
207841115
167615526
74953483
1661193
139294255
76688240
217730456
163831369
163281358
136939556
167614005
167611047
846443
1392979
56047347
109109573
340941
74217553
173187075
74775372
21661609
189087668
90135315
876460
145540312
167600191
52592324
66698347
146270307
15897949
139290323
197657912
50751341
202891554
68823450
537456
145527000
192376844
188324836
253367719
200852591
174293674
425589
207566224
72290298
76404429
103641539
85050934
69624556
167685118
248684542
167614011
37794337
14524625
74460133
193045262
72040812
193045258
56047351
2141509
94347498
14646636
345010
58409577
19875145
173808802
57325191
172161882
73516877
249869363
74239472
67694211
342006
73516883
56098103
74277047
376238
229804205
137572670
167614015
252631897
23358139
167614855
74277056
596124
58971680
247465394
48266422
230254928
1534107
205708414
167613925
867388
257846902
214835604
225210749
403945
440191
262042687
203923085
32889092
253290777
316916
580238
146223865
683239
258543260
207914313
454359
787546
167615431
230301805
170467288
375727
137519109
76105908
125519642
137399088
629043
179403748
177145350
468077
172377932
207566222
357034
55093435
341286
76732671
167613593
248774253
167615385
48266424
214921091
167614172
52592312
167615253
216462197
420878
217123558
249220237
215438139
101839384
167613836
251384215
442505
78975579
707341
179436991
510454
217547416
177145416
147999771
261961085
76732673
160591654
167615148
213931087
167614502
200789036
167614009
167615427
3087787
219161870
14646634
258682199
253412928
371709
84270567
187637785
160591701
65443436
109109689
421036
167615155
167615614
55024176
167609833
87834267
167614285
50723869
180008349
106810040
177145404
229804192
137130367
230301745
408476
6361597
191075159
249373239
262663919
486513
241766812
2739289
230327954
229804201
76732668
179952627
206376865
242430496
191077713
222660917
160591675
77243060
78578204
176845511
86955966
167613480
86540440
1745429
93764234
156216692
2884177
74981853
197636872
167611258
193616468
167613933
190555093
320319
322063
115254251
252040892
66698356
214103402
4423943
3230749
167615435
70817132
51518869
203923088
167613774
15269778
137425300
193045268
222472165
167615129
72290300
167615111
167610893
167613947
1038700
244296591
149969460
250072583
125141264
257867725
58268211
767955
253264244
205540694
115706426
89000436
127692211
475851
167613738
193045264
1376271
249657448
154102742
137570330
44607736
656541
261838994
74239476
262663929
114895475
67624669
248543966
94840007
486495
2446235
76386463
173999769
353879
167614971
178231971
32036959
345975
248208018
25690128
250077486
180012937
173948849
167614897
109109561
167615054
440187
174500478
44607651
66698350
68437859
167615574
419073
1376269
791660
14080605
59402592
186692846
214584813
193045270
248758027
262059318
253272358
167615131
177145426
508220
167615540
197387994
375730
342009
168292367
247935740
109109696
93764196
249653825
403587
167613875
25691346
453222
200624456
230253328
33596824
75371867
167614671
167613516
25690108
262663928
478360
215543601
248796895
93752601
648180
46825655
195470028
403944
52592316
167615604
194483575
415273
508216
146272025
726418
114945689
58971677
122070503
518787
93764231
550432
183334965
524174
117832427
215544506
192354914
32885150
128934848
255175348
262663934
477040
173947738
193209834
528191
242079944
46253853
2884183
137425185
73593774
25938742
242717096
202816865
92551417
109109607
213669804
167615441
177145310
167613937
242656642
202229606
248894165
112083223
113117495
225961712
167614869
151968098
14325212
198889472
167614486
23652323
135552426
253258079
252041133
176905233
248685741
193045260
50981022
167610551
217506980
242717844
167614125
160488835
42592024
248524484
396373
193098533
167615598
225961777
163831341
5404395
27534638
152548662
229777089
160788591
103669880
193209843
249852970
156199606
160591598
167615090
202485110
146223842
536346
2739127
146223833
162259930
548639
250077705
167613899
201809856
413898
208007203
71978456
247332033
242227400
74277385
127692537
205694601
177891316
249653823
249219299
103641634
146223836
319332
50981042
174293659
479230
242492153
161126841
249869401
707578
321974
253290742
50490489
569586
15155525
2884179
167613810
167610040
453647
355056
375729
375726
201120035
25690150
52237889
68774262
322074
230253201
340266
167613599
163831418
242620743
177145338
161252625
513788
242078354
953832
2100761
51030794
585073
167614543
58209260
195880240
32823970
167614092
262382722
167614701
50739910
533860
174293691
97957719
214832936
139235214
2884185
160691341
477028
146272532
375678
500696
54513180
192155709
253272390
841946
179437537
167610543
167615044
760924
407348
101932894
205809563
222480049
181185138
248773452
355200
79376926
2190513
253262987
477038
1534105
505881
375701
375717
241738976
982669
375710
28078849
355030
76542650
230301724
167613638
198415114
167614399
3031997
167614744
32885773
162597519
167611251
163831424
541369
247338194
196155236
510934
453598
355191
181214648
600510
486639
261151807
167614988
53047438
170467286
92551647
66619705
137259647
212992602
253272314
253089421
167614288
176765119
703685
167615080
167615323
192637642
172476005
167615096
230203752
230253360
205707528
216384500
247240167
48266444
242800588
130063296
546270
25679129
261973339
215561710
375703
355190
247938388
146271921
253444092
214584809
392753
4440787
316919
48314950
192714129
548647
109109721
54653526
2540539
213387056
446369
86956006
177145368
167615409
167613669
430589
167615538
132302684
183539658
167615210
167614027
27594447
245776323
216387868
229769378
229804208
181142233
230328191
246772169
246772150
212977173
54653530
222724059
222724020
261973346
261973342
52889457
25938697
151971209
146223881
72334210
249852271
90622228
213964090
85050936
93754487
248746075
51031006
263099896
51617991
146272027
32892887
261802639
1367089
252246888
137375117
25938746
146272066
172476800
114944652
102108298
167614496
181237104
167614118
167614996
177145422
204436292
167615058
167613895
177145378
167615010
214831537
252562817
132304176
180870261
167614150
417777
72646201
195880833
167615272
207983602
103524552
196290944
138342334
205809551
250077189
263455327
137503480
217640065
242430485
222662485
222662489
245776315
222660940
136142274
253178895
79436062
53299968
181981558
242078349
247240173
246772152
246772155
241615232
222724070
167614097
208119423
163831342
52678730
246971516
151626486
222724046
246971522
222724018
151968875
249383966
253241436
230332939
48759034
215118042
177145358
50490670
247583431
247586167
4291907
261152048
146225065
253293546
68612042
248880524
167615183
2684007
52592326
174293677
167613568
27563936
982671
167610750
167613855
1367077
53233838
1367083
167615510
167613869
165256159
167613949
167615115
167613747
244169224
204954628
208201876
253585610
109109446
32037709
57318159
1392955
52275106
249854001
212553526
253272397
263274279
69611325
167611115
92551869
167614075
167613661
167614349
195470032
138334896
167614088
167614124
174797458
230254999
124882605
230203742
257780536
48266426
77221999
167614250
160559984
167613595
167615198
205696292
248653367
92551725
182788932
195305024
215544466
151425781
151976324
249489607
230332614
242078351
1315579
245776318
251464333
181142229
201386040
53233846
53233839
246772148
246772157
262692378
241615117
197640357
222724066
193702337
167615403
225934680
253241433
423286
263084871
253152886
14303658
53299989
52889167
247586149
78289017
206205130
146223875
177145430
167610971
247936396
146223871
247936398
177145356
27534606
53299987
262042685
139969001
165972582
167615320
167614209
167615594
167613991
174293715
25760722
205967822
27534648
26499792
188056836
262663940
114944398
77221678
167615062
167613512
163831409
230301761
167615554
138110202
79377626
3014737
167615572
130771072
101931425
167613732
222663265
167615180
184243088
167610378
4460587
137129395
167613893
556707
207596424
242459656
954850
242078343
151969910
26501250
174112056
2664921
242102043
225961775
216983262
247240171
248855223
222662477
101933234
246772163
246772171
248522281
222724057
222724039
222724055
250077910
250077305
248774127
167613969
195288485
246971512
77221569
253290739
151431901
249853711
167614082
50490663
85050938
25938703
51030759
52592320
7202629
261157170
261151732
52592328
186087623
204420557
167685120
1367079
48291186
23206020
246772833
147571029
51031016
222663267
2684011
167614213
153608285
197366219
181794064
113117253
253233402
253233404
167613687
127692380
767989
205809555
207991303
120183307
183702021
89315122
167614753
167614800
230301893
138113274
148811301
230254744
137751883
72040816
167615284
132302890
207983564
172475939
167615056
180967380
209379063
530028
109109656
248722704
229804203
245776329
136150620
160563509
160788571
245776310
148071260
225961710
225961708
217482917
247240169
246772161
246772165
248774535
197623309
222724026
195288481
106363528
222724041
250078550
216983109
217123682
196153077
51030910
247339706
247937014
247937057
14996809
25938730
52678586
167615417
230333253
177145434
247938376
146223851
53299976
367021
171184922
167615288
167614934
205967799
214908809
167615030
188496828
201568802
262472886
198650505
253585592
248544535
114944294
1934509
250071823
167614106
54459360
222660334
167615421
77220893
167615546
167614060
35787083
72646205
221243512
945952
205506373
230254654
120183403
177145352
167615612
197622825
215727591
207983572
89314552
560565
137239225
167615524
167610925
217123738
178549448
178302868
222660308
7161757
242620756
945954
167613844
205809557
206376877
181192501
245776305
240626606
230328012
230328136
54624814
230332842
246772159
151975758
253238235
261151777
51030981
247586165
247583406
52678580
177145418
93764289
167614035
23205578
2684009
23084457
37794007
14519333
51030763
51030831
25938744
51030731
77917926
146271518
928485
167615024
167615139
174039338
250019958
195288479
230309272
180956961
193714692
177780192
129138357
222724068
262692372
182300328
252562956
261973344
177626581
253290779
74278655
109109682
253585570
253233395
253585543
253233397
205809559
167615592
205807460
114944631
95739556
2595867
222713995
102108358
167614719
72642585
212977399
167615306
167609869
165295182
205967377
344937
167610936
167614334
230203729
167613607
192120685
73516875
167615564
160745543
946070
167610016
167613558
163034255
376702
214598584
252770233
260810302
140416370
75307228
74341297
76105910
53720978
184070221
152740748
145287904
71990280
335337
195291930
199728871
176550321
84950232
2716247
139567621
50072450
214922278
100958464
55589742
54380457
149257065
158741265
76279889
252908567
73553837
205942260
198413413
14643411
116397383
32591406
95289208
251773501
194104629
253387771
116048594
202780648
84950234
33506009
77230661
74608742
262687259
2070419
200780136
253046663
251772561
217730458
168924455
52691750
58971672
203923084
195291928
21391592
170298025
252880508
207256577
84877268
167613832
420655
108493410
215779856
111271211
189350061
75530157
241978850
15225145
192832767
55002730
2619491
92996211
193684717
200851517
253493112
68832570
206205009
82700702
222683823
227685076
4787441
53501164
196305158
253493060
160591656
828645
35364061
129911447
115897978
137569868
197639031
247879402
57647463
225908531
217730454
167609416
32583280
12647239
192474352
105990231
244168845
192949251
3211215
201382860
90794826
252039239
195709218
202895298
191077720
260113559
167613760
51202534
2500889
32583273
262550907
253176186
144507239
165254497
262567821
75615953
3211669
180584772
167615125
2563919
146635248
116244965
41092564
205928393
167613596
163661774
195190103
17944552
54878023
202043919
54762910
252290976
160591610
32075727
55235692
56800151
261942251
253324236
36327406
262656183
253080042
95002714
75454259
243080837
316892
176108228
58213074
167614974
259482376
177145411
71345373
230005494
215749192
262734954
15592539
249021357
261808013
316890
107200489
208415097
185909439
14983732
208623471
252063148
177621296
191704799
261978260
252880552
208415658
207256583
207494293
262292895
192125795
57870430
184070227
215779858
207296713
88809166
248773678
120228030
247934655
54877169
202043991
214598579
15666196
242086352
60692099
197639041
15309372
418708
162154129
190739550
163265597
92552040
215779864
74953489
167615027
31373645
193209806
14646638
55982899
242353686
205695187
73795267
120070428
21129054
262567797
71938311
249650158
167613921
86517371
9723026
215822427
163582355
262687372
195479322
167615070
188533793
186984233
253364487
203701752
127654493
23576204
59107041
86517379
192376838
14646640
32975721
253655044
112555148
212992432
3237461
35203449
73923133
2120373
205841706
137587810
355028
162111182
253228786
174605334
217366584
10772871
250720983
21660746
37306453
215822332
71072209
15415622
53095593
160591633
242293408
215822334
161310111
200847598
160758999
116052802
202604311
185909454
221231009
16564402
32196635
200771997
246163332
167613798
50315471
1710723
201104859
167613691
3231271
106919169
58932533
262530683
215543700
260113613
192377678
57870025
140221865
36916276
57049000
137369242
262582037
358750
253276782
215822330
178092127
20439021
16262248
137592635
167615086
46643195
117926926
175700775
73609399
225266025
125178761
249278137
190843381
177756191
201843935
74235038
340167
116665863
117694264
37169427
167614104
92551491
113525957
114945709
167614112
167613652
167614110
214009524
32036948
14983740
167610713
340950
44183113
114944537
32855400
167614405
167615263
74173570
463480
228718443
248524911
180317649
543080
203910170
187771884
205808045
140221953
112222284
71510821
556941
159349051
246397759
253310396
167614252
32037204
557872
134929415
167613616
2386609
178056229
36569025
198223541
262450426
205810067
167614176
196284172
180994565
219145664
159822479
177060426
59047889
206560632
41273462
159348905
167615433
252585687
401396
21281264
249569747
173449304
34396995
167613530
167614278
33343231
261978303
160779253
137375231
167615475
167614951
184469024
262346613
253176188
214598578
216226715
253063933
184629945
162873695
88917379
160591670
127844375
215917068
181923917
202780508
58163975
167614763
249026550
32901554
762577
184629946
262567687
72745503
136941150
70016682
167614156
235735545
125732597
394531
147977112
109982855
50476897
247324356
137501456
124705771
252005033
12213962
167615471
167420171
372208
184903353
219157058
214921112
181202847
252298152
53235641
161212123
187297717
101931778
250234021
76217403
206860167
177589603
198414465
192949479
206560594
167613770
185744737
10398307
167613983
1708545
248182666
192560061
249644211
145297326
77220797
262905485
249167888
196155259
137432610
249173778
76216688
355025
10104424
530097
249177328
106750493
167613444
188947054
33360196
214103302
167613534
214732000
29170922
198958691
127692616
216350878
44335825
207639429
215786698
214933269
247273575
358167
214922176
167615019
215796447
206376443
190527685
167614794
20112014
252133964
251394006
250077908
50269831
195287436
90624167
221223448
91444567
246772462
260918948
253176232
891064
73509839
103774443
31632996
109298447
204877545
257758862
262083765
162156841
177145376
160591631
213691672
443879
3211753
38276920
204668300
257865776
243080839
76527161
255349764
137978871
212961344
467187
215428832
253536141
118419960
253229681
74571944
69624544
249489608
209379050
7838281
872310
184415416
249547851
249859007
257775227
6361621
205183575
144506067
249679628
115659040
197416694
115254312
215543317
214189296
249176343
74981852
223755632
163831387
115680453
214502988
76527876
177145300
215822336
511314
167615068
252040900
161929413
253176234
207914911
215822328
502817
138334886
253171385
194102246
204403532
11197351
167613523
152528879
58982901
184235149
254188439
44607742
215594923
86955902
249219429
116947293
262346412
181770727
992288
2431433
49362599
167613602
242951922
249173542
216387817
137484458
66698360
204625747
201114796
187769357
180581896
262783772
207762888
167613510
217571430
262664446
13329777
179445976
116577593
167613536
4313695
252006871
36406807
167611215
261028414
262691651
159824394
214189208
252637252
152546532
167615050
52720933
54930142
54632946
215543448
167615602
206860126
204049844
195287443
167614771
206141354
250077707
36566807
190320413
53520465
198739802
205696904
167614961
218736463
205040719
45844360
161903409
167615542
167615113
167615429
99056184
193525448
54930099
486478
405733
32589302
120068980
215477873
167614407
184333838
194959696
215388909
36202323
455582
252256984
214199686
222463053
204052130
214009357
167615423
127692092
167613562
12519477
150073521
158392675
167614703
249693746
240626500
167610684
248637687
167613945
477566
14983738
707569
260113553
23204773
477031
80968322
113117526
198437229
167613880
205695861
252069280
253229678
252295323
185435287
252040910
205029128
203862459
166658605
167614723
167613955
247820656
178482735
23084450
54158337
205696294
120183364
194857827
203911312
1621175
205695228
185903123
27534634
127654491
9999358
167613591
118117973
167614141
76601017
186189847
249958376
8993107
117926922
57211759
167613587
167613574
228992796
189201615
71983783
167615165
206362837
247267538
253181509
174137922
355118
205695130
214190222
70540566
193050640
215768912
262845270
262637154
241771967
192376836
202762431
66398434
66923673
86956483
167421410
7940953
50699619
217272325
252866595
186086985
686514
246891641
702722
167615147
250071061
253097498
250232666
76527853
183335974
184629074
206560661
167614821
167613913
179746112
208321128
196153186
118375045
183037736
262826529
134506698
76527177
243080841
207699269
109109497
117926969
216384548
167613891
186120764
177615612
10811151
167937066
517882
181438546
34819053
214655275
207566202
205808047
180592053
186692716
148000101
25402006
188321932
160788536
215746002
72513191
532593
172105996
127032377
205807458
263292095
205584543
177145334
194115780
221254775
205807445
205696127
505599
216288761
186120772
222713700
167615031
214598587
178779990
163566452
248893418
88929183
214920263
181980291
224173831
248074950
213164808
167613977
215730547
202040174
53979079
215730489
11811532
356754
217764207
167615608
151757129
242486781
249033720
255759970
187285884
200618722
197584816
260107674
147356894
181725983
79104663
15188528
260807201
445189
136126443
132302751
79104661
200652562
252040896
259514851
261974860
248469074
149521080
50425595
205702351
199006589
142006426
171549954
243080835
242087818
167615016
114921201
76527964
242711151
187594796
249092524
178303727
530044
57211763
213675109
184485163
192713873
205256306
222456674
167613589
242986124
262664409
46240922
254093436
201691946
257859339
163831355
248059869
167613583
20276543
193911063
194483987
249823306
177637600
247975018
32370990
70415995
152529928
213930027
195291852
86956140
137429963
194104674
197902461
217187100
222726463
249823309
253171401
177145386
259016130
195188927
212992072
252398720
70524477
167614128
252558373
117820612
76527974
99056215
207777578
137503123
167615349
197546600
316018
181377513
389204
214921149
216406897
204420704
225206254
167614134
127963676
206560636
208748113
114945561
167614759
31207331
229769847
30162684
214608086
167614214
36336021
22482253
177644008
167613654
48114887
194109564
187601218
209399987
195822625
230079018
248329852
242423738
253385427
167615443
127032510
74332453
186489310
216687148
195110571
246649473
165250874
229748736
34636470
230147243
167613740
167613542
203999119
190154934
120183650
31122073
167614891
114944618
167614041
167613754
525295
198956792
2563921
167615137
186069273
197546614
115254372
190355390
230004555
215748926
186087937
167615489
174605151
195328690
167614832
167615167
201036182
205158434
205723279
252039166
228716002
249569903
178097721
216384542
215788397
216384526
195188673
198731688
252562715
76779003
14303668
224174848
163021273
167615325
181981226
262795571
249824690
55321085
201844565
214598581
205808179
248566607
86955955
108158211
35222096
252041103
7973694
167613425
214655127
167615189
163831452
215389586
195479501
167614742
203745921
163831451
195291936
183337359
167613465
221254619
167614227
143185993
187810855
214931255
137440704
167611099
29907141
77222165
207986337
214824141
137504428
205809679
212323554
206376818
247324139
194104676
201376290
109298356
217125604
201386065
198721734
195927114
250077818
250071054
181171123
25170319
215543469
174008853
355213
79320610
167614526
137430436
138182452
249824696
92551580
222659484
247323736
114945352
216462245
139288562
188941194
177145836
214908489
180924640
217628050
215090028
193712817
208126598
167615159
195873822
167615550
205694674
205808319
215786771
215786775
249569737
252193945
249930898
216288909
167614246
249693662
167610882
124975372
201550097
242170771
20534975
183677450
19878136
205698802
167614465
197546611
207988358
178329986
367635
174834977
163831349
217639629
225961346
149521046
214828206
215730551
22482291
167613650
215288711
315978
184893000
138159690
167615240
11252906
206361293
217271358
242487852
215786645
248329869
127591403
249823345
223883049
253385423
253276780
253171399
213680257
259389009
191419651
250083294
177145436
248523332
686535
490502
215796439
204420651
214815433
102108275
137852723
167613554
137436210
216285746
248608867
214582291
214655197
167614190
181990926
197622898
167613877
106180511
10830303
190537970
167610399
207297234
137421300
252878192
173137633
260113603
246309358
160793105
422867
109109691
176420496
222662503
252053644
248523175
95277915
167614120
242157809
23084468
167614162
167613866
159824709
180864468
247944403
246282377
246282330
120235549
77221903
167614299
177145354
120183479
195287155
214828163
381199
32954907
21670749
215764090
25690144
15467580
167615560
32899180
179373344
867608
197622024
32818924
206607142
197546607
195479514
167614039
167613850
207567371
205808269
249089906
200848988
251394105
230062098
251394010
245307575
249219381
243084673
222679617
253782700
249569935
249569739
240626489
222677531
228715287
215727446
215152375
225195686
225195679
195666788
41556491
253147988
216983118
160553611
209377573
197165727
242513394
253275107
237684535
237686004
178769516
218738558
195312094
222726461
262725346
199039073
107366373
198824389
9151738
197849316
194958952
109109710
262016088
242280469
163831446
230015413
229714158
3284719
223880818
262812987
223884322
250072585
150980772
253276725
1746355
248524548
167613525
57705034
248493190
167615109
52275103
201424173
152532669
209318845
215637881
25691328
24472744
19767800
152738390
22373014
221017541
76696898
161212022
257866181
230083496
263085091
155492358
152559305
191419470
257859371
32895085
188694910
77222168
253060117
137421041
263103445
7887144
222544290
114945223
205573875
246282307
246282304
197972844
200766627
222677386
167614062
203969108
169297189
173420569
197622719
167614309
179063951
215764092
167614102
197638673
222677512
215090030
172476311
167610913
207515315
230004227
167615530
38384633
99056611
167614086
167614031
453515
186087521
193623825
214828052
167614144
167614936
108716641
89316209
167613544
167613548
47941143
230004812
167615163
167613609
167615145
213680355
204665620
195291932
205694577
147976271
109776153
207939061
228992801
167613629
195927054
200766651
204868341
167613612
132304464
10830750
176142530
253402885
205809459
203202131
263294484
137440723
205809613
253268692
206360718
263389188
205708292
213997949
127591322
225195681
202529643
228722936
246275405
196153024
249644187
249679570
76527171
197544643
197544645
222677519
242265175
208431139
253148206
237683350
237687996
247273593
261840603
261840601
183483305
177286221
182805125
177617827
253275101
222601068
245305715
228992791
215726894
201385669
215896360
225195692
177631161
250077986
183334967
37928814
8635466
246164986
225195696
262016016
225195537
247820653
223882671
223881964
216288896
253385425
253229669
253229673
230147539
262812981
263294685
19682520
248524534
252959929
262073798
262656193
174606479
177145394
12400081
32884498
93042180
178957581
253307968
224175897
207987691
224172950
214949038
253626780
244303254
185448357
167615117
180987121
188658896
253304870
253304874
242716771
263263688
263290000
152740652
249046597
200848757
215767981
205808175
206359737
716182
198414701
214824184
15010524
214827023
167615066
198858964
167614100
167614131
218736467
189462437
204761856
162527623
167615205
167615393
101932958
197623138
144473533
167614970
215090060
203402257
34732145
215090026
185900393
167614451
214823801
230147393
57315365
167613941
87954124
167614148
181980812
247680971
167613501
232710397
214827001
167613499
214732002
212961346
200630486
195468314
10398695
204645994
167613497
215745996
136112473
230004709
263275052
137440702
263417758
212323614
249145933
217718989
215779868
215779866
205695067
215477405
215727444
195822632
246209079
242892755
198957092
55206938
153926545
222679598
253782698
247273590
218738556
247016854
127591624
228989167
228988631
91853478
20271574
216986319
217123608
216384545
201386002
197626987
249255439
60060704
199006637
253324234
253324231
262725342
127796178
33360359
250077598
196154640
183337965
127692323
262016014
223883748
253276785
192360463
195855424
195855431
247443945
178601103
262915485
184074106
230083780
198456320
259489561
220656835
16384567
214921108
209379052
200559997
181914529
27534626
222657489
167614998
215637883
215637879
41084486
181904887
161650342
252040880
167613634
186985024
153492450
167614678
136482594
249025111
529027
190543406
7887136
191914971
206377119
246282340
246282292
246282334
246282318
214818756
167613984
214828087
115254265
230004332
215764047
197643939
167615580
157943280
214827010
186086824
167613964
197628707
167614225
20824452
160315302
149387914
215548551
167614847
11258521
166653493
20325587
214821658
215481719
184505816
185445460
144505771
66104801
181195009
142006331
117315668
204666213
222677423
229732328
230004275
180585892
230004759
214824186
222677425
230004674
195291934
7599384
179445830
32352062
175438771
214828057
204436467
220973814
213563565
189468555
196152623
167615212
192903189
14019965
167614907
12123237
136482488
253268704
205695219
205808191
213998033
212961356
136482415
194449710
194568303
249092537
96306872
195666768
225195683
215799622
252558041
261840605
242513433
249489699
113117262
197165706
249569854
246308152
222677521
167614483
217125613
216462136
216986261
216986275
16049882
195305703
174604187
246209068
187595463
247273428
242498695
170790477
225195513
215896364
195858408
195670765
195312073
178228615
262758530
177638855
250077591
250071014
222546603
32955193
207984275
197623470
167614694
262782691
215151132
177780161
248541119
181923964
25170529
241744957
954344
223884836
247061570
249823336
215090048
222546963
263083786
253385429
253307965
252258699
215543287
262664367
249271485
23236239
2386705
214908497
186087317
213676795
215745925
262885868
167614477
167613736
249219433
253304884
246971812
167610851
167614682
167610857
253307975
110916553
10766604
247935773
252257216
105739237
247930622
20823491
114945823
246282374
206776549
263103447
167615445
145297152
152549343
176150787
77222223
201033511
215479788
102108362
206205122
9694325
120183162
167615255
167615562
193623004
113117525
230004225
184070223
193895767
252005298
9932005
252199810
178483666
147999809
152546419
193896500
7491315
228883579
5852521
172112637
192474344
11081535
252035442
10105524
252392131
249219897
228990689
145511903
257503554
21154234
240324983
58907167
54441172
199515647
50248653
11436637
204083235
194463281
7940102
179969700
105654043
23624781
7412827
167614073
7940069
249766834
160682881
110916568
174397268
248654623
249290629
217515388
203770412
252299370
146222951
34751505
74402115
7796043
207760157
95932285
262654784
7797131
11214113
216285781
249569745
54029394
66104777
191813928
34822607
222657291
194187964
10192938
194491262
222657594
205582692
167393950
167610137
76738000
22030256
205312158
213863280
215764389
206675366
215733013
194013299
54624608
159810978
168924456
117926903
180715832
253165917
26073797
74408320
228883925
226400510
107471322
177887173
53902794
10749754
160591641
116409047
203434266
127033076
188833979
76378372
152026060
7940147
9674955
217125621
253089367
167613667
34853399
198416866
187596167
51905662
242500078
54795974
205810331
205697393
166558667
186088117
8813598
10590265
214829059
167614216
67086277
172844769
187275364
262841941
249945280
55880690
57043543
24980104
50426436
262908640
247799369
7491309
191675301
222657494
1518769
185946854
253468623
8096240
160395012
184885600
54751300
66423968
59511403
252562427
193136164
201016863
254094059
56307703
173718400
249301909
8021607
54753015
84876048
149253581
53981624
7651218
167614203
16994333
185949225
90523671
54426577
87960224
55002011
253165792
253165433
215917005
37137283
217125699
167615618
214160910
172374577
9957032
191375410
174293333
193911537
195880202
174441910
14877959
214160990
152370949
54413383
159390845
257552595
262730936
117315623
174216153
167615194
9687537
167615022
146019898
167613871
179445724
381273
185637340
167614248
253556132
177264169
230305454
214162955
7973297
53047386
121975020
253165522
194582997
174128091
179439769
186107367
21044727
17049688
207699259
53773073
16262534
110916535
206473266
27844671
53277769
60204153
12130424
90574158
7934686
205808081
8475981
262725749
251982262
205694873
9794134
197628233
206377099
84746560
316417
185193055
66667320
167609554
55139379
182707581
263034988
204754500
195479324
262656131
179912370
91661331
121980205
66750215
66872136
179446081
214915745
257845380
57314839
214815387
213997929
187598701
22480681
262569084
167610362
184896144
214163209
167615504
189413471
252726707
67735072
205809639
192693265
15410911
28285400
91847505
167613673
152804390
197545067
171122574
174172533
14875901
217548369
7973418
116947339
137114253
66750229
23021047
216982840
57443158
91654966
185637311
203199747
66875647
215733021
214160533
117397522
31815789
214163082
23789315
67167971
247681275
204625749
167613632
52720925
73510315
68261641
355208
135552459
8088896
167614875
8160133
205809607
194011355
188960928
67051526
215720930
173856590
56670367
871690
252726714
66631569
66660760
240360535
201016086
7944943
9691161
74209347
66741585
26073690
166625558
110892489
214163778
66750493
216982952
247322649
214948485
66753155
66754174
229804036
39154038
207515285
66747482
174308773
174291651
75791740
67049930
167613636
56267280
179914046
214163449
221269511
154454637
54783770
320921
113117341
184487125
177890716
110916549
53954482
120183697
20634048
181438089
54889067
167613577
66750226
215733017
59510008
152040378
8196700
7957787
66104793
20535207
66433820
108564076
66433822
7527349
20633554
190565039
207760599
197545073
190171941
66765094
54790183
187948737
55511585
66751584
57442446
207503031
92551570
174182676
209274375
1358093
203200753
171249386
167613515
21483976
205809518
74200606
23832386
56274118
214164341
216384506
67053022
66433824
20848681
15949868
54373644
177887519
177338128
177883574
180499669
250076935
68145744
68075905
166461207
10062682
66878002
253305810
63956491
192289268
185907032
68077592
9206990
66379033
205111529
205729258
66878004
68077572
68075914
66684579
67053020
205119268
68075926
68076432
56680022
229804040
66878410
9263469
66872120
174502640
66868000
160788547
105281981
66750501
205708058
8475977
66423989
181452897
179444832
47135375
9856848
8605796
191945216
167615314
21484028
32377114
215764269
177265585
66423976
250076737
213997933
242205429
216288797
59079090
66423996
66433816
67051539
215383792
171098104
63842467
166575458
174836957
195651748
67045764
255299111
68077570
210143587
30710814
67051548
7940129
66790051
66433778
66755609
66668339
127961965
11999328
252294970
213691823
39142259
66753165
67053026
66769396
66729874
66790055
66894179
66751261
167615347
60070520
66668357
66751576
213997889
59553304
16098712
150656270
199997094
167614911
66663654
20584982
67045577
249288416
167609564
66872126
192559762
124159737
229804033
189413608
68077562
67052099
166653537
68077568
66736771
166494270
7940986
20633922
66424023
10151973
66639771
66751590
110916547
206376143
114895597
205808681
206334828
66424021
68077560
203925335
229769256
23829554
66754170
84866150
187603885
66750213
242075313
217124810
216986220
216986243
15780164
7895368
66667318
66754176
67051530
68077602
110916570
66423953
109982857
252417900
196202118
213691785
182294484
123157772
252400720
66423980
66750219
66878408
8864818
59167099
66755605
49539527
123334047
192289543
152559212
207503029
33072063
7934179
68075903
68075918
70703963
192276457
203984105
7948164
215764271
67053028
112083216
153261313
215726869
158782014
20992452
67051883
66755599
205019919
208783456
67045567
263436283
205698814
189630454
248704395
174604201
214164632
188961425
173714360
66433810
230305696
230305499
174240815
217510846
109979731
112083211
23028246
66875645
59540023
106902342
67048410
87379579
68076281
194016832
171271799
118419914
59167089
12000117
66663660
67049924
67051072
67086289
166456794
219148143
247922181
253305827
180001465
66769391
66684572
66751588
55511882
185948426
68077574
167613848
165245124
167614328
66750470
262082738
165245505
68077576
263264271
247926023
212323979
66423966
215725816
229804046
66379057
163831417
167614953
147770502
167613857
167613820
174300135
7637978
174301474
197635722
20952788
66667308
189642767
7637833
8274718
67052105
67049207
9688053
66668345
24163072
66379029
20847995
225961327
208643390
174293717
67051537
213997897
185637164
52611083
56269688
66872132
66872138
242075378
230305636
66423985
54394793
194011431
195302873
221231125
187600382
67045513
66379061
66639769
193911014
8964686
8965355
185947424
92552015
68076446
67167959
66433826
117315638
68075907
67086293
66379123
263104185
8001102
215720928
246853856
14509733
67991817
182295492
261984889
23829928
174808253
110916505
204754603
124179771
214815401
196935233
192033791
229804044
170806630
225961320
66653591
166592526
66379111
146988859
167614211
24163086
167609877
36207941
215726718
189941054
221254647
133083235
174039323
24955435
221254617
172475753
15125408
171874373
167615078
66653599
66867996
68077578
68075909
55003732
198957654
215917001
207643624
212326847
248893904
66684582
197545076
66379039
189946547
221231179
253838386
38493533
255298739
68076330
66379107
248654229
251393985
67051062
250077846
179541882
8277500
159760666
74815472
23398864
66755439
66736757
66872140
20534782
67048991
21484026
185637187
253305818
253305837
7991042
230041938
87391877
201686849
263196469
262654214
204625754
213489144
263101604
262664303
205928812
262725734
19689393
66747488
66872134
57446825
35734756
123565904
66750231
110916563
181996778
91855293
170781889
66790057
68076476
66755607
121607773
114895525
67048993
17049676
9692069
67051066
201891823
66753153
95931326
66750497
8886107
23816764
56307079
114141095
66433802
67086275
187593399
66741594
194011229
9196215
66379095
150683645
215723145
221254635
67057812
22047224
217085113
201158670
249392704
217419214
213707067
78288253
8964816
91846876
23420485
46688228
193639349
31253412
121973456
54735707
200013581
114279751
160591699
171944680
221271407
10091048
19564020
215732917
91846922
177642041
67202238
19686189
77197222
221271568
248801272
35125916
180961097
66752167
11246670
143495634
249685225
252230235
146486573
160591707
85684915
116407899
66753157
56194473
188321479
113117330
160591635
167613714
14895357
550899
244168346
247656188
76738002
249219452
139987477
253393580
247741510
253412710
57024541
56196775
21154239
171476383
262826521
180592096
11197181
145551036
68075937
117113348
248523160
123235644
73521647
179371948
167614114
198902429
56732597
110916555
75371865
174301189
35478972
91855123
243043763
31023749
9499130
55843563
212212594
67052095
68075945
229749863
194465525
66379099
10021213
67082698
247804869
195652184
67049926
66743037
66747478
16998873
67049932
58622331
53728634
208662978
15125287
2241839
193910187
252178754
215207536
171942964
56416485
55643507
54806205
198416462
187622784
55062549
24970126
87914108
197720517
113117256
185882395
32591592
184629951
7471087
82459825
55063992
110916524
252860027
7964988
66423932
55512938
66379119
55898398
125929735
216285799
66668179
221231283
8012978
54624314
66670599
54624440
255430598
66379023
66873590
193745688
63953679
68145585
113117311
174310339
25184587
54803092
12146304
229973012
73514115
67049944
262690517
68077582
59079011
22484261
226135890
217125635
216388060
66379035
143872447
167613585
248545002
188363613
67057810
65018716
66379052
66433818
68076279
8145893
163831453
171241552
230368398
68075943
66379031
66433780
66751887
66670601
67052093
66379047
68076336
262660086
133083527
261979467
66751877
66750476
67051535
67052091
117113430
27558520
67049942
66667298
125920402
66751259
246772456
67057800
67167978
66868002
66878014
55513089
197608287
8977919
68076456
32251451
103814690
192725729
66379109
66757107
223891730
63808308
166569009
189950866
68077616
66686032
66736767
66379049
66755595
66663656
68077598
121735862
66668353
67048414
54925956
66872118
66769398
65018321
123554719
67045571
66686030
125939086
32412123
68077628
66379059
66639765
66663662
8020982
66667333
66686036
158777243
66669306
66423936
66736761
68077588
205708286
66747486
229973347
229973190
262473141
66754180
68075916
172118229
54897796
66790053
66873586
8605179
181992917
67167980
7934677
15000009
67048997
67052103
92551366
194489374
66741592
67082695
66754166
8146266
66875635
68077594
246772445
246772458
66729876
66741596
66894181
110916561
183702710
67167965
68077666
154867130
68077648
8344825
68076448
68075924
66876927
66686018
85660179
221230949
68075748
221272208
66750491
229973434
194105428
66684568
8839769
14050852
73513762
67045551
66668355
68077670
68076434
66878012
66755601
67045553
263115093
66750222
66670607
65018419
66423864
67045511
66667300
66747469
68075953
66747473
66875639
56306811
67049209
67045758
129138510
66423894
68077610
66755603
204625741
113117346
66743044
7910799
68076285
67057798
66631561
229973531
10168968
216986234
216983152
65018720
178510741
262470325
185946506
179718815
226106660
221231031
68075922
183702712
68075895
230368396
53057628
66670605
66741573
38083815
66894183
67167967
68077606
66729870
67048989
219148071
213691907
66686022
261979572
66729878
188692120
66750485
66765092
66753159
66663664
66379121
66379021
223889955
66741567
262663944
8277474
67049928
23260664
66379055
68077653
64977081
167610979
66743041
66423934
192098623
167613532
68075957
192288083
207699223
216986278
64977079
223890712
66686026
8337219
221230289
74198650
185946389
137966960
214856982
66379041
66741561
107021793
141819551
54778518
66423972
66667304
8860590
230368394
66753149
93754492
213681557
121605462
66788407
122853236
66684570
68145971
176775810
66686058
68145732
38656087
122859292
197656718
206560596
246772460
67086285
66743034
192288062
68077646
35594217
68076480
68076454
66878010
91847528
64977040
242433618
66668349
76730161
174398007
134714357
157835256
53977075
183527778
207196246
36163264
11232643
192546256
146286897
217355260
249179336
142258565
50996971
205051129
86956501
173858391
68075939
252065007
121622174
143173425
247291071
213981422
199240514
76775982
213971911
149264735
226206779
85698302
188321778
194463102
91226092
129138224
161947325
146595886
116966741
200702152
176675165
9956739
249178584
15491021
66433806
213977126
68077640
66631567
110916559
213975346
225967066
180584982
125925138
173854619
68077626
35988312
8307596
117918077
216982962
66668361
225967075
252566359
25948612
174820246
174748156
192676804
216210134
247656536
221229996
216983218
67048987
143184134
262839786
68077650
68077652
184830736
215769122
67049211
226160144
73514457
34636468
68075947
68077656
66754164
216982829
8307639
68075959
68075931
68077630
252212406
66750478
143521929
66686024
181995775
68145710
68077638
66433836
11227027
253614906
67045521
66686053
73513292
67049940
66379051
262843537
212564642
122801718
208194246
201033111
215221564
187904599
68076452
68075955
68077642
262733954
66667310
207515325
26072258
68077668
68075951
215769124
176802956
225206282
225967058
66747484
67048985
68076478
66379068
185055209
167401038
171144619
52324875
146403809
146422636
190565299
252682966
262303712
206361291
241899626
162100189
206255475
217776270
194462874
258605670
185903869
68077618
77231620
253166265
52272351
55208737
160591683
66751881
216986217
68075933
213598880
68075961
26073535
127649065
215769073
252259127
214930709
163318700
166560947
188833492
23484431
170345818
154718366
248930289
14350449
95932977
12145844
53012042
455878
196522840
53974944
67931347
30754969
176487490
8824864
176685766
108252701
196409863
216982936
216986259
51436132
51025816
87866939
86532010
150033870
173854688
187063632
185890221
51730674
167614787
263030189
66610137
252040762
52612710
25556252
142543048
137425251
72689369
51518526
108249872
140821119
167613581
32753251
58165829
186094639
252558755
59479145
248896606
248903855
175438063
72690058
219147984