197263858
248800978
249026640
249028652
262837213
248755357
195993445
195993441
173156781
195968569
112071729
213787743
165704682
51617979
248119297
112109886
240165801
17495500
249802009
58723518
105231292
252892453
252274352
217475019
248519788
162548951
253273872
176070554
141841339
222571724
49895269
197337478
243086209
134285620
192006108
125089769
247464597
165704739
248619252
252578471
248541381
179757740
44944156
215123443
67349493
196876640
253293598
171259791
206127455
161462956
205966625
252714212
111197615
151950560
225386738
146274085
197099725
168899504
192008292
182851073
225207521
171586343
214846741
199650347
77105726
195993371
26145056
188993125
262043100
249802261
179556246
247792895
184878516
252714224
4087415
258373799
218760861
263208552
196876229
48753629
193045299
168899498
23436448
58708783
48982090
146271728
168962825
186495766
106362330
168705128
262451668
248880571
248247821
225386490
225386756
250335429
248093789
248765067
248619073
260830379
196382417
162363351
166084667
247790674
196873097
203493792
58709179
168961798
206145289
206632147
257859595
262090039
250069587
254023176
252892298
262042661
978016
165704363
254672866
243037602
247925639
253322393
248523599
216900934
108130544
986222
213886832
193045223
186495819
252597200
262637067
508848
508784
190239223
196058127
354637
253619374
176463350
225386545
203494001
146452699
221267536
217523688
222594933
177888787
225386221
254132150
100452271
202707653
140843880
222724001
262045216
53261220
263100041
248541579
250334884
168900747
257834915
189264017
246774522
225386604
225386218
222679603
248108762
248619075
571073
254908251
217130856
257844063
225386693
508709
203492606
221241884
221013143
250198102
508860
177550913
225386313
440931
181517183
167462175
213673559
165038791
225386638
252035468
225386245
248619250
203493745
165118384
158775297
203492595
203497601
248081919
137440698
186676105
193410763
105231357
249805068
263100154
263100047
263103881
188487864
120183480
263419594
225215461
263103774
193736880
190171362
217130858
169377650
203493773
249822419
188974777
257845359
255174985
203493928
213673942
201104944
225386257
193737018
263208653
222472358
217130873
248957312
199108678
254021751
203493834
174830760
263451281
240626527
128711583
225215093
253604160
248495140
252578258
248227760
213886918
250336365
248523008
202999239
177266292
221012838
225386736
262844837
263207459
263208590
247925830
248880695
225195360
225114856
241667500
263372532
221013413
263207585
263208649
172217705
146271704
257843802
192908509
253712286
253190265
202771855