15267827
262590359
16284262
14100920
1670619
176132374
185854301
92993878
106206473
15634596
160081248
16284286
129381088
10640993
1697665
13407561
13329848
252591335
9994488
220672247
201004690
185850547
19499744
12405720
16284268
3828605
114937963
16422556
4696347
249278231
248936081
58621734
71907868
10641027
10581168
16284249
13828940
6699179
19913961
73176340
135552465
73553840
214493474
5067157
214493516
3088895
249663541
32592661
217292453
16284266
214493522
12141153
7918040
972399
2077375
127672061
73593778
760453
141173556
3954357
136678462
34750834
16284284
249388829
8458232
249388511
4097791
199903309
186879905
201307992
686843
176550325
1660003
1420367
4215571
37151692
48362498
1315601
208289503
51720392
51720397
51720394
51720396
210765545
244883617
249278196
96752565
36710748
1661063
166033489
5478293
11814138
188057281
249663533
686773
5143877
162033634
19699938
66948967
34749023
16422505
215974987
58621735
216226717
7148425
517259
15867693
215975038
58621732
248936412
186635346
176132392
50904572
58625934
208289507
7379845
1029750
6470155
182983714
1029908
365795
217629774
38139068
112075323
5052265
1029852
506503
686621
786994
686623
96741767
75373046
584048
16422526
17048313
686941
6470159
686856
5478281
6470163
248755006
260640581
206781752
135552431
365798
252671486
195624182
252591328
16284258
831445
243057838
16284260
7379841
5732837
704204
176132394
188057293
129480516
217292455
217292448
3212477
17048311
216001274
49502453
73108961
195624166
173479559
173477513
650545
348144
195624192
10697066
173477523
249388590
10697049
162100190
7379849
163848131
44983211
166079538
23424481
249388676
195624139
31516092
197964805
35445053
23209062
201099452
10641017
36750568
6470167
36750361
927285
570754
249664600
36750747
10641009
32217989
110627967
972403
217292445
73108436
787030
195624136
195624200
73108963
257780650
3213951
786988
215486078
175146851
1020462
230041681
7175641
77982975
7379837
449596
9994117
3665163
243033934
15186760
72540043
6595663
96739489
200649591
242810294
30792958
1076428
1660007
56308008
73108433
10292507
200710323
200710330
44983213
190738018
200710312
175146841
262528457
177759072
382583
123447239
186636023
170959348
72542493
73108430
200710326
249388833
200710320
133211832
9946881
80944304
13637687
981948
41084644
10581325
10641019
10581367
929836
5478289
4719933
8316475
252764743
50904570
10640999
54014397
248755024
201844011
196851315
261949647
2469671
262527003
2469667
32917625
16829399
181122323
10640995
50430906
32917603
109874593
10641005
250077813
806366
210765553
249388753
249389101
77222567
248755034
262527168
252098371
23209128
190738006
22643595
32917601
13686963
1465785
2469669
32737040
171574063
4444017
32831442
1032618
262527104
2015225
173479562
7637312
117505181
8470174
2783963
8470182
627877
8470178
8470180
8470176
2783949
10641007
38139070
344518
246162317
252649283
10690208
42481232
200650416
13828948
110627624
10641011
21585257
205073246
11341046
186636776
187011200
202179744
181122299
13624093
207032964
963069
56205273
23209154
10581371
196851312
59198833
2469665
542922
13828961
8316474
8470184
6449425
20642787
16422588
202179737
602310
5506035
10194724
21585261
38139078
19699948
58696232
1659967
110627334
20421632
1023318
12027557
36854947
806542
249388571
626666
4788329
17599332
897744
5001939
43262275
2064625
65209973
2697027
171549976
1689495
8316470
56191513
2570575
19699932
21023890
915310
626689
181122311
1783829
3935889
7966358
1030215
8316471
96739515
73515855
16414227
176168549
11341050
11341060
2064593
251262636
8316469
40722753
16079286
109298256
433294
262899527
114467219
442115
166079536
2160711
59261131
76838101
248976416
262899533
249284234
163169758
5478301
10187759
7992252
7349295
7918038
448861
4236281
373763
373765
195624221
190738012
50904578
252591345
146365683
199536480
58448377
176587177
213692645
1445373
248774135
173479582
10650589
177921169
6568385
73515861
173479570
92552140
786998
880718
162100210
190738010
199536483
626874
190608755
31515423
365797
252794813
167492754
56308006
449597
248939188
199536479
191808482
102779439
248936146
153858693
248939454
1709177
12141165
248936299
200653249
13637697
10581283
253213516
50904582
6449429
682328
127269058
217515070
878066
248962871
242502249
230082561
2782209
248939142
10405962
369195
69705133
248937139
199532592
176132390
14610828
164227411
2916521
44983201
19914552
34751005
248939112
214589718
252573142
253257933
214591924
214591756
32470522
195624164
786992
927289
199536493
249388665
214591519
859057
252794840
173033433
7379905
169818256
199530647
1535945
215975035
252393366
1706893
200651231
252070215
10581271
199536494
20421648
7379899
1706897
252765504
171327967
112076129
124893060
21853814
6641085
102769614
262822067
10566745
32100589
47438251
215974985
200998622
48363505
150022147
517315
44627528
190755669
517317
365801
41430710
2438605
73685438
34750940
475353
47184492
200650684
59198837
6669495
10581281
73881491
43815629
7349291
2855815
248773792
163149459
14610842
19699922
252671549
52576657
838460
163167854
252070225
250473726
9953039
174293671
72542487
470193
5912383
10581263
346921
191808267
339758
831443
145093490
6568407
210765554
109298263
56205265
204880966
1374419
200933247
196320702
474343
927287
260806847
14770653
36298479
113528192
10576558
169817924
10572208
9953037
23147661
20561637
2783947
10641001
405890
10576566
541699
187829813
190738020
10705658
75947314
2789639
160051597
3239649
10581269
191808199
8316473
5052263
807021
748161
787024
196021597
11339971
53770227
62633898
250472698
261834976
173479556
73882392
230082115
187011421
986235
517309
15604119
75947308
102779658
169818076
252578608
252649197
34751605
176168496
110627775
180218209
2015219
5886177
102779661
19914539
252794827
171574052
393777
201296291
11491568
24472590
210215835
43751667
2789637
39358721
10576552
6842369
2782215
23209012
10576560
569008
204880957
195624138
5478305
14770660
166079534
189667074
14502516
11227944
191808426
1076432
860778
428904
787006
16417092
9946885
6734733
252794830
7803964
48018644
195624203
216226697
897912
880776
248558653
113528174
3239645
113528361
252576574
453789
173479555
1069534
196338099
540395
1076424
12027611
55525238
48363457
111976624
163030227
43815634
214589873
56509266
683573
20561641
1374421
1783831
8316468
169818516
4055389
174293666
14770651
433291
600318
127672054
169818034
202715180
10576564
195827260
169818534
15258016
391063
341029
48363490
201698765
3034995
171574046
3088893
193898641
252794817
789014
369204
191808341
10581319
19699930
11803428
10581323
155266457
171330373
174293709
915312
202179740
376140
690014
469557
173479554
450735
181122301
17599559
73553836
32917607
22647378
75947310
48363475
124483757
252639066
252575106
174293668
169818721
189658684
10576556
574627
10581313
10581311
213684804
428856
410674
200651009
208441370
16415953
10581265
201695549
201695742
29567811
394270
252794846
474341
691282
253148942
200651533
927291
566065
249388672
170957628
32917609
506464
506641
169818621
19699934
393869
5885949
252794834
556295
37794271
616029
345608
517239
5886435
656009
200651848
102779713
129138558
340691
178031679
17587146
111852577
369199
48894316
53770390
5886553
181122308
2119669
174293699
195624212
762557
23147665
15258018
75947321
556290
625875
56509264
10581309
556291
20561643
191808489
32737042
181122319
734300
838514
214093800
4411697
215974994
248590909
8014502
762505
251531496
541261
7976716
251984798
21585249
169818528
10209890
10576562
145875070
203288324
1079982
209349365
142836091
207033133
4472583
252763732
215974990
69705126
10581275
43815620
3935887
1644891
230083002
36984367
214589840
927295
8021658
1706891
1672673
750377
260806359
15604130
338116
242748636
563153
192116924
48753810
262699240
69705120
114945286
201308012
43815638
400916
248590545
376159
32737053
43815624
7034495
7973253
3024657
8014500
2297533
46626757
252393316
252648411
176824191
173479568
46626763
7982489
191808187
24594269
379482
241998116
43815622
186636382
201308037
26287860
4055541
96815887
248590677
216226695
196338131
16422542
43801513
952334
174293652
36984354
42749520
195470046
207643363
1672685
207502979
262767693
10690206
14770649
247446302
253236260
252574101
253542440
897987
13828938
7379889
215388495
354708
351923
7973249
187829817
195624145
43815618
262783961
247982934
24594866
253228808
247048779
8307669
2570761
475327
418483
637718
96740130
62648443
167615359
2064601
257787092
28199617
485454
2297565
252671656
257843934
444032
217648890
214591146
12289260
8031523
187011055
22646340
48981004
2438585
226993003
335578
253355140
107336583
13828955
3071851
579385
2064597
2794063
191808436
191808276
809174
31516152
6512157
252671609
3935891
38576150
190546635
230021196
56509262
42480196
43810559
540371
1689501
176824208
42750015
10576740
43801514
386182
10191402
21585255
20469146
2119667
182797650
48018273
77220816
194406494
169818452
4317417
192169487
162100187
225272828
104628425
1656035
42480327
9946879
3899131
169818609
147744563
251923848
114944585
11341062
48363473
262085291
248774668
556296
216226713
972401
242443852
48018269
376175
814722
248560712
248591092
3663063
625175
200679021
23427199
10581273
629105
615957
2783955
43810556
563152
615653
506667
169818684
189664143
1371315
341975
366847
867438
59132129
2063285
393855
4893719
408792
929822
2879585
400985
341790
373903
3239775
762513
11728316
49961040
189658438
1374417
172080484
559494
704603
72744786
246853431
252770187
252390766
686609
36747261
112077302
249272931
42749937
602300
7966362
19401267
369198
369203
10191773
69705122
161979605
369549
717504
17960440
189671117
454182
14610826
14142492
16427625
12027488
1374423
929830
376684
754251
169818172
248523324
191808310
6699195
11146029
21023895
7554205
22643368
16422564
246853358
2119665
626697
252671553
252647770
506598
178031700
55142471
147744565
1741801
365892
475355
400906
806660
8458234
53935727
556300
554813
393728
157245145
7379857
190738008
127672064
127672060
717577
615886
454874
835199
189676395
376156
691322
43801509
210765546
252279265
13828934
1229823
11728318
1672653
867428
10641023
48754639
540405
567094
393989
373543
191808245
174294202
506679
506583
169817824
517244
5982837
48754099
764007
394282
704606
246853300
1783823
707467
9980608
195509810
150033883
42749361
7966359
365879
554812
96773414
554802
74267456
378891
19699952
112058506
204090607
10188106
88914518
150022106
248523304
169817970
442114
61560713
198651088
952328
7966361
931103
10690204
12027670
11146025
252770350
73108438
202838744
56509268
169818454
58407379
1644885
952346
2783957
13828944
5478277
20469703
952356
11971963
16422490
169818320
200520507
704609
197835266
246853351
246853340
37722840
5052267
32040288
2783961
38382176
202179742
1689503
56205271
77221751
137863387
199530556
111852180
174605363
554811
554790
262772752
109278071
9946865
376160
11341054
952340
439901
47438210
58395905
365875
835195
210444084
559499
540526
73795005
6699199
16422586
2063373
511681
517284
559488
541256
581099
556299
10641025
248558663
5490961
113528295
252794820
248558658
2064605
248523306
998603
244173833
246853397
704605
202712829
559515
559504
915314
686586
1535939
36760888
137547977
186636561
116754196
125000730
447350
191808536
750375
750376
5503739
11728302
75976242
1217929
368623
7379873
386175
2064589
196021576
15258012
10140711
7554343
10641015
11341058
252070233
202718572
1026636
246853328
212564342
209877748
615854
540555
43262271
49502455
59198829
1034324
252070243
36984352
59259379
367770
202528339
246853425
171549958
190738014
1252857
203288362
2783953
9946869
2454855
341587
201696917
58817738
750373
750374
750378
17587144
260819406
112057457
111977249
7379885
247265626
247238768
127672052
75976237
252077956
109600951
1019685
7379853
248774219
203957407
7803966
249136371
95500891
23435992
95502115
54123506
169817914
16284263
262766570
215661104
216226705
200718809
203513185
252070241
50430904
252794816
1986535
262899581
1656031
10191769
9341397
20737980
1672665
1672671
58407377
58395903
62057304
191808283
215414832
191808209
169818442
178736604
174293707
195507476
169818122
169817875
169818094
169818036
169818386
13686960
12027602
5154567
5809165
7349311
59198831
8014516
16087115
48363471
7973243
4257511
5478285
16427616
6449433
59198841
48363454
21023902
1644889
10581321
35720774
8014508
10581255
1820077
16427614
14610831
248558659
248558665
38143346
48363456
7992810
2297543
16422540
13624061
7443959
21023910
189676491
189671525
11491260
1374425
10581267
249874005
2297521
252597161
122909050
122908962
201698426
172076486
173553223
246160100
43801511
246853391
246853367
246853423
246853334
246038687
212564326
246853377
246853369
2297519
252562498
252759477
246853389
202710319
2297535
2469655
198542020
97550305
201565867
204044650
209906171
252632634
252647536
252644143
199532596
216214050
198541999
11341064
198541882
252178511
190631185
198569104
2783959
38381892
112077009
225173224
195470630
47438253
43815632
30792956
55143763
127692093
684377
8451374
262783975
44627526
144401400
897983
203288321
210138122
202331755
203392943
42749890
3102727
207502899
7966363
101932102
206205134
195470030
12624530
7966360
114945466
263389205
229703131
251984694
217317986
247307634
215975043
171574058
247401347
252077919
191813248
4433439
109592602
109600468
137193486
7379881
247982734
181122327
10374187
53935733
262778199
250076889
124749948
215661653
252070239
2502407
15258020
10581303
49550297
38143348
15272076
2297539
202012635
189677128
6699207
2297541
84970849
38143358
16085834
12488094
4132809
16085850
8014506
9341390
7803968
49550299
8014510
59198839
248558670
12027575
11491091
196021480
58395907
10137153
14142490
6640689
11413587
11413590
1672649
7024639
56511845
14142496
169818822
174294220
1188883
4788335
19699954
8014512
13624047
1229825
2891853
189681023
8461474
202762590
246853421
36493720
252070229
246768209
201695621
246136610
122909023
21023898
152780660
19914541
252276225
252645847
252562945
47184488
77774535
196338950
169818476
191808075
169818694
174293654
169818302
246853399
246853305
246853353
246853332
246853326
246853383
246853411
246853361
246853330
246853417
246853302
246853375
252759454
43801517
3141735
5001937
32040282
198541951
252178625
11341056
8119992
1697189
38382271
112076422
262783979
215974748
77221217
176824210
215974992
49873796
202328933
53935619
215974709
168293390
53770203
159915661
53935674
250339806
42749812
143938504
216000920
207502897
207597059
114944550
263395702
263394897
263395653
263394964
16087117
4434413
112059021
198111034
112066232
111851311
11728304
7379861
175977481
53935725
249883332
241482748
249489559
215221574
216296784
193536362
192693129
193536366
7379917
216299334
169818414
169818408
169818266
7982491
92551839
8014494
262053174
181122289
248564423
249660416
129138537
163165214
20737969
1644897
7973245
1269435
31514448
7024627
31516124
10581299
191808231
187940830
203472214
252070201
249252605
42479575
16422570
10581259
13624063
252070211
252770205
252649102
202521593
246853312
246853308
246853405
246853322
246853314
246853309
246853395
252767031
77284752
2789631
2789633
2063329
17960442
16102487
10581291
69162909
5428539
8014520
58696244
2502409
21853810
248558657
248558673
248558654
43262277
15272088
2783945
96739484
48363493
169818808
6470179
15272080
16427610
4257517
2783951
16422472
187011190
169818228
174293689
169818274
169818352
174293650
169818604
42750306
20487760
13624055
1669909
4133035
20420462
43810565
252794838
10690200
2297525
15867703
2446241
37794086
48363495
4133233
21853805
9946875
10581295
246853409
246853379
246853336
246853324
246853373
172072977
246769894
7973255
210813458
202650493
2297547
112078322
195470625
38191102
36760746
38191980
986233
202329352
203288396
205819246
252178705
203288400
58817744
172161453
122521468
183335352
84970845
137209150
113157171
77221293
251275382
58817742
202331666
895395
10002572
10002570
10002574
10002568
210165480
263395898
114944305
4697085
203957355
203957144
114945383
143946962
10188255
34749300
199737891
7379895
247956516
247956409
252079096
14610846
48753129
191813091
248654813
201385900
251984818
251984794
69162905
214785436
7379913
122949053
249388517
1019683
109397685
487763
250078251
7982487
169818472
179063940
215727081
169818482
181122303
216213469
187829823
248558141
248568191
174056451
182301055
8014524
163032019
469482
196339385
191808508
174293703
195624162
169818004
252592830
202714914
146261873
113527937
189680883
23425228
4132641
1659971
2297517
2063365
43262265
19914554
19914543
11146017
11341048
4788333
8014518
11146034
8014504
6512153
39358340
10581297
13624052
5089537
11728338
1672669
2502405
19699936
16427612
17587124
209911822
209887384
209894032
209900023
252671601
252671567
252245181
252389090
24984583
253313109
77749716
246853402
831439
246853413
38139066
203512271
56511846
3655883
58407385
1672657
191808390
20737964
15272081
47184498
3330315
7349315
351928
15272086
35720701
111579997
58696240
48754560
4257513
1689505
46626748
5428745
16422536
2297531
10581287
32737044
169817922
12027604
16422494
16422462
1264199
174293660
248523200
252794836
200617541
252070244
252070219
9341406
4788321
202528199
252070223
252070203
201697147
246853442
246853357
56260418
77330039
56261455
77284766
216214234
210163948
147744557
202328306
198542062
201829140
138379951
32217095
5504303
198537570
20421639
58817740
215974750
3141731
22482233
58817736
190537682
176824189
214930378
203288408
42749400
2438603
44627541
8458236
143945740
263395688
263394987
263395738
263394920
16087108
38381585
114945800
262800037
6504329
10002566
96739493
17587134
194959322
193316295
215975094
111938261
249657955
1672681
247401470
251929302
170957658
112065654
109598766
109601260
131178654
261037737
170962976
247956428
249388549
203957188
1582091
145499018
1019679
1313993
11341052
215727096
181122329
179063956
378475
208600244
261949666
216299332
262836840
249660418
250076980
124756391
171549959
74935061
200653575
252070213
203513204
1672643
1644887
1672663
203472070
262874067
1348643
8021467
73686632
185854305
74269731
16155644
32602221
195624198
13116557
1478903
257862778
62062110
16910411
40750238
36399661
253284498
215152344
214493460
202037864
36474716
108390475
71197307
199179213
142403635
10693887
53935712
16284288
24984591
124698570
5907401
197595201
49745308
2247319
73108442
4257177
10773044
2463233
76138810
4050663
186391796
62633906
186591213
196856597
130031318
364372
171217402
1478901
196778948
246209048
51552925
13377551
169347292
13377549
20421644
205926343
165701917
124716403
73273628
10596341
44172894
261979630
124596870
156711929
53935735
66608965
202042499
39362476
74263957
63469903
91148363
249019180
199179212
197878872
51104230
73788222
124498018
74263959
214493514
169347286
11276962
121394285
77304843
44858396
199977117
203220330
29349074
210418463
21674448
198084532
165701147
186445991
117903575
202052987
36698070
140221877
217637346
4050671
225941964
186392606
39362522
1363577
9980610
1938911
227184174
77304809
48752642
179755535
3494253
186591944
57815452
3715855
217154589
204658773
10737029
4050665
180850991
258928802
225263604
249019188
243093136
4060971
54431687
165700121
11253862
1193031
247997191
13444062
188657629
17448333
195971867
205273526
124708877
34750393
41065977
7636721
56014152
24402436
213701681
8470252
532324
1478905
253563223
2247311
13624141
77222565
51232678
214101785
15437442
108391341
725189
38768007
5907393
786978
1664563
1215679
50238465
38110600
74263955
74263953
217154474
202046086
6568389
16260561
202047686
51232793
121367218
176741846
198539713
197595197
6568397
59334595
174305392
154495672
186592092
261979591
183541525
219147004
10640991
55181929
4050669
43602445
202041866
2130089
202053060
202055562
217441214
196780407
196021628
198707287
197604071
12289258
257770232
73108440
15644637
114619469
214190491
184860939
689701
137941644
870565
125280081
262665568
191427035
25124774
598886
214188662
57124251
55171004
174435284
161964361
80528647
214189795
160578144
198897936
242502456
135502751
165704194
764018
225206482
57125103
242502577
10692852
217123574
786986
70031800
114465753
177570622
249664333
32314539
49648619
262062414
217695666
9980612
35862133
177756056
26287858
263113045
10323943
54123451
7036869
62059985
208779892
206110020
58395901
217153396
828617
127844783
26060385
49378486
369526
73273452
981922
20421660
19699942
216217058
5146403
98604319
169981358
177774604
162196438
183506922
1315599
966558
6568401
1215681
197779755
81145083
4257175
145145626
32667222
40818899
349576
8470200
14100928
252770330
206144685
257773074
203087285
247446334
198824034
185940497
10766001
4175367
215039770
113042692
25125674
187829820
252649315
252763688
186881672
123926235
1332589
1332587
252574956
1743971
250071764
75621985
172471716
87642541
214190279
747553
110627500
252767700
243245753
145145726
262687642
48622917
145868020
201039286
225230880
365878
54123733
598867
114944535
212845334
202604309
2916527
1363579
100931422
263055053
114946287
252135814
251536518
195624155
341851
73108432
587938
252671684
110628042
87981871
42275424
197605481
2247313
213702668
2916525
252635938
201358730
205019943
11339969
182557961
11339967
190608412
19699945
20421668
242411264
423178
10401057
56511180
364212
11258670
46328038
202045765
242411209
12069177
87436926
5982839
191427598
109861937
2245487
198641034
136812788
213587376
242504385
249680130
213534352
980618
3899095
261825833
49745322
23197663
242410891
1332597
53770039
242411328
8470188
54760114
171623098
252069292
119253128
213702209
6997501
195510194
1754449
602048
162839007
212600186
114945372
205414529
212321701
2067663
807305
374239
16085844
252298960
62054294
704181
72850377
341850
35862135
116670904
177924766
188584376
198967570
213701586
237287256
3494347
198725092
477047
252764817
171217534
1069538
203770627
201308343
213701934
650893
364368
42407717
5982841
389765
171213093
197780816
252399761
195841045
225289258
11814240
13455076
198721745
116670903
53935614
200721194
52885520
157078681
177207916
213703575
198725582
42261691
55170061
252766456
186230739
379439
364370
169818640
10694816
205414599
249603293
242410688
487448
215915240
251403799
214189336
248774452
20701971
2067661
252272858
1664587
407669
42265027
42267619
204988648
225959887
190537756
162865516
402447
101931937
174888373
214191457
56511178
986237
219200134
72970904
569624
169364031
190608679
171219048
77221189
28731903
242502810
213741534
199006570
11415803
42410045
569619
484545
252765488
49745294
13510989
195113119
114945157
184692391
15065816
247238752
48307435
160367279
1986527
132302831
24403831
111978232
200849011
166649139
38087308
182300827
248382833
263055090
3899093
47273274
2391163
205822947
113527371
254085389
252050565
3899091
225959662
252070207
252867764
252574337
210137838
252280311
252630570
252764922
249777537
262427247
191427174
200616864
203391234
173085523
49309262
183701959
201829059
114944991
251929874
247817095
247265636
247265622
3714239
116185314
217123562
206231589
49648517
215089688
225212242
260930958
17587117
59334597
114123787
23693228
29354009
169818518
252794812
252766893
252396332
252671611
252639315
252645822
160092460
252671536
249787420
179735917
2067665
263388475
162839003
99056409
144525566
248755028
143860093
205414428
162534305
205414484
189182681
251931467
206240919
206240829
70440737
112019781
112019868
203215255
217123635
217123673
217123728
48149911
54760075
225212256
13514207
182300516
263114067
203391495
263274835
189644630
204988908
208904602
252389177
128711521
48980851
48983095
189664068
47460873
196337569
143857878
77221697
34746968
244767214
263387430
181784312
191911111
51233590
213701427
137862668
194017693
247265638
240626608
217123642
34747102
251907563
244303526
132302758
128711479
59334603
4885027
225212240
3684993
11413621
263117609
198194469
203449596
189643113
252768144
252649201
252389382
252569420
252671522
252671479
213691760
217492596
2160727
2447879
171217417
160445750
246164299
168213254
160094876
137941487
187186856
201686837
174122645
144524722
186207037
178736614
169489774
160049570
178736622
1986525
196382168
193707451
111978007
186206768
215039785
48307576
158451308
156175250
217383076
204878284
144514998
205414496
10717221
191764392
49080582
243083950
242879430
182301053
263113169
199051605
5938483
36474714
36984358
225289061
202282328
103514731
252050558
252050557
48754037
252763993
252390809
252766867
252764287
14656806
199039551
112019444
169818730
137537250
38381373
263387421
263345126
195624152
162521923
186206858
136812780
47273255
215974813
173085291
77221021
116904734
198568702
24402434
263401425
12062575
217123698
240626626
103347310
53935618
174441819
59334611
225212254
248773753
248773795
262842968
260931825
165703639
137941632
46327553
50047440
222660159
11803430
23147669
38139080
171549936
127033335
17587113
204988793
5907463
203213282
202805578
53935745
53770235
162839002
263396340
114944528
252699590
7366101
201004709
689662
171549972
77703755
124740795
197849146
32102594
20421650
118090118
3715801
194104234
63183061
173772285
2213325
349574
14493797
196928841
1939717
215981960
25074977
253058456
36996222
253058440
49273664
43837855
19750788
155112919
10693215
77659883
155907711
214076412
4050667
242078530
216226704
157973652
214103392
162198948
12269391
84936389
66609389
10267695
185941020
174887911
124690538
191495838
177633679
252070235
215028767
176674906
34745986
23002809
262991038
22371563
183377462
186608282
186232911
190608750
206321313
253058441
157973776
198096828
171549970
252098104
103550582
206531349
155904383
194103817
171220511
178031705
68218269
112368153
71670726
202040288
180216374
15350496
252794825
682673
158693536
252794842
217638652
190608805
183539000
201829946
20637942
193411501
202714219
54432673
173085459
7647798
1938913
155282469
242410909
203598230
175534379
213703182
4060887
552546
27532178
198355492
214106534
49873864
184692095
120495237
210399111
251773368
207960067
252092490
7803970
237331476
190608709
175560682
182563497
139594414
77662356
34922827
155282762
194489326
51652849
36710511
195845049
58192089
109436981
53991361
240627129
115957015
102438799
127032389
23432932
66615746
246160291
173085578
136812776
74544708
174211265
252078091
167219604
198112507
253406851
182300699
191923834
10704984
173085196
186743091
191427555
56745161
34746440
28307111
213703945
186745151
260932497
6199073
48653777
216210794
32064045
240627054
44153069
54760093
23240943
182300869
182300484
155992895
32102515
8818218
40818895
201830097
202610292
263100564
10694896
167044240
8951074
171219087
167220282
157080163
182300537
54926174
208783197
155907637
252767514
249268321
252098116
186615411
170959778
182299926
122909002
252671593
49873860
24780223
247256682
155896189
155906941
61892402
220669561
195792296
207810571
16257923
50904580
7011087
262862344
114492474
204872064
182799603
55508612
163172073
157194670
173185541
114272337
22825557
249663539
7237923
54502150
32614633
33553364
59305978
70385838
19871043
9980606
11508233
74544735
54632689
38758819
71072222
169347287
154227649
19844861
115754245
184967871
194124744
101750538
199583041
184286632
34922829
186392435
9842467
249789554
19415205
94157708
185718219
213864701
182783848
183527569
103822274
38763143
10780987
242410903
11508606
120458588
34751159
187341360
217510290
82740927
186333679
114895618
51233897
174301363
190537586
15690058
194129036
194125360
11508462
210423883
191427069
51984871
186599572
200651401
11508898
249603608
214597691
190608793
23695586
13452827
156112292
23241113
253146749
36984371
27930497
191813430
217143494
248558667
11339973
250072266
121229123
89571692
102770955
205891681
253090683
203953897
174629213
191427144
204626689
24397415
167473602
48591745
53750148
19415197
10739411
68607810
184098273
50706694
55172030
213969139
213973699
19845862
210399077
10124926
169347290
11508510
252070193
57041750
194583233
48363481
154490373
136812782
109910743
213935496
38139086
109888729
252098096
217123658
242443767
155907754
155932557
172082835
166415443
192694215
10706678
155879601
203911321
194583761
217123597
186207108
109511652
74544776
3670019
9185650
15427261
52804417
109591165
123514467
11450142
198725032
177484434
185243335
185941891
36997510
11449728
10576568
68720221
155972474
155280616
10001931
262734499
242502640
165152825
51232789
252044692
195791138
190543277
216462207
166643015
173085541
213749071
109489618
110022033
205294109
114945029
7076385
475974
159978609
159829013
262822059
159974598
4257129
190081107
172001434
242410763
169347284
109988990
11341044
51233949
184285336
214678318
159434140
182961944
16967470
252699875
243223499
184860959
189648874
249767476
115934740
155908586
202239237
337236
11806665
184965677