21367457
186577956
787056
143226165
29830245
34553368
193976680
68392386
185006291
186862155
184334891
1822057
186862153
208118234
184334882
186669701
206781735
199739988
185006253
241821082
199747159
200852588
199747163
23207094
247680702
167019861
186577962
208118236
248502118
94903583
167019841
194096846
202604256
189336452
20441187
253184048
36710315
885402
248755538
799879
787046
214200203
208778525
43476276
20479115
158235710
199705143
242992948
77149795
249089770
184334894
207596536
185006277
216096887
175526754
199747155
249664598
153625037
249664609
175798774
186877010
193586399
2386715
21334260
207596534
216096889
207596544
207596542
207596548
207596538
108130561
167019836
213864568
108130638
151950466
166084136
194117180
178523872
82386508
200779100
32168002
214651568
208188730
36710437
146274135
20489428
56512147
90624603
47438215
262403839
253056480
32168006
199747161
1471591
193586395
253185322
208069906
20443491
106349557
196938987
44172631
191923811
53805789
151950456
56511985
196938986
163739562
85560620
163739564
91544360
193586391
46107072
216091440
214493597
242411269
12055610
95866315
208679149
168900774
193586388
196938991
138342174
103865422
77777078
1471597
138342177
197897192
138342179
17961817
176522801
167019834
105651039
167019839
166084663
253184968
197897228
217186309
56512149
23427257
166084157
216096893
206477990
175526788
217387254
207658030
146271241
138342172
167019859
197897216
175526811
205810660
206374437
20485370
48166624
244168301
206182090
860351
183375634
215040275
214889702
175526815
253184624
137503177
166084161
137271552
186495771
215040279
243086217
15686459
204302104
137503171
247239762
166084138
12055608
215040273
85560330
168900780
247939565
53806022
215040263
244168302
151950464
1471587
1471585
198126663
175526798
215040281
1036594
166084082
183375632
1471595
137503179
163739568
214651534
175526790
1471605
167615364
702055
205810434
206477947
166084159
249089772
114945608
212960212
247939561
146274653
146274043
215040277
84872465
20485347
163739582
186495706
1036602
22383443
206362938
205573897
207596540
747727
207642815
51564885
175149073
7887150
253056650
189336448
208069284
2002415
253116071
208565589
17958251
208565583
253056596
208069540
196180796
262405488
242652929
241978504
261028688
200851522
193586393
148802210
262870395
36710372
196202795
212961284
210513770
1513859
262058687
49459949
10366397
209298761
200673210
91544569
137430354
197388011
225267747
189336447
47438243
142418459
146274041
242411298
171651781
163739558
196938979
253062432
77777780
77777087
36710698
59049710
10275155
253183987
191923779
119253009
212961282
210513571
2386575
154454171
85560623
24164658
196938981
205694865
196938997
163739586
85560616
136482856
77777089
186752990
253040780
212961278
197553962
253656298
209867955
212961274
79009060
205892234
163739566
212326797
137431974
198192468
56512145
212961272
212961276
4019209
75490737
194767350
248797274
44858434
137503167
214584796
173911237
262451813
192948830
242150218
181222923
208778531
201630456
59291606
193564800
43476273
103865493
192704520
192948938
20468781
5569253
37468649
263209905
137134360
253318971
253129511
137431902
166079540
192948942
205809698
194110086
242120772
206560648
175526756
205810658
193737040
108956939
1471593
210513801
209298749
487240
175526809
103865509
137409993
1733329
56094176
49459960
245197728
214202540
48523410
192950159
67966432
210513608
137375285
32917613
200673145
204302116
210513773
212326289
142418461
142418456
210513590
58268328
47438245
33492450
253184655
253129489
217441288
207641672
206478103
103865445
200779101
208634782
207641676
197888322
701971
76118183
210513580
146225840
205802238
253188022
210513777
58709766
58708511
173968943
202762429
196938999
21357900
155256370
204473022
168900784
196938980
192949838
210513766
210513582
108956930
209608496
204301987
58709814
58708323
1058092
36710685
205810662
192948986
247930764
87293275
58709066
2716771
45713768
137431998
207563803
138183933
186753035
205696728
137440329
10281297
58709091
72555427
107409980
228989376
201815971
75490748
210513762
262044213
105652934
79110414
205695403
194110709
210513768
192950261
253444118
58708223
210513764
137503145
192789694
213998085
243024041
197147388
245197768
200969877
113791563
190519659
107409982
108956946
247811213
176752995
146274078
175526813
249940078
198120354
88042754
196219985
205573899
207639269
178461087
204302030
222723672
58709055
58708256
58709788
175526800
1471589
79104669
130784827
205573893
58708660
206478032
205696722
102484419
193397271
113527990
58708668
209349697
222723677
72851545
50490727
260222521
103474881
137503149
41070258
58708254
214818700
213998081
200779093
22643296
197606647
207639437
48541486
194473323
7887156
216091438
167614366
7887152
253293068
215040265
656524
47438237
177756758
208069791
207641058
116566822
203945305
244168305
247678612
201120670
76657523
253292986
161426360
32917636
213971109
206182047
208565591
262469758
146226435
206182034
247299495
212326803
207658095
82385518
137130438
214841357
168900768
207567585
38048978
206360672
205892094
263063957
212960204
116566818
216091434
205808073
206360680
36701171
198126418
152705144
246772905
74542735
198120198
108563975
137430634
137445996
205809692
207658091
50322314
180103965
49640110
130781357
79009063
207658097
1674183
702128
188656242
186877008
162025678
181122313
146226420
203945289
108130501
252139031
189948436
142419182
206335073
85560607
146225836
217500576
200779115
207646153
181809042
146274125
207639405
32917631
146274025
202485940
205810223
207639409
702126
217186335
253129527
196203001
207658280
159482413
79009067
171580661
885386
186582333
137941630
200779112
207641670
248800708
246772909
105651553
205707453
247862385
253185177
55281885
77576344
48754101
204622216
199969131
196058123
167462091
192949944
167019499
217500592
205537653
44858649
253720937
254141838
196219891
205973449
108130481
204473077
204473045
56646306
36710449
214923979
212919944
35440031
167019481
207564164
200779118
140221857
171940366
252892348
252892354
212324168
207564160
206331297
207656091
205807543
211926344
119313683
51990483
24164405
253619394
146274021
196683887
192948871
247939557
212960228
205973424
68511007
192950875
168900850
184859033
242693608
22643285
262734956
192949936
180999280
204473071
208917310
209298921
209349381
209349530
2732759
103474887
53258627
167019475
247924887
85560333
255630324
207639267
137440166
206331299
207674715
253185193
171586418
246772881
49572426
175147122
27977452
51990681
32141569
209349398
103474444
206182039
206182097
249659354
102132766
48754184
108130493
192949846
162025714
214889700
168900788
242693618
205808069
214578908
50215298
209349526
207658087
205573901
178523921
82385508
79104667
58708817
207639433
136483363
152705107
205809494
702015
213997861
207567575
137431935
136482842
262570133
202961511
210513573
163739560
193736642
146272709
32917638
75490752
209298888
209900532
75490735
205973426
262469748
192948652
58709762
84873094
246772911
7887134
137133522
136482879
137430645
212326141
207643528
137503155
43476928
77221644
137435760
206472538
207567571
205810215
40722802
212324119
1619629
142419178
10706141
196219847
217500566
32218051
58708864
246772932
192950151
146226406
209349524
992514
90328968
137485707
205809502
216091442
205695153
206488728
213998071
201630468
207564156
207565821
146274208
205574107
137252281
747721
114945104
10280360
212324415
205572812
212324382
205809490
120183591
253656337
1058094
253662560
137941416
253366279
177703788
253129525
247446437
262451770
113790632
24164761
885378
247935734
198192511
23425787
241667309
200779140
213998075
207645879
202961605
253297614
212961266
36702003
137503153
207676398
137430352
212326029
184075075
246076091
109949501
102485099
199547891
253183442
197120295
253183747
194115730
197888284
54512821
195531220
32217342
250077216
192062825
258668072
10280733
182301001
182300387
253304494
36701748
50322386
103474448
55284392
103474704
50322339
50215866
58709906
167462167
252664512
253318961
188229205
196683903
188229177
192949298
210513708
198192478
171580620
171581137
213997290
173673946
171580698
167019555
208634766
189250826
202961597
162025716
221031938
192949061
245197896
196683891
169379517
205537667
262569958
198123661
113790541
43810573
35445336
24164757
76378370
80365598
53258354
86417973
177703752
192949481
205537665
212314851
208778390
215040269
242411356
171586405
146274062
210513586
208634758
192948920
252357079
208634756
158868323
192950717
192950859
192949139
210513584
261151736
261151797
253619352
202961359
19342384
247661289
209349792
209297131
209430300
208917549
108130497
257765895
1574873
263206672
263207785
181267936
263206762
263207832
171580676
262605394
262605390
169379482
192948692
204473028
246772883
263083871
263105158
171580768
25190847
204473036
192704510
249892770
39532066
205001700
190519829
190522552
212463583
192950667
103474894
137133335
247677304
205810679
263096994
200672546
205694632
212326276
212326180
207646258
137432726
212324066
138127630
14447244
79104678
154454489
19454455
79104665
207646248
207566402
47321847
192789686
146226107
207564413
205698689
205694634
178523947
136482698
205694867
43477456
206560702
205707994
206331295
206480438
205809966
205573891
207658068
213997989
137431937
205809091
205809688
205810168
137431910
205570288
207642742
253620234
137341098
207658093
207658036
206334861
206480442
207646009
206334859
212326031
207596751
137254357
206480677
137499189
137430636
206560996
137431912
10281536
217441312
240626591
253183952
253185674
109940148
109957566
184476590
184476698
130780456
50214987
248774184
51518528
195524867
130776948
262890921
262890919
37216285
249942502
196938990
24164488
248933137
198121026
248930661
192949467
253318973
130441269
171580808
73766076
39357583
50214815
50322357
48753421
40722786
58710015
24164527
50490696
107409989
253619354
253444114
253619346
261151795
210513606
137133166
263105114
263104179
169377731
73766033
186369252
108883376
146272702
242693612
176080857
245197894
248800472
146226497
208634770
205537691
192948660
192987984
247565144
217500572
177703613
196181061
198285118
168900794
208778412
193736660
192950165
203945309
176752967
192948928
214753123
202961517
263104508
263104494
263098031
263105003
263104136
263104145
263085277
263085085
127031790
24164630
253318959
217500570
192951129
243808050
200673177
196488102
171585475
177703674
165021165
247446443
176752860
192948966
168899481
208778419
146225819
168900764
242693610
196683875
262569880
169379515
176752909
171585850
192948770
192949172
242718196
247566952
204622222
177703659
146274070
228989374
196683893
205537661
167019477
198192503
198121892
261135216
261028903
204473040
51697001
205001611
209867691
209293011
209298564
197780828
249940483
263209626
171651771
137130728
184075084
263096996
38049248
137446000
205695373
205810693
206362961
205807553
194115845
137499181
212326089
252892346
210513775
206362963
205698697
137439960
205810217
205705152
136483349
212324102
207596696
207645881
205807606
207646070
201630466
189945535
186577964
187156495
137504540
178523853
138323360
146270309
137498734
205809498
137439957
206376164
207642688
207639411
205809059
207639435
205808071
198057997
114944328
114944320
205707998
137431987
206331287
212961316
212326087
206334934
205809686
136483496
205696730
207565817
206481209
207643538
205809073
137431994
137409968
137485584
205694664
206331303
207642738
206335069
207642736
206331305
137430256
207567573
207565891
136596125
206374728
207646019
207567402
137410087
137498877
212326298
252631741
194141895
247303660
109954400
109954587
184476541
109945475
200628651
171424679
262055703
253185538
53013531
184075078
182300663
253304544
36570216
36701973
262605345
54513086
202961647
205973432
262451819
192062735
204473067
263102199
263104089
262451767
263103201
263063916
141738624
146225829
214856647
214854666
202961519
163739539
163739541
217500584
165021174
192950488
196683881
146225824
146226588
215040285
171581168
207811613
202961507
194819059
211926169
245197739
162025734
196488106
171586368
195696877
192948674
831431
197781034
197780859
197780838
192789689
190517707
255220497
209349592
86517192
32217221
209349460
209610112
254132128
77051185
1313969
43810576
77576334
44858510
55283719
50322601
243808060
192950631
198192496
249610686
146272333
166084150
177703664
248524519
171651710
208778384
163739584
171584538
198192488
242718194
183111396
165021163
165021170
165021159
7887132
194819056
207933196
207933198
176752940
261151787
253619386
253619360
58708301
43810581
116566807
24165179
113791287
189250822
247934636
171586015
205113414
168899487
162025720
20462922
262745625
196683877
168899485
208634787
212960282
253318963
214889714
247939541
228989350
192951068
198192482
178831649
168900776
183375636
166084153
167019497
249610684
107409993
92905534
116566849
75991338
198192460
249659350
198192474
248933464
204473075
252138944
252138877
207658013
205810689
216096891
137440508
244168311
207567579
205810687
207658274
212324364
212961234
205695849
167019541
201616918
263207824
205809047
205708037
205809849
30886455
187191426
163021267
137255810
32785842
32352094
30162716
205694649
137430638
206474059
212326266
196219875
168900772
177267134
262890925
262890957
114944352
207658101
205698722
207639488
205808593
205694668
212323385
207596956
212324042
206474217
206483629
207565815
206376193
163739543
206362930
136594630
205809492
205707992
212326418
207567577
212326300
206483625
36700783
20441397
206481248
205573911
205810154
212326286
205696274
207596857
137432889
138127676
214732006
137431992
207646246
212326805
212324372
207639484
137502357
205810221
205694642
205697298
205808513
194107831
132303705
252186041
198592941
197907503
216388009
200984556
252680696
252422711
253184184
253183425
253185140
253184576
253183685
262055701
262055710
262055713
208917527
253304534
32141567
248773383
262890887
194585936
188229199
228989165
196219871
206182182
205537657
242504810
192949055
192949950
212960224
192950512
192949571
208403346
186369309
192949300
180399917
208634778
162025731
167615610
249653711
192950807
252539326
196683869
192950699
249610694
165021172
247447653
249659356
192948974
206715220
210513758
215040271
180399912
202961585
58709923
248933314
49640980
53805822
77576181
116566851
80365614
80365396
50215047
32218720
20478503
255197076
253107841
263085313
262605392
146271329
171580781
171580750
17960416
55282687
262792279
261151803
204622214
162025733
214889698
202961515
208778388
253619356
261151799
254132122
58709931
20426050
88042640
72050522
263207479
183570244
36710187
197781021
11884017
204473038
204473063
198121977
44808490
167019483
193979109
212884293
197344446
207677344
207658174
137440170
205808079
214732008
205809696
146272419
180848217
137499183
207645870
137440516
198541555
162541553
171580940
249969296
167613750
30156378
178312412
31122106
174933101
162399295
249969448
77204179
114245783
136482428
205809597
137260154
142419180
205708000
207639482
206473932
136483357
206335493
137440563
207643534
205810219
215916991
205808077
137430254
166359272
114945385
1674187
137430260
206480549
205698664
58708835
262477166
214732012
137130822
207646250
206335176
137130896
212326268
205694643
207643599
205574113
207639407
205810450
205809976
205808517
205810685
207639440
137499191
137440173
205694662
205694658
212323659
206473926
206334857
137430258
32917629
197150426
194115566
193771803
253183795
160793175
194116122
249934598
253249103
253665579
126829595
181423181
250070971
50408576
249089730
253304564
225386539
262890893
263208985
151950454
263207763
169379521
197879086
263085192
263041141
263206860
204473024
171580930
168899483
253318955
168900798
206182067
168900782
217500590
165627270
205802177
177703691
245197811
185654103
204622218
178831390
205802184
247934634
171585979
153409230
221031947
171586138
192949210
262570302
253619348
48754116
24594164
35445073
48752957
58708854
48753471
58992009
106349021
75991245
24594183
49378064
20456633
17958241
48753229
50490713
113790656
50322316
180399919
158868327
192949984
247565263
146270523
177703704
196683865
199969147
192949561
146225005
212960214
146225888
169379503
51618080
214851835
27963835
146273447
142433771
209602624
253619463
253619398
20450570
72851570
166084084
196058121
217500552
203945285
198192484
202961525
192987988
176080859
192951016
163021170
166084659
192950729
189250824
171580828
247935777
245197813
22653471
190519741
209298260
209298347
208917638
198126374
192694061
49881437
204473032
171360002
202762396
173969554
197780867
253631976
263208983
263207913
261151805
262890883
207336993
253631361
201610399
174865421
216405638
196938988
137440113
200779089
207639272
137484467
206474274
205572880
205707996
137484572
206334936
212324160
205810156
187156676
209900514
171580960
179396912
222675044
77916077
77222075
178521226
184495554
187156492
55658375
137499093
79449972
56094152
140239024
255630354
179063945
29907197
79009065
199099003
205694651
205705154
263209054
137337062
207658276
206481106
214732010
262890959
263096999
58708229
102639819
137431927
212326296
207642732
212324147
205808075
205698671
205705180
205808499
249089728
249089756
261951828
206335067
206335062
137431898
205695847
214818706
206483236
205708002
207639260
205698703
206480562
205708004
137431908
252357059
207596901
206335114
137263428
212324139
137484874
137440464
137425553
212326361
207596694
206362934
207642734
206488730
205809690
137485582
206377315
206560998
206334855
252078696
253665581
193770134
184075073
178522444
130781400
160797953
252165691
204473026
261151801
80365402
50490735
77576449
113790637
53258623
113790536
23426150
58709896
197620459
205537669
214753092
189492470
146274096
192950256
210513578
252714194
192951020
242718192
198285073
208403304
146225817
198587338
211924907
214846751
235665402
146226429
146225672
192949992
146225675
146274127
263209930
263103124
198192499
204473019
214889726
263104141
263100950
263104165
202438286
197780855
169379484
247931419
205973441
192987845
169379491
204473069
212960184
167019772
252539284
192950815
192949231
196683883
192948766
208778408
171584781
180399924
171580889
206182122
212960208
168899489
168900852
162025712
208634773
165021241
249610696
197781112
612295
201816299
263206852
263104210
198593833
77221350
262890955
262890897
262890929
90619025
200779104
36701380
193513751
201613879
196938984
205810251
205695049
137129987
167019537
37134826
207646252
212326446
214841359
137430649
212326153
212326075
206335064
207596895
252755706
213707094
106362438
187156697
171585959
201614466
114300559
32075747
32351690
31207364
205809099
207566763
205698737
206361181
132304172
205695047
206480534
129138429
146272362
197620461
114944371
252892356
137430647
205810683
205809488
205695400
212961262
212961260
206335491
206480674
206361179
205809700
205809847
205694647
137498732
22382958
24490042
205537655
207658099
137430643
197920775
207658103
212324010
207646149
207564154
207639444
207639486
207642859
205697295
213998079
205809075
205573909
137130861
206335060
206331301
205698683
205573787
161008715
198414891
155550591
49317816
246078356
187827445
214201083
172206434
185873054
35740871
159484590
195801673
49459956
149974918
49960204
185873057
252912208
210277408
162865518
41263278
59206889
260795323
249874816
76127840
214773792
152740754
14643407
45299959
68437864
105140142
195954748
198302147
44017497
253101027
241899619
90328970
34434282
248552577
52329762
247287419
108501246
9810500
155550600
14318182
57049001
248415205
253101029
17477287
193720169
23088719
134628097
33543679
44640178
44017504
174896123
214947030
214094386
17032444
249246553
44984262
204771714
36560764
203864185
193116253
157195757
174896121
205136694
203848495
47142029
10366399
213588027
787096
248325789
1610017
217751011
248325779
56511989
248325770
177312718
200851525
45321632
200673169
37890747
6932287
212438374
247239788
48541702
241899645
112825935
88917596
174518895
155200611
201892206
90328964
248293645
252097499
55462655
174182679
49002482
35601082
246163515
19913973
35010886
25049757
262345744
210277449
147976281
201807673
174321438
186268752
208191812
43363467
95085896
51903721
51949398
249881251
53095301
14168902
41556872
96366402
186191144
227205265
159050453
174181208
32168010
199747157
41294604
29830672
118582408
150997928
182849297
253360800
8042258
49550295
48166628
185808998
115254491
225385311
45854129
44017501
49026035
185097080
56102955
197638584
202215286
73309755
246644779
54008176
1826767
25979861
186877004
3480269
181699650
241899728
90624298
91545353
127692315
262067667
242627692
252080299
194098829
22383840
247408365
161426364
20484954
219134713
77753784
158775130
249092058
1826765
196029361
105613441
249855529
49502464
247016124
38235257
1508585
32099557
108130563
43363465
167613997
207639300
40121678
113791512
77111909
1731775
49273648
248366902
207914898
28079034
205695142
208591349
490803
108327039
46772999
247815735
32535358
107101591
131907396
138342264
251267753
22039781
202961361
44984265
37890743
68040733
177068120
199593670
28266473
91089438
196515670
56199901
19913965
56198981
197685605
148105397
179231847
200628612
254179655
227653121
35129471
192678602
104907168
248498447
195299498
87720282
193719699
247655525
254897039
31622791
260803525
31622799
197637579
89591450
485391
169324944
79464925
247837972
105231087
45854126
171556601
14645349
198324102
205695136
43892947
253168542
164273180
183718893
84454873
208428297
225913458
140143864
217549790
31622793
252078248
191217659
160759002
7887154
1731793
202604454
212049320
241678967
248083395
48307678
185215683
262844825
22367126
227153689
171549956
247420622
143644355
178097633
73601152
160779243
214199882
180999715
247287423
153539456
42592014
260830166
202780577
253620274
246931612
166343718
225212332
2386713
161947363
194004651
1565659
178055330
253620236
253620271
6932279
242411243
26047420
242507854
202769575
196409868
87720275
246851187
787042
177922632
207317615
194183479
58932531
188993745
37333941
202395863
197120118
5348101
253160951
76527777
1731779
247938298
163902722
97821656
203277135
159484558
182123148
230246607
160814393
194102700
97096111
52665713
22482283
248498716
252139095
87603298
205984025
106119369
111115951
242411245
245766161
212283039
252768994
253319039
205973471
24262767
200673250
259750566
252784188
254115997
47799412
57771346
171586269
31517676
39820798
249496678
56020650
701894
217549614
54917312
56102945
242660536
249760840
202961531
248896478
159482530
206182147
249488734
153538122
202961527
208682472
255176190
214815399
202961446
247393359
198537532
6591717
202961425
205694823
157118107
56102960
252913871
95016763
248798076
252859788
203905201
205695145
176778978
106756769
252892397
241678871
261967819
129138568
252783478
118582612
22039779
248896475
56432637
209864179
186265474
253621356
253398119
191910448
254897346
224608300
137453748
137978768
248794193
229961947
246855891
207156715
201913820
215284527
254180876
252892399
217549461
262570356
186968085
137453750
258373904
171585928
242657665
225385321
46772991
204283389
44914357
207566418
53095309
252892407
110097752
49309254
205574099
225200848
166359242
205810446
202961415
207642675
14996960
196219957
186496842
252892403
217559328
205574089
196515660
249791418
114457912
568742
22647681
247442539
176891193
200728529
41066465
137425318
158895368
153625053
259749534
251419045
72212471
24765559
209900516
199006567
59107035
54008183
159484600
787100
204285442
183538983
51653541
243086219
36132001
85682253
247921844
215913835
229962335
203864202
217164844
252869927
202961429
178297997
206488546
207794576
172935380
186495462
202961421
260110853
171686204
178605038
177617540
253085575
262085478
262679720
36191429
10271781
249570933
205336010
57763998
249150099
138206870
77221514
205695147
205808595
247393323
15148601
186741258
225195462
252810991
181808998
206182135
196219999
251547658
207596444
206480610
248977612
72702332
192950548
194706431
209867762
225195564
180230979
184415232
183269450
87438822
207732829
173185176
249896667
191299838
239506618
253621354
207754696
249149811
24765454
202224715
171581193
44803361
248252401
200826591
257835585
241678915
249349403
250071864
209604419
141662656
94820294
72639901
215791536
249535227
249575595
206560698
22172593
30793563
176898756
34180318
253048266
252043504
207794773
77150295
33492445
112083215
249349443
173259948
183111411
222675728
210444554
145130824
129138261
255455634
44914363
206145278
9810492
138182930
1826771
199039524
253188064
259752130
192673560
215819069
40933989
214922336
249855588
261956975
1826769
202961367
10281143
50215117
160797108
215141317
189593025
38108494
246931606
174933084
207317594
181808949
183891652
249406514
32168008
7866393
177340037
249760813
47142045
248703308
247878686
992418
242143337
242727288
212290791
248683879
225385315
101932935
251404125
171585834
215732929
211951592
77221032
92010660
259751551
212961148
216388020
162351053
177630751
259310850
201385680
84624032
56102943
36776227
205802234
210513729
249489407
242882095
192950536
178831511
262570312
253614070
177145383
241981786
215638416
217412541
87682353
198561936
148105958
253181978
207336159
6010089
247261363
179915145
214756481
106362392
216208305
167609855
206474231
212324578
212326406
260108269
260108266
22383796
207596621
50215113
197628966
215791438
194098875
73147326
207317596
248766942
93328178
158622100
214753115
27978876
247016204
137474508
127031996
217412773
251336246
201120331
198650160
247924635
48541835
194568564
834549
181422375
192789687
159482769
114945275
136595957
205694639
249349624
43363479
50397192
248468587
146271245
204941405
249972301
209901314
176218877
252638895
205984012
143144370
115723056
225215560
194583599
247889159
216205191
179914078
205471985
31518874
214065982
215388633
194568556
212326324
194103530
27982119
196562017
253621352
146271944
212961168
216387824
213706251
137479433
143499269
199037446
200848411
182849254
252759738
252854104
194568586
39358728
217387222
992510
171584561
128711600
215638406
249760932
94778146
186110128
198640724
206480625
114945270
182849302
200976570
257835591
248800514
182849253
262692451
253040782
224925071
130774475
50408218
227164565
178831507
250020300
254896980
126596580
186268750
253618071
191428823
212961224
32168000
194004849
219156904
253275161
160658756
160664948
222724089
247016367
252077978
216387886
178096293
180567190
229962288
215791534
247862309
242625923
225195739
261801562
190355223
263244310
56102947
47321845
248468098
192950542
178831509
247444181
171580601
171584526
242657574
249883327
40933967
50420204
248461353
163739638
194568558
160671698
247934606
5569255
253057323
252853806
199121431
179941760
137941649
131907458
209901318
252765419
263207497
263207653
263209006
158622105
263101586
263117262
192949790
263047755
50215023
27982115
241985029
242114401
242696170
214921000
254180904
263292066
184410368
252314159
249269098
115725600
249855825
191429058
77221887
261840959
261840970
261840967
197619025
263096845
136483355
243086130
137440346
205694828
212326379
197419381
263104727
263088684
177165968
221229779
137503462
123777443
174618560
177935545
187646719
171586286
128711520
194568560
7610140
187278818
225383508
196619876
137375189
263385003
211951587
192949433
243090276
205697300
260108258
206560654
167613648
166343867
263395193
205694826
205708030
206560652
248696890
225195669
225195671
225195675
225195667
23059874
252568784
225243329
194104722
215819067
174892637
176742368
180381244
181789130
248294622
186313252
137863849
137863727
261994683
137485998
141322906
199177630
252078480
215791489
262463568
132302748
253303481
250078406
132304583
96544827
246931598
225212336
225212338
35445328
263207625
263207475
263029212
194096554
2386573
77753787
48541837
259310829
198462861
263207623
158622102
196219949
207317592
158622107
170870025
106907196
209900521
246772845
205233611
45970475
34817644
186369508
248703274
262857424
253110405
210760815
193396033
177921833
209902377
208648800
202762374
75662441
207732970
202780557
137941688
204283382
205807551
243086215
252753537
206360046
137424148
205708027
263303857
205708022
225385319
263088692
263179453
206488470
206360020
207910514
159913946
205807608
180954062
130776810
204867870
57767482
225383502
188008830
199111618
188885494
114209163
194004563
179584527
225383498
194005042
263080245
205807555
212324544
212324076
206360710
214841378
253482759
206360708
206560646
138183523
207642684
252626940
246853448
194104773
141469216
153337644
109979684
261994666
130774257
240626675
217125593
195291866
35613565
141322862
14295999
242411201
259511010
233033941
55283150
45358902
149844555
248294620
195218550
137863563
225195558
253303484
242508027
27563934
27977001
215150485
188322763
263040805
225386470
225212330
263208905
222676149
161255746
193640398
205113424
50215394
40933985
40933981
47508033
108956759
95866346
1471085
208097087
208097085
207933241
192950526
214584761
196219961
171586414
200976500
205506449
50215945
194568568
191911183
129138395
215221391
184256663
202622944
252595466
225385827
252812048
208739300
242108127
207733367
249273628
113932634
208191580
263209570
2911805
248099567
252760241
202789725
185448510
72316000
193643243
127032938
159910739
262895634
171586001
183348221
141326754
179584529
196360896
41016255
132302635
202788536
205708025
103492109
262875363
205574097
136482315
4873153
205697289
206360706
253482757
253482753
212326192
200005312
196514437
205705178
212323460
242898159
201055557
108716707
215152781
252078896
137485027
184492668
160660822
186312851
180577470
197499213
259511002
259510988
249535485
252679689
206053714
229962114
111148095
262636259
225195560
253303490
253398281
247862179
120183219
201798655
32564333
239033851
205417553
263207354
263295119
263096843
171585836
161541470
186369428
252853841
45115438
262656107
98128549
102757880
55282834
252595475
214908481
252605752
142242846
242695771
253115977
253165977
205113442
242487218
116158317
249493115
186967989
263102295
203004233
249760817
252906648
137863610
242656737
261038067
261068573
137863746
253265072
247016325
263201154
179750897
263096847
50215476
250059462
205708034
137503460
179799230
40117937
205810822
192950992
205809933
230246416
178519379
91985117
188559727
50215083
214065984
91553063
199595477
208186220
179584502
137415750
205810690
205574095
247475003
207652742
208915591
34751615
206488550
117662113
205697284
138183521
138183967
212324423
205809117
205694820
229961983
229961651
215819168
215818438
215818565
249535686
242898157
247393325
202604283
137863652
233036930
143644341
162540527
160649526
141469337
137863669
137482114
225195464
225195455
225195460
215545235
229699848
194455103
180567188
261994668
248950053
248294618
242658004
225195743
248294624
189166015
214189181
249827307
206561233
262936147
225386502
259310803
208097089
163739503
147570983
247934517
146272169
252043578
113791268
17960462
42459010
1731781
102132857
20090678
252287743
252777036
167615246
157118100
242626955
207732722
213691923
207795334
137867600
201816067
201643960
212438486
212438460
225385821
225385825
263207336
223490954
200672453
7522295
212326244
91553061
263201148
138183842
252384129
242696214
137503458
208097083
186069427
137502226
95016398
94776831
113061444
249794693
203985875
207642720
212324040
178779860
257766469
202791842
192950976
192949445
199747475
120183320
205040876
253398121
215770302
263342015
263340992
205809937
212324166
49575020
207596615
263035611
260108261
253482751
214827750
263395129
205808200
206334838
205574091
207566209
212324421
205707457
6932283
11994402
225195457
225195673
247445269
216296798
240626520
261994685
155622041
160660858
249150174
53107716
171581162
50322532
213698819
199177732
233035471
252079201
251734415
259511004
229961599
253303477
242507824
253398278
261801566
198957973
174440540
247016230
196219967
247239774
171585924
203182550
263084933
259310801
262729787
263104085
242657821
113429732
213489231
249535223
247939567
253444066
22652516
252892405
214949097
248462174
242504928
182849299
202961349
261035653
249939948
189769547
117926955
209604444
252648308
205511576
212964120
249687611
263208193
225385823
253618063
253618065
204051700
206537565
197782155
263292169
202604443
259568267
249085160
37880227
137502675
136482326
205808102
138183917
263088688
141660139
199751690
210524752
205697287
183269448
179445318
141660097
197634262
137485711
188584378
30009932
120183287
212438536
198246037
124893163
72174817
202805594
137863406
20134768
202785915
159974374
191428905
32192518
138255220
208063178
174588386
146368744
52788076
41263279
194451541
215770198
212324590
262674030
95039285
206473922
205574093
200672455
215917034
206480612
207674670
212324112
153521878
42189697
8306438
152743081
125724932
205928390
217899813
198414191
56679741
51251660
41294599
249876839
49716258
249714124
95039259
214637853
109592682
105664100
249664612
253071250
253363469
247858740
186635262
165700192
254113498
36700862
252862123
154160980
32192508
147564403
74628930
154160968
143861675
36061934
189461041
171549980
201045772
249876834
53641120
22172749
45854113
1610027
188727210
813931
1989625
242086270
201892292
185965985
12039545
84454871
249791389
150683651
106033001
154160972
253297668
253069849
261963339
201799019
251999838
249091740
106243541
248250886
199106305
262516828
73190736
48873349
195231400
253047191
252794863
56737405
176728299
109489136
188374926
167614522
166037731
262705299
199106260
11370512
205984005
37134836
173837569
73687709
73687710
166647288
36083772
253268331
252892322
194065234
137375711
142419176
128711495
11982003
202604368
23449668
32208906
157118165
95039253
186165908
186166705
73940307
38517945
185964486
210143417
96366368
207207902
161426368
253555851
195240355
242132473
253444128
252794853
186636389
262056583
202052875
242693558
253058678
249985933
168106145
154126168
193773141
87726795
252985340
248687329
261942171
79409010
252080402
167207536
120161811
36702019
36501266
197670723
177312711
36701734
252400347
252855120
202664371
215136584
32901544
195441372
215202662
76175422
191377884
252794613
252862145
176943658
94347317
258805828
249373614
51030971
201040193
180396458
193395222
262302914
191814110
173704053
205695371
207794553
77221442
160797898
84457159
106349748
249205072
84454869
261072679
178566173
247889161
155555983
91553053
252648286
249051409
199544037
199569721
20421698
262061262
31206232
102487684
20134766
37468812
242411241
228699880
262066881
199106258
249273716
186348674
212463687
32737035
249763305
202780633
1003645
178011756
29812143
248799620
247925805
222025226
50214892
260158666
249150421
248066949
222607912
75490754
105366563
1731777
179442877
252854198
229696057
195739624
248069286
251335738
207914888
84457157
87632137
11423350
207829765
40038349
222112048
110448024
186166221
199969184
137941500
48372657
206620393
157118167
214731914
262061285
68553735
29815365
62707064
200768656
181998080
261965030
251451464
249872776
58709768
248470595
250080019
248547302
168426469
247939611
252768713
247924195
36701961
51707110
178555032
262732069
90527617
251445991
205346736
208273232
205573889
214113314
214096663
137432834
242076137
77702131
105171095
178108490
111051476
77702166
56732821
78496674
249488590
168959778
249696725
249029648
77702159
127032860
248822496
35612094
199106301
252043706
249535094
204000628
137375098
146276781
24166077
204615503
207893441
262066883
206845356
77221318
29810082
214732030
249373844
69659853
262694990
258668273
203950155
209604417
257770220
36455300
212468445
201047338
208652826
164457259
206335034
174240244
253318981
252801071
249026606
187940740
196203069
131256074
262679241
209866514
157118171
164458976
192833219
208780557
187785950
186577960
119692796
138342204
37216795
205831854
205808193
202224564
225386538
208648798
201477936
137941401
252863042
258766459
52380505
253059071
173360417
159482665
205009856
204631085
208776466
180589436
195954693
6421189
22172818
35910296
35910262
230038229
154160977
200767548
37216387
262066885
54924275
251983696
164458416
217321807
212964075
97327815
248799328
224017078
171050349
229972905
248159526
37166854
148870133
66413773
36701079
166315131
177703715
205810170
248542266
213961139
205004942
205926641
176737583
226895068
248292758
217613202
108943109
207252816
174122522
208070588
166625675
262822459
247806873
247442527
253318985
252770245
252797729
200010657
2386663
1731797
243037572
205030601
199569710
257845165
209171160
249945552
195745316
255349795
141990258
199569625
258496389
174213410
36701063
41227603
11734610
136942577
36701414
20134764
72308966
249659511
157118146
176296186
141501932
92010521
128711706
205808249
209905993
262061253
262061255
212323955
205807490
244330807
225906672
162350430
261993332
164017346
162537232
131905108
171238135
215727510
141318151
141318023
249607287
213856151
199547746
168181448
51348677
197464873
146272429
181998090
224280052
48372655
252803679
194103351
247302614
177976040
208643719
192692530
199569726
224030297
249910706
214756326
28076017
72176450
37468676
36701724
48891633
117315685
154160974
186636033
253720801
205694618
252078710
169615158
137374888
186204576
249272513
252080070
259786612
176898784
182300882
15888000
32352499
263085190
263102323
263209969
262972767
262414266
246397558
194110060
194110064
214758650
248472497
146272579
199106303
176080877
201477809
212964022
248411860
206361022
176752913
248087869
36702101
249390746
101844857
205082309
206331038
206480465
186273122
36701949
36701888
204932636
51061414
157118148
204804435
35344948
205694614
152046728
249349354
137254367
259786623
182300745
249393440
253089371
209389683
247059997
41998968
188727150
196029133
263085158
262973519
249381098
191809557
249795567
193062680
249535153
205810207
252574370
72177917
205899573
87446787
36701520
198414181
179367994
159974427
178004460
206474547
188374417
247958078
259786610
242075182
216387837
259786614
216296769
248619653
188889188
37134858
249393418
249392946
261942229
214923986
253089379
261967459
215217549
157782713
137941418
178560332
193309689
190154968
199569597
186166551
248159834
171698120
162111023
249390743
249390741
36700781
202840393
174305439
205694612
37399796
136483509
72176625
10162816
58416404
262056585
262056602
262056595
175437125
262066879
188947779
125418294
184247607
205694616
205810176
152018820
195771304
248697690
253150104
261993325
261993328
261993330
193395887
184256351
184256506
205007779
202604482
262796397
197464875
196180770
201477714
27978842
1731817
249051764
262859865
32075164
252410341
263264274
209902391
149779851
189696627
78495826
251417197
261943055
1661231
192726752
221223868
201385861
190321824
263388737
37468653
159766708
200768614
28310349
177270546
36702007
207475893
205731061
206620277
205694610
205809978
205808252
249257158
167614116
136483456
216203823
164336673
253125355
262550957
187843301
235728512
235728518
103550553
73355356
143684631
73352067
186577957
192643578
40433264
196058112
186495460
42459021
173358029
255467994
260814883
162100185
243034866
173609618
215769699
67865279
44976181
152743079
246160191
76774629
196219981
166079542
10585190
248655933
112170225
242283674
165184278
220663070
104272493
104272491
135046069
216114305
58453755
148802195
248881756
260918209
214887339
262346173
242282052
204887374
261803493
216114303
114597170
258095590
195573633
77032144
216394882
181998004
248939585
202854534
252913547
52407237
66394845
261803503
206376413
160371997
100994722
192951092
157082753
242159337
199106264
242657127
148023206
252862060
75697495
75696178
262515409
203213429
242101865
205349592
205851484
214584835
257844116
148008757
262043947
47340499
262345557
216296820
177886270
35158533
214503819
157073370
1731763
138934632
242101738
167613800
177321531
191652405
250062222
204420693
249488823
207641095
50356296
72611607
66512252
249032107
253111497
246772949
253042203
154861590
248469839
54737807
262664348
109448234
54131455
20134760
249035838
251980424
194421638
215769493
201807192
202004143
102758086
252584226
257537713
54753359
198123068
189697979
217779115
205808719
53183281
262733318
129192387
20134983
46652506
247878889
215604180
179540869
249952950
176902953
195800726
29354272
105366584
259513052
140094774
14674354
242497758
205984010
250337369
195230633
32955181
107462344
212468189
253700441
73466010
176726360
68492550
242443935
203213311
249213122
205807504
263085405
210966317
216213459
215641841
199889278
189528628
166418075
35170552
249220421
181998078
249012204
175526865
249220423
254148938
191477555
204887936
188940814
252582144
77222794
56669816
109443385
181185057
247345146
249203314
134956645
252044349
135059267
35345904
215769500
175438055
73548618
69660063
195686898
212323965
53086331
35170712
175526877
113117251
210143421
199168172
214065986
137569780
249380995
262381900
205124364
194768775
223448402
56585437
201538577
54512940
252226200
58215285
209876700
51034189
249149884
101982055
239495567
201567388
103759461
129144322
251451486
118897207
147759421
136084877
146226495
102132854
194160733
190110166
195939315
200921800
214584837
247871818
242699152
195800724
201565582
248159724
194583553
20134762
57759190
188266539
206474042
209377223
249351529
260807298
247587266
195800687
247444183
261808651
263337045
138342811
103865029
223486363
58215291
160051497
36705275
118896663
136084824
136080365
55453861
206362831
168224739
147762012
197849196
23028468
260807256
190096770
88809350
261803476
1313953
33589106
201687542
198875320
254180644
56586396
208304278
202608597
261986230
129565958
66590093
205810174
245770267
178593630
55510879
171628715
115958537
115956035
229722543
229727522
15887992
252039132
252166924
58708539
1469959
260807302
35593595
187913772
205018925
72747859
206359986
137430771
229714077
36374788
96309551
130780895
136912573
136999659
198516814
255299246
252755709
32860528
261803480
206145276
225237284
129563815
263104522
249213111
263292780
179445588
76833711
22532841
113842398
96357332
216285719
193526067
107365528
206361167
205810172
162161844
252861984
242101705
179206884
28284599
195026100
191548217
260807250
169266985
169268490
102132728
181998092
253039750
213787836
205018864
153408989
217412456
202608494
261986223
178454158
207677136
212323605
36376054
12052786
214837962
205807373
249894468
255299300
253040313
15887993
200922263
129564651
247677563
199889420
182542617
263256543
263344838
63922451
179372224
190515686
205696546
205695886
206676975
260819797
24490036
255352519
125729483
204631066
84699154
125729741
212462564
147988200
63587070
200616826
169193031
192863800
193062746
174008188
255339189
262464179
178777234
200941051
52406627
36501262
135347611
201911380
182557327
40429222
168991788
201045771
51696842
160059953
147988212
87963943
535658
217192435
259458783
261072981
127210405
174002949
262363040
174651302
212284692
166437328
208403333
188428263
54740213
198205934
204286419
95225577
35558751
248499171
262692327
119324299
134282651
11350604
248502559
262692312
162261451
32208916
200982768
242076204
253227896
219155311
248092989
249376801
34550054
253228269
262692314
236016120
247889157
164329594
165705147
222723650
173609592
192817005
253318993
203225580
204421251
74292182
146491457
176712558
262646075
249960376
197604729
202281192
46614341
162025620
1645723
250068014
49026053
259456024
67622236
60903934
259456057
208191582
217613033
203477036
208191816
137978984
218752601
187926833
253238899
171022584
192950937
113791263
209604422
206643522
32429695
203210596
58146174
148008775
257843851
262747865
242280020
192971097
257789858
253713256
202475500
221225181
118897286
214731922
202204216
213490138
177781089
172073044
261986232
249256975
248542356
242435443
192971062
263104735
225200812
204941431
240626488
111055785
53028554
68562873
72747447
252000103
251417195
206845434
261942497
262525435
192683681
1731799
198271750
204761755
195573686
202713717
259743206
199871001
113833579
179757847
176897851
249495803
242102028
216983229
242435424
178776833
259458891
1731787
252235487
34551205
177751285
259737776
208913669
218752599
177267241
66513186
242435435
261942509
136979053
209377217
257789856
262746705
192948768
243086141
199996845
204761764
207011403
49647777
263388837
206362940
242435427
184304791
255299368
258562296
257843853
257789861
257867045
253344490
252584374
254116109
262656119
204761757
92513595
174215222
242696333
154604690
212323971
249604136
204932533
206376502
113430158
196577663
62295817
221225175
54139533
113791354
242634292
160370220
217528917
216957832
174038235
249988063
262652538
175445555
115725894
1738471
262589915
204301195
215603267
242076109
203393347
207935901
168160300
217624536
92231804
42458992
208192200
200976516
178570296
158699163
261072963
259482565
59409946
204761728
146491530
207935899
173999835
262652623
262701142
247925916
33030550
84562961
253239982
261839815
224270280
253049494
248159524
198542766
171728809
164989617
215944488
48227765
262825207
176112425
262825357
114944314
115694695
178603896
262837520
194021944
262825303
134781335
20134968
257859331
203498587
258605770
229965808
253400461
249257309
214584794
73665344
262662628
2070203
253042214
262044884
215414849
218736617
240626734
252078314
201390585
192949680
58878584
137504545
184410393
173755922
201892198
130921694
253304449
143176625
262056045
179234065
84559379
262801847
251451381
251985082
137430188
229695526
249022345
179232545
242076207
263208694
97678239
205029002
117918076
263072424
252528918
218736614
155635824
146638563
54624939
198643647
217548682
107469079
197667909
24593619
197337576
143638229
32686744
80858174
137486368
90407467
212597914
47161869
198495028
105231729
22482295
248638202
31207322
262469754
179232451
32226752
34745383
54624643
68562739
193896473
195477972
202040419
175173169
199671120
173016850
88002685
177281883
148008783
252862373
252862437
73814764
213951025
249220419
240626534
186967952
23578136
185918850
197164261
31295391
199671122
14901529
197672765
204615543
95219939
72749754
196543537
74439280
172474474
216903028
248159644
197164282
263029295
215221513
262821957
243106866
16084263
247793202
246853456
110916344
248661064
16691749
208104793
185498376
250348989
62373330
247303152
160621646
59397199
262302303
82518894
253396843
158698998
148008771
106032999
200673125
193586387
189387788
178545232
225912602
203401727
141317649
87962188
184253793
141317520
199889434
114895557
205727120
179687056
240626563
177780775
116142159
143638238
136482470
176107988
262791339
262781434
206784508
214602903
248661264
262791204
247925895
177975975
262516987
207935897
77702127
48567564
252680732
262570264
201712776
46759650
95039290
200004417
245770909
81292145
252726932
203853411
175173025
160666649
198516530
208648771
248469359
56586905
263082598
186683795
204421373
44017480
207825481
205863234
263075450
95268425
201039762
79006316
178572201
54371776
263058767
221710449
89911839
147988196
207698295
262803819
247705757
159909085
60674614
262799954
260646295
251335702
20134979
176812941
20134987
147988204
249526817
199692500
249150664
51034140
192390979
215604742
249353495
249146654
249355189
258766594
200010702
260115135
178569651
185813139
260115140
198295217
137677028
253396857
214602905
49648420
115978027
175445735
249592544
35174133
70767957
179232074
258766943
249169197
115977768
115990391
174890464
173863965
175167354
115978159
174878203
263385525
253319007
253185830
253293272
78872399
41883534
263113126
101707765
6107997
209386548
225386586
179371171
247799914
115978267
152549323
115978535
177926056