252357155
252884360
252884323
252357109
262037861
262037890
261839105
252884440
262890073
255294584
252357111
180749825
180749842
262889762
213565395
184904555
109485215
195573558
259310950
261840658
172472628
192688980
163678278
195696290
172247208
167444084
130093140
213565306
213565451
259310942
124526051
213565454
130083857
143809929
262846079
109488255
252357105
192950823
167444862
213565456
258215761
213565315
252357107
180749888
213565540
161238695
114431252
210425313
262037869
172472618
207983413
110264656
209399747
262845917
262792202
263022870
165030681
262051096
197337516
213565314
213565284
213565504
169861301
210425398
208615249
213565444
209399765
173718231
210425332
109484095
204044608
253549010
252877835
121005996
163685402
192540854
185881906
103754762
22647970
213565534
196336995
58839729
108938001
182319748
208428312
103754264
180749897
121006029
182320688
106349225
210425320
123441806
182144111
246773016
22651706
123441804
166084177
24165617
262037759
249245533
262907478
178831388
178831373
178831482
108130861
191818078
262907659
178831360
178831476
259310940
126005374
259568265
262067738
213565531
263022862
213565419
252080050
252040452
253587028
262857241
210425310
262046350
196338317
213565328
194961970
140970232
191987939
262654662
252882654
23425018
151950589
24593613
249693680
123441739
252040509
259310948
191579748
147761114
253210425
192675173
122521676
263102856
124040357
196338370
262688253
124040341
136235852
252040521
252040531
106348948
252357113
196337441
197748481
197653674
207331945
136236514
180340802
198562087
111189811
146275306
251546419
196337252
103817901
195028895
197749528
194960375
52813129
196877469
213980225
209399769
149520395
213565468
213565398
196877582
22649506
24862927
253620295
197653659
125089755
31515012
183538779
125089633
160419027
197645054
213565369
93178743
214759743
183538992
262845919
111365723
160789145
141110315
185626719
195861709
213565348
216280597
150545053
193684610
180749830
120183877
214759721
249389560
197654486
153408962
262010297
183538934
111366606
153409086
192674351
196869224
262654634
112539525
262302813
262295716
249693690
112549846
253185934
190827146
210425293
95856875
111367451
22648674
203861669
164259135
183538823
196373006
29354063
187696883
118522490
197645260
111189825
196373788
153409110
252040547
261840656
262688361
252066263
197654673
196373677
145429581
252078904
252078734
213565495
250540193
214759734
214759733
252575540
252079141
146260613
262068265
252078188
252078507
165118666
197653709
252078292
147878019
262701293
253176961
262908194
178831368
252040424
146270700
25000311
151950516
196683809
175445484
197645153
197626368
258567422
257552603
140100888
262792370
262792323
262792354
263103005
263099066
111704557
24593207
263022864
192990394
106361605
197568638
263337782
263358265
263103939
249390685
146271002
251734223
252080237
251734365
145417936
165030850
253248145
213565375
214759738
213565537
252078949
252078972
251734384
252078230
251734398
111189747
262606189
111371869
262301199
24164824
193737096
183539023
263104073
262792364
262792339
262792214
258552429
262972552
248207403
252040784
252040459
252040603
187688989
262688094
182107876
184468883
253554389
263196830
263379918
263358243
263388554
250549005
196373524
252080198
252078377
252674352
262077569
214759866
251734168
251734150
252079133
252077897
213565553
252583432
252080063
251734292
251734314
147865571
262706143
112545034
111365644
111357140
112520184
262792224
262792356
262792198
262792358
125089597
97554650
24594211
262792246
182147972
252040467
252040442
196683742
252040439
249383781
249567982
187539746
185884833
112531691
196869275
172120318
249273682
263196790
263201442
263201931
263201639
263201283
263272789
263358245
263358263
263384975
263396674
252080207
197653740
214759936
145428350
214759969
252078472
252079545
252078732
197653776
253176724
251734259
262701145
253177031
111350199
111704049
111385906
112553870
111371291
110776070
151950470
262792208
262792265
262792188
262792372
24999822
25001365
25001940
111702970
249693686
252040756
183538661
262792411
262792331
262792260
262792333
193736897
252040480
183539056
262086706
182112719
180736399
263385685
263383796
263384148
262383291
263201851
263201800
263118625
263197028
262792347
263272788
263358255
263358249
252583992
252079082
252078133
194960463
253247517
252077988
252078617
252078236
253149902
165038902
160343990
25679107
251734293
252078833
251749270
249938339
144524531
143959240
252078376
213565399
213565324
213565381
248794234
262706822
262606216
172112635
244318546
31515184
111385325
111364800
262792206
262792407
262792399
112550370
262792337
263103071
97555644
252040519
22652529
178831642
140101009
110709400
118522546
262792403
263195866
263372760
263390690
263199544
197654546
252080074
213565406
252078772
252078168
251741992
251734349
252079010
251734346
251741918
210425297
214759871
252078853
262077625
252078183
251734215
252078174
249938190
198671453
101459560
24594367
25000002
262295300
111350560
112544460
112543937
263068576
262792180
262792409
262792194
262792210
110682657
111367922
194344455
249287154
262792321
178831303
262907998
262915337
197406240
263337799
262792401
118522520
263198013
118522499
263358257
132304206
97555177
262792242
263395852