204317934
77160746
210277405
387725
210277378
220666217
113353587
262870371
76106026
3577373
209413799
11491784
241821210
345206
193209826
204649516
189588167
10190801
225267771
135552449
214928784
111582626
57771248
261996346
167462132
109862021
216296897
253111154
209405814
181991026
208027475
10707066
548212
15592527
137941567
164209952
196902142
208778433
32314535
15686464
177860498
206715176
62349850
23870341
225170585
205508265
253129533
34755580
162399299
197897214
76048912
225386411
76048152
26412706
19761828
14996962
205288789
50214757
179196335
71353257
4708867
550683
15592528
247946021
189940023
587908
159917640
15867080
192949742
246773009
72882541
205293454
565422
208067460
41294584
54426455
202961583
214189397
250078653
68844180
164044346
5745743
14523892
68855044
251767267
361817
109982962
31690412
222695902
1061576
8011013
201385946
215720887
129138373
263033878
252004032
253241395
242483955
190230191
197824337
5995385
14660324
1058052
48481757
247281458
252079459
263103935
210760848
223606837
229700612
243034600
192333128
70844535
117029310
166315538
22367423
644149
70722135
174182720
127692573
179952982
127591608
107059011
216333089
200848880
252043328
117595287
214189301
204416968
53720985
41374834
34180377
192295472
143144165
171580723
246160736
212426344
36313879
205279963
25286390
248789000
243084982
136013292
209432142
5440965
216142898
105278809
262852325
202025036
147568385
198524212
215092629
195832987
77220985
247405804
253241397
195304614
258567523
251984781
507422
174003699
196514680
253237427
258805956
214930614
252079285
242076094
127692348
216288997
127033451
192950635
127692271
178057242
243808284
243808286
202996462
178761417
205406808
243808281
253276557
196190353
137941512
243086260
215141131
115254287
22080381
210137947
262053143
201385941
252633117
1256325
210886595
216462146
54144906
200855706
197636958
190298290
174283444
95163489
242085724
137941545
229731947
221017137
33765288
259675833
137941433
121972969
77204234
249882519
163579698
202475564
263102358
253238305
137941513
208285367
215748988
201477264
245773258
245773235
178288797
160622208
249882522
109862058
180895028
252025292
195861574
195861599
27597754
253271287
252041024
10104837
252868492
179952433
14684956
215092637
77222459
76527163
34816865
177315574
215749031
255298745
242085703
217125598
200848744
127591566
177197790
258571130
262656113
129866864
262778899
163576677
165038801
192950215
214931182
190252219
208780724
113583666
189466097
243248418
248442800
201055584
214189276
243248346
127591555
210283802
243808288
249940818
173266960
249024257
208648538
186693758
199977068
41135529
215092639
210960221
32426241
210283818
22080359
10767349
245773254
249936852
208613426
195663567
127591107
195304647
250077204
195832814
249823635
253238239
208065984
137941421
178033006
127692400
210525233
23943907
163576673
215092633
215092631
197546438
217125836
215092635
195304645
195663576
181908625
181929005
221017223
599920
252564729
253671209
190321223
193900116
252079867
143144257
209430857
176937926
208064363
51550236
211255725