49910019
377644
100931414
46626771
52798281
31991943
50356123
89480924
48363463
71553537
3737965
13454614
16570565
16570578
16570577
17016825
177569707
70540568
100931412
532293
50247846
56941775
178231957
13527009
190705665
221223548
370260
97957715
214662126
167462120
70529917
7270519
3087827
650540
13527011
243090201
53486723
6879027
3236901
47161889
165098846
19792253
213496989
16158716
2406383
123447208
436544
188713012
158762504
197084472
136939572
99045834
154261300
33492466
1733407
11413606
171825181
15186800
16422560
479106
85923518
185271782
51030886
138226291
225264796
46789757
108241216
129767977
107630568
248591405
14770658
6214727
248523195
219144646
46626761
72711426
172923161
3236897
43981694
79006318
207354840
221719132
29352922
433040
1011884
10833322
99046098
215040201
162259839
3640441
215748960
43176185
533008
414645
1215253
195545637
2805889
22169400
99046143
212960284
221230154
14923951
389517
54382263
162025769
190826680
533014
197084482
75622611
59258215
249780113
174933116
5503077
522860
77858329
12081404
12081408
3640451
171746982
532279
74859800
165021223
138330244
165150430
106066915
134598780
46626777
253248344
49564282
252591767
108241197
193050673
93297703
11446557
532292
340208
229731933
196382202
44858060
120183499
44858499
37118920
252132015
45613717
115254438
375255
392133
186880518
195545324
1574615
181998045
186080600
249778174
181998086
186880503
186880513
186880520
12081406
532298
1471851
54380447
425939
370261
163172543
161207819
72159566
1986539
85924636
73516878
181998053
73794999
181998037
357832
181998039
1020624
5975127
36727161
373834
172545675
12081410
68124195
26412708
195545368
21391590
373385
415697
13527004
399804
1358089
410669
878080
14143678
22725674
165150424
73230831
3640449
200677716
204880989
10833318
198296809
10833324
13527007
408180
247777905
8155346
4080373
10784308
197084481
262783967
186080598
258752514
72513195
202961667
4056407
14997091
185205416
123447231
44251095
154274567
22552644
246856193
10833320
10833328
9946565
13177080
10833326
160306711
46789759
78289019
262646222
1742033
1617815
262646247
67060006
248773810
16570569
205050329
195545319
160814471
194954063
178754680
24886366
370432
22552646
217441279
508387
194033949
51833334
23433244
215748884
73230837
251984806
248894529
192692416
174321391
92551571
247981915
192722093
88998881
180399991
194033294
1478895
216866997
34749486
194033300
2473627
150372562
139288540
5503081
19884545
85375649
11227928
113000267
172175813
8312018
685853
8310037
263100010
455421
1322981
49716243
204875012
253236687
117035905
19665444
4407285
72206749
73356675
34825643
252912090
13527003
10864120
102074773
242835313
17373717
206603793
176080897
176080938
8312022
162517280
192588427
176080903
168899477
208528151
3954343
49640977
14997093
1733409
73795007
44627534
11227922
31993290
225195100
194583727
248585342
184587607
36454104
129767985
196382216
51200036
136939561
221229404
8312014
8312024
67874713
165150350
242265337
252714534
2664843
215414893
249782625
106243680
2395223
3658833
229979150
202804984
57767456
44858118
24165499
100958524
370431
160684823
217696707
229809554
750555
8312026
478534
253232522
392132
551972
91561490
5829059
473842
124893015
836068
11227934
215414929
346629
716732
114271478
336910
36494968
32636764
467017
1029484
160684903
2002411
114945134
114945609
467011
176080936
597440
248584495
439372
215414857
1577271
75948578
177933189
491556
437055
11227917
215746148
32581644
215388693
252755702
415686
120800804
215748886
102108318
197084479
195845400
170870071
15350495
250078125
248956171
194583712
229726964
215040118
232892285
198537700
198573188
215991147
180609851
1559493
246856169
71682133
248591399
65472226
255630357
253281737
242718633
215040197
162350500
189591792
198573181
232895724
16284256
5772723
262758442
152743072
185991853
194595540
175532961
17016819
247446409
247937049
56814276
390598
215123032
102884132
194770504
215040193
1667309
137296428
51833338
346110
242718629
253291085
253279806
176024835
54380455
252580772
215746146
174566244
160372864
249533662
85924608
21176621
92010259
20443548
2664841
92552263
215040082
163264761
252035438
11814130
36336037
136941171
38108638
67874723
254078574
67874711
192588355
30628704
170870066
211828512
198495042
229979629
120183789
72040806
1925771
232886960
250077298
196382167
435723
215730509
242718631
175533197
194033293
11227924
525815
180749687
525818
186484914
10577305
467482
467074
181998049
241667036
262756239
230341791
143339236
202226365
194455077
190826939
532013
14143685
90522198
138465121
208290387
440036
2783117
71979021
222673338
253232305
402702
17016831
252040788
180400042
217123703
198573182
216459693
120183237
567446
70844529
477883
186392426
102890720
49287236
1559495
175533394
11814132
3317087
557305
253113177
209275860
25760682
253631869
473829
877882
7125297
160671642
481075
213386987
179442125
210968715
77221536
229809552
716166
207567424
217561697
10131535
232891327
250078219
248773474
450528
253147179
253147181
146275410
181998031
531679
67874709
470924
192612421
532276
180749697
508116
41265466
262426980
10671563
94301965
34267255
229979366
616284
171548991
250078086
217499158
253232298
194769336
498514
8310041
72040802
1471847
441083
106066918
255612234
32795721
175798727
592814
467070
207642756
44627538
216866995
84932850
252558517
137263283
253232301
525791
8310039
11814128
160686658
255410226
215119234
369279
127377670
206488347
497055
193050663
159765559
77221793
247390183
205080646
253313990
249237547
216462292
162773724
202604492
243087619
253252658
230227831
252098355
247856749
253252664
243808321
246774404
229979413
229979212
230228633
242889411
89315929
250077253
132302675
92551774
194198668
230329465
230329918
253307320
230329358
182300546
248502998
253901132
253901134
181713449
228989981
194033296
253281140
263100063
263100944
252099024
180749701
186165943
13967746
1471853
16417112
198643476
215414845
247394350
247582989
205537695
241667759
1471857
17016821
48752557
181998035
176080901
248443082
45358836
207332534
253721340
84704979
250077328
253721373
249011709
212992604
205543500
91817380
169376970
178231955
36871753
194824421
184491518
5356343
215077549
215072937
253107060
2362879
115254393
242101807
222723711
139723212
175533215
95501247
215548555
2002413
225202724
205708008
108684607
137592491
1358087
2697011
207563341
207563347
253326408
638800
165242265
6932219
252098347
165319452
230206808
229976233
249660435
252137688
253313998
243808309
243087623
217123748
217123636
253326410
253252667
192692992
217901742
252084501
250078150
128711616
177315067
253581059
253581043
253326840
247277901
247277894
215730537
246773266
222673211
253291095
229976328
262766172
253242219
253242221
248502905
248502912
253239661
246773299
253281162
247579440
228989830
253901136
263209035
263102291
51720400
507317
175526744
247785245
169818128
176168342
215040223
185006071
253058480
217424021
198641910
13967744
17016827
573146
7865639
215414878
215040195
248502133
215040216
229727520
91562485
252073902
259512814
165243606
208652790
176024845
88998885
75948572
262758467
253239663
243091085
72647912
262516814
213959834
253273001
263256541
250078523
198573190
213383392
208223981
230214740
167614931
170467901
92552031
29354053
188537041
162597193
257767922
132304626
230214731
230341645
77220958
230329578
114944524
148924678
6206473
127031712
262756233
138181142
215104367
215104324
253252747
253252749
230228691
230228832
242889467
243808315
184496268
248789650
253326404
193315691
253900246
11227930
240626485
230227664
113527587
253252730
246971661
180897322
250077037
250073960
262055733
262762191
194198680
262817134
253307318
253581076
253326832
247277903
529684
182300721
253281764
253281748
253281724
215141156
229976094
215727412
215727410
247580199
247579868
248502981
228989979
263195932
246773301
180749669
263208506
263104094
263207783
253276800
215040185
252099042
262567742
262656534
255612903
138463120
259513846
208643589
16422568
17016835
1471849
49640526
177703690
247792774
20488676
174830002
25760717
508486
169817767
164483676
174321516
252040875
189588438
33312283
197778940
253380964
253273003
145371249
253247666
192704697
252136925
253308109
202152614
7043129
167615119
217377401
657397
132304606
160814465
19902720
255630291
193044082
173188866
91986128
129574465
159955938
120183341
120183542
183339092
95501546
92551768
252940798
162619451
159349268
137432145
114945260
158762490
212426832
247857586
229975502
249660426
249660437
207888428
240626957
32587700
243087625
193536298
193315683
192693010
243087652
253900252
253900248
127692501
246971736
246971573
246971628
190757980
192588628
250077315
250077649
11221402
246770429
180901736
253232517
253232533
247277883
253326835
540962
222673634
246773264
253291092
247580295
248503000
248502984
253281226
253308107
215557366
193922568
34678447
246774352
246774410
253252707
252760069
248544893
187746337
176080907
215040078
253229610
247582995
247394282
1471859
4700939
102513013
262654323
176080893
247937055
247446422
216724430
114435445
16422522
252009400
32797597
91564409
212554432
208652892
208653257
165150361
252083953
34463532
194807703
254038028
253380956
206597098
253308111
228989966
179546681
129668224
253113431
38117733
65472230
6348687
201106480
215141175
151950887
19902781
215105280
167615576
132302901
230341268
185232707
204429334
4935247
127303713
174036075
35125849
168559526
114945518
51245212
32795723
137129646
258605086
253247664
2853639
248621336
253273005
262908232
8312020
3640455
208906955
137331141
1559539
19584465
89314408
24858652
166503142
253326402
6932211
249947066
217185437
230206814
194595556
95501133
242889503
230227986
259536305
240626536
177497229
243087621
180897315
33320630
232897002
217900875
75948580
38385422
77221438
253232529
253307322
247277885
247277881
102108258
250071905
342084
11253628
253901130
253232290
36391310
177610359
193976657
175526724
261967391
215040220
5369083
14959400
88059726
247582991
160686455
74528283
248773139
196382192
258567206
1559497
4700937
5503085
25182997
51200040
3017915
252958667
254093038
229727001
25760672
253720951
253380948
253252692
253274715
183249416
685740
248621389
253273009
248621305
201308567
263292851
215727628
167614108
58957237
167615094
158868317
52380654
187786026
120183247
10191623
89314534
101447408
120183317
87659863
22532930
150896966
176753076
186165914
230214813
230341652
169818375
7886650
25760699
114944630
114944708
1734333
62257695
207563351
114944853
93297146
252098351
225205776
259795446
253252734
253313994
253313996
254038149
253900250
92552141
127692427
248789648
248789637
253252672
178313135
230329379
248773579
250078061
250078296
253307324
253581031
2002409
253326844
250078463
253291088
217499152
253252698
248502894
246773294
202152312
213960988
262464246
216001791
242411309
217577402
180749956
204417047
247394284
78956986
53390525
47801556
15350517
4700941
215040101
50330230
1471855
1194887
252099032
194807986
215414919
217510912
105985512
207333474
255605468
253380951
253308114
35457223
254113876
249058844
200616928
206377321
137572773
248621361
137424501
215727626
175533040
192949622
124893069
21271415
75623020
228989815
211951988
253271254
179492221
120183717
50579666
25761375
186369440
166025567
186080584
138459718
186256538
225942347
36369146
92551373
230206817
137432127
89315102
229976414
229975737
58437178
114945388
2823885
34819337
120165305
263206834
205708079
95218547
192475873
195624160
16391543
73553829
212992705
58213080
184782104
139979522
205942263
191148986
74953479
42459036
202429194
100384412
253361072
190705657
46723656
199706229
204875004
160929900
115897817
210277807
1635863
77539095
184781428
125921425
210277396
111256765
140635218
116877507
72225298
170708227
1443167
461974
182458784
426595
4309067
87389625
77986634
75813197
212324001
15181635
1709187
221223550
130230758
259514042
38576163
181122315
208591387
248745945
251545654
50228410
20642861
252456572
109018534
25072622
186256478
109580653
73230833
50883076
75813209
54862169
479128
162250562
131497044
21176617
8312028
215141170
261823509
170325069
207642297
230231557
215991146
252138279
207284582
181379111
146272644
74571946
9982535
248745943
3236903
182090596
214927078
252854169
221232714
74569920
207754109
199607879
262646235
185006112
252719821
208299917
101839209
20873461
253284508
212977624
2805693
213562779
146271358
137453195
32546892
190553923
13624074
30708584
88191428
101262166
167613728
176168365
249693676
8312016
237775948
196515963
11801217
124242376
120183206
35425931
1443169
247444173
3953469
4060907
198501832
248012983
250077786
146272620
90520075
53901827
46344113
195801298
171825185
226934821
108684589
185027578
206307750
204027439
157195141
21663652
170466794
683630
180853895
82996524
60863041
205696735
193433616
55505578
40752446
2636023
33007530
4150547
59488352
198240798
20704715
84795768
95039339
47161879
206153334
196283482
20737988
704932
571289
215111828
250078147
169606799
49192098
212567929
90960325
74859414
108684594
34744727
253237282
48480453
253480103
242222402
186080623
7175649
91998804
196284161
204337403
127479166
146272587
95039336
185449241
48579424
541167
190106332
573648
72089807
195545645
3859129
196855519
102411864
95218453
190231486
36341035
171470268
39820456
84881008
10235573
34844290
230224356
205113440
89793158
179546690
146272325
202438952
398522
213974133
104465372
76585385
558455
49398669
8106615
193670592
538807
13582731
32976099
192949473
57708787
20956665
56095760
74746851
196517939
207563624
17458885
77149668
229998189
53095303
207771799
75621702
171651727
93862443
252763824
160814582
202329432
187815676
213496993
3953471
175532880
208565143
394047
207643861
142260427
54380452
138214319
214661965
12141176
195696298
202780428
114275091
90513699
212326277
213562616
253303457
73633328
158762506
15248923
48135860
111711940
162534346
247287425
2213663
259483252
162340815
1826659
54374481
167019531
560507
146224647
191506465
90142216
214835620
160566954
106362565
203871031
162259629
162771589
35240889
67477628
222723665
63448528
83607353
193910679
3793939
10365743
215414877
10019414
556402
96613515
95311761
41093357
160370110
187746327
248012864
96029776
538815
5001943
7004269
42656216
262836637
160814413
7886701
261808866
464148
137592668
4795141
53275216
138181208
249649163
253690788
448374
185711244
48035351
7866395
180962418
171585858
198996063
117202635
128817656
4060943
175533270
12502140
4441015
75580304
15009809
11373503
77149793
101931852
16178016
209318971
202183226
167609468
170345816
87659897
192124397
215085073
186070375
36812698
187811635
7005613
188712824
255368923
197380967
253229793
374250
36874039
208739196
211960958
96649480
21439792
197117231
261963950
253227722
11510387
127896149
220823547
209904956
7005071
196096363
221249403
192692424
248012559
185688729
179425326
1725013
140221949
170981942
262734950
137503472
17944546
252174747
206361019
216462182
416568
253900213
4440569
215940433
217123672
41095840
75313234
262646224
205807441
187157812
150984612
242506314
197652288
54917531
182708966
253300185
167614500
29175026
186257597
77231289
33330417
192949684
202292422
20931179
55650617
1938699
7459043
220666999
213886776
10607828
141999012
206488708
120141360
115254528
114275075
46719371
202243214
253467750
165150429
167613656
216462165
167613907
207755518
46108499
252035426
40564243
214612303
185692565
171581145
248585403
17466671
140221849
198642415
127032038
2804401
197047925
65472228
162342457
33360401
143146958
38494038
197602992
174104325
187315757
195637717
52634689
11723214
253284105
78974742
207281722
174122597
220656683
253395963
229970597
198192527
229970308
252892387
144934447
250078506
20127374
186484333
165150428
196382826
197687505
3953473
186705919
140579127
38072055
90511622
181473090
72330202
37929917
253628708
252853890
92714203
221261730
257682780
472215
205694672
4060951
20737992
17385149
2805823
210513642
75700729
32976097
148038453
255349595
180942443
6476741
97957717
245768574
248524520
253621426
253621424
262405221
50736014
15356036
175533224
167615316
65472224
20675261
113000439
25933395
212960286
188229147
72606198
19841774
242760799
178605024
197587895
197535080
247324895
151950510
216724280
225195083
10414680
42180173
112110206
249014007
77222298
253231714
146270564
120183862
167615341
32955201
950947
213973694
247814574
250078130
19415184
59207701
162259631
260810309
23423915
171584524
2782219
404969
53107724
392130
250077436
212560935
58615518
255179030
212484277
180327183
10116851
33343553
215116606
77117184
75630583
250070965
246209126
152370951
165150359
208436480
167614480
370332
179513209
56735000
14233588
247814580
75313824
201802999
184081967
452693
30034629
550928
137503515
162342018
247814587
72878581
573699
214597927
194331853
199943099
162250565
534790
195879151
229969658
168664549
77965592
203201392
915426
262646206
197695116
99855058
183768938
77221269
110820113
52220716
208917636
6568641
95039273
36313939
102108224
189633374
176168253
30027258
215104281
38486071
137425423
48759402
34749170
204941433
20879440
20482118
201568534
237777305
225215639
154489021
262796227
253058325
254180609
214767355
167615088
48766450
253300100
253300081
897745
174604871
72709245
10002430
138183873
246182415
52022605
229997997
253300180
48983088
96057064
68591574
213669697
229970062
77231319
137375216
117315807
246282485
9911478
169267182
10565776
137252299
248012812
259514708
4071163
208591578
262665791
137432253
116184897
230231501
15081157
252583972
197604219
209349585
248746194
205257542
190087787
229998350
229998126
229998139
250077893
208587419
255605456
253284718
95039355
188492564
22651480
248091062
14455522
182295681
252681651
160836721
250078516
89313983
30029083
177924864
92551433
193050636
253620311
114945478
208201227
176168328
120183419
184243094
93871205
436533
167615279
39367796
77221402
53107706
257551520
29170988
202332448
163282646
48979965
2063591
247437503
77231203
253498956
41061827
259483232
70692031
212992096
184301912
72711061
243084420
248585430
137375214
209684957
92551331
214496700
167615179
166084399
569435
203231634
212561843
11601444
230224779
253414384
253231710
253101076
154476007
219280514
3159249
148873578
446205
92551564
190231482
92551276
204897859
191328896
215103345
213842351
167615064
51984906
240626667
217125799
77204029
55506688
243235441
42843088
107066575
4714081
247019198
439313
19415178
208748121
255349507
254089858
213680272
215748904
262067663
3236899
259483234
253300539
10414381
253414386
137440426
206640167
214732028
163326307
46723654
167615339
12052680
91986457
203200728
204941407
255612257
230231696
250070929
212924910
186256513
167615123
183916448
92551515
185711241
198898805
176168262
42403040
137440399
222723696
167615590
139953904
174294405
242727305
253238174
253236668
262657236
167019533
253230426
255612238
208559422
253284475
15541820
15356801
208739267
209905727
15409532
186582433
230226984
147723746
139294191
196597591
208097048
149153653
197464972
95039270
82035673
137483194
138463406
11435396
252853747
105378733
198638327
890172
650841
77230261
177569711
194406440
12081412
377499
1029194
253267902
254078157
253236273
39369280
209867695
12289264
46723670
262085799
138334118
206639906
206640637
230227232
230231600
247394740
189688965
252384113
138422825
813167
137424024
67477630
11470730
181922728
140360890
109862023
139954232
199039288
214818742
60833234
250078476
250078583
49873882
230224514
259536849
167614669
253380941
203128076
247792769
259483242
34750046
254080526
181454255
415276
201829157
243017600
57405319
212953336
20438188
49179909
174039572
213960972
185242787
230226793
201842933
186394963
178310670
198228636
557049
194451707
1914951
217273694
210732361
89317289
24862349
253238180
162546643
435694
242077761
4686041
259537512
202797287
254092810
259567321
167019523
253363453
32638320
248686306
229969821
251533477
243047386
242717714
253231708
243059026
247302605
59107037
132302734
207566876
139427939
17383823
213527256
11253091
211960992
213681662
217387233
52398781
137440102
192588403
120183343
248131703
207991421
253238143
250077872
455037
214938661
10413882
28057019
253284658
248611281
191422170
178957583
252574344
184218502
253414380
96301792
3037185
188896279
189533840
243033357
41092367
198894945
120183514
77221670
253403282
195526543
136482596
186369500
221229258
77231497
4070557
22367382
188537353
215543702
207564354
205696733
249648287
249534510
75313523
182985603
87931547
199901043
249738822
249738773
217123587
217123628
260108541
240626764
229978847
229979161
229979148
247718504
244316462
230223846
75316060
259858067
181772043
210960279
216213388
183520264
242505006
105070572
248131673
248131742
249738791
249738850
249738799
259507703
247948243
253601009
222726486
250070976
250070982
262756194
191149064
181673955
186069980
230339878
253300059
263019964
246209114
259537356
263209508
253363460
263208158
263207651
19776640
253308220
252825911
259512749
14382405
243059320
249090134
249090132
192623370
248679652
260435013
71062560
50426731
11951801
2213697
8312030
227053808
167019519
253058404
252853832
70018781
160090976
189588899
257767663
203945269
208648826
252765042
11470679
198301581
200631423
181922750
254078682
253467814
262836617
253309113
115254472
252352068
254113827
253292065
253300615
263207856
209313740
160814570
253231712
138333657
225385795
249716679
205574047
263023120
137486406
263292771
249679090
1736715
214827754
149404575
171625654
201477647
196029843
205897360
159349289
204923107
32860534
167614166
206561015
87857953
11962088
167613762
12135755
137502241
215738582
186392331
37942777
149377712
34679431
186369426
32955171
213842856
201652627
162025609
189529326
215738578
201120269
120183454
32976101
27534640
130785046
32955199
27534628
210418342
93296586
205311451
207272317
203200627
210425400
196579627
33343515
32976131
91998963
137481794
190856418
77230910
190109678
195526935
174291312
222660829
91986543
198531849
242075303
86532014
190099547
120183285
174321339
253281930
150859525
201929574
262859882
101995188
263383703
39165705
212323844
2624285
262836619
206376847
217268971
215913953
191893800
253281316
249970888
35420118
244300710
177007376
229978691
197647541
8294413
242485432
242077766
257749738
248978109
249014003
242504984
77222144
176229378
249007342
130062072
160306806
260108534
210138310
248592478
216462286
253413306
240626499
253413308
253309834
102074859
253228241
253228276
250070977
250070920
178505260
209332024
229998258
107366407
12125685
181523116
253274988
181523118
12220484
154490301
249693844
263103564
247019159
253309347
197098988
209273967
246208022
263207791
263208222
209643602
248523207
167019525
253265144
192623280
229979054
252853868
68570503
59339943
219297518
48754579
180399993
146275309
258823421
209867961
209900000
208652676
208682461
14841419
247464437
49404341
255612291
255317153
253308223
92551287
242506472
253284520
253466492
186165961
262836599
253587660
74239474
91984629
263103988
137453704
229970008
253414382
229969862
209901504
36368467
263027959
76779748
198868674
91985791
207195202
193600559
198897716
166025572
178329771
246282470
32855354
222660758
158622083
91985930
208286120
202258749
197643803
148801843
198901977
139953946
196669992
137375209
102141100
92552160
167613979
189557943
198240958
212958741
77230917
167615042
154726597
115254371
148071003
247953021
235728987
163337283
262852717
262907313
262908210
214835617
174817601
154474002
202862666
77231453
91985156
201430909
247953105
77231640
178787411
49369239
42435491
214597982
178483014
253264570
139431234
105664091
137242247
230001712
197143440
149382747
198897719
174314536
35412321
263384940
246206821
221251652
160924717
208406237
1938701
206376881
205696538
248249226
137331049
137411981
229979123
249038559
154474438
200557867
254080091
254080089
254080046
229969882
229969910
186598480
253309893
203015980
212564938
39854942
22878027
41098471
74747430
32860550
242743129
217276343
240627118
253281280
254080029
40362102
51892119
247858221
117315697
13590486
75317278
77231409
230204120
230203774
230203772
249014005
248131835
242504982
181256781
194198777
253783677
253783679
253783673
253228442
253254801
253254805
185941687
230079404
250078372
250070907
250077460
250077072
250077245
19689034
33321305
181916687
250071650
230340267
88191610
262825218
253274984
250077010
485750
253242324
262551762
254078138
253252424
263104743
253267900
22023064
214831293
253271258
253363816
253252771
20112525
247057721
189594306
168899515
259599141
202256055
29288284
254410791
252767545
214911819
252765105
177860450
212558294
213681810
208643632
253620301
242504874
200010613
259310761
71353265
247776776
262464254
253058490
248524511
29349080
44904284
262082564
200630988
225385797
210274639
247011891
214753109
212323814
263042743
263028502
200679504
259482307
249237343
189232137
183268538
198257060
167615622
124892967
208648832
167615151
92004162
197847639
146249407
92552063
174307765
152550248
185710686
215723166
226910804
172476421
174314538
196382180
138181130
212958755
32955179
209413558
42404942
201842891
178312949
101995192
176933399
161541518
174085156
178502056
247394742
250077918
198211840
154474632
20475733
159360926
213681535
246206360
112321548
101933561
226869070
215733057
248000845
106362215
32901534
178460969
248570936
34548607
77230974
197530273
185991873
255630318
215916999
11655258
132303249
261957934
118877612
211950658
77222694
214831295
208428309
150842396
7958127
10002436
206376873
77230956
253284243
139953595
253480105
207642827
200857388
260108543
192972339
242504986
247890452
247277745
247277737
247277739
39854956
215077303
186441013
162574429
253238132
176737489
253281289
260108536
99056405
171625637
74194454
85835499
230223309
247817056
127591175
229979186
229978749
217147377
253309822
247057724
253600989
253228465
253228271
253254803
253254813
222726488
222726484
229998230
9956290
173189477
230339979
262817469
253300057
246208034
246209111
246209116
251533475
253309345
254078160
253274986
253309102
253292070
262656195
208643813
253274925
209645627
249090130
248679255
167019559
230201586
247018700
136015834
11339975
214912103
255612933
255368870
188490313
257766399
208907215
212565053
213691849
209905000
208907149
207332526
14806245
253230382
169375335
252039279
259512810
130599681
263207637
262903707
263103098
258571182
263253670
253700845
90142318
251275896
132302638
167614727
253380954
12059812
77222360
253284525
242506235
242506712
253308217
249007356
200677891
50496988
263336469
177190804
225385799
255179007
186115544
259803547
174105062
132304395
7930803
198256887
212474158
189035379
33343557
138438216
215753008
186369349
215940431
170766357
136595865
197142657
36565088
196530668
76827172
175533033
198911493
217529143
167614474
102108253
138182932
203433560
246282511
181523363
167613780
163378905
102140463
92010537
198901998
208784182
263383773
221251886
262530117
211961585
137430449
177860556
253480107
229978780
18012680
190842091
195305728
249644253
216462179
253281268
137941629
216462287
253413303
179207651
45358904
108756461
247277760
247018744
182709695
248592438
249176360
14841371
75313114
249208051
211853702
262068370
162546533
230223442
254080086
254080049
190842087
230085901
247409586
247385754
39855264
194183337
201119668
257753647
193050672
25000756
92551292
253228459
253601029
247058080
197629493
209869065
34549979
10281141
230340322
243087667
250073837
263040981
102552284
253274978
21218412
251533482
197604226
253252422
247019153
15302876
247019179
253267898
175533630
209316676
254078170
20111467
249090136
262653950
262656546
213674850
209430457
208643679
255368882
244169030
203499019
243019833
177617831
258628300
253700446
253309099
263208657
208748406
253300496
263104950
263102387
253284910
253238134
76838107
208508353
167019529
47142813
222391712
248682115
167019721
247778346
262745686
213674830
252565364
254089856
208748093
105378740
242506353
242506112
130606777
262464238
248956272
259567319
253292057
253467812
263103993
17016829
262906925
50434657
246205626
255179028
95218451
143185998
253361950
250228883
170708209
20276181
168559524
72687656
250103498
12786687
36996379
208406226
208224683
194104226
97820566
207958464
19349565
249388822
1559537
198228434
249388991
37156637
250228881
977994
152205194
207642350
10315142
10742053
169268696
200764915
20915882
16256345
88196904
229707044
41097934
10264660
10413223
20879355
10576700
54746312
252063393
20918320
38002656
10576689
195168929
252678559
185718650
73128382
58213732
252334166
154249913
89793196
59305983
189170749
171584532
252178367
977996
208741274
37169512
252033133
185712534
10280539
37157427
74427712
54672660
33519532
53609073
42659451
198425929
69658840
155640408
140635229
186476086
95997953
54754213
54421536
197868810
216983078
88914036
88914069
249388150
10281274
21259728
62219199
50227247
255605546
50495780
88191837
82685459
86148865
254132233
205076290
202010870
30036520
74571937
249388117
57943346
190827253
55062809
252357169
22824706
200821971
21776246
10263899
42042497
180585848
179805608
150789065
26068586
15249007
13593819
10194305
252355226
180723626
195666610
38121237
184087201
184878626
207284499
207297311
51892087
74193857
41094935
35418638
10693790
10854958
90514502
185710117
139288548
12499774
10576588
257766503
183229971
36340107
247933005
185689709
108957045
55062807
10576572
208679822
205506493
128594025
192933161
41098192
176709750
180103971
253304947
71024340
186738639
246347701
185715404
187843891
252677111
8837879
41097234
222666162
42588882
191921961
72323532
198427025
201013708
185717523
181253143
11285177
28967950
41131323
184895701
252355287
169606448
173093731
205726390
253043289
187845679
90135994
49080586
185712256
185713734
69441171
191142506
14875804
73720045
210732851
10281378
202011708
186318146
92551629
10566295
88914011
10282012
193050639
41092371
186309320
188784342
25906450
174253145
97545382
74570547
75790253
209332784
30807652
95950070
10715717
16448558
248085681
12052515
186292914
53547625
253309557
214593579
197750074
186292081
28939706
191148194
186738787
50424538
253309593
75314021
177750125
248086032
48869719
86147410
187606080
197605119
88192106
174293262
249768015
87959721
188299008
180327537
186292235
203200716
152483969
74194750
87940589
146588621
160800494
208220077
34728526
145289165
186313189
54898312
179176399
186299623
12511855
95995311
185698820
170591714
186293265
185709190
127758924
205850357
182980956
90375335
230204877
252103864
42665460
88914078
204923148
185685733
171586288
10857181
98733629
181799262
34937209
73754054
187803638
192883058
185718368
184895505
115958497
10226604
37942067
32976125
74569273
246350759
180593102
41092634
207723058
207724964
35444705
162533481
186434767
147832194
42029699
17016833
206639780
259535562
193050679
198519017
170831108
88914083
185717431
152484422
91986489
88914109
50276283
190519334
205509474
62355633
174085078
57327266
170828115
31246575
11723621
196595068
15359082
196046014
88914055
182980686
193746451
186293456
185718320
248767182
174257209
11967307
157151022
158622144
14962394
88914112
107906738
68416464
167613628
164210848
187805104
146585777
180722270
198364920
186318571
215389063
75313598
75313047
241680356
217123542
12099082
41015318
41092461
185718387
32370501
39367692
174835029
33328930
77111623
249038962
262796293
174085163
174593627
254038190
68409688
257759773
263253746
208652746
10244812
68393815
68145539
181473130
32901562
186312995
75790173
222666096
185679724
24957212
229976534
54632984
208220085
186312602
202239167
174038136
229977193
53256286
229976903
195696296
243016989
68145712
138927756
52345618
108563017
68145985
180863855
41097229
74746963
193747318
186434382
186442830
197675725
14386843
185715544
32955175
19763020
17380447
37943406
41115722
41116371
53484887
31861775
250074103
68416302
253268372
245769396
68389698
188300801
34745776
96037613
192951096
263104132
167615487
194020025
252828984
174593670
213681802
174085176
254132211
250070918
115754206
174293191
177733039
262907742
28954603
40862890
14901305
74608863
192950661
181223532
170827163
41015468
174308255
193050645
186299436
174037895
199977402
68146005
214822160
68145748
19387094
203049340
41098752
68145730
115957467
11465908
15561901
186433644
184082043
203023398
201013622
192885983
185704274
185698419
180720342
180722217
32636627
42402733
52064717
74570845
30807668
68146039
71687665
19762981
174817224
253268385
216462150
68416197
68145554
253309615
249000776
68416427
208917610
252892449
37156847
86035673
24844828
95993230
253468607
132303679
214930392
229976759
49453906
186317752
88914060
174085050
185717442
181234612
35127029
186741403
241680471
96649045
241680427
174104494
11344890
241680602
142002647
116141683
68409743
229976948
77231435
15080384
180720619
194372572
96302719
185718491
186471638
54753621
52341137
194400648
186741728
186436591
185717606
186433886
54711289
192845204
186394174
68146023
68146009
215378374
249007340
41098371
13597571
254044191
68145738
250077337
140309360
21707947
50194056
186070296
230204884
230205281
68416200
50247986
253068905
53599513
13764702
37156721
184878524
185717622
205297566
68146043
68146033
20613098
259535645
99056126
28934114
200032351
11588177
68146017
229976697
10281411
199106330
22023206
101454147
174291721
88914091
117315821
33360317
68393817
186304918
174605369
41098298
249658361
108591195
152470611
68145674
215745881
185713678
188303985
68145589
205294115
37983086
20578316
182984049
74744411
73294540
10833330
68417718
41015316
167062707
42432119
34745557
7732173
191144497
38493205
74369762
244902409
253268369
215110818
68145750
68393813
33321417
219156896
205506485
257767673
254086215
255630373
252401661
252000074
68145672
186312874
253391311
42405854
192870329
253621428
208783573
198868692
95997437
68389849
196579542
194583050
193691640
193050650
96689030
214199328
92506764
186628592
47445469
186303931
198894824
213562812
101983080
214889706
53805985
208648582
205698781
253468613
10077503
112125863
50010294
93049389
88191758
68205532
215745877
196524307
180586328
184085305
181223439
184082472
14875707
74190162
152477310
51892127
136150634
73994328
140221908
39369425
213532365
186470026
259512990
15447901
253265435
259513007
254087629
208412896
68415232
68389847
41094704
21776240
42407206
171103533
173399006
250071174
253268377
263100775
253309602
73236351
259514597
188049925
213488444
253468617
174105555
219460713
88914128
195526437
7934161
88914146
15358402
33343551
185702686
88914048
96621088
174307942
34506874
186319523
96200943
12484074
71020023
41094815
173751824
185710142
138463726
174308420
209388761
214822185
174308241
24819588
158019962
100293908
28736195
34928912
171825183
193699465
170506718
39376972
36459851
171497668
7229789
51990652
43897520
20737986
36338952
3953475
152015133
15249070
252062247
7470095
186433820
95224921
11220291
152205191
185717519
202011255
50784535
7367033
184629955
31998883
195665755
184873840
74686685
180722309
41125773
15273364
49080568
170611247
14367860
40849479
27088361
186738454
38491574
90514182
9957201
34956712
34593164
22442897
73994484
72025574
34750947
74189822
259535775
176832590
175176391
186741753
68416177
157254993
91984578
37121912
253349955
192773939
73163369
23382544
39369165
10706180
41014537
185715644
416603
187808029
91102014
14055014
38121444
253211651
143034644
7889760
109593987
33753820
55784272
185693784
253349959
205136602
180722279
201112440
184096950
191148753
182296029
186394948
152482697
95944625
115254341
8465327
196190391
44888850
2299057
43739823
171651787
253621431
192774924
29358258
193993424
180863293
75765958
253281115
11336596
24999879
209905822
19355113
15429531
145768937
253468615
253621433
195650799
34600329
253211647
225961785
74490703
24731048
185710701
108715924
53599234
33742058
176709390
68416431
91104551
530565
252040545
169621187
15428256
11732989
192883684
73742829
70217289
213787768
54799537
14901260
195202008
54758667
185715603
180720649
16860727
181253034
187225173
72586662
10233994
14055081
178571409
193981099
66456446
253349953
253211662
208760851
192950613
255368909
72711648
159773384
10579831
37169810
42406469
180722223
68394286
10413112
212992305
186741931
95225045
177344535
68394284
57463394
180586236
73294933
148001702
147854934
91105574
68052495
192885022
68393754
68393756
24068419
202243745
179175784
68417728
213787842
255605678
104268022
198911404
33735474
68418128
86149066
68394288
52198029
159694734
174291716
74190065
186470434
186393430
186741642
58456974
32635471
252098341
29962285
14056341
191145638
68417984
34746255
92552064
213691841
251547350
95992388
67611676
68417982
12061174
186304349
68416429
182296015
77230774
14841688
181220903
169627902
186741836
53995922
14993248
201623091
180720345
184878526
54802828
184217366
263055749
225961783
174817861
195647480
37958126
185715402
192755507
33751275
160798715
68392019
102141083
48579902
73784092
10124150
215104704
146587233
178523970
41065322
14051080
253349957
259515038
254085907
263088395
51523528
192771675
195651084
205018812
178575176
99055883
10413525
217123651
180720333
12054033
192888532
68416175
77231169
12220313
68146031
253211643
68416173
68389907
20600181
184217364
248085262
198898742
187746410
181223369
33744193
193989034
158019964
222665719
229970198
91984910
54708694
177745139
213854157
22990175
253468635
7839316
20418240
14079682
11971489
203202276
209430302
90511035
152485740
259535131
186741349
50425231
176827864
188301266
53826377
20551503
208748442
26230863
199897034
53277162
52678639
204875016
11470640
12110427
9813132
208760853
252830378
20355723
213675017
217641584
7840402
15429024
14073253
34750270
92551514
174308446
180722403
184591415
203958008
15430191
68146045
246209174
213681812
229970469
195647655
152369073
10336312
14858409
201112503
181221740
23819695
68145724
182983710
229970060
117926947
189201388
16860721
178000246
246209170
229970320
254113863
192547318
152475923
68145728
208559443
257646242
67690801
186305175
73768250
193050657
246210422
35786025
229970322
145768934
110176125
36392761
186741199
263062501
187954726
203433686
181488795
55833101
180923145
252401139
14058009
53825966
180585154
38493110
213857828
14875688
181233138
51060818
90510179
170831631
14859110
91552802
22282103
249018702
187746414
14860502
14863370
14072914
71019549
53211896
14857076
173567106
258820426
186070283
7650069
23511482
184629949
3782739
111195171
106349462
187934722
74597438
167543204
208067261
53918589
176825475
53757978
14853242
23512738
50226765
197906954
14057805
116046876
195979866
263023665
208686270
195288757
207752606
87568915
72478058
203925908
263023656
203957839
14475369
14057994
198495004
53918511
95966294
53765002
214114206
14057881
208778402
14057764
14057950
259483240
110691464
187782616
11458158
134615577
60047678
136143601
253360477
174588792
178831405