137026519
92021483
113912331
175198639
933781
933801
149528295
248936092
933777
10732167
217492607
933783
933803
51993319
135156216
20730883
113368754
96750539
207193869
96752240
249970437
214606997
213703929
933805
210425685
20730882
216216146
248936100
933791
198589600
216216166
933793
198780148
566987
213704225
107582232
147100599
187955082
20730884
216216138
179526347
206794468
199683460
213706145
216216156
216216134
216216136
216216106
197114176
216216152
192133274
96752080
216216150
216216110
59356999
253625524
28597450
89053770
216216126
187955071
184592420
189671587
206781685
107576662
96752236
187955117
213705827
213705972
253622506
179526509
107561643
76827264
933785
204425907
216216103
198780847
213706299
179531154
216216115
933795
933807
76827272
107582473
216216108
216216148
213705620
933787
253782432
933789