22605957
248789322
193640544
193640507
56222521
193640571
193640484
29355215
58992313
193640559
193640480
191780056
340241
32222206
195472347
253146638
2377337
22955704
206248786
217361525
2248857
181567297
181567276
11224658
181567278
2175029
225195201
2248867
193640563
116410304
25202894
2361133
22954997
181567274
324930
261821765
2389571
58710302
191779642
191780240
191779323
193640503
193640498
192174046
55288317
34757914
48755544
198562394
29355011
35778400
71945837
22876405
2377615
259568290
48755546
22856294
2361145
193640477
2202661
206248680
56003889
324927
193640509
116567472
116403550
66230585
55286079
29355152
217721978
193640523
56193107
2175573
45164287
168004947
217722812
217361610
11238505
34752137
22866436
32196813
198562281
248789350
25204713
2377609
217361336
2183507
2174991
193640465
174182846
261821331
217361348
193640511
193640551
206248668
198996367
48755385
48755519
523687
29355067
2361087
193640542
191780641
214767905
22857258
73492361
193640521
193640525
193640569
29356114
2183673
193640517
32222093
45164185
29355425
517933
2248845
2207091
198996351
193640513
48755112
121227874
2377633
2370991
217722643
217361630
217721882
70783208
74236886
225195217
193640575
263101075
73492318
191779215
48755532
191779851
193102049
252714372
73492375
48984301
11237153
116893517
2377497
2378005
2377339
193640567
217361490
217361255
71043290
193640486
191780194
191778985
191780535
193640492
191779137
193640555
36710975
36710982
48755618
25202247
36316092
29355118
44605081
58710471
191779875
193640540
47099087
198889661
10737520
49334137
70822860
116299638
2184457
2378031
2208871
2377989
45164314
217361642
217722583
217722113
217361628
2208363
12671125
70819572
263209640
198996127
198996330
193640490
193640553
193640500
193640561
193640545
193101904
53806138
122273502
48755639
32196805
48755624
89481547
45164275
48755728
76250836
45164317
45164403
198192618
171592657
191779815
193129307
2377627
2361167
193640573
217722565
217721774
217723406
149520563
55285674
58710810
48755508
206248684
193640515
198996149
102758223
48755246
45164350
73385288
23437459
192988617
206248670
252714368
71043299
263209628
2361093
3819083
209603504
45164265
217361358
263208127
193102067
49334236
2208485
198996215
206248662
252714366
193640469
193640475
193640473
198562360
198562364
58710441
48755335
45164259
48755244
191779640
70820046
49334276
12670865
2377639
2175579
2377969
2361161
181567319
193640471
217361446
32222611
73492281
48984105
58710590
193640496
70773686
71041398
191779950
198996313
191779529
45164192
45164180
191779684
198562289
183376051
198562388
49334359
2377645
2184517
2044251
2377351
167685504
263209086
2361085
194819155
209603510
117375142