261802710
4071577
165704858
66952508
4396853
251547302
204000469
189539612
53977374
54389411
75615225
100446620
58723520
54389409
243035410
56602526
75615219
177887998
73603942
203493912
75615227
206376371
194198661
194198655
194769303
214856854
249881913
75615223
205050985
250957035
247439347
194198634
225386639
4106363
3738989
194405621
87436938
77105722
77105808
27979415
225386550
54389395
225386398
225386750
218754943
225386278
249814599
189538084
177891352
253355120
221233834
191081233
215223915
222521891
225386691
225386708
225386634
225386742
262462967
148626047
113525958
225386556
248888933
230043156
225215405
225386446
225386474
225386500
225386620
225202782
225208071
177563884
181473070
177891322
1738407