520128
92004142
248789320
107427984
91985684
192908904
91986410
203204665
91985891
260644117
95039338
95249909
91986204
91985370
191693662
59297342
91986143
91986260
92002615
2246741
91985488
2848369
73491876
91984702
93296940
91984949
107428039
197821211
216387923
192951161
129662401
91986133
92004398
197821201
54423046
91998914
93296694
248734242
93296540
35859725
93297183
91998865
209390537
193758161
91998869
91984693
91985575
92004389
12517804
261798430
91986123
92004422
91986419
91985440
107427973
203422772
91998955
92004434
248554860
91985932
203422664
91986732
91998730
91985954
91998862
195472263
91985424
91986700
91986228
91984590
127591550
129662378
91984868
91986691
91998948
91985013
95250516
92002758
91985585
191779654
2465097
93297412
107427997
91985362
91984608
91985387
92004148
93296864
91985442
91985472
90411001
91984576
93296804
190252485
91985686
91985164
91985500
91985315
51990850
190252130
91986232
93297045
91985133
261157184
91984716
195994046
91985431
84304850
6553739
160268757
91985176
100384446
92004150
93297758
93297952
93296967
91984977
91985305
93297106
93296943
91984957
263208151
263098464
195283758
93297280
91986198
91984742
92004077
107428007
93297430
93296679
91985331
93297546
91986578
107428005
93296672
95249927
91984671
93296981
93296945
91985249
91984887
263394944
129662392
91985605
91985392
93297085
248559420
91998826
91988254
91984623
91985960
90522089
91984874
93297924
90522549
91985417
92002722
91986463
92002595
107427995
263098545
92004169
209390342
263076979
193000383
91985441
91985977
93297450
91986066
95250463
91985359
92002648
93297100
91984605
91986110
91984592
92004082
91988557
93296536
95502666
100384076
160268739
91998998
263098474
91998838
262706720
93297031
262851898
91986275
95250747
93296642
91984889
93296831
92004215
92004391
90301149
92002641
93297697
93296999
91985971
93297361
129662386
91986170
195994107
190289240
207194560
107428002
92002627
93296877
93296874
91998957
92004410
91985150