198562337
225195288
170268480
15136907
197620584
2248997
202961871
116287628
2209201
3853671
197620576
197530391
2248931
197652368
197388047
3853653
74035984
55288027
2248971
3222297
3853659
32428892
2163191
197652343
32196797
197620574
122273655
121678396
2251865
197620603
87044898
197652345
2248961
2248939
2251869
122521927
73766195
122521881
197620586
197652438
197388091
71040243
2163409
263207645
202961877
197388151
206248778
176293211
193128658
202961968
125507089
2293333
2163443
263208191
122521873
107004661
2163603
3853655
263207647
2248947
2162269
263209697