199733240
203228996
198459161
204988671
202464466
225206969
199107005
198800229
122871462
201027607
204948998
203227463
141819239
201015386
202464715
203229429
204761686
198799880
203229049
199106420
208662926
204949436
204948822
203229564
202465088
198799545
204948724
202852492
204949342
202558348
202464893
199106373
9975823
202464557
202862821
213682902
134443430
204948899
202453291
174858441
202850996
211313240
211313238
199141580
199141687
147770489
199734339
204949190
198384713
211313234
132709545
135693218
202558245
198692374
132674220
134418619
205514530
132533765
198768774
203229055
140125877
212606155
202464820
198995861
135325257
199031307
202232716
135319601
205001633
198800171
204949087
132709035
204947879
132482208
134409414
132025157
204949010
196456946
199124565
199125099
202558459
199140218
202877139
204948959
118890520
204949263
203227389
216392019
211313534
135716141
204947907
202853374
132701818
211313309
204947755
199140417
202862496
212924660
261879881
261854700
205218046
198254689
242724833
207902007
204949055
202455797
204948828
132696424
211313442
204948802
211313243
119718548
204948529
211313371
203229162
211313597
197409423
132370569
203227656
132703424
203229214
45358017
202855070
203227325
204948912
211313120
204949423
199124840
40279719
199140459
199140005
204949104
204949135
203229242
211313424
204948922
202454157
207935469
211313920
203227831
263169251
205217987
205218137
198954362
263171314
204445012
207900939
127216215
202859589
202863563
148908444
211313902
204948992
211313082
204948711
204948904
204949067
204948742
211313743
211313155
204948406
199106688
199030965
198800220
198768672
202557820
207935475
204949321
203227912
211313721
211313043
211313991
211313726
204947930
206851308
261879478
261859929
205514480
198520330
192660723
242724699
205233533
125597453
176581952
132709758
198384961
197848941
204948712
134441968
207935576
132369676
204948730
211313759
199124106
198799768
198768434
202558440
199140090
199141614
199031124
132700346
132708199
206123282
202231835
175977715
174858174
211313541
211313378
211313096
211314111
211313415
132699577
204948857
195912508
132696491
211313863
148930269
196446657
211313180
199031047
199031176
202558523
202558327
40255933
153506628
196857735
211313232
207935582
207011644
132025211
132384599
147346287
203227483
149336408
211313758
202232059
202452923
197848534
196362339
203227663
211313641
211313963
261883315
205218209
201027780
205218487
210118477
211313768
214946074
252079610
202454203
174857412
132700484
203227791
203229154
211313444
149358392
204948053
211313174
198800116
199106511
202558415
198769090
132025204
134465509
207935479
132470745
132372380
211313841
211313220
144471995
172158987
211314031
211313915
204948733
204948893
204948744
211313188
202464675
203227606
198416383
263171965
198526652
195335295
206315745
208388739
204949300
204948237