253197414
3819041
2565261
31878879
58710518
49379110
31648840
74451652
74451629
74451654
2015857
31648788
15942260
546222
462833
31648808
45164280
74451627
58710140
212110276
192174040
31648820
3819145
58710894
120471988
521805
202962066
3819177
3768933
193128782
45260271
190872519
190875472
3819133
179928719
2684697
56003981
258673140
253322812
58710693
197620697
198562208
193128794
198285605
257869180
49379172
31881903
48755750
49379129
31878887
198285533
31878798
58710114
55288629
31878875
261840730
73385221
31934499
37152105
3818621
192173934
3765799
193101449
109860554
89481488
82388555
50239014
253151840
125506968
247902381
261995031
87045087
87045065
31878774
31648289
74678029
43751949
253324642
12137805
3782579
31878869
3818651
70783210
31648824
176417623
191779591
253325970
31881909
39359873
206715321
58710858
58710166
198562269
31648877
3819163
48755462
198562194
198562273
198562216
66212543
3768799
3770129
168181879
193128742
192173850
31648822
168006017
217721639
73668966
70607748
3818619
3782643
63941975
198562261
198285595
3818589
122521869
198285233
198285503
198562212
3765755
168181450
3768949
202961948
3818695
174248988
44605308
31648848
82388986
206715258
55288482
6553745
198889620
31648868
74678389
149520497
3819103
192173880
51591644
55285327
89481598
75991514
55286759
193129176
3819125
3818605
3819057
192173750
192173846
263104130
82388958
3770203
86424423
31895761
3768771
3765695
262860028
31648258
261800429
86424439
263097664
31648830
3770133
120438102
198889658
198562267
31895775
87045289
49378762
107001796
250339495
11380930
106997530
58710246
31895779
31648774
197620578
58710369
55101394
81576845
31648862
3818723
3818617
191780581
49863402
55285274
55287617
192951188
191779605
31648252
31933688
192173946
120459871
3770103
82388020
89481527
88046429
31648860
115966792
57947081
70606881
2181811
31648836
3782553
35896657
87045183
192173940
198562161
88809735
82388758
68984782
58710616
192908989
74036071
198562325
58710461
3818745
31648298
31878780
31933846
82387797
3782639
86424330
192951261
518379
88046393
55288023
89481543
82389018
55285104
193128691
198889665
197652424
555633
3782585
2624941
3770191
2676835
31648266
3819031
192173758
88046361
89481463
58710477
55286839
107001777
31587489
31648816
116567433
82387592
84873844
191779162
198562382
171591797
198889640
3782593
3818631
3818725
3770099
3782535
82388195
107004577
70602375
196220992
198889656
22986502
23438350
88809558
191144431
3782541
3768845
3818693
14948550
31648800
50238986
82388984
448926
198285354
107001942
200976818
115694918
43751919
74451576
84566750
25002214
35856096
10784303
31587473
31933844
3768865
31936083
31587483
3819021
31878885
3818727
3770131
193101378
3782647
58710355
55287777
76152750
87045321
198285390
193109388
197388043
25204504
98131801
198562400
74678371
520060
206715275
317655
3770123
3818687
50072000
3765779
261808321
2061717
3818667
122521856
115961262
247683552
10787007
263085294
192951507
193128786
122273603
263097172
263097118
263097650
263097809
263097259
122521788
263098040
263099010
263097114
263097488
263179653
263179513
263179542
197897378
197388139
198285416
198285406
208056423
191779562
191779839
48754808
192951374
201088337
197897355
193111663
55285364
49379317
74451636
49641364
22989611
58711076
74678367
87045083
191780019
198889667
193102035
193102105
147575695
193101543
197530367
25202259
55285366
55287104
49641343
58711396
122273688
86424432
88043535
58711420
55285667
190878563
10682950
263098514
198285579
35856217
31934406
3782591
176119789
31648264
116190195
31648864
3770179
3765633
3765777
3770107
3770109
31934721
3765659
31648870
2502975
31934410
3819159
3818569
3819091
3782649
31934979
31648782
174128787
31933753
31648838
111155071
3770115
3768935
3818637
31933307
2043927
31648254
3782537
3818669
3818635
3768769
262790249
31648844
3819079
3782681
262804418
253322938
3818703
31878796
198495168
192951404
198285378
198285410
206715289
86424453
173449563
26595202
3818643
70440842
197620703
197897364
198285559
197897287
10786627
197530387
210514107
197620707
263179578
263098512
263097734
263098494
263208659
263179600
263207921
263179564
263179538
263098974
263097120
263097642
192450774
263097134
263104071
263097861
86424455
87045085
210514038
197530385
263085307
55287886
89481534
55289099
86424430
55287862
74035906
90527786
122521875
88043622
74678032
101870753
250076459
87045179
51991088
55287838
25204072
55423017
25205380
73668825
71005895
49863388
253151856
196220920
198285621
198285474
193101902
157824722
70434285
193101698
262797364
196220998
171653847
7476733
262804315
50238996
3819033
3782641
3768779
31648866
109688347
262971925
3818655
262859732
3818633
31878786
3819067
3770067
262799128
31648814
31934717
31648795
4205843
3818739
3819149
74678086
197652333
198285215
253324117
62877603
217721906
109852127
45164200
26595138
31648250
86418174
263104552
86424462
197530408
197897299
198562157
197530483
263097501
263099058
86424470
86424416
198285372
206715273
206715303
197897297
262903876
70385800
72702684
58839805
74451680
48755631
49641464
74451631
75991496
58711540
261840717
107001800
25203673
71683189
58711179
101262322
49641699
122521854
43751925
82389062
125506956
88046385
43751999
58711336
36315995
191780573
193101666
149520503
198562307
247902379
198562265
198285617
195696973
192908936
198562293
210530360
116132651
262799227
3819099
3770199
3819093
262853128
3770031
2061719
31934408
3819113
31934495
3818657
176119685
31878873
3782561
110737266
262790354
31878788
3770175
3765647
3818579
3818645
31933309
3768797
3770147
262859577
3765635
3818665
3768861
31934719
3818747
3770197
3770111
3818597
4205809
87045158
198285523
198285304
198285338
206248770
206715287
263085323
257925103
3782573
109852124
217721746
262804201
87045344
86424434
191144391
192951275
192951315
263179534
263097755
263099073
263098616
63947790
192951499
122273605
192951525
263104713
263097736
263097857
210514069
197897333
197897277
206715249
198285292
197897311
197620687
206715252
263208637
101871151
87045140
191823951
55285595
48755941
88045682
55422862
25205127
74036018
88809599
61553598
106351641
106997683
89481551
58711504
122273694
49641238
55285025
55285473
58711080
76152511
206715241
196220914
193109283
191779545
192908958
193128734
193128776
198562271
262904752
517612
261840773
262797382
261840719
74451594
88043766
55287615
86424472
55285440
125506964
74035930
55285396
58710602
58711550
48984124
90117460
58710058
105664912
58710840
195472312
197620740
191779343
201088335
193101556
198285601
198562376
147575756
262705789
167664693
7476729
31648806
263388456
3765781
3765663
3765625
3770143
3818685
3765643
111156748
31878867
31933750
31648278
3768789
3819179
50239012
4205841
2015839
31933757
31936081
3818639
31934501
31648284
3765791
3819035
31933692
3765645
202961879
191144396
192951460
195696913
196221000
197897341
54660916
48755738
86424459
193101835
193128816
82387586
74678081
86424468
193128746
197897339
198285545
197530459
198562214
198285426
198285432
202961906
198285541
263179568
263209536
191144426
117374981
191144366
193101497
193128708
191779650
193101746
191780592
263098442
263100137
263104729
70494907
192951337
263097753
263097751
197897370
198285603
206715281
197897329
206715315
263098437
263098923
122273676
191144458
50216068
43752358
88046400
191780490
86424410
87045238
74678291
198285615
198889673
196220837
191779664
217130909
191779954
58710738
55286622
55288350
58710860
78553737
55286117
50361806
55288194
55287771
122273649
88809605
55287746
191779178
49379011
253151897
262706808
262797298
74451619
55285684
55289415
55287785
48755603
74451848
50322729
55288992
107001915
58710209
82388915
55288299
262797397
171592571
192909002
7476721
250076201
31648852
31648794
31934404
31648818
3818611
3818615
31934497
3765743
31933755
262974370
3782539
168054607
31878782
3818729
3782659
2181825
31587487
3768887
3765773
3765793
31881906
3770177
263207795
3765699
2182061
3819051
253324446
192450745
198285561
198996290
87045254
196220910
208056321
87044877
193101499
55101403
252917289
58711242
48755294
43981755
197652414
58710254
55285663
55286594
87045273
107004575
55285497
78553686
198562319
263098478
263097163
48754846
87045340
263100008
10784349
210514067
198285507
198285529
198285366
198285342
10827222
197897351
198285412
210514086
263103130
263098561
139418313
7476737
191144406
191779089
191779879
195696943
125507235
58710455
43751910
55287804
22988300
74451592
198285537
191779149
208056437
58711078
52523814
101262569
55286442
55286454
43751952
45462224
55288248
49379175
106996679
43751947
51990831
73766193
55286420
198889627
191779397
198562346
198285286
198285414
252131162
192074639
261994762
31587485
3768895
262790302
3782645
3819019
261091796
3770207
262876283
32112171
3770091
31878891
3765739
31933311
31648294
3768885
3782653
262822268
3818575
2182039
3818595
192908888
193101813
74451850
102133006
86424436
37794639
198285464
198285511
198285225
192951432
197530461