12533371
13828946
170098856
201562338
214757467
161903427
163703151
155106681
55605174
192660619
90985722
253357800
186578985
66452071
141244977
205941719
141255303
214496618
257787024
242618129
252638967
39820791
247666288
252711981
199532582
474814
199945014
253413251
714395
168543528
161903415
244301823
253248075
188245407
121367201
121620994
178240461
713954
215788920
2297623
215790994
202475558
176752845
146271373
134222505
4464929
42230494
78975612
328153
192949243
225970252
147341592
252711991
713988
174321503
207710744
924313
3640317
217764405
111418477
261801326
185654117
120165303
126742915
689421
247666146
127692373
257843602
172175801
44251089
212992629
48582034
210513629
207841116
17032440
205012841
174606509
416681
460906
57047799
175151344
5023489
778777
180399933
91343897
51285128
225267017
32907925
101296963
203945332
161961371
243006528
190502268
74217675
248777762
253413295
152568740
226186009
215560903
94344241
251551907
193195993
45370410
215109890
59512812
8495278
208685123
146272306
458365
248619174
56365313
205279970
145499998
212314826
2297613
184830475
160907665
201071215
56372693
100897418
55206768
77627026
2345575
582787
143144350
247324719
182096272
212314800
192665910
215789433
184242708
133712552
208192053
19421103
194769319
159695224
172871181
114036778
249168905
127591388
41161319
197624163
109577059
207841150
87834250
246772951
127692372
53395812
135322588
252357103
96750988
261986381
116529148
99089541
215789437
247799404
105745092
175154949
90929041
201110873
263278416
252357069
145837919
261827079
50246119
77221435
161247659
2462905
55124651
206321473
130172025
1820059
161959873
207008531
167462118
253616972
113526295
177234505
124893068
248986052
772192
173628184
215288803
117918102
198768391
127031535
183481792
216285803
77721877
116384499
173911149
196536071
50246117
215789033
193045199
203476930
248773597
242871525
717479
217125619
160671700
198618601
580975
192950947
165627241
9859081
216462976
72206702
132302754
187853320
9859084
425678
898585
7428563
72206704
19932586
199527941
212185083
205326097
257753691
196572949
206335212
74943732
159814522
177207678
206907513
10321255
214908849
206560644
170708231
252357189
681343
146272592
207360596
8025966
190320416
113528577
245277806
145130736
248091715
152105072
458030
257844818
205160486
221228125
172905667
199970174
152561932
149767304
32907923
116377707
20875508
215788998
95941243
20875506
171095911
74571428
5771249
113526812
105739410
229696256
213712759
216933887
247446314
215789120
243083118
212993148
59597454
202961481
163875205
214692740
127338574
352917
217387250
9506429
198957222
250020160
446734
247922023
26043129
124892993
94277419
50579664
185005935
127033470
208097064
446730
36313560
137130329
206669782
254141992
204301995
111016877
127591285
212607489
253149320
208066667
581005
179995278
56814272
247656538
205809834
174580451
195888279
253097640
171581108
579658
137250714
257409935
143275127
54651366
24989404
178826874
215790727
137250710
458034
262977715
36953412
565756
77204189
204424776
116244761
172680895
252636708
161957996
152492331
253146908
57782435
163739533
136403507
152485734
215790676
207763400
262605355
467156
215789435
183700700
50579668
196196798
94416173
127031864
215790674
214731956
197878576
246854930
127692160
201385848
213589263
146270704
197853138
201385719
203231426
180723629
199037411
215788928
262977688
190502282
20484457
73174297
17924421
9859086
180746743
253104648
198957943
215790784
202604297
259310936
36501264
95211196
197628524
120183426
138180839
137592684
2345563
215790672
262977649
59356663
200646397
247346458
459147
258215820
165084131
125644210
119240585
186704575
161490527
127033018
192950591
127692171
146271387
37793782
216226904
253293550
247406094
72332258
104557887
200923178
195343780
175157343
208192239
252062714
137440632
242482440
254083182
161630838
202290708
184242011
252719730
247799363
196193537
127591471
449937
121258829
262084608
225918868
185115504
113527650
105739408
230807138
225386758
208068818
183538722
253620299
205305881
137130781
235729090
210732348
185005816
49026043
174550444
222347108
103596493
944367
209613711
202025232
127591453
134222475
248343389
215789561
14518998
73688523
261809217
155800702
160070067
165038747
207642908
215730350
115254370
198867917
141248173
159871852
37793912
50574541
39358320
205506383
242076104
7583776
90117155
172927044
252041087
195334715
208103304
513017
184410573
137453990
163831173
249972059
247981840
216296903
178061478
198957228
192950111
108967892
50490479
189492457
200925421
196193801
176522805
143144332
146728618
176761048
215730424
136013909
41297376
134222498
849753
77220918
222408408
169887097
216724327
183538809
215110102
199242987
164331715
242136890
205696481
226973954
215789894
261980042
531450
32220115
129138291
187836075
204985083
174558169
249704007
207564285
212563590
73384916
247334485
14996966
169377627
71980322
242076181
247480301
209421912
111016573
215767507
55284307
188196798
105739845
124893006
215556723
172476564
247287426
160308503
248224125
164815005
243084997
252078204
252079982
23541940
75432544
199034871
112190143
179970059
178769508
261946712
13569012
183223747
104628478
253421173
215788932
215789563
214189214
253398324
217490020
190194745
201308428
200848490
215767570
262977699
262977673
39173488
248293281
222394194
263207860
149362301
252892383
3308303
90116524
108968422
169887115
50215074
73384923
44860160
58708315
77222513
213691845
214893571
188714215
10711840
137256786
200849364
242504908
205707850
187608855
122521442
109295437
172476124
109861935
194404757
206145337
6009817
77204009
252079679
260968006
127591351
252645862
111412325
195303066
127591394
242436226
23787139
255299096
247982178
215789746
253398319
198957656
221226936
262977662
214189307
146270213
263078585
20489589
194807016
249610623
32220400
22304759
77576198
23424913
48981855
146272524
185006124
160836747
25201014
48980010
242076238
208778477
195292029
195335594
195291841
181461004
249939047
165084912
185006038
112791263
206474563
217385984
205010294
214582201
230809056
174608347
250548977
108354903
119250458
194848003
177207784
252040160
248343409
127692413
202529461
119251586
250736497
21884892
217125678
216285769
216296892
253617051
217490018
214582315
198955500
246855316
198955689
208074668
604963
263104512
169887125
249610637
169887109
185433762
204416889
253113363
262664318
179968425
195656779
104558560
109393324
197866705
214930399
215548577
76544354
77222708
192113497
119313669
174918778
214101671
77222850
207645933
206482140
137249891
253406305
202529536
249945439
198102805
255298845
77220996
217125674
201385925
201386009
212563918
249654058
136978759
207313842
173658029
112193866
246855368
262667512
250875888
215723202
215723204
216285797
122521444
215819233
149520476
249700202
222398394
184241874
252892332
113528470
56826888
198524180
242076233
2268287
49179795
179210874
137941282
48541472
185006042
262656197
192950585
191267682
199646959
214189116
104557687
251984721
214930428
178056592
77222078
205472030
178603950
171581187
205673366
179206458
176933412
101932866
42203126
190464135
206360070
252638074
108355428
208559452
152628852
260967742
182975950
127591149
253407019
252079619
116532001
105320293
262466354
262525535
95449680
215819235
215580060
133151873
202604345
215819170
250392329
182300919
261988176
249856043
176260442
181998059
252892338
249693726
187946582
25200432
82041445
20439588
55283091
171220176
59597441
138227586
127031918
144207405
206472480
202639160
198127465
120183233
217385987
178109265
179952260
214753105
108716646
9750220
207503035
215730348
115254510
213716338
104558562
242178734
11125633
137592841
212961336
252135572
252649408
252078139
201385916
252078209
247862393
22557316
250549003
195337553
253113353
252719704
262701549
174248127
263104532
249610639
176080930
242076111
120471705
20450242
58709045
252892340
205506313
177138870
208779879
246855279
150965763
198957342
120183431
445990
242085607
77221464
249777022
127032306
177140527
251984830
208192259
22650142
81514133
185006095
202604474
253166228
212993938
193718160
214912898
215556721
203231581
213707059
216285745
214933041