202962002
74451638
202961958
2202765
225195221
86424408
217722697
489532
489543
192951287
216199106
102132953
197652382
488062
198285320
192173866
25205656
2245385
2245373
86418294
193101712
489533
1382627
74451644
193101811
15857198
102133068
87044871
87045042
202961946
197652468
258667016
197530479
202961892
2163007
12670063
489537
87044894
86424412
87044887
217723390
55287948
55288919
258666895
258666887
210514093
192951303
192951297
167147340
110418820
217723376
197652470
202961956
197652460
258666973
258666913
2245339
87045072
263085416
74451794
258666955
12670378
192951143
192951416
192951263
258666962
263097471
197652466
197652462
263097538
258666936
263097473
210514101
198285519
258666934
74451800
87045234
192988819
192951442
74451725
192951420
263097490
263097523
261840757
258666922
258666953
258666961
74451640
263085383
263085412
192951289
101870515
217723354
217723424
15857170
70739575
192951476
191144374
210514095
192951412
263097145
258666885
263097723
217722587
15857227
102133188
86424414
117984207
263097498
197530357
263097093
258666927
263097218
2245361
55287032
191779552
86424478
192951257
192951259
192951217