22634335
75454156
77982968
165089915
71948009
86517377
251548201
208307732
215544672
77858321
214160516
249967523
74458468
101801426
40981444
208286079
63448510
249771954
214160728
145288041
165989512
65443438
70743641
168234718
169607070
3526069
84591598
12670674
140360868
74942186
62724333
74362502
77481097
50074709
32802803
227478575
261802084
108501262
77111627
200764916
134583092
77476782
30807706
189326450
1352339
77111614
87910615
86859569
251936531
192376833
53501187
195792244
87600278
67060016
1542485
116033273
159034348
118100023
208406300
225197426
213973664
13362597
77323486
160488884
162144047
72040798
166651908
248656092
75454257
174836927
67624585
29175020
109982863
1738469
209170583
159034750
476145
249092612
200004421
181505118
63867822
81225012
75791553
210132023
253056477
4071583
215147279
262062108
1738461
58440814
179438622
260065549
29810870
36830129
68720324
37216742
42785837
76599930
39855290
252811960
115958645
262062101
59303511
980480
246854070
216331910
171950030
32351535
66453744
175553052
201037564
214160724
85396161
59553866
249387282
1082452
137428499
196409860
71937154
210166059
118695004
142002101
51420028
182083654
31207454
36830220
183531718
138435188
118582549
191805644
22482251
174020749
103824676
20452649
185439104
216870325
200004434
14039855
37420413
185694653
72025566
4086371
20613844
115520458
175553095
190505848
115520041
200985454
101423777
203783315
214836147
215746432
214836083
215727270
260065540
77111612
217102694
209170569
127692284
180584501
180499656
767940
252063908
11848906
162144199
172175797
16832649
176664191
32802805
200004372
76527872
200764917
213997885
214819624
247667460
192859176
205695314
84859798
77231598
148068282
262656203
215388701
250097256
7164819
38338311
101839206
215739241
260065547
215943465
215080321
252387409
257853440
189035414
204957517
201016936
216285791
168712011
71714994
215122148
212992404
109982853
208686238
250099338
180583328
253097505
77230941
175977451
58932961
184318240
77982970
149521025
209170571
213672033
716168
178593435
48548779
137430219
180583525
186433591
140221932
191374427
214836071
182084151
249660573
215746123
198501078
40981327
201798665
171022554
214660945
184497378
120183370
76527795
148924820
215746436
198482740
253252404
147884851
208289699
261962157
253252406
175552980
252727558
260065551
1392959
213894731
183231246
180582911
247812048
252079983
249660579
104240584
99056159
242888795
174292372
250072466
248755097
248755099
263209504
217384391
217384404
1943879
215545218
253252379
213954104
11848891
37134893
200013567
77231069
33008010
178932921
37398931
20441076
37468734
36700928
149975092
878675
215146547
30156384
30886292
249660581
249660575
40862903
40862892
77231116
138049807
262734507
184767530
253239548
202226285
213669662
179143713
249243264
251423421
190490460
247806808
225216907
79371543
38290708
162477742
214930377
32785847
215943456
40981379
180583020
194021936
215720784
242075397
215690691
242888700
127591386
263085252
216870319
248353739
263022165
249043152
263023709
259563756
259563749
171507997
36701187
79367274
178602276
215123145
216870323
77231098
41182165
214831380
214831378
215748942
19841865
148051308
215748944
1187649
120183263
32351706
171651052
249389204
262664304
215727143
213672271
213382777
182083699
263335050
136483075
191268065
77577166
68834851
56210150
178572226
215727071
31207366
215544041
124893141
229714278
186395001
38108542
247812046
185707149
255179241
215389642
262734512
242888777
262972307
217384389
215545114
215727260
33545081
259563758
178720504
215746012
214831533
215746125
247803651
91097520
215746009
149520984
213598826
215620112
205145923
263083997
205695358
41111759
249660577
253148074
249822171
253148072
104244002
248524540
145840775
215730382
41329217
213681527
212560952
215545087
215556563
77222306
259563763
242888671
20452357
253239550
253252377
184217908
137504556
249242874
29676611
191140601
215746007
54999714
191268737
35249928
76068427
99056633
215544070