20238981
16911845
248897934
242658957
105532863
47406512
181982120
33064380
101896648
138381050
130436917
76119630
21127069
202414384
17050635
82483217
153531033
46781175
14660315
199154089
179979795
102424172
176589664
125603876
21326594
109392068
56537645
162752229
164540392
205609090
199170671
206470202
17593042
20133226
45944391
157424605
68419427
162752469
54570522
253073733
21236281
59483512
68420268
122087677
60342995
69189350
106906812
153021215
68414977
10763504
52322522
67250894
17719151
68414685
97043302
119253049
147975905
68426881
11020520
54429376
57807882
54457548
170280592
68421968
188057414
47406490
247447162
136431504
54393336
68426962
13150042
144181282
118763998
106906770
163024838
47406472
244318409
130436775
159061874
186457037
170652611
54426708
11339786
95141854
199895594
68427441
181683730
78630531
68413889
122872076
1544313
95141880
115224961
138387013
25162480
217169006
115222713
181918029
54570536
68141213
144461920
57904419
180936985
214931026
68415960
68422678
202414315
206466491
138854064
248655672
176127364
138832697
90955299
226967822
169449384
169453387
199519379
138386189
31204102
162041246
113432538
198542481
129916914
259560526
244160936
147886089
95223083
57904421
83671338
68427548
157044397
47406488
202957043
68426619
11339195
206458484
47406510
54570540
57904423
202414540
205111356
122871112
59483623
141218885
11345078
214656018
54570538
13293587
216524153
176825355
144481328
54570534
21600361
252243038
1544311
68135119
139559064
57909344
253349167
259560021
103087826
227036771
217317991
13678515
94904440
170448081
153021197
37698462
55905317
244163100
244163453
253161657
261818253
206466020
205609423
146491749
21295288
244161585
164538537
248263654
176730318
68427171
54386646
203774854
165780149
139226555
187802252
198063452
47362112
170744310
103118396
38462835
68141588
47406521
122870313
110216352
127365472
194037758
213951240
259538172
47406476
187802273
175832917
13292031
173012369
115495673
262708273
205545847
144479530
51348456
250338030
136117604
208905087
42966669
177299600
14242009
53026515
47406519
54570528
54570524
47406514
47406303
54570526
47406309
201105019
176249212
72478445
54435245
117266746
244163842
186278794
68424464
244164371
188048216
214813311
206472105
164536237
214948761
122870958
198018430
106081744
120338387
59483276
59483143
37543493
57904417
54432540
68421583
97043328
259562257
259561515
113792938
55888402
47406478
54388863
122869466
75649455
47406320
176477742
206463593
199169167
173303606
158811424
253234919
253296928
117285881
1755113
252400925
162236425
164542163
172705800
188031182
253601166
244162279
169439998
115224192
249923518
244161831
55498767
145869295
173013692
251268989
51992128
23299343
81077366
252756854
216170131
184760678
1755111
54570542
162051710
172821127
97346392
54570530
54570532
169296387
206458974
214916932
202414421
57909178
133832074
164541858
215192728
205932738
114649159
244163590
162248116
198062449
103086739
247447981
54440333
253388035
162008102
252887810
216927091
202957241
51443343
72477921
68349497
249953272
198696208
259558851
138386755
153021178
177643123
102160313
206450843
244162409
244164209
33372585
21866856