196156129
196157730
202650021
109492186
11140078
200999779
207241038
206203512
198282646
197386657
203841603
213893110
207377077
20119254
151039467
198296133
200036293
173190796
212933781
248084505
208217850
165960443
196059530
196545669
208129846
205665856
183034447
197953383
173190944
197386554
137211780
197953773
152990221
173190861
178770561
143114138
212933792
128317563
164542593
253392702
252591410
192410251
198277937
200720334
242625682
137211901
198280683
138933044
242625727
212088282
189438919
200036866
193895290
180395395
180394875
180394914
180394516
173746539
198327605
252790148
186568429
139173775
198334943
242625653
192303443
253133100
191984976
176506146
180394730
248575216
152530985
167959248
211978609
136354102
202231075
192303409
200708393
133213093
198038002
174024878
248084311
180394652
242625615
242625590
217132312
242625656
160081876
180394769
197653364
140562793
173746293
167871565
66594234
164981518
180395146
160901287
150186338
166411273
180394550
180395103
214744783
180395141
213881841
180394792
118585262
80947107
173746300
66594263
193895132
180394776
192303564
148863283
161965652
173746749
248084577
186568437
253608531
252584483
260668237
253608168
173632058
126308719
137211763
192303456
248574955
133213100
180394754
148698740
180394827
216210465
244290224
180395315
186568448
120168971
196874316
144198808
180394845
118585666
180395252
117195574
173190429
196186806
178316181
173746436
200671448
160887209
200708791
150185816
170318232
111385769
173746493
83787888
180395245
180394794
121204593
183720832
180394594
248084493
198204720
145131241
148019403
173190770
180394728
242084207
179175186
173746516
180394589
192303452
121204576
193895157
139216100
112733702
180394851
180394540
196545209
173746427
121205208
173746248
196547398
173190875
109913508
196546077
121205133
173746441
10607259
200708421
111385566
173746591
173746253
170831496
174025220
180394862
148018550
180394737
160880557
174025069
180394989
173746368
180395133
173746364
200706620
166152818
153529819
173746688
139146104
128317942
216901387
112733462
180394698
121209980
180394711
173746638
121204735
173746771
180394614
173190365
180967382
118583806
166155252
180394421
172240651
173151031
180395393
180394424
180394469
121205285
173746494
173098126
187371809
202403019
173746515
137854061
248084365
173746776
180394498
173746333
180394954
111385496
144321248
174304980
196545829
121208721
139174068
200706718
173746216
193730622
180395131
192303541
213881706
173746406
197386667
112732703
121202811
152531087
173190432
183352687
198983259
145304381
173746453
149447602
248084290
202231606
198282712
175977866
204083005
217568338
200706476
173746479
249937434
180394455
112732688
250061252
187063470
163032111
180395391
173746702
173190917
111385574
152532208
180395380
133213292
201033718
212951929
212927440
198277962
193895095
143114649
173190895
173408781
193111454
251552211
180394893
180394518
180395339
121210045
253120558
253281151
253277232
249085259
208129997
253427533
252679558
141807449
173190300
213881633
260940992
261871494
262896208
252568279
206229720
209889360
149507798
263028816
263247409
196093410
162134395
197192031
139919944
144647717
149635517
194109845
176146150
214097509
216408720
260941050
261815936
194565387
180394789
173746517
109882282
193895105
101253787
192303414
183040234
162848152
153037590
193895313
152531925
216408731
173746624
164973853
180394993
193895311
193895224
112733555
112733434
152531358
180394714
149139465
109886117
173746233
112928395
182786287
174808849
180394454
173746257
121203001
164971864
173746491
194564931
178052710
117195478
170437649
180394482
180394461
196546577
180395185
182785557
128325045
34539845
111385426
180394582
214097810
173190846
196549691
248575446
258020171
202403622
200727968
200664211
198335083
196247239
198383136
203890117
198525963
174420488
249945718
180394423
193215166
173746690
183354833
193895083
173746407
174024811
200707025
173746242
205482230
173190384
200706619
180394524
144757929
149448613
180394783
188719976
173746298
173746473
173190763
207767716
173746360
115784857
111385885
161387048
112731965
180394667
173746282
130767180
192588637
174025214
112732820
173190342
182786034
121202963
152531404
112732273
164601194
192583777
173746488
173746534
154235167
169746191
196545752
198255918
253040549
248991782
121204405
180394514
167965670
180394788
123575065
121205002
173746672
99029691
182785654
173190349
192303506
138852011
173746423
133005413
164061890
173746523
180394833
173746261
173191011
151539241
192410680
252568267
205583735
253075974
173746738
187687996
212934110
101995849
248084442
222417022
145457314
254670012
119329705
263029118
206229593
206229322
206994153
196157703
196153709
196158338
196156579
40744759
248084292
140389315
40367170
242108377
247745936
263029083
214099818
215912486
144198495
181218868
248084310
173746365
180394709
249944616
248851608
167402219
114759957
193895197
170914490
107323761
173746398
173746269
111385680
161965934
173190396
144321201
111385782
173746232
214658914
196547372
196546084
173746435
162819182
80947881
173190358
121206594
99038029
121204924
173746731
118584870
152531570
173746792
192623353
173746727
180395320
180394629
180395121
193895276
141217728
173746384
180394822
112731378
213882358
173746645
112733494
173746376
174024862
156332985
180394678
193895226
208298224
196997509
182558620
153037659
121208847
157133810
193895102
151045895
112732889
192303439
112732746
152531711
180394405
153368654
152530995
182785960
173746252
173746241
192410305
180395405
173746238
112731316
260941076
249943366
209411293
203889964
195872183
198277942
197386552
196471273
198296164
198327662
198295866
261812062
198379899
201282550
198078688
248084326
219150737
118584583
173190966
180394871
112732768
109888678
201604668
180943756
193895199
199010810
173191026
173098359
173746625
180394497
164161183
173746746
183041491
111385859
196546844
182785849
111385529
179549702
173746615
173746669
112732600
173746527
173746399
193895077
121209063
173746317
173746788
173190824
159845020
173746607
173746301
163832022
170944385
149446011
196546704
152531051
242698931
193895118
180394832
180394873
180394767
171198572
133212388
173746492
173746561
149447923
182785828
173746597
10607350
137858611
171999216
193895266
253431904
121106147
207660446
121204990
139558696
173746340
178314525
167965248
167966285
173746755
180394572
192303482
180394699
180395212
193773322
180394495
248084575
211924892
182785288
165666950
252865045
261864929
198100518
216464058
252024688
263070104
263253444
114688876
196148438
207238862
140399093
141612992
252863427
154968478
40362532
214098380
196480054
194109930
194109954
195646998
152532033
181217624
146493937
141342387
173190794
149448680
121209922
192303607
112732613
137212221
200707509
173746254
206984593
155506304
200708307
199011001
173191010
133212517
180395371
180395165
173746474
196547024
187396922
216014279
121202625
196546027
193895234
192303563
173746289
180394823
173746670
201161639
173746655
180394805
112731329
180394415
173190476
125603935
173746397
133213172
173746552
173190797
164972164
193895194
117490192
117196307
149447446
161966015
141807817
173746697
149447836
112928221
242625773
180395354
144044901
173746495
151591909
121204921
173746312
152532021
173190962
253392712
253660571
244175547
214505729
253076817
253074522
253073540
248575390
250061112
144321693
242484010
205522588
201034280
197966727
198283122
197411138
175978553
253388186
196545036
180394795
249470340
141804772
173746318
247766058
200708882
180395358
180394592
249425742
111510718
107583240
180394473
121202881
180395194
180394921
34540575
171174838
112732709
173191028
193771976
112732240
173746541
249945083
180394902
140122982
207977363
173903552
121202523
193895309
180395330
173190402
192860569
202485874
198100540
200664455
198383105
212948680
214051985
248084482
111385633
200709314
173746578
182785500
193895087
180394724
133212936
173746366
193895211
180394821
192303632
180394889
145309127
262695087
262673768
248575230
104525915
198079840
263029054
263065028
186568438
249221011
263252424
253608750
253608296
206669576
214767264
196029433
4328167
34383568
141643632
148564970
144673437
40368112
247746171
263248568
263029044
242625770
214099787
214097429
217171159
263029002
149583495
181218113
152531364
173190940
110595623
121205009
180395329
148698465
111385760
147003257
182785329
136679527
173746628
248574987
173190369
148699370
152531386
190807863
180395356
196545191
180395389
121204219
121204448
173746554
180394416
200707819
137854378
162752449
173746521
112733718
111385654
111385756
173746336
34538240
196545454
201105196
182785212
121204348
111385861
193895245
193895285
193895246
196547222
196546444
163015398
196546762
193895253
180936553
111385475
196546403
141805379
173746478
121205665
144477650
180394865
180394409
147100775
196546367
193895252
213969564
141805378
121208708
147003346
194564650
141807335
203810570
200709071
111505134
180394657
143612583
180394913
193895236
152532031
180394510
180394618
180395338
248575034
239311679
85886160
249658106
201127095
208129615
197410957
212934108
196719339
198102190
200728074
194565726
164446087
180394910
173746339
173746234
151659624
180395021
180395407
200708153
194565391
178052700
170295910
121204240
136315787
173746737
215300178
152531484
133212647
180394471
185807095
173746542
133212522
178543268
213881592
180395019
212479914
248575272
194567866
199566577
242625721
193895202
193895113
173746220
180394527
193895302
196545484
186091865
173746361
133213029
164536596
196407580
180394702
112732717
193895106
180394565
248575024
7026373
253133119
120460266
249657424
253072532
251534666
212927859
216854301
204453755
201823135
202485944
201127224
198256285
198379906
201282561
253392888
262808206
262808209
261862641
262667498
66594238
176451548
186568431
263247540
196154802
196157213
196145689
205943117
197066658
263246827
216408751
148592611
138721306
40366933
40366249
207377822
198700670
217512689
230040673
248084543
261862923
248762040
261941198
121209629
205583432
180394632
192640072
155638834
180394465
180394890
152530999
196545895
214097776
121202805
196545727
193895091
173007095
192155275
193895179
173190331
193895076
111385695
180394924
180938693
161383181
173190462
201603321
180395180
176698187
172548681
173746555
85510911
173190385
174024916
180394674
112732953
195937477
180394538
173190850
173746741
193895300
180394472
201106437
194567843
152531366
173746279
152531860
173746214
194566951
112733526
173746385
180394912
152531457
111385812
173746405
152531757
130766953
180394713
137212118
152532083
112732765
11892312
112732926
192303485
173190304
121209064
180394410
112733648
150946996
242625822
192303537
200706731
112733834
173746622
180394803
182785933
180325178
112733428
182785415
152532125
193895295
192303586
196546589
173746722
162164776
112732824
180394809
152531022
200707879
173190714
173190936
112733532
121202806
173098119
249945515
180394636
182786212
222641350
184100749
180394771
152530954
180394491
11442125
173746451
192303530
173190768
262083514
167961151
253392769
200720528
196176664
202231135
198035793
198277966
196719345
198525725
198102269
175978609
204286403
204611058
130023523
200708385
200709429
200707461
193895171
167959834
167959536
173746445
149448310
192303465
173098068
180394820
180394998
170295899
180394603
198203104
213881723
180394901
180394595
173190461
180395322
197885896
196545286
180395400
173098062
173746558
173746403
248263087
173746599
173746675
144321198
147000437
202403630
198295834
248574974
248575011
248574948
222604434
216408843
248575143
80946716
180394951
178053620
173098098
196546510
251516372
214654101
261864593
209132743
262908230
263029159
252863276
196094127
196154500
196137990
260941048
196157289
193484689
109890781
206229681
156069991
138704757
40367965
40367564
242625824
166410635
195925444
253161903
214098192
146492079
146493163