192640089
45150436
112969610
163887477
156181148
180317988
174618407
16595631
1544271
106539115
176522436
25192362
465383
20618427
194498645
172674233
170881383
144342483
187837440
106539867
199672101
192032627
212610351
201121345
465390
77448471
144346778
132859201
112985362
245764724
187839472
191946442
24804731
22433490
106540263
208745556
202644227
198966380
112951965
953869
202645213
73567474
204310760
465388
198384575
197182354
20616530
207562540
98570112
191367628
90576506
119501378
196241343
209409637
113004678
253071717
263023847
198965212
145562616
195659257
22448559
198966411
197182295
172673718
253127597
197066741
99917393
204212545
133162371
202642666
197182733
42963877
122873509
128325280
248646757
253292567
106538996
53061063
127554411
239196254
168516952
187836843
105614722
250174250
205857855
167885204
170108533
206454159
199174909
197514642
205288150
207936667
148699020
172286899
187839513
169217153
184683026
221405726
195850621
202645361
136374441
208278609
465386
141478836
106539890
127881254
98991664
134852602
69573049
247730439
132858721
161344138
252161894
95090558
207834647
253124735
259487567
215746942
96554110
202641491
202644453
136381896
36159365
181217820
162199117
101253522
197506413
162008373
88197084
108807978
160369095
143741581
207838535
106539728
253128322
209410069
202645312
202642003
202643852
136374467
197063973
35843287
15281072
248788844
144757317
106540207
107398071
242408120
105897778
109992065
215185309
187837610
206451789
173204685
164537533
210459887
205298415
213963624
208275123
136374383
198492197
200960606
198492961
198966229
144347222
146493942
29986896
242204351
248480327
161212830
252161632
253072971
102381786
247741209
174913408
74985440
262850957
209409873
189735573
163148724
136376495
198492950
51698084
198549721
198961273
157260635
133830831
122873188
145309363
135109475
149194578
222677658
253077770
197172502
248788869
187838559
24029411
117263998
202641479
136380069
150711845
208279338
208274112
198554568
208276966
250061324