186434696
262663925
193433626
253042182
225912274
3718031
253152744
52855109
167685113
130996084
73358946
221229959
94384785
248167755
10191440
109960224
250109990
252575134
1379333
73355339
45551368
174609868
248939590
215141281
127032508
207400588
196305154
99514030
213496994
91343892
91343890
248167753
92504512
10104217
145288348
19269742
205059388
251997557
206840672
204027445
196305155
12124441
215152340
185658549
193701980
248591347
248167757
248801371
91343810
195845063
200998700
249875941
192459743
153922899
195792302
163552667
174609870
215141283
249791161
221230970
252186304
563397
1073276
107535496
198414176
72680634
213715232
242115233
175532884
213913723
2036449
193701857
253473940
546030
192459680
53832552
215152337
74991834
1063816
1463949
196305153
174272325
451723
246349635
12119412
73140493
16445469
174293713
213715248
243500594
253473946
369108
261813069
90743259
367793
169817783
55551624
196305161
186638060
207256513
124746610
173888583
198414190
198414180
171585926
162597852
6714927
86532027
248523286
172486417
51990285
179735874
248167759
127649079
199973238
3717993
74569879
105672949
199536497
73622212
186277089
127032079
58268326
214493625
214493577
252603670
36370086
214493588
221229951
206840670
128711721
221230965
251997695
179074119
357023
214515116
225912261
156789287
185991861
543208
215141291
2287449
171821231
225912306
192950639
248004952
226442143
248004950
79540030
248004954
248004985
248004987
192951082
251997911
188299213
252676643
6073673
11081958
163553060
127649085
545959
109761577
94383189
1383707
252602463
181184434
113228772
175533483
88792560
563395
251998360
190826537
253473919
137694592
363077
1267669
107535255
215141289
160814439
54582558
1267663
6675855
221230972
155379548
249271257
213913995
204027455
49960292
154474443
563589
106869584
31514650
249237469
146077313
98359334
253495902
72542483
970266
110120524
77230265
6593225
140586143
416005
11445038
19268756
52385467
7524041
103661911
195622842
245772192
85029029
253495908
54883947
176925408
181234940
125819120
49640272
1463953
253473930
186080592
57325277
217640460
252602629
474549
1463963
169818526
199536490
214493617
213715252
55769585
67624665
7921601
127033472
252857456
72206742
146077311
180866152
742050
14497364
161903988
181679944
217766898
166480577
186256554
221229963
249934579
197920645
6592983
54412951
257520460
186638156
214595922
130458966
194525873
194807327
194199620
960851
216211258
162540948
214493593
214493571
113038662
194767360
418282
209269522
127032475
419246
602981
172485792
518928
202604420
24165418
1463957
58709415
14618544
24165475
131122875
197337600
345161
175532878
423486
58696246
71156795
169818434
960853
252000805
248167761
178461122
8047919
123447247
99851795
216462274
111371211
247377012
7336147
127031867
115254342
128711565
551719
197596455
202904836
244304519
145219205
6091095
6410979
251998000
38494105
186676024
213563799
54754571
249211813
178458180
54582311
2805879
91343899
54582182
1267667
55321170
538422
7599465
209605778
193646425
6593365
532003
225971174
249392703
169375343
221230980
169818404
125658436
115754485
91088098
540061
103849972
194477699
51720402
196515568
180325763
125259998
187562776
248707379
196946816
968193
253473908
217187382
478522
73769222
253473932
116904729
197415985
176064225
402703
16448553
252389854
198501314
248800448
335336
60047680
163552661
242719743
2422087
252389853
25912780
439211
158106390
187616541
253473926
252596035
202011292
252004133
180923262
249390326
248636831
207013279
214593556
6679915
2805881
602980
253473906
47296937
643708
251276227
128711557
210118332
2422095
120183256
183052036
922389
175533715
242410897
169818358
250078383
367791
245764929
141999300
249954213
187569395
1383705
207933219
194794269
253152706
252680500
225915839
253298033
184587575
181668276
184587771
249272009
193050623
263072617
49591959
253473938
212213834
253473894
938101
221230964
217336256
125653187
541362
214654984
249204606
195549392
169818748
257758403
249238107
122857400
73162453
253395570
163739109
114945560
253395894
213913992
252334201
902281
186369365
56274189
198414183
92889225
194200125
209605642
214493603
249019314
7331215
68594676
252301532
244303655
194408504
48757631
249205442
249019191
249208010
214515110
197954510
416485
159717934
99854869
251998282
206537607
138814267
1056758
125899032
214493623
207933216
202837314
163739107
16860782
254113510
249211390
144426295
137941296
116743077
252389849
197596641
249204935
253473934
198084735
178089178
252857462
201120422
935489
253473899
122949025
174609866
212042571
215560788
253478529
253232052
150114554
72542480
175146596
193568031
167019505
186637775
67196071
168359005
91088260
186369339
179446275
406717
453689
98380993
173911165
159349097
206587920
50424540
214515120
221230978
122948989
192909952
217125640
246923670
544002
213913718
178031709
178031608
169818139
205493041
213913725
243098466
196390088
199646889
203697199
515321
367792
534669
216206531
221230968
148629730
235368511
475510
241666935
169376017
215205341
111107677
2805873
114832592
214515115
195190176
111553642
193050649
214498224
1989123
178031719
178031644
197853338
219460718
195696294
109020994
186369347
428852
169818410
613349
1064470
494009
247938887
186369341
208915827
141242548
221229954
253152699
493177
560132
200739030
120183863
221229953
24412765
20717168
505847
1073278
10749141
6074775
198869638
248697149
117926919
72206747
235884286
207830987
192950633
169376009
408735
53020601
177980625
72206751
453838
252389847
198898953
72513189
169818113
249019360
107409646
171939172
262664356
84203049
180723664
162025597
72680630
173672524
247953130
244168744
58798223
184314877
186256546
104341239
183684682
214493627
175532928
253473922
253473909
122949017
253468609
252763829
244317263
113117287
253473904
253473914
248739567
90852871
250028032
213913727
253113467
80945440
253473901
72542491
198898942
111107599
213715271
242502231
253479028
221230976
430356
192930235
72206744
169586529
6076937
243005298
56242067
143147506
191429465
99851362
181474828
478433
175532909
178256472
25909057
250077863
214657089
198897704
125619597
184226313
195845111
244173968
161255173
169818498
210117242
180591906
184414229
253495894
253495865
28632386
19834016
221229961
102513015
54412642
122642345
130609475
341163
193094749
107409644
5988095
137940225
162546611
213913713
113430160
9437024
115254285
191699975
540062
180002024
243036120
178458040
54799844
214493600
103903315
159015506
72542485
163553054
67196313
252857452
104325543
250077456
191429159
99854419
161541340
199881232
20717170
104326012
243016258
24821818
221229957
195765526
247853650
171707713
83038157
137693953
229995779
1061714
222655549
1061756
106864375
171951378
181222986
162025577
87436709
396995
49564280
183482125
149425115
180395976
253495883
209605623
14841882
53967383
189648532
25980438
253495956
243023521
187600440
252764156
14619348
248083512
206590820
72542479
244168750
181673732
179955392
257759975
182742911
177890963
96630317
186638207
229779057
207256341
243246040
176696117
199900832
8391081
249569744
510073
216983301
137939363
154491790
257758519
193050655
202475530
177081074
153037313
198898956
77324128
960857
207933214
438789
412892
197337604
210134547
249765035
184486530
213913715
104328809
208192352
203464945
172484093
202841113
208653332
206595205
200616938
99854748
187234769
253620552
253232525
173982694
175143797
144410852
218735694
186369454
222660745
540750
127032998
190826481
182739165
450364
143644363
113341304
153541250
7337965
214655199
562582
525277
109020479
127692496
229996204
197337610
178031695
253058584
1463955
253365719
13777582
127033368
174548886
196332504
997857
173890258
252456849
253473924
202805149
173433260
214515114
468373
220771117
132302667
197169650
197622255
418172
214654843
453872
541360
207192229
106362701
104328588
206592917
188550156
243086221
118442152
143644392
250077378
102687651
437104
212463084
83038170
243004615
195622858
216899645
253479183
127032694
198414186
129138594
198911442
178526702
105139762
11744723
787638
377500
249964678
3102831
197920650
252389850
188844470
54789583
177497218
122141119
9152216
249954521
194407934
53991694
7521427
249989022
437098
1463959
1463947
165021294
197337616
495715
208671253
1061722
186192091
199973179
215248205
172344754
259535044
17361849
185438384
189371578
58932526
132304585
180749828
198898780
34747515
178463068
193771523
184492255
117832627
245834235
510093
54757748
257759778
193050681
51240603
862027
262053177
253325682
51242092
178113865
146273868
207933205
57325285
169817789
1064478
192411570
235975123
195481028
197596460
253248354
214755179
199569465
253620442
243808066
253168631
196933597
247294734
249662919
217441209
198898964
650820
213913983
512555
174896111
201592109
478483
6090055
127032890
124893177
171865399
180592713
202769635
169817968
252714260
209175330
37128538
169581854
121228993
83038160
87631861
178031728
169817935
162025565
1463951
208659134
161903986
214730900
162025579
214655449
196028956
68301511
178720285
405352
564512
172923146
253264240
200739054
253179877
253478682
181926943
200625191
244168748
184488433
195840978
242432801
181223913
94305744
444391
172476623
169621370
243010436
182772386
137952288
248239097
145219679
182743072
249946528
249944819
16860800
247814559
247814563
132302787
252334535
248789816
130059109
217317819
214205601
154924225
160295379
160306884
192790494
154491332
215378460
202529393
253620548
26082801
109024331
58807130
47298218
184589287
47296643
176701553
136403555
99056724
180923259
171234517
11924439
68707907
155618944
248329458
250077653
262055739
262055749
262055747
248329486
253786856
247989796
252099777
254080849
253264256
263202028
263067619
263104230
263078501
249389982
253241331
247862040
146261704
192950877
169910534
169818165
169818593
169818260
178032269
169817716
169817962
169817906
169818222
169818816
162025585
214730898
249535221
197337631
161541348
207933258
213855608
262915804
165021252
956601
1463965
186686743
17361871
252550174
158746002
242797422
72646195
139277260
261815045
190513096
263207528
201829994
186686714
36258444
197853896
195479661
195479758
199692962
261986226
116185410
263118690
263202221
243808062
420730
67199937
253462060
263030191
94199849
252099775
214493583
202961555
53406586
242798160
181562813
198894935
180720679
22080367
198898948
177267220
36650050
188492837
152920488
11957129
150050983
184587961
35127038
183250944
199038747
252060886
16860778
194582999
169817895
235880512
169818340
215378748
196283391
185717437
59211432
213715269
252643786
253397025
175533235
263393748
247934478
263246465
249389854
263449929
130057713
56732518
37156996
249941593
207256114
262067760
192795389
129610064
68715705
207255797
243023611
111323461
192704884
179206647
172328134
155619025
243808274
44172764
109861877
198968227
152468745
194970393
180853250
206232229
130178530
130782122
160295137
252307252
252307287
146065935
216462123
217125844
217125679
240626633
47296495
180924354
215345636
70509592
182300787
77221346
253786858
198898966
253264248
7063195
163553057
197955903
248608944
263202140
263119071
180720617
263069051
172476102
213522650
203757774
154167260
263067354
71682130
175445829
248790610
204282481
235878545
247934536
192950885
247934549
169818109
178032255
169818181
169817735
178031701
247935591
215560784
165021209
111107668
194635619
252766880
251262811
2805871
169818380
83038166
175445719
204871341
251999880
72642579
72642589
201120229
153364683
218760883
833605
154474584
176785149
169818769
35675454
247416371
195479482
195480426
195482077
199974346
6640315
263207993
178079994
248935578
22110612
213522783
213690767
199647579
213556655
199691013
184442450
200005215
200026727
200005589
184333848
200689625
263201894
263117372
263202078
263207966
250100456
127199599
200767301
997781
204421231
253165940
184491389
248052222
253168516
249533716
132206908
182149652
174308353
31207376
208783238
196672532
178464287
214657978
77230267
129138546
171117742
33436542
254089876
184490676
155759243
263202734
214592921
178787429
102108239
198898764
117202633
43751733
216462176
169818360
137188020
193978848
146226329
178940453
225289436
214939746
263393862
263393564
175533771
263394143
251772876
216462107
252860103
253473944
263450568
263448764
252632973
510085
254078709
111332689
137136569
154489098
200848158
162546638
162342449
176696044
87675233
200771759
57325465
242724635
124893014
207755218
215378781
196068391
215378828
6203631
207755214
200771526
74691558
145297799
248800060
181235038
49640944
230244057
235368513
43859640
61891367
243252499
130058138
249945571
249940604
217125709
217125662
259577994
39102636
71072225
253183303
181256781
199566744
181210906
177771397
178031643
248329454
248329456
255109701
894841
54883630
194408502
195305609
253277235
249533735
249533720
249533722
249533710
163552663
163552665
263118751
194595379
247938420
106349439
263104143
194595606
178603491
199970577
247937044
57964083
195481526
202487972
72646203
249947022
249946380
202841045
195482338
205509799
2146257
938093
197337620
214730849
51720410
248420975
169818200
178032263
169817745
169818450
169817790
189189397
169817809
169817930
169817823
169818656
169818746
169818280
169817959
169818692
169818246
111107661
32446539
165021290
214730855
49640300
184492410
72646193
252409598
195622886
169818382
253241337
263117516
188541494
253473942
253461904
253168651
252099771
249766857
220669342
184587541
192712073
199567615
252099773
216407053
191429603
208192821
184516759
190154958
263202689
186165922
253473911
186745254
186745201
114945602
32455524
253495912
195844959
145263742
218735697
213523443
129667376
236080492
169910535
214199390
43751863
199977798
253473898
169818378
192941308
207337041
215346178
178458045
129138548
16860798
189371409
178458064
120183821
180008608
116126125
207300627
197622264
186636947
262525565
262525585
195993385
253473896
253473928
243252504
171022435
130059517
189618655
217772052
25912752
248789812
252550172
252334580
249977146
74300223
6205939
16860808
161903982
252307866
154988057
154923923
92551785
192302412
259583305
259587225
155618875
193567717
225258968
243257115
217125739
48725382
127269209
187243703
213960312
184588490
172538376
200848747
197622346
74885975
12367031
152208910
160790672
180973147
197622128
177614724
248329484
262055740
47296742
182300309
253786860
253786862
263066521
127031520
192704970
193567668
253241348
249533786
172923148
146585299
186332026
195879235
194585244
193747623
253298204
187874529
157782433
169818046
169817758
169818350
146262373
215543720
179377081
252320452
247391009
162025575
169818096
195845202
169818690
169818167
169818540
169818178
262870496
249052915
247391011
247390978
178032268
178031675
248524550
169818278
938099
938103
169817833
253232316
244167248
169376005
192951098
111107643
197627974
89893500
243006537
195482418
33072092
194489347
72646197
184491447
197779029
103692652
195480309
195481139
244169138
202840388
263201816
183917515
199693017
200616706
184516646
184588669
199973140
184591076
213527148
191429561
184416061
184410377
253495846
198911471
169375272
169375253
138381638
263118814
263118096
216288763
261949295
253241346
207299575
36704869
182542511
169817835
192359910
159717930
178720880
117315866
162530431
76527926
186739553
137636749
113175038
218735690
214654963
235886237
176804133
127031780
249964933
202334062
50265648
198894939
194845672
205966722
177154356
210941847
32613927
253473917
253495949
252859940
263397554
249778932
253405720
221229947
189216602
226288327
217441292
138811621
252630650
836771
242161318
207755216
188552475
127267823
252334240
247815053
247814565
243808278
252550176
197667734
176051704
111350526
137145225
137149343
262030985
29191249
1187667
217125835
217125684
217125734
186692319
141986940
202604325
243244278
43751660
122909004
197169639
68707413
202604506
44242668
894831
247990161
198898950
263117487
263117642
193209809
193758234
263057538
263067188
262792182
192950440
169377703
214730880
165021286
77965481
77324130
37793861
862019
214821936
190320199
202318266
263067124
169818144
169817715
169817774
169817996
169818098
78553625
72162140
178031669
169818575
169377693
214730859
169376007
149779884
169818432
169818184
169817916
178032267
146274242
184485652
197779080
243013176
83482421
158715359
158716100
208192559
194770486
247302601
195482277
109580901
190319801
195481578
195482237
195622850
195622903
195622826
202840542
200738962
216900540
181996764
181992276
182108199
198898946
263202712
263202537
172082646
263202424
201113524
221230973
114945812
163578820
200013637
16860792
34749508
90523328
251551360
150374818
991821
32351704
215347022
184218367
172485688
197058190
169817889
213564084
204282224
184476545
132304277
186739447
136796324
235993755
138049832
198902070
214518340
260932592
113888621
192020147
22494632
186495787
163447122
214656855
94305887
129667163
168357045
32776225
127031713
30886304
141105515
263390480
175533758
175533170
263393297
175532938
175533607
175533377
117407700
253473916
7458827
195993395
195993391
263445836
253495910
68712901
92551316
192155290
243252497
129567287
112287619
217125828
196933269
254080677
137941253
242101717
137145344
47296855
37129105
201364699
135156098
170661489
49192063
91729277
187203828
145297578
252584495
68708451
68711465
248430871
175445444
247815050
247815058
243808268
248789814
146077308
184588505
110756903
181926172
184588803
190756117
184589005
250077962
194408506
105231491
202475504
68713022
68713296
128711618
41097941
201055504
207256537
213913721
248329434
194407936
263117326
194584154
162025567
252334442
169818082
169817780
162025573
178031627
178032275
262796467
218735688
169817785
213913714
111107703
111107750
146273887
194767274
158497550
55282660
111107636
39359747
169376036
77324134
938095
261037790
214862092
34464175
178032247
178032248
178031639
178032261
178031653
252135312
160308368
184487023
8431631
195481465
195480595
249945430
155619344
195479555
41870293
254022465
154246105
195800700
199647482
184430354
199647534
241647916
178032277
253059619
225268215
184443742
201532223
186998684
200026711
253620521
134419461
263079847
263201536
198898968
263348649
253152643
253166403
249664029
217186376
186745280
262982514
5851941
114944300
114944744
650831
198858493
138534315
141108280
105231337
120183282
175533419
42653430
169817958
213564995
186745188
222714916
194770140
144409712
192777507
169818523
214657061
120183308
127032479
128711563
169818365
177991669
178294086
120183505
169818554
120183321
214657150
345932
169817757
252714252
175532931
175533017
263437245
263400275