186309259
71880692
72801392
192947052
186312489
188554202
195774401
72801567
193160503
177472451
194860152
76281214
29348307
215077605
74459495
222716711
207760133
197799380
253052466
45823892
201935069
186317590
175850778
91836108
5984421
103405076
92503542
197530020
186309482
188375194
216737397
222717932
91833055
186309106
236421628
92503165
195774650
254095375
248911616
195950158
105626766
195482342
115243661
102554401
242644459
186305228
195482696
97102642
196312492
55846866
75634391
255325402
85622485
86406322
253262181
71880790
214782836
185447241
261113315
254181062
11974628
254086477
75696738
197744102
261968050
253052894
86144915
259771506
50322465
74451267
253248333
248491181
186313248
241619757
254145886
182522413
248494125
215095334
243086191
253248329
254116149
250010322
25497476
92503151
90116461
197799132
186318033
72947328
216388904
26427159
186312757
66642942
261113800
37151475
253258297
195774118
196314995
222617871
32564331
172217321
172217371
192295493
94820316
160822146
195430105
216299315
261113597
252719679
222616152
26411369
848066
225206840
90527686
203208554
169320543
248724220
68032130
254089773
203222633
84566218
55852743
254184759
48915114
129742639
25729791
87617912
203220317
191907427
195773181
186318218
466580
216725766
222614623
168959847
3842495
105639285
196357044
252042957
222615407
54513171
518854
242650949
103865417
22649292
253311355
60697840
66642946
207281232
202055767
215051732
259536506
86012482
86410821
32208884
253226672
87391953
103881460
222723421
85622428
215078111
33531881
25979791
37151473
55827586
249206274
254123991
72801168
241961801
213589264
163021122
107479357
261799630
60715805
248696802
253258964
94829321
201090628
186317716
185406947
191808010
36710602
72949892
177703622
195950240
249348752
252354690
88042662
254207299
55803528
91607816
95472864
36454040
214154670
88797038
187595620
254147336
198562101
186317301
83336132
204444490
87622794
54512978
108130865
253335987
102522476
253248321
23609951
77149553
75703001
58543132
252002554
215078794
41084677
161945794
91833016
186313886
49563883
6600625
88027961
161947382
441718
261799736
91749554
25497483
261951856
66579971
196535362
102519403
441545
252719672
222663032
96925519
207281390
103382854
608186
75696255
252719676
74451323
252317204
74451127
85622976
25729785
262652756
75764969
252079294
526144
257770172
36710493
58708426
108130570
253892665
254205751
180750178
75631154
41199668
263117419
253228418
103379381
192303042
195480688
254206101
175651135
105615888
75632371
2754711
54513187
259535052
82936669
86016428
91836320
254139835
262303127
250013519
86012960
195950178
263040157
198562107
248787549
217336443
253420417
169887105
253347010
56088948
58562185
56084517
72947338
254148637
252720236
102554418
66642945
253259049
254184992
182485656
88043363
254185103
249348726
848082
259536374
261799037
178107519
196537693
252162328
198224288
260925909
20491632
249205807
198562109
6195055
216745046
196313053
224836650
26427167
11448195
92503500
249348715
215051764
87958278
213589272
254141582
254141858
200725429
216730159
7164851
260107757
56084688
195950217
185027937
87489845
259512653
254114953
115246617
207281400
259535986
249160500
193433689
257865698
33515444
216720148
262584428
249206535
177731432
187829940
11448503
225914341
38110472
203883378
88797390
219164768
75540176
1645711
215077523
198561946
204083229
177456252
213589246
69175499
36710733
26411367
171585912
115967812
53258361
55853513
198562091
2241801
198326069
36454038
85622354
253241147
253089181
261026930
55314727
216244275
36454036
102554600
104637608
55847948
261113356
143796542
135237545
175651105
146951107
198562097
203477867
262506935
249348772
2917985
246459053
23142434
257865705
261799422
262585337
2241695
56193111
253045497
250014316
197866713
103347222
161945378
203927163
55800150
242649058
185711205
56026449
87910734
249919015
66640873
77721874
204083595
33523091
26444641
115244344
200725361
25497478
252354652
193083052
171580926
72851689
207719712
251514767
25729781
75540648
198928165
23609975
84746380
1987907
198640530
74458912
115243104
252062253
213589259
202709249
87940663
254181077
61551819
247422174
196536064
75991345
204821727
37737035
83337236
192293828
253420504
470424
396096
207281248
440638
848088
72769106
442723
203911392
204444168
848074
213589236
440937
441726
56069655
106061667
86314624
253248342
25729803
56000374
102554488
470450
11447437
262605976
56068735
54513090
257856111
199026775
253349978
3162139
31658878
146971197
77033517
98239438
35350036
253089318
87989066
105619855
103390740
253319151
254260871
214992730
248639052
225207118
253089189
252858764
198224314
115244447
175651083
254185161
171022540
72639935
6592995
177450386
249205149
102554624
541137
262509414
208123708
190608523
55105929
58708726
196246037
161947345
253227324
252850866
51990273
171022562
124893187
249205553
198081776
184216588
177735893
161946120
558096
103514649
129768039
215139975
177468453
261951852
32564357
149520461
214782868
249014020
192291554
87603382
200969769
84885978
22649690
198224301
26411371
11448808
252062281
58124064
33536182
252700900
87898252
222716410
257866002
254124844
171586298
192360629
54769271
199536429
87991640
225206991
185637364
75655624
242635943
33359923
441496
259511733
252719696
163021126
175651121
87898653
103369150
253311289
33517371
470452
55809512
254260648
607735
477798
553637
253413208
441796
261967220
196537093
441729
108130706
848102
104613764
102551159
20484355
198224289
164962960
53826001
429060
440884
55842618
396060
441037
441128
249160386
58214819
440929
86023614
76552595
249676154
25729829
175651139
251514740
260927341
87938160
262512034
171022530
107658338
207719611
518052
495120
254113903
254114902
51501369
196021541
215997685
252074001
252074089
576945
429289
429284
395921
440735
395907
207710742
164848217
95881645
87898447
37798830
25497488
20485120
171580850
173911209
26411373
198285188
23426409
75630205
66642950
22642711
440543
253258478
470437
685892
216748501
396070
470442
253282132
439859
214837014
87898248
217533755
87941272
77627137
72555193
253248193
74451236
96925405
55848789
576972
202334299
198655909
56090231
55841939
56000203
207710659
205160321
135298061
87623891
257766467
254089693
74451177
253053028
254124361
255599567
255288389
255317013
259767958
253046710
260669120
260795126
260795143
253052378
253052301
260926632
254095352
254148207
254090889
254095031
254148349
254181084
255449330
254184910
254142008
254209761
255179105
254410535
254391355
254260746
254186499
257537347
253088914
35770948
94278033
1987905
108417882
95803978
254180690
263062303
254206989
109610851
215997682
249348682
249348730
263207511
253129491
32564339
161945999
22650590
25729801
171586029
175651097
253259499
115243794
253248336
19342255
146276801
25497498
207207432
74459379
175651088
73887644
66560093
193177322
115244234
202333758
103692667
207785404
216255128
261967451
242636410
249348735
38110823
69175501
11448565
261799522
254124158
254141338
255612103
254180961
254181146
254181571
254123954
254076860
254024217
254909649
254148737
254141679
254139727
252851135
252866288
32564323
253722664
254077199
254093592
261035680
260926871
254077230
252727204
254181391
260926450
254146716
254411079
254376413
254180688
175651087
253053077
848062
91758665
253088923
253146814
95007774
95008425
32141571
35771607
135298865
36454050
185761766
185788952
102084096
1987909
1481947
214154673
179800408
37793703
115967834
103222925
253129487
252719687
198561940
242620524
58045853
204444020
182485023
213589257
3738207
175651117
186312922
2212549
114944767
200039336
55283083
124491085
252080193
252720174
55999994
85908148
252159482
261037976
261798904
254181365
254180582
254181123
254184919
254140435
255299937
257844704
175651092
253052454
135281431
22652602
217577352
188927055
254076730
254080151
36791724
200784168
253052358
253052968
253147131
520548
25497474
260795131
93248185
36791725
36791728
260672014
260669036
259536736
184933675
249168434
103474329
20487433
54513092
96289853
196536883
25497506
115243338
115242935
253258518
113430060
241959442
175651053
200726885
198562042
175651109
252719731
217708256
241648812
216333395
241629273
203986496
26425311
216266514
247780184
32564343
168959997
9604185
252673679
97486289
253720795
254080940
254076823
254123546
254123269
254181577
254251305
255313246
254256719
255175393
255295733
254411020
254410570
260107787
257844914
254184815
252720192
135093424
254114719
135503071
260926425
254185135
260797520
259536282
95002292
252727963
127354554
253089323
32141583
95005459
84885989
87483619
95002116
254184767
50724067
129746648
253401461
263104566
263117447
175651141
103419016
252719715
196021843
190539556
213589240
102518285
213589232
16154531
96927749
108130507
20454044
207778003
66642938
103880942
115244528
20485167
38110480
259489539
249348742
53825996
135142657
102554477
25729821
32141574
252165730
96927797
198569445
135152658
175651133
254183271
253052334
254078261
254184829
255757234
254114955
225206590
254087872
254148277
254181260
185862599
254089735
254140377
254140559
255174969
254269608
254401632
254264764
254124366
254124644
254181386
254089569
254086668
252079764
262084663
249381094
253149882
75628715
94998570
174358116
35770953
95008973
20437226
80946479
198917004
252726807
94689114
94302668
103439092
25497504
48980100
253063951
254184964
97754510
22643064
198224282
171022563
20481550
202640609
253629914
104629851
257865701
7164839
263103823
196537994
102519533
262790550
32208880
168959999
115694711
54513206
192987726
247778989
202334172
69175497
252161879
254146855
262084851
260926577
254181242
198561952
417880
254124702
254185051
254091252
32564334
55828907
254145771
254411047
255207114
254211161
254079903
88069578
254184906
262432562
91531247
95003532
94519733
35770950
20487993
23424000
263062881
94998701
253397949
14290779
252719903
535329
185769535
263110411
104613801
241959575
175651070
253248331
254184960
25729811
22651698
135220355
115243294
51990416
263103772
263103849
263104204
25729815
205709204
7164843
56092965
198561956
106348438
196537804
67040915
171581076
213936428
193165734
248617199
200664443
259489550
36710172
195358977
252719714
207782414
202333841
213589229
216233561
103439028
214784149
263104992
35772556
3142103
84866103
187058656
177477619
180750217
178031172
51990465
192859225
248915710
1645715
20487414
216741008
196357084
216388110
14436301
216296925
261809714
180750222
107348183
51985520
96927899
248883332
105231713
190707002
257845119
197139375
94132196
55826073
252719728
247830363
205396498
75655537
205744465
249855795
248496936
13802210
171618229
216387796
216388876
195775131
192303398
261800674
215217597
254085899
127784139
210432636
111294164
58213527
203083632
216732451
215051773
214154720
249775935
36710319
88793930
129852710
214115954
160822225
261113182
249392705
152560630
252002560
119720112
58723512
253053763
35601446
216299320
3162255
118788059
58846625
252174714
96289762
192666643
96289770
214154689
192303975
205397109
189234697
115254504
77721879
196190115
203076895
204849289
248898039
48947620
118197307
172217981
252719686
128677179
53399768
198224308
49311004
249348708
261946668
214154668
203821558
22652847
20486478
225258949
204439802
253183474
108130744
58708821
848050
249348753
58213748
253362927
241959269
130233545
225258984
187264606
261809636
261808700
4228473
190582193
250187298
252002553
249169207
200784804
251441000
13802204
216394880
213885413
249664242
121081364
261028474
192669870
214154666
51910589
161946650
261028416
215217575
242743150
213925297
203468857
160822170
72679926
108311514
146273855
198865569
2241679
252062225
200693105
242644995
205398344
144780334
136009258
6600343
71506894
183538926
252803250
215079053
117832463
129768045
249576296
20489519
58849444
222723527
203448732
202708772
252355028
198815047
49557338
198519216
248645644
181782888
216299197
198916688
102629640
72514364
198224297
106078766
248654582
262472888
161945725
252858751
25729819
253045226
195357739
203478041
203468720
116152254
50269897
101502596
66640879
249016638
185854639
249348691
178107501
90135989
55999623
252719709
198825238
207281256
1645717
95163484
198927489
172218453
128649327
253397953
96290020
248654944
112935892
258215793
85765181
12039516
199223638
207662655
198921896
56446018
157210328
82502419
198081899
96925472
102601082
249348760
55511819
252719700
20490511
205914946
242650040
230041580
253047064
32208892
82508117
230149983
48915235
225919931
183538838
216213617
74748021
262640477
51199058
253412750
262581825
72018776
252684702
84596525
202052992
70286190
253247851
241960319
249348683
197805094
95161395
107348509
214154685
49557246
206474377
73887652
225258918
109333697
197618715
107362010
197798270
1645705
190302027
241958849
206094975
253248303
72797424
186318594
247395766
198815665
109576165
130230752
262581698
32208914
252719689
177339235
181782876
161945434
243497030
402444
249268146
32208904
259489545
202333969
257290752
20491077
252858768
250205995
213584617
262581789
171022523
198516863
214154679
217708819
102139645
241974296
608146
185867849
175651107
202805131
55899241
161945693
6194709
253220891
248161164
252011553
253247716
198918566
253248189
252719670
58562390
214154669
66640871
252973572
96289764
129768047
58256988
242660361
216462095
214154702
203449567
193927318
203460221
203468557
102581608
249252590
241959599
210756149
198578818
164220270
249348707
5907131
73795140
441217
84742013
262600542
231183685
91374074
25729797
198510641
75540646
153038909
192880541
207281404
176268247
198857404
201849808
196286510
202885628
75630688
129768053
3033229
199023013
143611958
242435614
143786997
252820193
143970383
260670035
262652921
262936454
102568377
254897950
253040804
129768049
168900267
115242807
161947199
209613576
161947250
202848913
171022636
20436659
249348723
203468353
214933048
198894982
242105296
199113810
213925234
26047860
252672198
143598248
251443778
143775042
252079350
247421144
216213487
86406859
262659891
572833
252870185
260925387
184932913
250740719
32141599
181782884
247799412
97755130
202817641
198918893
261965020
66941731
178107507
214582352
255176119
89473959
250062691
207667770
207671257
252832809
188084964
261799431
253295119
189536221
203448404
252719716
197744142
101475450
37151344
91832847
193927481
263334618
165704196
263325735
261951831
249575103
143775137
526457
201385610
55853759
216462253
73147412
143611945
249976853
262659760
117791484
247325449
217719034
189175952
217709328
201933214
163021285
91833002
15887998
214154725
202887234
73887646
253058294
108130834
203477794
1481929
146988918
254086569
252079437
261799519
216462238
198982969
20480965
253443237
203290826
241959957
241958944
242410767
32208887
253152780
192360639
115254449
252538139
200783918
205894086
253045103
253045143
168959977
252099048
203462125
207281238
253401458
242432575
135289366
217714091
35770942
107627506
253295101
129768051
129852708
187616887
5805213
252857466
214829051
136483544
73795141
246770495
216724851
194859248
103524568
198825110
262582062
56705176
198858678
186206038
3033237
1207579
252597211
252062298
31263546
5766117
24907814
215051744
200617430
194595375
133771902
2720509
204847549
143273696
4780369
198927598
2981003
46620790
249022054
2718175
180750176
242428637
195552832
27611038
253335547
197806792
86923885
253067364
430599
66660368
204337984
198927284
95003232
201293400
854513
147986609
2677937
257844067
36683780
192859501
249647091
258837767
190581564
205691852
208441495
3069085
198643639
194521011
75530155
225381599
168959756
172218674
58708969
209887451
101325511
262512963
171620475
205145921
72796638
198859380
208496301
253053803
249669478
10697494
175651057
202510839
118091670
213997294
191472601
85839008
6571561
262035863
657258
202042592
192360633
247450406
253421159
193721796
252099055
249348778
2577593
143713916
198573014
249651079
51437129
577042
190460796
444180
192360626
188655802
55679543
74420388
45234013
200653383
257843712
58185640
49202760
186105329
51148461
73550842
242499849
198571424
161889315
192291814
203491465
262451914
201934655
254086414
241620150
11444454
253248195
212211983
261113665
51544436
250626680
49272221
593074
217530296
208474486
157784058
201055569
260127210
262790968
259489607
205932041
3323243
262450384
252665082
252867203
252727900
252989968
252664682
970425
202526480
127345939
192859646
201934146
262582152
171586142
107348087
260131975
200665730
202528438
186233168
11504362
184909360
3738219
252719699
437998
143775018
394125
551044
180293829
2847337
207198135
146363346
6597871
192397194
547825
58562029
2847695
198569163
252920816
248883235
263070337
101852212
252719680
10753959
253235914
207281158
213589228
118419965
24426460
137941286
147985545
161947228
161945354
531111
217531413
54747272
171022568
11452318
263080892
4696293
71098825
252773404
251391443
252571388
254129942
249940778
192294277
16277668
162089074
101842988
53534876
262512905
242875654
1066186
203184231
414666
127032972
172217485
191422939
202529397
184988244
66133995
562664
143144342
180231316
202558403
262512788
248684009
249664480
197798412
247261951
130772706
101349716
252719722
57894655
49335535
198457575
86396936
198571288
214154684
104955107
11501780
181782892
102080334
252665739
252858755
32141593
8411899
201123084
26126128
591860
765793
190341727
14527322
50276678
198272210
262337945
246732795
162748074
172853616
153537585
2869263
198825108
162389018
11338144
74466012
142441435
197604618
158297879
3045141
204848060
108130588
970433
164532205
197604080
535426
59156440
251393107
162994370
250696036
53826004
242660533
3137665
591827
1220927
487373
192851036
99187444
20036169
213705722
93268516
249696933
253378432
248473860
260928454
221930508
123544536
253476303
7989958
247667661
209399386
2719767
575706
213715076
48421384
143793085
142002571
253432446
157538282
536470
207907699
530550
58988659
165699853
188176386
58872478
1616607
10096152
185705793
19415158
658649
188656135
160095198
1677919
248496698
136544435
188179466
4222153
72800092
46748826
593151
581430
24019216
202712845
142791689
2546871
129260769
2843975
252061960
68201155
3258029
178031274
5412007
75700735
45822734
249033839
253397095
45231385
71953968
5196035
634963
164756059
8071899
575718
155285134
106778705
169520728
249262401
1805731
551033
217528089
205299461
799931
156193921
53836910
196995309
854519
50741614
2546857
444156
253482561
197605166
25118499
247655964
1469957
249263464
880800
50783110
8071943
173977867
247822840
549393
3323739
71052591
204008249
191347108
7962779
209300198
9345099
813266
127033549
753361
72519429
217540030
247256828
27976110
143611928
708027
252528920
51112230
192795022
212981821
197605503
19774237
254410566
253786824
243103913
1941529
1724631
249008641
168514002
50783102
168274160
250590329
162995477
3151959
581368
249056889
136544138
11124197
56736322
157125541
562790
48557855
175779423
221965836
925899
73923122
35600433
169655007
198224325
565061
248613734
242433243
176668415
53835971
193223850
783894
77581080
217125749
242694660
168289920
27611046
10914849
1220933
177325717
155301968
444071
558382
253247941
173252009
765599
1066192
202347539
230365008
2844461
558022
249217156
178010806
2356639
25619235
113186553
167208166
753179
430315
192795770
783896
1724637
165700061
196157294
658600
263040487
2619337
104240725
262581831
765617
75332491
262902764
3557011
252354180
213556717
48629007
192860427
77855678
169545651
162751003
202479067
191391766
1361993
7486921
536454
75371863
75829065
697609
58988615
104243795
10601562
3148737
74943399
10122578
799807
27959942
558390
10758208
125753450
44911484
94851871
68214265
44911494
262450401
113175043
11493383
250094209
573343
135045946
253406233
168100079
2005077
487385
250015297
9841003
3671653
242484569
1527077
787551
49195597
81255700
248876132
253297652
536427
708024
252884742
169539034
254410524
253443583
422025
213936822
74466008
1066202
57140964
250208871
185678716
252006878
783900
246770364
558056
167208162
206205152
199022404
40907681
2005069
1616609
708020
249007450
146932349
253785351
74466010
173345742
6473157
36369360
76552330
25915197
31317900
3626599
262506278
46639717
127303235
77950484
1408749
1361995
72679617
213933666
72519435
48445709
168558379
242434562
547880
565062
168959899
252126057
252573431
246155469
160096350
184639234
176048191
146448478
247669129
262336061
174181581
249037168
24780475
173883690
535394
2073425
68841405
198516373
107469609
162088775
658532
535358
178010730
262337646
880722
172853519
164442810
155155965
14334732
658540
200690857
58872657
48930900
44911498
651754
1066198
11121936
249262803
684691
249217533
1805729
562798
181233009
1313951
10752401
168100081
33593167
2005071
476173
79605556
169385605
5722717
197966852
208778396
455144
581264
194568226
127346106
248165103
107326937
59285142
925901
58222205
181378951
530247
262603242
79608823
71051476
450026
47162227
77855674
1038646
529923
169681776
143226251
789434
248695101
689494
527527
253388545
558393
11493498
685550
476198
444966
3611621
43236001
253335789
102049992
751941
689468
558047
529414
547816
44945324
3045147
529382
3045145
575713
11267162
2546863
943496
813722
783895
1066190
558043
252060052
575747
151420009
444140
243096846
2775421
242436230
8195760
162995568
573356
3626685
173755402
1606685
2619349
178107511
558400
4696337
160305666
880768
250017644
682501
170266635
195564896
1606691
203187210
10638493
547821
56527168
49195451
129138322
205146282
242484044
59102541
112058642
199582670
259295702
72957875
708021
31321234
252099020
932156
249941342
146517888
1574859
813680
476122
658471
787543
250014764
249761389
651739
111402418
146932202
27611088
11487701
248497858
551037
943258
450038
752186
531104
880202
51263615
531357
248876487
172218141
2546855
26036349
74570664
765852
146502744
49272229
658508
450025
80958885
476137
450029
581405
565064
1616603
3586051
252174073
689463
2621475
970431
787547
8599688
249815196
254125041
476132
15371783
4961957
198224276
249348711
24780372
200739007
127323633
171806465
36370169
172856560
156193665
171541607
146931930
112225701
249033837
253324074
198494979
167208160
135046066
262696761
5851775
173947071
183076372
248471227
29187459
262845915
14527326
262673805
1650397
1361997
178031177
257833902
1724635
126075560
168100085
136602961
162088829
248697682
248877420
169396812
181252987
248913578
1220935
10128213
249144975
14708292
178732868
970429
155780203
249085057
248757752
260926619
105660343
162997094
101865089
156193088
106682535
89454705
173980422
263020260
168100071
252174937
263104189
161947402
1650421
3555371
176708884
10915133
7964032
161946084
202338799
169658150
8597345
1941527
89750195
446099
41163944
44932619
7261739
409054
252033373
165189114
8011379
1941525
29188778
26175459
32081212
146438506
249390112
188031191
197608332
4961973
249774685
248889019
260926617
127346132
126021028
181237795
105218907
112063230
25405818
103899298
111409391
102551680
146520191
162995461
51968499
202337527
93269381
102049978
252024579
253293592
77950490
197530204
155292157
10759767
685294
2844605
33581036
1313963
48449520
956235
71051472
168100075
2005079
75371861
253233283
155610640
3564403
235877426
248123659
2073431
2546859
248911721
249092266
146452684
558045
450032
6473317
202716191
573394
146462600
3324313
246855702
176672923
97445875
248989699
185743829
257867965
143611941
162996573
103917577
150967897
173206735
7644023
196755695
248893303
192674289
167208164
172365768
2005075
970441
1941551
262974792
925903
652075
2437145
11311090
444178
30699548
175471612
2073427
202484007
27610990
48461905
1616605
125753294
3151199
249587274
144581847
249823199
105653668
164774783
970423
253247901
11311285
925889
95001846
59444737
856279
250099130
246772128
7998156
71051466
68201142
72015487
107332021
107391603
104244912
162995972
105660819
162995931
173975999
202334876
146394401
222687468
991971
177056168
20012781
146926682
11355370
15371775
175525711
77950487
1616601
262851934
2546861
169543547
252398298
697211
48447729
4168309
1313959
173946728
3601287
5132953
11126975
3646975
246161875
235749198
11390271
248912308
1574857
125753400
125753094
248878226
27976921
783902
48422198
48451457
1313961
193104170
162089018
187311134
956231
263206848
263104122
925895
53837094
169655196
253358534
146516925
103907224
59103394
112220962
105661212
146458854
103902759
147729384
127346889
113180588
156193607
1941531
970439
82413541
94829652
79605558
438014
72181461
15132654
3724847
4217233
531083
10864220
27976698
111412317
252125689
46638916
487378
9841242
192560885
421612
253171435
10694079
11289859
246772241
8150119
4222045
47120958
1805719
246852767
89750582
77855676
32081218
225262568
253465748
26665897
46837043
11324768
261946346
198855376
2694009
176008987
71880568
31127352
2750991
176284102
8024886
5733155
125753222
179800404
58228136
44977127
243096179
133815681
25729825
15076655
19252568
197806108
217386077
3606581
197805625
91984516
202343245
11755319
157127254
71891272
175651065
86547875
253293352
198858133
176287214
15336956
248502112
63598740
186104647
56556994
242483122
247262202
4696291
253277611
86380555
180531127
249204975
13362349
253785701
244969512
248206033
160393432
249348702
52673291
129278588
15323886
212053977
22814241
52648657
32711818
168100077
789830
789490
248882934
242423745
11216730
164273042
249348722
170849007
32711826
164323218
67144415
5907127
19774231
31321039
79605559
261965217
209307139
155368017
242694734
245790436
155369008
143774933
146388508
146931802
121165671
185347644
55845838
246853440
2073437
5810239
263080904
248179650
30681154
24726456
11327453
222683932
169664974
11473970
11754700
11475222
168100083
104870497
192360642
184830880
6399217
121155984
207755387
147730817
129234351
47133972
207755522
203086573
260110778
257538272
20712162
146932436
11122947
127323555
157127403
172217991
176749668
129234128
181233000
93269421
101844680
122494165
126009948
11477320
144585293
86922543
11465722
11487417
27611059
30699558
203186730
252099026
565670
176897680
11289514
180567192
242657841
79590690
11521308
11478014
127298663
171469362
55777833
155369618
263206750
204832176
173710599
3391631
242694478
191818625
195343813
247891674
207639390
207747140
173393062
4094021
203149883
13362347
190214265
2826501
243094631
198578823
247889072
192293244
207746467
32977167
197798863
5810499
247262597
248502719
55361540
253241334
32976162
160094715
2835483
251254598
243098404
107200487
157125545
243097302
77447883
32081226
2437149
198224316
217333794
178957577
199520553
247668688
146928045
11520253
157125529
101645396
207825474
20490261
129768041
173979770
169657630
172851307
13802212
176719237
243097618
176709485
176549320
263080899
167207661
42458994
168280190
251444912
243096610
246685981
202339480
263369269
222713543
243096998
173650899
248697768
262699508
248476677
114674188
2719859
143770032
183078229
243097933
198224303
261025188
180528184
207746880
134605010
157195164
55956404
128649313
136551437
129381100
4030693
252091892
94655771
59134355
32976481
249153540
263104163
248590511
11122822
96357334
209301164
253350383
252664675
107369565
111165406
203069511
192802453
24659018
257707576
143299965
161497794
262086727
209863983
55522426
155367890
200774750
217265622
28128158
74775370
73320570
192476117
192858163
156821152
68846865
133865943
143611968
260114923
46620796
169099367
160169319
170780647
247806375
68848980
54550081
26474408
57299347
242698960
244170628
248503160
125752598
126133900
126009281
48557920
126021009
143775203
76225587
188946945
172217133
146388440
194857007
254123889