25208186
131400505
247717228
16658815
168732702
249945300
20554332
16730295
149917129
76048712
53979973
127076449
71508068
21108697
604081
248429492
191494101
68278722
245776345
150938552
132857807
107542522
106859955
40939754
262514195
16858010
48532422
34536199
72211676
53980056
20554334
125604585
30156516
105232229
125603770
40939749
109282236
261833649
247309632
20872563
109271315
176587267
149918161
31951792
260941911
172482904
106915515
75964443
153407176
125929739
109280681
125495249
107582585
150938839
131400223
16684293
16778171
164697388
152636290
107159633
245774623
145550859
188694811
107653543
440208
144637655
153036910
180608658
252649148
125937860
147369616
187490448
112190524
71887676
131400204
125603733
131421891
484554
74019564
245787210
247307754
75330289
131421920
105698875
75968524
81940474
106150426
107144816
87618506
104805356
131421924
107424537
107762962
148850674
107424581
428971
245787245
20412537
106816294
158647253
107538957
158016940
107611467
107186446
214927513
181423314
125603703
125939197
105700501
177200171
112190391
162383607
107762688
262469865
214823980
247308342
247309770
169379782
179196443
263359024
71507635
68737335
131421916
131421860
179216274
177630962
254187082
16860587
152636666
188447795
131421868
253303657
253304499
107005117
114685990
107424549
131421836
190242156
107576608
165030290
177752888
144637688
212009838
117788629
247307958
247308936
197544330
144645367
94086133
125938120
107137257
71507839
107551539
125939032
167315832
131421910
152636263
249896731
107184676
107126540
242410738
242410814
247308773
245784386
107405796
16689823
253619911
249896770
131421883
68144409
106869105
207028009
106561820
131421835
177753133
262439697
247310305
247308576
245781664
245782709
243083156
263333424
109269821
157482103
109264544
131421831
131421841
140843798
109269228
148700646
107151594
189458370
247309555
53639604
191493690
87618103
21118400