199733240
203228996
198459161
204988671
202464466
225206969
199107005
198800229
122871462
201027607
204948998
203227463
141819239
201015386
202464715
203229429
204761686
198799880
199106420
203229049
208662926
204949436
204948822
203229564
202465088
204948724
202852492
198799545
204949342
202558348
202464893
199106373
9975823
202464557
202862821
213682902
174858441
204948899
202850996
202453291
134443430
211313240
147770489
199734339
199141580
199141687
204949190
211313238
132709545
135693218
202558245
198692374
132674220
134418619
198384713
211313234
205514530
132533765
198768774
203229055
140125877
212606155
135325257
198995861
202464820
199031307
135319601
202232716
198800171
205001633
204949087
132709035
204947879
204947907
135716141
118890520
202877139
204948959
204949263
202853374
202862496
216392019
204949010
196456946
199124565
199125099
202558459
199140218
132482208
134409414
132025157
211313534
203227389
204947755
132701818
211313309
199140417
212924660
261879881
261854700
205218046
198254689
242724833
207902007
202455797
204949055
204948828
204948802
132696424
211313442
204949104
45358017
211313371
119718548
211313243
203229162
204948529
199124840
40279719
199140459
199140005
203229242
202855070
203227656
203227325
197409423
132370569
202454157
204948922
211313424
204949135
211313597
211313120
204949423
132703424
203229214
204948912
211313920
207935469
203227831
263169251
205217987
205218137
198954362
263171314
207900939
204445012
204949067
202859589
211313721
203227912
204949321
204948711
204948992
211313902
211313743
211313726
204948742
148908444
204948904
211313155
204948406
199106688
199030965
198800220
198768672
202557820
207935475
211313043
211313991
202863563
211313082
204947930
206851308
261879478
261859929
205514480
125597453
176581952
192660723
205233533
242724699
198520330
132709758
198384961
197848941
204948712
134441968
207935576
132369676
204948730
211313759
199124106
198799768
198768434
202558440
199140090
199141614
199031124
132700346
132708199
206123282
202231835
175977715
174858174
211313541
211313378
211313096
211314111
211313415
132699577
204948857
195912508
132696491
147346287
196857735
153506628
211313232
207935582
207011644
132025211
132384599
203227483
211313863
202232059
211313758
149336408
202452923
197848534
196362339
148930269
203227663
199031047
199031176
202558523
202558327
40255933
196446657
211313180
211313641
211313963
261883315
205218209
201027780
205218487
210118477
214946074
211313768
202454203
149358392
211313444
174857412
132700484
204948053
203227791
203229154
211313174
211313841
198800116
199106511
202558415
198769090
132025204
134465509
207935479
132470745
132372380
211313220
204948744
144471995
211313188
211313915
204948733
172158987
203227606
211314031
202464675
204948893
263171965
198416383
198526652
206315745
195335295
208388739
204949300
204948237