217181430
217172433
217181402
162092122
128326825
252602995
11656219
111422525
217180897
217181498
164490508
215101838
217180710
217181322
191364971
160944264
160944331
217180584
191357493
160944260
197500506
217181143
197506198
143864293
11656212
191216676
196224108
191357180
196224312
187837339
111422283
191357900
191357907
184883987
197505320
11656230
191347063
263100600
191367274
191367237
217180473
168724428
197503660
111422529
59077797
160944011
160944347
142061879
198485125
217180564
11656206
260920678
197515544
174030715
160944336
191357920
137547533
217181521
111422584
190818424
260920855
162041725
127554592
196225637
191367346
117473202
198965213