73102465
73105037
107010424
125089582
197588259
109633951
102807948
108957065
106693398
186157560
21858944
113041315
170185869
150956757
105231136
20008060
138934615
253468309
179764489
173093855
123236068
31515234
105231167
138934622
249347613
197588269
197588267
222657902
74342174
197588261
197687455
125937564
138934617
31514489
153983055
439858
91833039
207345957
188535328
19401258
102773583
222657900
74451263
197588251
228984873
253468291
177703684
170184306
74342180
91833034
197687469
2732719
216001266
253468301
247327583
103849467
19401252
252912101
2802019
160814397
214730825
6822331
6822343
190502180
105231131
204771726
257779922
201687276
154862145
91833043
252035383
252035387
58413494
153368453
204771727
195961266
91833045
153983051
248723254
201687281
173488107
248723264
249778323
212213011
199970044
178831467
249771956
48592462
58709746
248723262
51348628
383741
3085947
176024871
51348635
196683760
206360698
383740
23209133
138183935
23209146
243807947
3085945
23209016
138181987
243807888
248723252
138183319
79449979
29353147
248880721
165627312
80960006
171586376
252714190
84872555
36586964
216001249
145639742
91833053
248247920
222658854
114895852
71078803
31250873
2732721
76454292
91832864
91833050
249664334
249664337
249664339
19773715
197588263
73630156
196360961
115787165
58709027
208684960
249771947
39517102
102857930
20918796
60881769
1735667
188534637
253468293
74342176
247902066
37794550
206482174
60881762
19401254
185851657
217896380
136482459
135626161
135626588
202851070
180851247
217895800
248723244
86418054
247724936
185851655
86417969
217896015
86417765
19712576
216001280
71316691
248461967
249771943
77162086
218745255
204771694
103864836
204771686
118877585
22560132
192949459
195129479
204771688
196291939
74371342
204771740
118881250
10191178
252912092
115778163
252178229
376192
105231144
242659113
253376302
2537155
192949435
201687278
91832819
376349
2732717
202338906
204416885
73521905
91832862
207335231
51844879
73521899
2732723
207334247
91832870
242073170
252912106
58729299
217895933
137502333
14502395
196360953
243808048
92057872
212484623
192949664
6822339
196291942
5721989
5721997
60881771
247239896
173477543
439862
9796535
10191367
439877
452534
153983035
213428590
51348545
34750048
211742937
207333895
247902087
196180812
249664341
219134827
21031341
202851075
58903209
14502493
146271542
21031351
96616526
176080827
105231743
204416891
177816430
249771929
212992646
439861
153983061
185851659
29350586
247239770
247902085
74371340
50904586
176080821
185851634
431481
207281087
117046813
73521893
153983046
431478
185851626
185851632
431482
431480
431475
222658848
73610647
185851621
71093660
86417975
192950185
185851650
376195
248723258
185851630
196579430
207281078
207281106
497093
196683917
196683819
195103370
173865362
10191243
205018816
206482157
211767578
55478020
106348518
23209008
214731984
2783087
176080926
161408682
247568105
79449983
253468317
374976
186369379
196683899
506956
497661
439867
86417649
110204708
202851071
23240585
136482461
193156606
86418005
192948952
410068
202329962
178831478
161383729
20445665
178240498
173865375
208778386
216724625
6822287
55478032
137432943
86417971
472461
6822323
48592468
159486219
175700783
58729295
169818240
2108681
110204704
86417683
58729303
795504
214730926
39523309
795490
173477533
417823
137432941
435702
462169
721805
55478022
115246722
423872
86417689
86417909
50322445
7543667
7543675
374975
795506
376020
222658850
418927
19773717
729389
357291
196021579
102132702
58708285
38110468
7543671
86418042
49641072
184288054
546605
206335219
138334622
217895230
50322440
20559123
2783101
84872623
190502190
162025541
86417691
110204700
115246735
86417674
100285503
431457
5721893
159693899
437508
58729301
58729293
443630
440005
176080825
136482535
106348832
214661958
435704
161541531
212213157
213469542
173477526
173488098
417835
222658852
173488723
104499782
202841891
153983057
202618673
137503309
138934612
220677982
204803676
195104338
263101568
50954153
205695327
198591877
204771696
204771746
201687280
257868832
204771678
74307101
206145325
482322
91832858
418964
551106
517209
2802021
204771754
204771748
74451299
16828334
91832843
191823860
183538730
721990
252035413
111844120
376351
5722025
73521895
108130538
29349121
146272058
74307132
204771738
196579440
51568380
424340
448880
199970393
204771718
206376437
206145378
202851080
19773719
31515557
251744028
19712570
205702131
58903227
428411
114895999
167019820
36586940
204803601
533676
175700758
515681
73521897
10763055
517201
248585399
174606461
146272372
180851236
418936
204771734
146271613
58708384
103114599
137503364
253293582
199970347
19691970
198823490
206474672
204771706
206376072
4701013
51348557
251983686
248843581
252035395
198769256
193564511
192949583
551111
51348593
21031331
2297583
144316031
24165695
172422135
106966849
2297605
205697135
192949940
51030711
603989
37793621
515389
169818504
205697124
262915112
208778507
192949589
439319
192951052
106349544
180851243
192949942
171584546
206145341
202332144
3085953
39518919
205808136
517215
365841
120471737
87982587
210273625
365840
205808104
204771692
248755355
13624102
174605395
206376439
252912098
50904592
199970305
129647382
73521901
137436783
215560728
203843841
196360951
202617370
206145260
195961278
5721905
206145321
204771750
105664031
257779927
136482300
113045757
939097
51844923
202334227
206482297
142417938
202332442
4257523
65472205
191630417
228988203
51479663
202332253
262860188
261025239
73521493
198123377
225210753
45358896
105739599
212213143
428419
80960064
73521491
21759129
208338770
262807158
207811643
95220734
446882
193640159
204771708
204771724
196291938
36586958
74307107
153124241
204771682
6641403
207334045
36586960
139074925
205809589
51479657
185851617
453846
183570207
107409489
173488111
19401256
73527247
41875906
198858029
49180689
169817945
202961724
242693580
215560730
217500568
431477
96615291
206145258
439875
194451796
247939543
11353611
255250095
518352
5721961
49180343
247275639
217896698
248373079
74408261
418947
243034762
74329909
249771938
31514611
204803629
31515419
206145331
204771720
173488720
49180362
252040808
169818740
72850932
196058131
217895696
174608116
157601009
36586956
418926
204771698
252040474
247564816
196291984
475936
212992640
213979887
202961325
5721829
51479682
2783095
169818750
127478825
52699761
204473110
198536358
213979963
262085773
58729305
468822
604261
418920
146226361
129568320
247723454
443636
195993363
19773709
53995827
418924
23209159
58878431
180850999
384649
204771704
204771679
213301812
10697474
110954894
65108988
9795054
192948875
74307103
112058781
132206869
477600
178240543
247722518
604273
247938392
202961321
2783089
192950315
475942
247275763
165640863
183355123
643021
124749889
213978807
252135734
252135718
96927774
34922729
206145390
34922739
21031343
206874068
195623881
410045
206482284
17587148
167019731
2537147
1724659
252040505
135612974
113000572
136482579
95220740
181267633
373288
2385171
205537671
192948852
23209116
206334946
247723221
185851640
5721969
252883019
222682267
105231305
204771713
247327586
453796
418921
213936444
506950
35862123
418928
153983038
260837548
466458
22560155
202334987
204771702
204416935
192560413
130174223
23209135
193160124
19401250
428278
241667981
206145313
206145254
205973414
177860546
428336
402838
169818220
147570651
428403
35862121
428406
470364
52699763
402842
439286
202338932
196683829
171830069
196292012
374130
207626790
205697068
151950554
206334954
58903213
196291966
1021296
1021284
137374853
206334944
185668544
401006
428401
58709019
428257
58708993
172422266
428321
402837
221517168
194451782
431631
5721965
185851628
13686959
165640882
202848898
29820845
401031
21031355
205809579
401015
374124
214731916
19773710
202961760
23209112
98381082
21031345
192950929
192949720
498760
84872628
20489644
418957
2054063
16422558
86418061
506938
25196935
246772926
431465
2054061
196683823
196292039
417822
365867
127564522
418933
376022
546610
546614
202961756
202961409
39520038
374125
136482716
138333551
248723245
206605495
95220091
1021294
205809573
21031323
179805600
169818420
423866
418937
764037
5721873
16422548
37794307
71682196
71682165
588319
196292076
58903218
196292006
212992642
546613
418960
418922
32431459
374127
205809475
454286
202961323
204416927
206334952
437927
195103364
206145242
17587132
247239768
49180331
80960008
418939
115246657
2054065
435147
2385297
729394
173856576
196021566
190502182
629596
59433615
196683827
82936667
417722
136482712
206605557
365864
29820841
401005
29820826
410073
58903229
206605594
206334950
206334956
454335
169818390
506941
6822335
385029
29820854
402845
38110494
11248090
14997957
31250881
118468590
73785062
172422029
202961319
55998436
844932
427805
25979894
194451784
186369193
29820873
56189702
795498
169817847
482305
106119358
428254
173488118
220663059
365862
115246661
374132
206334942
142546787
262860187
170155569
252135410
212324233
365873
136482302
180852352
631551
215136648
443628
443629
217441299
136482533
246770340
90321256
110204759
24165340
198589764
20918804
204803600
417830
212213147
967790
178831484
169489777
8951050
195133690
204803669
242075889
89208866
204771712
74371344
102708362
106348952
357290
29820857
155116330
249778315
205697139
246168791
20446062
192949771
21023914
94887011
198823396
50417043
110204791
48592460
203897737
215405064
250569915
51990191
90798795
105231290
686661
195623883
253468297
138180987
1736645
118813198
196683758
129728338
175701003
257857028
214602751
263102371
177703740
192949814
16422596
84873158
795496
218745264
192948877
208686768
375928
205810269
205697191
219134828
247723497
192949516
193857960
418941
48592458
1724655
218745252
205696916
439971
35445393
73321182
454382
87940959
218762100
129660451
19712566
206674256
37793434
87632218
536165
366990
470369
3085951
204803607
183335615
152205701
440316
348618
167019818
222723685
129566950
205506462
20918816
198591703
2802023
126852558
177703743
169375422
764038
96927736
573280
37793719
119309645
2783099
204771736
199740025
205697100
1267673
180851257
168900670
20918808
206676916
247568079
16422600
190240560
126852957
6546933
205697064
214731992
178240460
11353614
178769542
195104351
106348807
203898205
196360974
84873267
247448769
31515796
604271
146272589
77328494
205807417
87632503
253468341
49180214
161397793
262736403
36586946
428409
253619376
161553236
228029439
176080835
2939795
31970497
100285170
34745936
190502357
206481102
193840257
198823656
146226382
418943
151950558
173488092
443611
11353609
55478029
357294
180400048
192949616
151950583
146271818
135615058
248461199
249771951
11353617
151950562
204416929
192698554
55522803
127197621
51348616
25980510
192950567
174607985
161551903
443593
169818196
73526636
204803666
204803621
347969
206482295
206482163
257857353
225171462
179805593
174606547
343360
49180192
37151328
169818775
129566558
113494147
54485180
604266
173488104
242493847
196579598
146276236
48752614
14169767
20559174
145093526
204473100
204416913
204416909
462170
253689505
251983643
86418008
926894
35445542
5721981
196291946
2227579
193155417
376038
126832561
376031
198770674
437926
126829713
196291974
197897264
176080847
185006480
505378
58708666
206145440
396748
428425
486113
374953
205973420
428417
207817035
169818763
191808286
169817829
151950348
180104031
253178952
20918812
428258
384553
428404
454377
58991937
83749264
603996
603991
19523108
454369
83749691
440318
111107721
588282
477705
2054069
250020078
196683921
199969361
214651519
171581135
84872552
764033
440006
428405
729392
402840
50322456
350250
208778501
248880699
82937017
532456
440248
14169763
376347
108957038
96927740
153983034
146274023
505349
218761993
247275734
141595218
241627069
183538846
242492699
1534093
376039
443601
50724074
129666101
261966400
202722018
183497883
49960375
454379
190502290
220663061
376026
204828523
137504620
95220746
417806
241667985
411290
29820867
206376441
370669
192949336
207642359
750372
95220093
206605453
180851341
257867910
446288
253536144
365877
44433392
173477530
219134831
401003
249389888
439257
262792335
431627
764032
795480
6822347
22560157
1724679
472458
470475
440000
2783091
35862125
536175
55478045
764031
55284275
729380
205802195
77328500
87632514
185005745
347876
206145461
216724605
165627306
147341461
22648278
431642
568390
428427
469950
165626692
252714192
192949344
176080920
203084426
247568107
191808241
190502196
573271
16422584
428245
87632476
37794097
729379
2783093
505370
482308
247239902
197897236
439323
428407
454376
386323
428252
428250
366513
253619370
87632478
248644078
202614916
59597445
198592277
129584742
201847465
143157645
375937
161409224
173855205
217471618
116972205
253475494
219134824
195624215
220663055
417825
205810061
137131493
482203
114004232
171830079
209915439
191723329
126832096
443614
750368
206474666
126852835
257868706
452365
464128
173477536
247722565
428423
58708339
470065
432598
428280
469947
396743
246772922
451816
428270
20918810
215560762
217500574
171586356
179805620
252714300
204416907
260807324
11248025
207334005
452360
73526988
686662
242076609
453868
20337451
29820839
257868836
110204776
193736895
169377687
213936421
214730930
192949500
6476733
22560163
1267671
428271
603995
82386124
242411313
29820864
371561
55282030
391290
45358849
217900698
86418059
191808366
506927
439290
203084208
169818630
428243
439996
55281985
173854281
506932
247568081
197337480
15350502
441330
588299
390607
45358847
2537151
217492601
196291982
603960
859238
20337457
401030
417824
19523321
204816768
205810051
435706
435700
47447706
262779867
206482190
205809577
133554320
126832092
446277
453856
376032
252135660
106119367
435707
366515
169818508
213936177
203843826
180749850
247239900
146271425
505376
572596
506944
213936292
464117
84873271
20445058
486718
146225010
247930760
147568304
192949722
199969585
440333
110204695
483526
193640579
192949400
63846991
551103
764028
51479661
4444023
5721897
20337454
453976
795492
795494
146271187
19524194
431636
431594
428306
486719
475692
682710
428319
399805
206145392
206145419
206145417
52678661
428247
428246
440008
424599
2537149
468837
470467
454233
383739
428272
192949636
87632485
169818824
572597
432237
45358882
477612
77774926
146274056
242495781
145145684
355152
378550
197826254
198127393
126852757
205915000
218745241
196291968
204828519
113000381
57694076
411296
205807413
443626
207699233
205810049
750369
750366
137131481
205808280
142417902
136482298
207042300
462156
447945
252135691
366517
44433388
251395020
215556072
1518767
215160596
191808065
86417784
506893
246772944
177860572
588317
172024996
195505896
242663963
242076591
262055354
242075543
192950451
222658787
82923218
108280753
209170644
431454
51348671
193640581
499685
82936893
58709115
4701015
506961
206145244
206145388
431643
396745
431599
470376
205973416
206145450
431638
431637
242504862
192951062
252714216
217500580
208778515
186369333
253293580
177860542
20445963
428249
729382
470374
186369480
431634
350249
431629
402846
87631942
470465
926852
428244
366514
350252
2174055
55478049
926940
470371
729399
764043
169817912
454298
67390616
126852793
195103359
206361267
36586954
79886424
222658860
36586947
443622
376033
424225
178240496
146275526
19773707
58878409
196291953
573068
207708883
138317800
190821517
126853113
477622
376036
370741
138388116
106119357
246168782
446295
213787940
196058115
197897268
146273327
247568094
192949506
193737036
435699
95220742
146271899
213936255
505354
60881764
21023916
764035
428305
24165817
430186
431587
5721973
19523501
212484673
34749515
206145465
90798793
194183475
172024931
163021208
192949288
248880707
192950325
402844
405420
87632520
428255
31514684
454227
434501
795508
729384
428256
375947
405253
45358851
440003
430182
439283
479444
113004489
82386119
428253
445640
428242
129569073
221515423
196683831
209171784
178954980
76137518
77775153
209932067
262083076
31250879
146226376
91877074
631427
195624235
19275414
374131
366518
365874
58085616
201034304
137440446
418983
376197
410072
370679
206376435
573071
204416925
212961164
205810053
206335044
205807421
205697151
207564726
126852872
207565574
181119692
126852542
153983028
201308004
249938275
207565407
190819467
153983040
248683320
114621643
260847241
261026334
249938223
252079765
252079595
249881934
19712596
39357973
126852702
126852765
126852831
126852950
180320722
103865013
180591461
253543066
253526423
253483090
126852878
262785447
2385173
262786632
214595968
126852917
126832097
126794180
219134833
126853072
251772809
251775040
182300579
182300334
182300448
253148326
246170021
246208344
246208333
246208088
246208103
246208030
246208303
215556362
247722783
262915292
249033174
249664542
249032810
249668387
191723381
263115281
263060527
217899384
206145238
205506337
250602906
263041139
24165360
34747718
263099056
263103968
263102334
263101309
263101421
263101550
263101534
263100913
263100933
263100917
263104544
263100978
263104614
263098901
263101012
263100982
263207593
263179423
263208584
263179471
251741558
206145240
204416893
147570608
192950331
165021277
199969552
171585957
193976661
171586384
198285112
192949874
247568083
196683815
192949461
249659390
196180722
13461062
230138334
250362935
209389864
193640599
263044611
263078574
200976598
91089442
206145301
206145415
262451683
206145403
262078201
209379545
20437114
172422045
177860548
48752784
115967761
177703667
169377644
165626686
19523114
161408577
74542796
1672713
20440462
111107375
5722041
53467524
50215478
171581166
20438744
160836745
5722065
181808907
1672705
105231458
176080841
146270649
34922723
172422043
204416881
5721977
390604
174933105
163021152
197628184
141107702
198738432
22560116
262676819
196021477
196021493
182849260
87632244
169818704
208778564
175526900
242504934
192949508
176024895
191808201
191808392
191808387
169817918
169817926
169818725
182849307
65077104
262734300
262733761
169818234
173093759
199969273
172422085
146226378
178831557
196180784
248703265
252591802
178831694
209379549
186369230
252714214
146226359
171585891
196180874
90866060
262475735
43822678
1524359
25980253
77627235
19275423
24594014
424633
77328448
6822307
105231146
94903604
71682235
58992127
22653234
73147525
77627227
51348679
58708478
146936894
73116944
73108414
133263217
196932347
100363822
252912108
242092378
23250484
25000342
248723260
124975058
176229366
192950408
125089783
145145364
144219165
153368126
145639754
252389429
122494508
25001324
196683813
73108419
109186942
113639401
6875661
210145069
2075131
242092376
199969338
212484349
2861225
109573244
41556701
7086155
206145232
183539041
55000013
215555744
176168601
180749960
176168567
176168400
492471
102861569
73108416
32220370
199969196
252389424
157833242
113628553
127834532
250229787
262637384
109081856
137208633
179701646
116875495
173865373
222658846
7085761
39357824
114944979
32218198
206331212
248639952
144235336
106996549
129293418
38110804
192949045
54997681
247256770
192949402
36666253
5490923
205842472
58709957
38110397
95226201
134283665
499928
175700902
248266770
911406
136599851
252765934
74942956
58853896
252392137
242502471
186567751
175810346
89867353
19665479
212326131
137252336
165640854
57904574
214837177
44858360
163021178
184283255
50301148
35445730
111747970
249688448
188409167
49181189
205574153
137482191
257780420
52809584
206359719
55000017
163021180
100285597
197738774
197588249
250230358
248004646
198127395
253629595
262078167
354861
260808432
78010527
206362954
541336
48618358
35862129
205802236
53259730
248266979
216360789
137250557
6009943
10196197
19666903
248590459
172422131
242411266
137847843
160066016
15267880
205802193
199969163
212484333
10319063
32431346
251456959
186710993
249700534
20272431
250230491
251983692
185006490
253319011
37151415
101649311
215160695
251456406
31970515
171580614
215560768
197750281
198772646
197750000
252767754
207253505
214755812
178228381
115754247
208648788
207318242
188409041
192560429
214597472
199527275
21031353
70892929
49066789
245790372
217145507
137133214
249670347
263082590
263208977
192987954
250230845
201847301
38110369
480857
194183489
110677191
242665029
219140780
241621272
20337445
242788708
183538635
48606249
197739609
10196199
51031054
248266478
58085887
206474398
263303903
206335032
72751864
90520274
137499165
222726381
32301080
167114227
51518885
192560423
245764972
69324812
57903412
214598653
110681815
242101881
262793340
263294358
263207846
263209008
105231562
214819965
22650022
31321764
262859341
171651764
248502063
205506521
262817047
243035131
235988830
263209023
213936017
249246549
55422179
206205060
248267231
206359832
55062811
248125966
52624388
48943800
49066809
33368669
207317758
217145664
110884709
217147165
192692188
95889271
177315405
51664121
199526529
263206680
262691621
50215503
210069450
114905417
49180422
3085955
113791332
49180357
183538716
262859414
200788047
157833932
222658879
160304283
206180430
252768028
208648781
208643593
242504681
19712567
206205082
210190748
222726379
262852730
206474393
204473102
253098855
143184144
253165573
378501
77222348
178240463
114945672
35604097
195625371
177319515
200848866
240627047
242101704
217146827
207295204
137181140
251462404
170776450
39371352
243223765
247302618
182300586
253630018
263208953
262691596
263077743
263084656
110204557
31321163
31321346
201845832
214909122
41084424
49180023
247239790
196021601
247938881
247276722
70601199
72032553
15829734
58658754
197966532
251535965
249384286
114945332
3015313
252755651
249938510
222726392
252884385
205808276
192560443
216213477
54482362
98381079
11997600
182300817
215466585
197852821
252767027
200810948
240303039
240375218
157783907
157782222
200851746
242784515
197731577
209379518
252892316
212484335
222723661
58708793
49502473
37793712
31322029
54660769
184903016
173856736
251462536
206331210
206331206
249934647
116048677
205809702
51239747
3015315
32905352
1733325
137133605
50762462
240626565
137251709
110691487
35309038
53577269
125731461
205578976
57900366
193895838
248083009
183538751
7086425
263104124
50904588
183539019
31319589
939095
108280522
242501427
57446953
249970590
171544793
225205634
157833261
263303997
255295631
222726383
36590804
248083300
248083195
248083091
251460649
206605657
15777579
114945759
134222579
189635488
11652752
193640454
72724569
155837359
126765764
29820830
15089325
450344
95226219
114459458
205808100
15268299
215556561
431438
7366333
53968272
222723636
262078181
213964507
125244471
51699276
257779913
202492852
257845339
206231392
249039219
19673067
235961937
184068392
246854442
115754221
263393716
262043925
257846920
214599000
207033418
253414587
205841520
209379516
219156318
205807427
172476285
214598498
206237923
257846456
257847140
257844807
15786868
113000899
263195858
229704348
214598868
214597917
192949392
54513034
194023171
106251558
95886751
158692790
171545027
213936075
206240355
200849326
217145385
257847690
192949802
247407001
257769792
222465779
249767459
263394721
979483
192948636
230081825
102757878
146275463
95889468
190844161
204872916
171586378
174294222
22299346
121228034
249764434
121220657
59103021
163021305
157833859
54976900
247286806
200851426
204310084
217147633
51652853
214604122
10983089
197679129
51699281
214598458
56189699
206873109
205809565
201693196
78904723
201034301
252357159
78905629
20955694
84872787
90476826
249663203
146226221
213964068
175151375
206232557
214608615
263079984
186745474
186745125
250337901
125413204
193536793
192694510
214607524
121641849
162249325