95090804
259537049
217173430
34709040
217154522
34709112
16448936
253183926
56827754
34709203
755519
34709233
114538365
96308411
107005496
983135
34709265
32693768
113432529
140513223
222687900
263348614
160269667
174144276
110813325
140579354
171109270
149714934
56829430
173450149
97518118
157426218
1535671
173450098
124886782
157426869
93501
114462355
73585277
73585283
216718284
125603688
34357696
248066632
112441843
225934612
25984390
117212776
117212778
176522351
174143736
110791038
115093050
50216635
188724688
171063183
25005315
202418121
110816849
110816789
110816708
110791124
110812888
110791818
56829332
173450059
143807683
147588564
117195835
173449754
149714924
115092925
225934661
161878354
217172847
34709185
173450102
125772983
202644684
243103901
110790637
173450084
983131
173450106
208678072
293697
6980807
82390094
410549
172938364
151537757
192951747
140204858
133930526
187838720
192951783
72769486
248006048
201057502
97922334
96552211
53770640
34708986
149718428
193485819
202419256
110791200
25004265
110790152
179937399
140347885
169381059
160270089
247907058
247896265
246532730
166119526
247900294
248648052
15150023
262674292
15972452
254256787
215105282
144380338
119026504
214813752
515353
198889701
114538782
188725043
182320871
293715
116018266
137942579
199752057
114538756
114465750
110792119
34709219
225934605
174567
58554529
158868426
198967450
72944452
215748608
117212768
169380776
119026663
53837001
133831607
262674996
197063024
171589788
193486264
169458
188724149
1411499
243024813
125772963
248646658
192951957
78555228
174183052
147977345
178325306
197505023
242191186
110791987
117212770
202643351
193094791
83751014
114436734
243024892
86631901
193094795
97921276
198966819
96583937
93401
161878623
166119412
144339486
247900904
197501912
166119790
168610499
197513877
251394210
214814266
254257159
254256742
252566595
189340999
117212772
142441393
177273109
1709939
168610482
252589625
125604247
196574078
206291396
262674557
262674865
248646731
15972405
192951582
169380888
209409693
209408918
192262097
119026498
120472116
72944406
166389169
36318292
72944417
97922838
71896306
198967489
263042856
247906916
140347802
2167923
96544619
15149756
102133576
103868568
31518641
239196015
216718241
201677438
187838203
247900862
252400897
104109958
187837096
243024854
245790329
245790390
168610902
251324306
252566705
248459753
168610718
1535661
142827786
119315431
262674826
262675060
15972683
248646704
249089825
192262100
248006107
24898051
25206114
68305151
96578949
96586004
230038302
151509516
104950904
247896280
247901394
247906405
247901289
260920858
254257183
142827344
117212774
247896279
249573415
126743264
247901376
144341082
252566658
125773075
225934668
262674992
262674670
262674800
262675028
197465691
248006105
192951724
202642776
73585253
193094802
169380059
193046647
193094797
73585255
119026764
248648919
248647009
248647601
248647655
248006014
247906378
198965242
91771672
214962281
195740220
205609449
247814630
242408193
253073848
253074716
260920683
254257049
137546602
15150305
95768567
252566681
154183733
251083943
216720214
112441954
202417635
249143486
162211391
120058158
115265622
248649010
72050898
183570373
73585279
72944408
12491510
71090839
262674731
262675052
262674725
193094804
193045489
78554989
171063460
242191025
197182466
96555085
96584604
31517396
263042641
225934633
263453890
139816338
187839267
197502428
129575167
248907379
142812912
71091992
263103770
262674853
208634902
171652335
169381653
248648745
24897232
71683230
25207252
25207944
103867537
103868525
96545449
102133564
97494476
14158044
263206756
195284098
225934638
260438886
225958127
188723106
114465580
208648570
173130582
247247484
260920592
253072049
253074238
254082324
154184055
126743092
254257197
254257090
197506215
254257241
249089819
252400757
263044416
82390532
152459452
262674788
262674460
262674545
262674747
248648721
197337951
248647615
97922430
68844197
155113076
225934611
254257097
68305302
96557655
96574450
252400734