73139676
225207173
85029033
103471709
133939074
133949620
165992295
118420733
202597492
127564524
202379529
168293399
171544633
213571977
135754399
185854299
51903714
23424621
161490021
31515842
1534413
8149234
204803614
204803596
47799414
204771729
601472
10705654
75947332
172915739
242086745
242835301
204815935
17369998
75511010
208099712
73174772
110850685
27828457
243025183
16422458
215914462
38143338
44983187
79126526
261833563
145641462
16422576
196292024
195624174
91552305
195624229
51540907
16422544
16422520
16422574
31515831
44983175
196292032
122901564
84651734
135754397
120790290
76126072
72742666
18544822
16422500
44983171
16422454
193411642
36023726
109515306
564640
110883353
21508572
260967847
15186754
8149214
249940485
178226037
3693065
44983181
133939377
49502242
249700048
26147184
89204259
249700052
103118404
75510982
195624169
22777633
257867869
15598519
1661209
214755061
249700057
1188867
455393
198614293
226964307
454880
225918670
195202033
195196100
196389793
195202140
225910737
225910734
253471988
164961809
201829054
215914460
532305
49502236
18081150
242835328
246851495
262861727
760562
176943941
204803617
177924681
120790288
204803644
18067877
109515310
56339543
16422590
169489772
204771687
11130625
193701771
110850687
194087263
204828535
242652510
564641
13828959
243034027
249861262
10705646
201121653
58695351
15186752
242086747
247982133
120790294
11259261
75510971
10705656
198424578
42843245
225918592
11130621
179371950
225918537
217519627
225917742
146265212
11130593
93333163
193160053
631278
453972
169818030
84469227
75511014
198090652
403827
225910745
225910739
1692033
17986981
159276570
31515041
249934624
26594792
213936029
213936019
198090794
245328849
169489766
431976
564639
31516139
249268721
193858297
215745415
49077850
215790469
29830550
195202276
26147174
431816
441202
532380
225918494
113526542
225910731
48399095
14513947
249700051
690678
58829935
120790300
198568621
253227569
11259263
244303541
107336473
253227630
187291294
194087247
201122665
253227603
12027528
250057572
75947320
115794818
16422498
62860048
543283
225251247
200926162
225910733
11130613
208100038
470701
44983177
247983040
21508574
182708494
34922765
216281409
224921577
454960
62866796
20480113
58695339
392640
569708
1055774
3693067
11502547
584140
410300
523811
178226094
155995174
255612007
21023908
2664829
1055808
1055782
829908
22777562
428892
476511
435138
525079
1055846
439364
631826
148840103
584371
31954758
34922757
113528938
195624189
252079973
153921863
476506
543263
476513
213571976
603919
32221751
75947316
887232
459146
262646164
194088340
263022264
7976704
103822633
89262126
101638541
395214
48992900
253377642
1724683
584208
631806
213718734
134315603
22777661
242626953
145821857
120470887
201145807
335280
75510981
240627026
475982
240626618
11130617
82846888
182983718
81588316
16416801
576039
77330100
74189869
75510987
262870391
252585229
225917843
3665159
249348464
38143340
11502549
2054039
192950791
253377698
253111530
584129
253471998
4317409
252078226
454881
108280536
262734627
160585692
11130623
253111668
201794984
20008058
251460377
16087076
93333165
253308836
28727437
198537708
631874
8149210
450968
93327791
206141134
32076384
8142364
197782191
160691647
102559023
41843988
208192245
1188869
31954792
203434053
860417
196854321
52135968
213741412
435134
208099708
257770240
227973186
244303528
31954714
22980656
225907090
431881
34922761
73676178
696443
86590142
4086379
3665161
431476
32076382
431880
431894
169489775
215914458
435139
57956625
173865371
20598662
601404
506495
197633978
82844895
71091116
459527
526924
435745
468528
19913963
197633982
112076971
178941234
1055762
44983183
7089465
75540716
860415
631252
175154830
115754223
194117138
111852398
174302495
437218
204207204
1188879
468481
459532
431584
120790296
473860
435743
58547349
120790298
242972563
569675
19913955
82843447
2054047
469533
196157257
245776568
570846
253363139
1188863
201679161
403807
4086381
216007034
143952205
110095185
631322
631250
459338
475553
431882
229701866
247982814
194088317
398765
441341
454883
79126571
82847618
82844940
60822163
56514257
261824757
90800323
145550320
21023912
424760
414149
531075
887884
197735366
431886
71091129
225918467
214730657
475656
28057005
196514446
89204268
202038549
202033649
114944671
631276
631340
242835283
479791
128711685
190608691
1188877
631786
65095966
51654464
601394
468470
402811
626291
476997
60819798
77548581
182300009
177924650
208100034
11227940
558560
631325
105768927
391061
146265652
155286248
32076378
28057021
229715535
548974
203449938
450905
454953
11130587
8149208
60826095
82846852
82847667
468529
36023707
108280520
424712
476992
506886
206141356
28056991
195624158
431891
631328
201122559
201122435
240627158
155284630
193445832
194087284
194088299
87105348
8325733
82842887
402805
454901
454994
8149212
20449663
51842421
631887
341765
102558855
570856
543286
11227938
860419
10798451
34922751
192714180
431899
24692571
179367689
242742628
252585147
199040288
37747936
174878155
130783389
155650828
172073033
240626708
240626569
247982064
247983025
257847550
138889220
242086785
262301428
199006676
242086773
242086752
631842
242086774
242086781
166102690
263098055
203399967
1692035
23424401
11502543
174827224
113528419
175986066
177145364
62868103
262679218
78553450
31516131
27828459
10798434
31954748
11130609
11130595
11130589
20486300
11653433
43857823
258496464
37686558
182300718
182300794
235882829
235879501
174827227
128823148
74189619
1188861
28057003
37747404
235882800
157782346
197629282
7089455
45902239
261946950
204828533
1188875
58493545
143949022
176426493
27828463
114944306
114945641
166094383
111842387
76527944
247983038
247982771
247982740
247238448
258496395
252585239
196068277
251447958
155286056
32076380
252585074
248773540
242086751
242835297
242835287
250076917
229732506
229719159
75947312
11130601
41843992
75947338
186608854
1217925
11130577
11130597
208100036
127033453
8293110
208099706
156109182
31514598
11130599
82846958
71091119
177145332
61799220
64660949
164989621
174827249
196286354
113526732
62859042
235882858
197629267
77748990
1661213
160585844
249347463
247945174
54702495
131246953
214755031
44983173
261946931
261946936
249489701
31515118
204208126
250509368
129255388
198568813
90800330
216006928
216006958
108883121
114945692
164465463
164465533
169489769
251984860
251395038
200849428
155286306
155285963
217155629
252585173
240626700
247982389
217123705
252585064
194087267
193895841
176921742
115706446
242835303
242086756
214194548
251921168
247858537
247858662
1188873
108280514
3715797
263084625
213564174
11502545
31515722
182300176
197634002
37692720
235879355
235879493
164960507
10798436
28057015
177145339
31515513
195800707
190608561
64658461
20486549
11130619
10798445
252764175
8299375
78553443
631676
3693055
21023904
11130585
217266536
235882838
125138575
249347412
102581468
218760108
249308131
74189652
74189820
102558678
1481067
115754233
195624239
204207972
1406921
206141029
200004845
216007041
77220856
174248634
172907630
179726365
202610829
201122218
54704094
175533383
252585137
250549053
250548904
250549012
250548894
115702587
5464631
75510973
75510977
261804075
247982834
217123664
245790316
155284703
155645409
155286389
130782205
158763262
221225178
208591361
75511008
253106173
253104729
194087296
242835326
1406923
195201726
251521225
64663140
28057029
120790286
3556905
190608677
11130605
64661929
15350513
164500489
164494756
262859607
177145324
31514904
10705642
11130615
966497
1661211
11130575
3693045
10798443
27828469
1528267
860413
249309561
249309403
249347530
262292661
235882335
197628507
249308343
201122327
121221988
28056983
199104672
235882880
7089451
213964514
216006650
216006993
143951916
110096361
27828465
204210588
2664831
250548817
251984747
28057001
174606483
166102115
201122299
217641541
251984775
251395220
251395250
252585054
247920671
155283868
221225242
90800325
247238774
247981925
198103420
261026958
105540850
49502469
242086759
242835322
242086762
242835307
242835281
242086761
242086748
242086770
182300710
229725554
155975101
262907672
190608734
197857738
28057009
3556903
11130581
11130579
11130611
10705644
11130583
16422456
11130607
19718937
3693051
2054045
62702775
245782902
245776470
215745366
38422219
249347307
249308382
128555459
157833248
215745539
212921175
28056999
73323016
111440328
242086767
217515346
198569052
75947340
215636834
201121614
143949986
73323022
27828471
262870398
201308060
251395174
252585126
155646781
113337143
96369744
261803654
261803181
247982480
137853310
214195996
138892746
113338198
112074162
155286145
109661678
77221910
252585181
252949113
250548991
54760120
182300810
229726999
164965582
164502489
177317189
37732577
174827285
177145320
110850691
27828473
27828476
208099710
195201467
46650173
82845501
31515238
262915622
392643
4317423
182308559
31515680
262818292
262817688
46526539
1188865
28056987
10798447
12477244
966499
78553639
27828460
1188871
2054051
114008610
245316363
28056981
262060768
257759083
28057013
169818644
62704104
195881223
195881250
235878586
77548525
77330109
145762495
160309619
235880481
235878769
235878787
262991334
198572981
7089447
197780836
860421
203911354
198577055
249601199
36023699
143952566
110099387
160691626
252079720
201121541
19913959
1325403
176812441
177208953
25648891
98724589
195624202