185409035
137161811
199728540
248537353
105614684
107342987
208175164
34709164
185408437
95090673
95089958
101646537
142061784
95022884
216211176
197513522
185409456
185411445
208174232
229769657
157425920
88961789
160269787
124273030
129233583
119904544
125240687
160269222
171103535
207042208
216225856
247421221
109000218
208648844
34709120
166955021
111005560
125603873
174145216
160270421
10714867
142214034
113171901
34709062
96546672
139062284
174397505
96579673
52700590
197687748
127554122
162454494
243044238
188831848
120311945
113930047
80366345
117576994
147343198
116965897
36331832
113688025
56595002
170126659
111422633
786224
149520604
214742078
96588668
214076254
262037942
102463785
97474330
185990596
110584865
192952053
173674359
59456313
153065860
141363149
56193156
78957574
208652486
218755095
13816239
129233413
83750914
253390139
158618740
208685102
186979615
214076238
112441518
68985047
34709037
203697045
3794793
34709055
171253508
133829915
142226505
55609294
160269811
1227761
217521343
77702543
786210
215544019
213701977
97494872
124322956
142217413
107532514
113695098
97921695
145134500
159971531
112440935
160368814
77576497
155726528
210527455
215983480
185415267
1227759
74172386
217521375
109210125
34709059
215541379
101876200
241759031
133831064
100285724
140768658
196488449
212934235
112052083
1227757
786212
195284050
188963831
113930159
192951779
183910645
110205743
214742189
1891725
225957794
112193210
102615178
109377640
208650069
252041912
125603736
83020983
141357370
109000371
147008580
110205604
184124593
147371645
197500215
96584647
174145372
110205783
68985049
128536280
51031484
194769311
140308955
113687812
216387732
111422592
125603731
116619131
77576511
132195233
473953
410385
173189036
196768177
262038032
96589201
189677423
205814230
38589885
207933456
181378842
1891807
96555054
202643828
96580318
73585195
248647169
114688449
120472197
189671124
111422639
197669371
72944467
213955154
786286
174144768
21608569
77576513
174143874
169380982
214076232
174144756
1227765
641858
44841638
75284837
152844717
114660774
641883
632756
165707841
3679637
195875438
77576515
92504141
1891721
133651992
113695243
205695881
145762657
225947176
200628496
252882779
129233603
227718993
187839306
197501031
160269952
249669570
48010570
68985045
176080978
156177601
153945429
114687812
215982806
213698427
262038024
104268344
206521672
208117183
208648657
117578049
104268340
188832424
198436033
197514109
148952864
197513263
98864858
473883
214005467
93926417
34708990
249570268
109559751
473994
253388615
127554267
157070788
185030293
203697063
249672042
174144800
98869873
112052000
248647773
162577517
113930046
96574054
36573801
160268895
125604236
131280856
168727158
105614706
14464214
109210123
159971504
197924722
165971763
210509342
133828603
205819446
192951763
199977915
253197823
249501993
252892631
180610084
176522451
214742324
79460006
129711221
193536797
230027631
144342706
96544960
202645493
200683009
149409499
152369008
230027555
58294952
189464470
97454612
105602795
147588135
188831567
219156921
105159420
202641990
144341679
171734809
188832338
121171713
193889426
141357848
129711659
197500469
146781135
125603507
252587537
158807358
144464377
125240711
248648899
105160224
195875356
151676061
109017031
96574236
792476
174145101
217947769
121172000
136219730
86292105
102066460
29358710
197501338
158807553
192860528
632714
253292531
261840883
125604597
174145432
152785352
187837598
140981835
195875436
174143926
129711861
200682567
177776831
153539303
160369215
216900272
111422631
109003065
86892821
248647575
124887299
214591959
254256829
129712089
198994333
119315058
208276338
102066689
102139014
164540147
123442062
104505079
105157967
174143942
174144869
641865
214651748
247906563
100285848
248648627
1227769
188711957
1891769
52241672
163831327
214742233
195866939
262657401
207933442
252892600
107615574
262037936
82003986
188709212
109003011
103868202
113674661
74926314
92810532
214500828
220682185
96585799
217783001
181487956
34709053
97517501
200013122
792474
127554565
127554629
200682722
200683112
98963903
209409157
160082933
170105211
160269525
112328845
254256980
184783402
125604210
253292503
93374667
116018513
207658021
116619362
199733242
124887283
109210119
214742298
253185708
159095116
184124738
136742206
132196559
152869688
10714898
214076342
253388581
96545591
200684359
248646820
148952706
31877964
217202570
143503767
166398442
262037952
96555062
140747771
249671268
174145457
251983859
108999876
176401896
210455790
177207942
140229742
109210117
109548292
173610972
144341678
104380003
111422590
207818827
83750482
262038008
147593153
117577090
31132728
252892638
98133127
217385813
253388620
77576503
173449969
1227767
96574562
35760451
246532703
148887914
786218
139077271
173674319
259568304
106539915
127354693
187838192
262038030
135085400
201968515
187259373
104595655
186081364
125240722
253073878
225958147
109078606
140769271
96553332
244169649
205814313
251983880
113930178
205814764
203401697
242092460
225947170
187838836
86417448
181502950
252769184
78554044
152378148
168194145
171063456
195981750
207017208
187839208
209409264
96588430
96589237
85241424
177475290
96584596
102080475
243146229
97044142
144342744
96586408
51031470
56595007
410384
207722427
1891727
83020964
157425829
207898756
262038028
225958069
85241169
248648933
97922780
106539578
140769409
262675006
197687746
98132959
151783720
473997
473959
172840829
111688142
86891467
127354506
162023970
105665224
202644455
197337967
81587655
125358491
214076289
632788
215982064
214798759
786194
111422629
121228529
141357407
109555155
253389834
176522274
192860530
260438932
171258255
632785
215982555
203458614
473955
97042810
68261376
202641871
171063485
52259559
183567797
213692729
133830485
473878
207933461
87636212
122829094
189632612
217521345
183913639
197687738
116962317
97922654
632769
133718699
792478
121329226
217521391
77223327
1891809
116318339
243093246
58899352
249669423
181472831
197602875
104247434
34708944
114688584
202644643
197501308
113930063
207565553
101873665
14347806
99139935
89627617
140768934
207564539
216196907
85259558
2862623
243092989
129712802
262037968
253620523
161253941
162041877
248649036
102138429
96583601
151614848
205814228
68546975
210132217
140769117
115427113
241892322
219155879
253389827
133830046
98132953
55290088
207892702
262037946
171589992
121172147
188710837
91247498
103946928
216007061
225958067
160368905
210133268
157291984
72769576
138383722
117576931
177757516
80966911
197255734
197513157
144340580
96557390
253292276
214059860
214824221
92508370
11656203
197502773
77760938
196768182
58992771
262657397
202962151
113929974
82008367
247403944
78553965
120472028
214651746
174145034
169298118
82007709
140981746
77150368
96574662
96557387
116631488
262657340
473957
98184536
181750440
112052025
65590950
173450047
53155638
133682906
95090077
225947183
1209463
218726928
260438910
110380686
210153145
127554195
94802373
219152829
189341937
259568306
83341167
200684942
252803403
75337885
119501588
251983865
116567805
205814766
23636899
253319987
96583906
260438876
105512949
243226674
93926470
108957361
220667132
200013148
72944425
85241463
112327086
203285735
247907292
96433780
140981873
262017569
25206617
171259746
14508498
87636210
152447471
141358881
169936431
102138450
97044737
159206184
170098259
117576993
214500804
121329829
140768685
96556574
207933463
248647281
260438888
121171717
174144483
122829126
138461102
96586271
262674539
85241535
86302958
188708538
193745601
225947162
257835758
260438882
97513715
170329500
97484470
1891729
85241609
92811226
152869824
158807400
200841369
147380542
48010872
248648901
96554097
205814495
171254121
102062950
239196013
222705384
214500861
152785118
247783196
170354017
210425562
262037940
171063483
96587313
293701
176522447
253292544
258509160
140769003
205814686
177770704
189677306
171063522
91773867
177736464
632717
262038001
786196
201648187
225957820
107791995
201648985
144339402
73585240
133829680
170265775
121229072
112052008
136761993
114686866
185977993
262674375
78957550
73585223
37152264
123442703
167561314
189658529
632737
242100217
82390230
116976178
215982139
140332368
133718684
119501284
201167645
197502476
786208
174145511
73637143
786228
112442017
102118222
215891488
473998
186457022
160368954
786220
198436036
114688837
91302802
253292357
187838656
252892745
36318853
73585229
262038034
189604109
205814553
1891805
214076269
632780
83934328
82003950
82391278
247907120
174211084
124887207
242486878
86892853
197513292
82389308
96588056
13172378
86729253
68261840
192911943
214076267
205977382
117985757
262674359
96574354
262037960
72944552
48282673
35450592
260438900
174143805
207933440
179586312
21604089
473980
473958
473967
31193731
98132945
98132955
632742
632796
632730
116966042
116975460
127554523
201844995
129711278
102086143
159095521
786288
252400830
89675369
103945770
116018374
133831102
102139175
133829272
138559340
2258675
106540048
252869853
73169717
171063179
25207035
32360269
96550086
632695
177771207
133662156
116972171
177707785
473880
82006750
473996
106539609
82006774
163887327
146785811
31132747
114688088
248649127
248647397
248648673
473968
262037944
260438906
171590345
96583358
173449848
96586208
160404935
473954
203697044
197513537
86894501
144342921
144342288
197515063
174145360
141096630
102138546
134918299
104268334
254859552
252679736
212098
179586310
84873927
152160694
102135534
248648623
248648915
260438916
98132949
632763
262038022
1891775
90572430
29358364
102065840
112441724
96586603
124887362
165778610
133830149
124887336
187838043
124887136
102138462
251736640
187836904
177777240
197503867
144342749
112441410
249089631
197500556
112441802
144342583
160369384
133831472
116976222
133830815
133829291
53275896
133831280
197514554
133830120
112442110
57391246
174144337
249952934
187838110
133830274
133830210
188831435
133831896
112441233
139193420
112441623
252597249
254257030
248066528
114689235
133828332
187837741
160368803
102115804
97042431
168725500
182558558
89400460
225947155
89585212
73636032
73638329
114688274
147854253
214500821
138385262
138386014
138384668
254257057
195150848
215748544
262803798
106365373
140130804
241787080
207933445
262037954
262657338
195151440
171587961
262674972
163932273
96550713
121252525
248647387
173449821
147588730
207244676
192951757
96579053
197652686
192951793
78553994
67242331
262037989
260438878
23409687
107412414
96587674
105232191
78554392
68124558
72944548
68305366
72944550
108957382
246162919
248647393
92504132
179949957
202641907
21607175
34489288
25962609
225272918
191366970
138383040
191372209
29286519
1227763
140131597
200682525
216197449
142061613
124887155
112190644
156193463
114687303
136873908
168610868
171558003
144402032
207565555
201841867
207565023
16683156
85241303
251384468
144342861
87093184
133830475
155256557
117577193
254082786
108276723
34708992
114686499
144341651
248371652
98184541
133829201
162593439
112442040
140981773
197503263
165780347
251394325
112441571
133831038
131421543
114685865
114687423
247730387
251540179
133829734
116018565
102100303
154184588
133830018
124887255
253481999
54388703
13891877
253292478
253292563
253292263
253292288
248883917
169075779
248883897
89618584
254256986
254256812
198769995
262438122
215406172
138386006
110585272
193223987
193246859
216390638
114687255
125750141
262891740
262897813
216356395
217833514
263040890
227694702
262852780
100285750
114584971
248649321
248647744
248649305
248649119
127120386
151615748
262674954
116963327
262674551
202641751
147588641
171108800
248649313
248647559
115433351
262674496
209409549
248648777
260438934
192951767
248647221
171590038
97923138
181413670
163888929
189604066
248647539
170586253
248325928
25749842
73636844
69286939
142062091
252790912
252911803
187837099
187838569
187839311
174143946
133831230
197504639
132881482
187837333
144339504
112441830
13149908
109525676
160368754
86989163
122872810
141096993
114685751
170860758
133832662
144342562
209420314
206473637
199731397
23638591
171558475
133830965
197500588
187837550
87093221
254082630
97489991
210132246
104247248
157424468
247325451
147854365
147854613
183328586
253292590
252400731
140981710
133832082
72927113
134851987
187838297
112441628
133832202
205082402
168729387
159237315
104505201
114688248
144341124
5217771
95051044
129711590
143503287
133829715
89571694
52242583
31132753
122872942
124887330
133830827
156164145
138383873
214076241
216936328
215634831
247906770
114686815
202641974
121172752
97921483
125352135
248647290
248648839
171089340
173450023
174145006
216006688
216007075
50392265
189658473
181455582
163932540
248648851
248648893
169381119
171587964
262037966
262037980
124041282
60406281
23407691
122829021
73585225
96586149
230038818
225947205
261816695
217170166
22099039
33452003
142245066
151428706
207565337
133828831
133829218
204896192
207565010
102138939
188724233
102066658
154184471
127881128
145563005
144342560
144340927
112193585
133831217
197505060
160368985
133828941
133828479
179689285
199973208
133829500
133830312
169848684
160368804
149194934
112442086
34741655
89585244
253234785
14458121
115224823
54392034
254257288
254256937
254256759
225209804
253292487
164540353
176602143
171558111
144342547
31132735
156207592
133829852
112441546
114687339
133829105
103906603
158624585
117577030
108258853
119656295
197500374
106539920
133832007
168783499
141219170
198435641
133830614
173157718
125604214
200013090
175172756
114687699
138383545
138385413
205281398
262891165
152368293
242204378
140768975
229714616
191331535
262891941
100628811
117559169
248649026
248649040
253218951
248590341
192951726
209409362
192951732
179586307
262037982
96557826
31517594
96587545
113431195
73585300
3679615
121236362
262037991
262675004
262674294
262674984
152367466
262674615
97922552
1891719
248647123
248647507
259316903
96589276
152751082
192951740
262852775
262657336
56585157
189666756
138608076
117349296
198484934
204896289
169449570
171258358
71669299
143864326
164073981
247907090
23632434
53272119
106540034
172841231
169310721
82389137
114689350
133828471
102138824
25202148
122869090
112441489
133828721
194769191
117577902
104387085
110749981
147011253
160369277
133831094
105170490
253292358
112441097
112441548
78487106
253292627
253238742
183912396
78013482
124887332
106364550
206306025
192124952
247906982
144339595
78554312
116018650
54426847
131280510
254256736
127554630
114687065
133831689
124887302
115224352
102120469
102139150
116965850
112441491
197514319
170987043
133832008
251540389
145134637
102110060
102139144
136874164
122872405
143612518
106364680
114687900
108262748
108257650
116961279
97044617
169372681
109377645
103945395
251736577
160368989
124887248
102111010
162383217
168610866
168964857
150877339
197955196
262755294
114688582
218750222
262786778
14458739
199127621
207555036
247718194
142796118
214500875
141096757
248647194
248647375
248649327
209409521
202642397
202642055
98132942
98132947
1657763
225272845
98132940
98132938
105231819
189668101
174144019
84998222
68261618
247907078
196224446
263042857
260438928
262037964
262037978
73301089
96551846
96588722
262037958
262757671
262674597
262674585
171089363
262657688
58668513
192951803
157824786
251590806
180528153
160671864
260438894
248649113
107412440
248647469
248649103
192951759
192951751
248649072
248647315
150864416
49641821
248649053
152844546
252012034
196225761
262038012
184783375
214076310
262038040
247814609
152847060
86893254
174143906
249742003
144342600
252557804
133832247
207564683
128326365
133828574
31132684
133718716
786284
109003070
168610834
102138341
178089446
197502413
95863945
111422668
82389795
198435692
103945464
187839617
125604020
124887166
133829137
112441944
216439203
140981887
183328629
239196284
254082550
102138959
17974776
73637314
54388859
54392315
165035242
112190279
117578001
174145422
144340759
114689136
251736624
133829073
174144249
136872025
1814451
200851996
116018561
168610802
171891789
142061637
93245741
213560279
114688273
168732143
254256869
262028080
141219057
197501861
102088281
103944075
113695179
147854272
120666064
114688838
138386422
114687521
199142921
165034216
195150277
140768899
217826056
187328890
1227771
195126552
248648874
244306734
249611174
248649083
197582913
262038042
262038020
97510224
96546909
96547152
96552344
262657711
116969372
263208147
263207542
262757673
57024283
262674514
262657668
13172704
262657399
78553959
97513086
202643751
97922839
156202179
58571649
189603767
21307479
21603746
177755803
177770836
81936788
208402909
24900565
184784142
197500219
75405591
34488956
142061810
263394160
248883785
198076557
193639590
14659776
34708988
53261514
102086262
205914866
229809372
14966844
177998955
14309747
1411397
91774093
14299482
2862631
109375610
203393189
95090109
214500740
49654829
152368289
88798390
102138865
102108966
177777777
117577033
92817950
97603924
217549433
34709113
114428312
140309101
193639534
95014579
140587826
91774130
253296190
75298340
49654746
104507342
14301895
208682655
102120634
87092787
225958060
247906344
242453434
14662898
200685646
113824057
177777725
102110221
140309362
117577186
1411377
248522992
102118724
35730491
140217799
117577926
254114201
121171766
197182843
132094749
102138944
205003244
82208072
91773836
208401317
160944351
252674844
177778504
102100414
177777130
75783202
153539518
152762407
159848555
140241954
168969620
59466711
48757055
177762464
202641616
104268342
102139003
177763455
158807375
174630636
86417247
158850081
89415717
104268336
145468431
177767503
214076292
177771593
155263232
214742184
167018919
48828717
110750220
26591107
176603077
85241208
243016397
202645399
96554571
174145531
82006712
151429535
177771428
102088359
151756870
104268346
36747131
109377647
83020779
143503251
214500839
139150006
171729628
214608779
247820263
102139146
174858495
19449258
209601074
174857599
112441882
127758471
102139018
89644753
214608725
78954879
242191184
253348445
249153702
14296326
263310336
263308944
140217873
177754261
102139083
173303244
176464987
128326221
14302545
176304625
160125717
251736626
48828698
170649661
173648765
215099434
34741637
138385771
4270627
111422683
170652262
102115871
218750482
102111610
160052867
214742056
102100621
242204414
97922563
121172476
168871280
113451385
114937455
205974070
170850586
134311493
176464878
70504161
76479301
73637781
73636123
202641849
263318725
62626691
74306579
168114563
111207939
173188394
247840508
111998755
247857424
214761781
138900023
171558245
102139152
117578184
131961089
209410139
68414816
167018991
160944272
198965932
214500841
215546007
23404537
91770635
116018227
47421253
102139196
247718201
262755592
138382649
215546206
156176342
19699040
109560063
102138541
181809417
140216608
104247613
225922016
208401260
181809421
103946620
113589392
102066694
254256923
113588475
113695572
113695429
17001552
102066662
104367125
225314518
36751323
85241570
79374471
160944281
102087709
102138456
68202829
102261669
113695510
102138438
102066637
85241344
176133117
102063236
102065932
254256965
104247550
52592596
168972454
163848808
144491178
170771797
103946896
169499851
177493681
48811893
177493742
262755683
97922378
147411472
254257139
112193511
144401526
11662736
112191344
49654911
252795017
253238753
102080967
248648705
76479211
102138875
220682182
102110407
102100798
102088044
102139010
242753910
102120739
242758770
50006922
242760429
242753821
102139217
102109426
102088757
251575740
102120343
42712374
102139148
102116986
102138465
102138953
252795023
102139021
50194851
102139085
102138344
158810468
102139173
102100485
35723478
158810540
48652700
35450311
251575746
174143794
125604071
193858319
79395888
116018461
174144730
116018579
96303531