331578
2182071
418297
706162
719829
210138564
416456
192988469
2206831
2465269
426411
416384
25203127
2371039
3854915
956562
2290915
10831331
32196811
587618
2206827
587546
205823798
48755558
36316286
416419
192074168
974657
55287864
58710657
2182091
58710938
55289007
129538050
125089798
2207711
426714
198562125
32222654
46612817
198562333
491187
10320247
87045202
31516219
2209203
706949
2184689
10831122
191779416
25203945
73766256
48754836
342773
55288748
420780
2184455
31516168
55287845
106352098
2096987
55288676
98380897
252892482
416402
435023
160604133
160654355
2097099
74538036
6716263
2361127
2203019
25201857
252892477
55286689
50322816
331539
420890
70738937
110126333
34752207
2175519
116749344
36315990
2183605
252892486
1382607
191780349
2371037
160654371
2184595
956566
2361075
10788082
2057393
109945647
252892480
587605
2182073
2361185
25203762
160604190
110126347
58339233
116567157
2097213
2370973
198562303
10833835
10797881
58710423
2377357
2182089
160654390
67607351
2183927
116567028
139529744
10792301
168162936
167596548
3819065
262305692
2371031
160604127
109945626
110468707
217721629
177659924
3770065
58710562
1664857
55285090
98082558
263209963
10833817
10792018
2389615
2371027
2377433
167654926
262971963
2377793
111198216
160604169
177659931
10801501
10790788
55285980
1384843
1382611
2377385
2377437
111153719
2202729
109945630
132191802
109945624
132191806
132191842
115967207
217722589
132191814
160654363
198495255
2184867
55287133
416439
10792109
2465147
2377491
109945573
252892476
2613085
67607345
7955073
153921155
2361429
32196827
2061981
52345154
132191829
2163575
263179651
10801193
10788017
48755264
116629552
2377485
2502977
1384837
2465275
51031181
202962068