33357334
11507821
193616589
95096181
73090194
217172863
217181788
191592890
150998898
217173365
83397918
15067133
248188002
189470888
87103665
197110215
252102027
82433207
103817872
73338395
244163177
244161068
99087338
53845795
76161180
217180335
217182013
22038885
227289068
189538805
35202814
473273
100184937
191594182
217181976
82994888
191620941
217766733
216007121
174305398
50332427
198966587
88825636
3324647
198384384
106185479
191592362
191592796
196810105
167957885
217172027
51593145
198413578
198587406
131549135
217769022
118285453
214732607
214735534
217180303
215982846
165034918
217181145
216003153
124519984
75345915
55464902
54987735
102640987
33358906
217181731
120337491
79192079
113930051
17476401
41793143
75354734
88826247
72944348
244166393
174302290
209581304
10321515
88822399
187276215
35206943
20817947
953887
174308433
202645582
247731098
41791727
473261
173449700
74989375
244164942
252861390
147124845
235601338
8825798
172841761
244164124
121020677
208441126
745423
105897757
215146611
6965309
247730692
262907351
167958236
248869762
177254410
115785146
247818555
87226484
216167156
10678455
247731147
208682058
52255451
225298408
217173240
141365186
209878068
88949765
2644421
252102022
83017164
145562421
244165239
74964596
106381854
113930057
88225883
55386939
197543354
75349638
244165004
16856958
252765693
189947335
3324309
168868259
207794525
14569107
20367019
1585833
244162661
130192286
144200242
174627372
244162566
244161994
4423679
19739095
227288935
248263256
189947164
5911629
150998903
259478045
14567676
20366787
87896688
19747762
208441877
20293331
252771285
217180967
187782946
216099342
204387461
130194833
45235647
262085065
140994915
187285693
248194556
3667281
198929834
167047160
253618940
68819577
248934554
149444864
205511864
170918740
191604707
198413178
201293582
34323176
97012441
3277311
149408099
115609646
83002012
120340717
68741379
252133089
29288404
151626467
201679088
140995646
22833269
217180516
204387284
197664712
179074364
75108307
196177017
36950157
139141463
254895977
75362801
247666073
44874917
55023341
209594242
201966194
48322157
253136230
247706596
136795873
222458202
466335
48838344
161018332
745395
121497921
247686493
36941223
215159689
217769040
92486085
34909763
31246391
247304990
201939325
174302252
214760454
87236335
249915559
217181792
89854837
103623848
54439579
5722785
203506201
244160112
745287
127554095
35222512
20286503
52580130
452196
174305576
244165283
154184687
127554401
197067875
198892838
155933339
247305552
466338
21711506
72487175
75368381
199681839
127554419
201932230
58932758
252133136
201892937
75369017
170922510
46597853
217767267
6965319
206236591
17476403
74960539
51599252
251275404
192121071
20477577
13630406
53092918
198932815
3324321
147588479
217181907
225933788
189947052
244165241
201027787
244163503
127554127
189947331
253244121
224427485
129096147
3324689
174305346
171169648
244164536
172111660
203458125
153884931
189947355
187836868
190172445
202643639
745390
244164718
252098573
207402415
244160113
187837058
225934764
189946892
244163332
253072065
253076045
244164024
189947088
135815364
169736632
22833307
244165849
244165813
465087
192731395
189947293
162136948
253073969
247304336
101870879
3324561
20817989
54580686
251015679
244161813
217769016
188697108
251516134
50064600
217769131
201911082
217570847
58906298
174305072
189946946
3680807
144757171
34356746
202420009
216098005
229804711
189947275
22038883
164540796
247730524
53242594
473254
243057641
58981836
259561566
31517260
193482373
206662419
217769109
26293223
196176575
164165081
89492816
174302588
48895784
22833377
172529383
5033283
26292923
192731419
168867980
20297304
203774777
189947235
132841566
474048
64219278
198187816
474040
203449564
704598
225957607
199682650
106539389
106375808
139816258
473263
139559399
262674547
202642661
202645606
1585831
197065736
52250828
217767317
203772483
75364463
127554228
189947327
244163789
225933976
217512541
156198062
125253585
124276640
4424939
202644098
174302560
157143182
54137886
174301673
10683910
80960446
54582285
189947532
98182532
141772462
217767259
247444479
189947357
209586004
32701466
3324505
466328
198929457
27889466
155933336
189947520
50335285
167525586
217767237
204387264
244164695
473258
473272
42839171
473271
155338636
198893489
253238974
226979507
205512190
52254492
248185987
189947198
201307979
132841572
204387353
168114413
188697578
252672882
101870857
170280546
68562982
147721334
189947217
252637803
55204996
15394201
163148715
214813304
144198308
189947082
148699567
203999832
225957784
199681995
217767235
199682729
135785903
252614152
200646485
215147116
229804517
186743148
127879559
217767250
88826219
252627681
174311855
173392460
473255
193483778
36319191
189947092
173008165
203244446
198942082
189947154
189947468
209604529
209604515
196069735
189947664
201349949
209604489
204622749
168120919
127554247
244166414
244161741
45347939
189947305
189947079
207493320
189947279
203999867
164537403
173303624
203436423
209604523
209603927
144326531
139558377
143887759
252098455
260808162
214868265
209604519
127354379
54580692
247730648
225933060
203435914
189947193
160369348
239824522
49379370
244165212
197973055
244165537
253296072
225957321
262482195
217386663
180041798
262602588
244162225
251335946
261844299
262825245
253331972
244165971
263252432
174439129
174308944
173382960
174308404
1724843
174439095
174439111
202643963
46283346
202642532
113792777
209409888
99045663
173386262
173398853
242616272
174601264
198490731
3324915
197183120
198893407
197179138
193482870
198964620
106395090
252720909
107388899
197182383
217724463
198965042
263339267
259560446
244164244
253127924
252789443
244160912
200684040
89839634
45346624
34356898
189947313
203448629
244164332
122872546
217512239
203770393
49483731
160133070
176695742
247730633
172287267
144479380
189947189
172842015
215146184
216459349
214607705
130182344
144756012
2075273
50400364
249816422
216901424
189947227
192731286
167532279
214742106
252077629
6965321
244162008
197104869
203457607
173150957
164541132
253205073
118687809
247730787
252102014
189947068
253296320
253245135
215119344
253892135
203457472
49301660
259559544
259559966
3324337
196577071
196575381
134355485
259477914
244163489
259559549
259558441
127353972
89492772
127353169
115609639
262825332
34865996
262825350
252636809
14118702
263181074
116982354
23377385
209409171
202641558
202644697
173392992
173382733
25005848
21730860
54799608
3324305
155327700
174307508
174306259
173380277
174312265
39333208
24843471
1724835
52655318
473268
254710608
197066882
198892574
198964569
193486303
197183046
217721498
198966561
197182892
198967485
198961875
150992022
54582280
158205742
167452670
190513053
187837203
17477623
243104856
189946934
209604513
189947098
189947299
34356762
208745422
195340821
188713738
209603931
199972867
217767288
216409050
34356526
203231084
49379600
175782044
49379789
153534831
243104488
206306930
189947670
209603937
259562011
203449610
111177770
252623870
254896650
113431173
110585838
196575996
244166376
244164119
253348473
244162804
151509423
153884839
253050013
45310219
247731230
189947072
189946930
189675314
203435109
209603939
209603929
189947083
122871500
189947124
189947526
195342489
34354950
203240151
214742119
203229547
247730869
247731146
243084290
189947277
259558860
259559838
189947540
139559073
133563614
259561494
244160984
259561935
261863024
199622039
262825309
186737549
263248261
263266458
247299619
10766665
13893288
20260929
45430537
202644572
202642036
202643743
173385721
173389763
174308768
174307621
209587293
202643642
51598770
202644209
198892848
198487091
198967278
193483506
6919999
3324301
155330242
198966236
198964215
217725350
217723881
217613230
217722449
263169291
217180778
167519447
259560903
214911264
181218363
209604525
198937281
34356041
209604503
203448677
204000034
189947271
166009951
209604510
187838889
75371297
144341009
189947618
189947148
189947195
198934533
209604495
33723242
248263399
149658326
144759061
189947309
209603923
148075959
244161355
244163716
259558718
248792402
259477882
166073332
192731415
148700542
178607207
189947181
144758312
203772765
192731255
209604497
139558214
201298881
144475794
2673945
147714870
189947112
149193403
252069071
127879104
143503915
109601715
189947537
259560014
244164884
203999878
251022104
216094796
262501788
262489334
191267290
106540031
244166602
232482855
259561228
261867036
261875627
263256918
174301629
174309490
174302525
173384075
20260011
202643214
202643349
202642137
202641352
13893478
174307702
173393151
174309081
141489386
20817841
242616324
242616459
59413256
212556185
263325799
261964256
193482090
198553634
198963637
197066344
197180642
198892651
197179538
217613835
259485621
261885127
144196823
466336
263339362
189947325
209604505
167532267
133562518
252625242
203457329
225934556
115224260
203439119
214742130
144474841
199945993
189947114
214742158
198935077
209603941
203770560
189947102
209604509
209604517
197114446
197105582
209604499
209604487
53242149
34356867
189947136
214866819
199020907
192731257
251418581
214868189
196576287
195888667
196575856
196575655
196576369
244165003
253348901
107351132
107362041
168723333
209603925
59155474
151509348
244162473
205837728
243104903
204387294
244162253
209603935
189947351
217512486
198935592
215146066
114186282
215147492
192731311
203435009
130199771
248799735
198928593
248261311
217386932
263117640
263117577
79192102
51600043
110099734
245932046
173422371
173364670
262675032
209409508
202644009
202645029
209409604
20477558
48477921
174309315
174305467
51599338
141346667
202645403
217725156
198963950
127378820
198550988
197069004
197182918
198486790
198554405
217613107
263339131
259562120
209603933
203227187
203230339
148076185
209604493
204387297
49301649
199020463
217513164
189947315
211121216
243243883
203228413
148699812
76474772
252098532
199630403
209604521
187837211
34356426
189947183
34356621
203231621
209603921
97927198
189947094
209603919
189947158
75369803
189947179
209604501
3334359
189947544
189947166
189947119
144483043
110181101
203231408
217769151
217513479
208679872
196576715
222665457
200701605
259477868
253348959
90174641
225957783
22038881
253297151
151509262
253085777
247730661
227288900
252090970
198928562
205070303
244161727
189947219
139557708
127354675
262599390
259560861
259562556
259560579
262906899
263042768
263266479
174305861
173402763
174307738
174441916
55214566
174312403
75366394
202642047
20818675
173359792
173402576
173418759
174439118
202645737
202644727
202643046
202645797
52650842
54876911
212474298
2408693
58578212
21483347
197067661
217723309
198961309
208274724
54880632
244163105
259562242
144200238
7990602