73139676
225207173
85029033
103471709
133939074
133949620
165992295
118420733
202597492
127564524
202379529
171544633
168293399
213571977
135754399
185854299
51903714
23424621
161490021
31515842
1534413
3693065
8149234
204803614
204803596
204771729
601472
75510971
10705654
47799414
75947332
172915739
242086745
242835301
204815935
17369998
75511010
208099712
73174772
110850685
27828457
243025183
16422458
215914462
38143338
44983187
79126526
261833563
145641462
16422576
51540907
196292024
195624174
195624229
91552305
16422544
16422520
16422574
31515831
44983175
196292032
122901564
84651734
135754397
76126072
120790290
72742666
18544822
16422500
44983171
16422454
3693061
36023726
109515306
564640
249700048
110883353
21508572
260967847
15186754
8149214
249940485
178226037
193411642
44983181
133939377
49502242
26147184
89204259
103118404
75510982
195624169
249700052
22777633
257867869
15598519
1661209
214755061
249700057
1188867
455393
198614293
226964307
454880
225918670
195202033
195196100
196389793
195202140
164961809
201829054
215914460
49502236
18081150
242835328
246851495
262861727
760562
176943941
532305
204803617
177924681
120790288
204803644
18067877
109515310
56339543
16422590
169489772
204771687
11130625
193701771
110850687
194087263
204828535
242652510
564641
242086747
13828959
243034027
249861262
10705646
201121653
58695351
15186752
247982133
120790294
11259261
10705656
198424578
42843245
225918592
11130621
225918537
225917742
217519627
146265212
11130593
93333163
193160053
631278
453972
225910739
169818030
84469227
75511014
198090652
403827
225910745
1692033
17986981
159276570
31515041
249934624
26594792
225910734
213936029
213936019
198090794
245328849
564639
31516139
249268721
193858297
215745415
49077850
48399095
215790469
29830550
195202276
26147174
431816
441202
532380
113526542
225918494
225910731
14513947
249700051
690678
58829935
120790300
198568621
253227569
11259263
244303541
107336473
253227630
187291294
194087247
201122665
253227603
12027528
250057572
16422498
115794818
75947320
62860048
543283
225251247
200926162
101638541
225910733
208100038
201122559
201122435
11130613
470701
44983177
247983040
182708494
34922765
216281409
21508574
224921577
62866796
20480113
58695339
392640
569708
454960
1055774
584140
11502547
410300
3693067
523811
178226094
155995174
21023908
201122218
255612007
1055782
2664829
1055808
22777562
428892
476511
435138
525079
1055846
439364
631826
201122299
148840103
584371
31954758
34922757
113528938
195624189
476506
543263
476513
153921863
213571976
603919
32221751
75947316
887232
459146
194088340
263022264
7976704
103822633
89262126
395214
48992900
253377642
1724683
584208
631806
213718734
134315603
22777661
242626953
145821857
120470887
201145807
335280
75510981
240627026
475982
240626618
11130617
82846888
182983718
16416801
576039
81588316
77330100
74189869
75510987
262870391
252585229
225917843
11502549
3665159
249348464
38143340
262646164
2054039
192950791
253377698
253111530
584129
253471998
4317409
160585692
454881
108280536
262734627
11130623
253111668
201794984
251460377
16087076
93333165
253308836
28727437
198537708
8149210
450968
631874
93327791
32076384
206141134
8142364
197782191
160691647
102559023
41843988
208192245
1188869
31954792
203434053
860417
196854321
253471988
52135968
213741412
435134
208099708
257770240
244303528
31954714
227973186
22980656
225907090
34922761
696443
431881
86590142
73676178
4086379
3665161
431476
32076382
431880
169489775
431894
215914458
435139
225910737
506495
57956625
197633978
19913963
435745
526924
468528
459527
71091116
82844895
75540716
20598662
601404
173865371
197633982
178941234
112076971
194117138
44983183
7089465
1055762
860415
115754223
175154830
111852398
631252
174302495
437218
204207204
435743
1188879
58547349
120790298
2054047
469533
569675
19913955
459532
431584
120790296
473860
468481
82843447
196157257
475553
242972563
245776568
1188863
570846
253363139
459338
4086381
201679161
403807
229701866
431882
216007034
143952205
110095185
631322
631250
247982814
398765
194088317
441341
79126571
887884
475656
60822163
82847618
82844940
454883
196514446
431886
21023912
414149
71091129
424760
531075
28057005
197735366
214730657
56514257
261824757
225918467
90800323
89204268
145550320
202038549
202033649
242835283
114944671
631340
631276
479791
128711685
190608691
1188877
631786
65095966
51654464
601394
468470
402811
626291
476997
60819798
77548581
182300009
177924650
208100034
11227940
558560
631325
105768927
391061
146265652
155286248
32076378
28057021
229715535
506886
8149208
82847667
206141356
28056991
203449938
60826095
82846852
468529
11130587
548974
450905
36023707
454953
424712
476992
108280520
195624158
431976
431891
631328
87105348
193445832
240627158
194087284
194088299
155284630
51842421
402805
454901
82842887
341765
8149212
8325733
454994
631887
20449663
102558855
570856
11227938
543286
860419
10798451
192714180
34922751
179367689
24692571
431899
20008058
240626708
240626569
247982064
247983025
257847550
138889220
174878155
130783389
155650828
252585147
199040288
37747936
172073033
242742628
199006676
242086773
262301428
242086785
631842
242086752
242086774
242086781
166102690
263098055
177145364
174827224
78553450
31516131
27828459
10798434
31954748
11130609
11130595
20486300
11130589
62868103
113528419
175986066
11653433
43857823
157782346
197629282
166094383
258496464
37747404
203399967
262679218
1692035
23424401
11502543
182300794
37686558
182300718
235882829
235879501
1188861
174827227
128823148
74189619
235882800
28057003
261946950
45902239
7089455
204828533
1188875
58493545
143949022
176426493
111842387
114945641
27828463
114944306
155286056
252585074
196068277
251447958
252585239
76527944
247983038
247982771
247982740
247238448
258496395
32076380
248773540
242086751
242835297
242835287
250076917
229732506
229719159
156109182
8293110
11130577
11130601
41843992
75947338
208099706
11130597
127033453
82846958
31514598
11130599
62859042
196286354
177145332
64660949
1217925
75947312
164989621
186608854
71091119
208100036
197629267
77748990
249347463
247945174
235882858
54702495
160585844
1661213
61799220
174827249
113526732
131246953
214755031
261946931
261946936
44983173
249489701
204208126
31515118
129255388
250509368
164465463
169489769
90800330
164465533
216006928
216006958
198568813
108883121
114945692
251984860
251395038
200849428
155286306
155285963
217155629
240626700
247982389
217123705
252585173
252585064
194087267
193895841
176921742
242086756
242835303
115706446
214194548
251921168
247858537
247858662
175533383
263084625
213564174
179726365
164960507
28057015
21023904
11130585
20486549
3715797
108280514
31515722
1188873
11502545
31515513
190608561
195800707
11130619
10798445
78553443
10798436
631676
3693055
177145339
8299375
64658461
235882838
235879355
235879493
102581468
37692720
74189652
74189820
102558678
182300176
249347412
218760108
249308131
1481067
202610829
115754233
1406921
252764175
197634002
217266536
125138575
200004845
206141029
195624239
204207972
179371950
216007041
54704094
174248634
77220856
172907630
252585137
250549053
250548904
250549012
250548894
115702587
5464631
75510973
75510977
261804075
247982834
217123664
245790316
155284703
155645409
155286389
130782205
158763262
221225178
208591361
75511008
252078226
253106173
253104729
194087296
242835326
1406923
195201726
251521225
64663140
28057029
120790286
3556905
190608677
11130605
64661929
15350513
164500489
164494756
262859607
177145324
31514904
10705642
11130615
966497
1661211
11130575
3693045
10798443
27828469
1528267
860413
249309561
249309403
249347530
262292661
28057001
166102115
235882335
197628507
249308343
201122327
121221988
28056983
199104672
235882880
174606483
7089451
213964514
169489766
216006650
216006993
143951916
110096361
27828465
204210588
2664831
250548817
251984747
251984775
252079973
247238774
247981925
90800325
247920671
252585054
261026958
155283868
221225242
217641541
251395220
251395250
198103420
105540850
49502469
242835281
242086761
242086748
242086759
242835322
242086762
242835307
242086770
182300710
229725554
190608734
197857738
62702775
16422456
73323022
73323016
111440328
128555459
245776470
38422219
249347307
249308382
245782902
157833248
215745539
215745366
212921175
28056999
155975101
262907672
11130583
10705644
11130579
11130611
19718937
3693051
2054045
11130581
28057009
3556903
11130607
201121614
242086767
27828471
217515346
75947340
143949986
198569052
215636834
262870398
251395174
201308060
252079720
96369744
77221910
252585181
252949113
261803654
261803181
247982480
138892746
109661678
252585126
113338198
155646781
113337143
137853310
214195996
112074162
155286145
250548991
262915622
262818292
174827285
177145320
62704104
110850691
4317423
46650173
82845501
262817688
78553639
966499
46526539
2054051
1188871
12477244
27828476
31515238
164965582
164502489
195881250
208099710
182308559
195881223
177317189
37732577
235880481
235878769
235878787
169818644
262060768
1325403
392643
31515680
195201467
1188865
28056987
10798447
27828460
27828473
257759083
28056981
28057013
77548525
114008610
77330109
201121541
245316363
145762495
160309619
235878586
262991334
19913959
54760120
182300810
229726999
860421
197780836
7089447
198572981
203911354
198577055
249601199
36023699
177208953
25648891
176812441
110099387
98724589
143952566
160691626
195624202