95090643
182724618
182823110
188708494
95090228
190565198
85186200
107773093
260111528
192951622
72913124
214824079
22168123
262021243
155113250
209104321
189674393
187837941
213845644
95090247
16254085
102133427
175527310
84874169
26473241
110361540
65368391
214824026
208886905
75377050
72305475
95090182
192395860
11713819
188708628
32850846
201004223
209120004
24155040
225919095
193550884
188711057
22145478
148701285
208905069
24155226
121949956
129712394
49048660
150856168
153256035
26613834
217153573
14168871
48476895
83020687
16860513
50737466
225958198
31518614
25004227
138326981
71683888
105614660
263067621
216227287
169130738
197953791
145562474
217559465
205685540
144340797
217535655
262522711
210335558
121627325
146632787
241758952
153274449
70817452
133929372
205664437
205692549
249680704
121626877
169083246
199008538
203393227
23941143
251983857
82939005
217180725
200684742
196373917
167523258
131280657
212256361
232861148
214082790
57895388
172501103
77182292
127019751
11655793
52523866
192577772
49941661
107907441
7412485
111119813
66717729
251983863
16254114
248907380
263104581
149776348
2502337
41265476
159910492
32750684
143568764
56717124
207937018
188708255
188710479
147809777
111059130
143612085
215097887
10773786
11437127
129711138
149459753
85364647
153257220
84874071
163848642
152182645
252911885
77965873
106307681
115967967
164068961
110377759
111928311
119718951
141362772
143321056
15403247
205666040
200682721
139078176
126743067
143029599
177976129
121171719
171587942
105985466
191770978
82390867
46755447
195277559
129712247
143839071
54799812
111299325
465871
35803138
172291274
147810423
158893950
106307224
14789015
3347211
23808572
204877180
200686209
121635149
48609578
171101289
188710862
98056969
169380774
139908360
24155155
42229932
115968541
31518564
56333922
33596292
225960058
44884745
222723853
126743159
205667801
158409783
160410259
163919837
169380690
41266210
170330082
111129852
58963691
121171659
21314252
214868202
8511831
262605471
202645387
31517746
114629177
160410257
97922227
97498712
26144665
75655954
148700684
115968815
52325129
71683457
141219368
145433471
172211081
22257057
189189989
51708830
11245866
121171871
188711658
163724974
239196075
138725088
29809975
172936055
16254122
157256579
132062643
19993471
135733369
153657620
110975540
23409710
208278280
20303168
195850613
148803391
120549272
45909407
24910922
54801571
251983861
215982924
132713039
207562542
166072073
142861057
243058146
251983853
262605461
84874006
169380694
82390841
171309
110215981
172497187
209603175
48480355
207564907
164048319
207562560
252819385
249686346
198436089
94682503
247907123
82390214
160671848
169380500
243098538
41265484
257867499
58531720
50268498
76136982
564629
111510161
132994902
207565146
7412579
206131464
48477561
84873998
123442098
205292568
157426786
128517108
254257073
20085990
214867864
214868073
97714210
242191243
165911084
55886348
116254617
140769326
33457357
117985546
205292572
10773765
14179856
51894805
13944574
116372791
135732845
60743067
114250563
48964790
11662760
59421269
154445835
102158914
12519641
51030051
158811598
159095631
262605469
169379631
82389292
65368378
77965818
134242729
148698678
10323869
47501906
125659047
251536227
16833227
74207901
23641230
139908253
257835633
82390869
535817
25004329
75991814
138929642
139136102
47504718
115224252
111981879
54798989
148075080
169461973
149382847
196018076
170330148
199251329
163826466
180951704
205289080
205287952
188831419
214933336
79232171
169339637
150997508
169452214
134918328
207562816
247718278
205050504
193382728
203202941
248066470
254257261
254256862
131280842
196399396
188832140
128327010
252037272
107991119
252566609
244174393
170311086
260920578
260920567
257553569
257553628
205692602
247299086
7606679
114638765
262476554
143495585
245075279
12520555
12519594
257771073
170520066
140768742
217153603
263207546
222723862
262699521
15242414
169381077
52414360
62881453
82389446
260438902
74208050
76822023
31517697
243097453
177976402
97923279
25034480
198964775
176502304
136764279
173697444
80968162
202643883
168619461
240369421
179745707
248262508
145411463
77182241
69323563
77182239
77182251
137543892
129711832
176789731
187839545
167607523
252400915
163826473
102759710
118968816
171891584
164048406
262079753
41265480
171828900
248907307
137003721
171167557
214910963
143115359
221254004
252566647
54562667
122871964
214073242
249867619
198435796
257551916
210509618
260920614
261114881
252819379
252102599
249536420
254256729
183375291
207901996
105779051
182086879
251394928
155189265
148899864
114680207
148810964
144758275
140768663
249846641
263207467
263206816
160269405
25679313
73301210
53231843
195850192
195850205
123442268
52414352
193640597
262605488
24305950
175527308
193976719
169380676
169380174
169379620
184698225
205292583
198396261
247285994
14180725
260438920
260438912
121171968
51004763
97922662
227179229
198550552
4502841
181508005
161266299
171761211
122191872
157135834
170863167
77182243
85562694
81701124
129645395
110976421
258369949
217153587
252889591
252784574
85241502
142674200
205509613
173616289
201004248
97990702
118275190
115223712
134283294
163570219
205273286
195339415
205018136
188832250
215162166
260920451
138559410
251392202
216204828
215120081
254006920
32410653
162384741
134282916
145134270
11655790
187839122
205287898
171875926
102759727
56542407
214868007
54802297
170741165
102897838
248819471
252065067
171808842
113754702
51030019
158494980
153658325
140769014
262605459
263206808
263206710
16858873
251754993
149776338
177986375
177980659
73565822
184859298
169381020
123442893
72769484
246162364
52325133
262699525
262699528
169380151
183787422
130979388
144409961
176585035
122094819
105801996
140999913
139140961
197066148
77182271
77182269
77182296
146492766
49182568
246532962
263054056
176789729
192577774
169235524
171729951
252566619
79366609
247404071
172030285
54801927
214868286
252819404
115241931
260920492
111516086
260920324
260920699
210164216
254257082
248066462
254256811
252566624
104103523
54799814
199975086
216867604
138899319
119108343
161905785
201153179
198435851
252566598
252566565
170864170
149659311
164513122
47501735
262689421
121336154
217153611
210133905
119064187
168532015
195651904
143589326
249581965
41265472
142849618
52414362
25005671
52403121
82390106
82389188
23405578
123442064
52263576
118522886
14188994
169380994
169380966
175527312
262674694
149520711
137114758
48493274
137994501
167147486
77182246
77182298
85562640
179745634
93949897
122094789
108632095
132980944
172498866
147099582
2692729
225924368
85814809
155218427
214656810
159668319
170160303
139816355
163849502
149274206
142858260
128608432
158811575
217322938
48602325
200762272
149274377
171534352
169687270
170842096
162970137
185439178
252911812
253189623
197514788
251324311
135732695
139192134
164538641
169391593
249531822
143862809
189341074
198435675
121414489
58273431
214742112
4502855
214593724
253400343
254256987
254256739
254256732
254257215
115241245
217729928
230038607
247299533
254256858
52847254
214603199
116185566
140768894
217153593
262605427
185925456
123442075
72769602
195850742
41592186
52263582
262699536
260438908
193976714
248647343
169380099
177989354
29362495
186816978
198963194
165631507
251535479
117552400
176584903
4502819
13944585
47514362
178944732
127299946
111033023
216227161
251754939
104669326
181219222
77182352
77182267
169381550
48012352
50268533
121336584
155216637
252566719
199244640
243183150
144341346
165941631
83020973
85826916
208684200
208662575
246854374
247901211
246532688
247411868
173630541
197514636
176476928
257551999
257771343
252819378
253073234
252400961
176435755
35332358
168882287
144757043
106539657
144757598
254082285
5907471
262476752
140768845
93374012
171588050
169380793
205292581
25679352
25680205
195850324
263105019
263207658
13829109
202643586
139908309
262605483
263207461
152866101
68544946
69323407
200728805
177977955
149776344
52263579
169250844
193111360
198966169
247906655
138015060
105626396
58963684
13944538
77182294
77182249
90752685
121172625
195850669
124275816
111519659