100931416
2429811
153045603
205010302
10227722
72680632
67991610
67991600
13333355
77109209
39521136
4319337
34553370
9691774
1938895
196284170
193439380
74173572
163661592
192909302
2253993
2120185
221229402
199739779
242424689
200617426
221229400
169546331
72913608
193439376
191781259
52788684
32543726
1738465
171549967
74855021
11841468
77243052
57798823
4423939
36727163
221223552
6313657
1747357
1352353
2776927
4106105
1933181
30807695
200852596
252295221
4995805
250264392
357830
77111818
58696238
336021
249457356
160684953
3002165
248770186
173903745
1369393
253349846
75630216
694277
174829990
247322750
172163221
76657372
172094477
558408
221229397
1743865
3859117
215584411
159275436
212213135
259519948
221229411
4366987
17456920
1659973
4216625
6512117
221230170
176132382
207983689
3048151
11227915
170708223
433524
1660829
1738463
249052343
3551561
229774522
20421664
11683677
76732669
1053642
2917523
19665470
179563236
199532600
6472319
249938818
1410655
35240890
3324927
44911512
164921979
159824558
5502737
4686477
68399020
38139076
215841026
198414194
205273522
247808960
7435639
75639710
43801499
25037638
14134321
952146
922381
8841584
221229414
963848
98217563
253304120
198414177
20073202
8155358
2063221
115254366
1699269
248176844
133672061
343014
248770184
886154
9691452
3083809
2541557
4151487
1914679
3605145
221229416
174606489
10192248
196353759
2027775
114944992
1582329
1354113
252387163
253304132
3576393
197655112
19884522
57750595
1660833
221229410
229766056
16325490
41131983
32802797
217497307
181215937
262766058
2407115
859139
13780682
2452435
199991097
13385364
343096
181236942
102552357
67624589
120293831
558754
229766123
352637
263033605
230217036
1746351
262896108
107889142
515855
73166878
14660323
73104494
682015
199539739
229982808
1831617
215423688
164077710
31207476
165239429
165245336
106379185
181425268
154249138
249011454
249011943
259479381
13385362
115267154
508541
32351694
32975798
11221400
46178911
252456574
109310241
22367357
245290115
178572918
217497299
131583182
1999261
5440953
127032599
9773571
245277366
250548876
467815
215557333
6478391
133646955
129138213
450753
154250049
38576156
135349167
29812133
32530125
20349534
3284723
44809970
184247852
1656015
250078282
991941
5023495
518989
249011878
14983746
112531209
217125600
198456372
1006237
11307126
68267305
46825660
252163097
230217053
117315779
247829742
391068
215777807
10604365
204057118
11718102
992007
127591503
184438527
99076561
161863405
2120179
225907465
22172777
56878222
207207857
230217001
7440087
1016402
337587
5400025
29676738
253349851
114944548
438031
177747017
37216890
601605
2128499
31207500
191587029
464629
197823092
834693
602421
22339716
261949417
77111616
578817
204930901
437652
1938931
249053879
165972003
454296
59268188
229982867
262783118
262687341
2541483
550492
215777811
1036474
7887714
229764023
5975097
138393738
32192506
206232405
40361396
572054
230346655
50269829
1820067
250078073
1738467
217124783
576654
248613739
573730
58272316
199532602
230260059
114944610
114945296
183920850
250077737
5869381
191565865
198202334
114944783
262664388
24366476
96352925
68267303
174830024
355222
2141573
252678567
11227913
11718096
6999479
3653521
34230855
3136205
3643355
74415736
113930428
247310013
14996811
105739179
5869385
115254428
198426697
153957292
544017
215723312
230259133
261949420
127692408
114944567
114944318
75630470
170384661
515857
237645363
215738224
230307573
230258913
230258835
230329184
1656017
139970184
507613
507621
165256047
249683184
539754
570522
237643870
138049782
7191401
5742927
215556643
215738226
237640731
892677
252563291
230259212
381030
32192501
1511493
75629772
22472025
951559
32185750
165243117
561327
469879
259479379
259479377
14660319
253183149
247270796
4795149
253304125
221229420
37134905
215730369
192133142
335501
36830029
3653519
247740673
394874
127591489
986274
143144224
248593539
184045662
656883
19382932
230217077
246773256
406565
217386057
72919304
180528263
230260005
255059821
29643676
261949433
262054622
32351571
41774091
177585168
165853861
139969357
195707810
252701584
980180
475795
215777813
7435641
36701221
20142158
215730367
216983340
30162728
178093952
164465442
215748749
215088953
138393724
248620446
260925545
215748724
261113268
230346691
195323894
48591193
369215
1527515
245284177
3311725
217506943
151950439
36701846
252869739
248191568
247324362
29810928
36434501
1266633
2254433
826459
931101
215748913
31122113
75628253
229764928
140174956
37134983
215140200
174493958
115254401
32352501
230320890
215896311
257835471
72917792
191513126
178071233
215727604
215727171
229984857
262636271
262066722
127692625
215737286
195328088
230316150
260925556
30156386
230346635
261113258
183052488
196050065
200646207
262817117
1746347
245281297
253264771
230127643
212564427
36702099
229982604
263097361
253349844
951563
194835821
1352349
215745955
29907180
120183603
160394517
164439623
162133040
31207368
217386063
29810066
14475273
179064231
148990205
252078244
246145008
162134894
2734407
129937262
215738318
215748727
137564229
143144369
252680787
215746026
215746030
112531474
215737264
262066720
229984726
262066718
166031070
246773254
248620484
249532911
215738454
154258746
29810911
262783113
262783124
549495
262896036
261027748
261027758
262756285
133619893
32002190
253242494
5975119
185908746
262783126
263097366
252460356
32351590
253349848
1647097
138049791
215896315
37216484
30886330
36382413
229984516
262054615
216462389
115254544
126809711
215388951
76065360
93181641
112500079
216462258
229982294
215561920
215561922
215738458
195807541
260819088
259575413
261027752
195814813
193746720
215116602
262656099
1733061
253147266
253242492
262056651
3284729
261113265
114944769
262783938
262054610
2473637
246773251
215745957
7491561
11125631
215746028
229984592
215748909
4549511
105793951
262054613
262066716
191604806
178533983
164456726
215748752
182756917
140221903
230259755
248774552
201385662
262756288
191605923
32954968
248620482
248957059
215737288
260925552
260925540
261027760
259575411
261949415
245274975
253269028
200930650
76779009
72711002
112505826
5975091
36701164
57766324
116765945
260922761
253304110
114945814
433334
120476146
215750611
1621203
190779587
32075756
154312531
56207379
36829663
135344532
12221362
37169766
215557432
262462475
248768914
112534855
195814787
143447961
230259798
229982521
215750570
215392246
196054958
112506437
259479375
262896038
261113260
190238377
203996401
253304982
7866391
33609828
1366423
253147268
5975121
36700876
263097364
229982660
29644643
1647101
75628380
229984442
170384657
59077389
573793
138049904
56796545
215141242
164459561
32352090
246773258
35910286
106380971
215727426
38293016
36383095
57762732
95220861
129381098
197719874
241821178
202462019
49204092
37699900
49745197
101782486
193439378
52399985
67991602
174211450
45321594
78975610
14684312
1565657
221229396
19415217
1704327
173515430
53495949
262346692
9687416
72001055
202031248
1000276
10397239
202029425
44335823
2782635
206837193
3517773
66089884
10694712
241899618
32192511
6512113
137741276
114451807
60863030
1660831
2542273
164931526
1665307
580061
3718921
32314551
48873337
73553827
10694714
44911503
196597208
54208928
3102749
194186820
192339432
574926
42876976
148807241
48175675
447670
33596834
205279736
7286005
56909319
46240920
243300760
253227091
221229393
10866297
263066292
41299104
1660837
142791747
14683083
6543923
57798819
2316649
56949989
73923118
37407349
79555994
187642221
24155178
46759451
54048657
164077712
446480
201383195
245787191
53240957
172095010
3930911
772761
32314557
65029083
52807442
115706444
2917519
31207506
1699265
3284727
59511808
245787181
345391
2208377
10669290
12141298
47273271
8458246
194104214
149974912
182774058
343554
127377036
43108301
248708605
4639973
3343901
10075759
120183775
58403761
34395335
195536481
263066173
194104222
143200373
53903591
261969114
35127507
58134522
1625603
11954686
48362459
41019348
32701102
260933378
10281396
150869018
31122077
41093465
34452531
101488032
201032341
1006197
36326287
1367809
394000
19616151
11221398
2688971
41774031
147866668
11470574
32790207
48659068
110670700
2407105
58268249
259575636
199540483
186879666
194104215
14983750
48362461
72710408
162133457
41294593
6512125
259567746
203746503
192553654
242696617
37134969
183233661
262034963
161498364
195536339
212977402
37407343
200026721
578827
7832995
212992452
120183849
253150149
147884859
159011285
38517979
41092629
76176363
578839
10752043
5490667
72790458
242725097
196283632
20319231
42843929
55636789
1205109
187285126
186134471
65451891
208198122
205813488
254083139
1339061
86532025
54928497
9855745
16266488
1826115
5808777
74628435
31207336
14712416
35240901
200851521
150838230
3102763
11222058
11718100
2657459
76175426
77776681
59618893
168388849
4483791
1590273
69177830
168661082
38419971
73633330
1938935
32314553
1577283
6778697
248656082
202015688
200851515
7021477
7833001
7826243
75630591
248644102
10192047
49205009
6214239
56949991
147877720
14053720
6512141
36650031
161493627
177082516
206474404
39820452
17456505
190755678
174036216
5068333
38436478
166502974
3984247
11626065
252869582
32352213
53728878
243300066
49459965
68586413
152920362
242407491
163581247
248644116
19783678
214113311
548906
178032065
37404328
1747367
39187134
185357256
173347859
199036694
254074821
71981417
1747359
1699257
5869379
719135
787627
142791750
67995323
3284725
25036592
3483093
24814272
215748760
261943938
261959421
3082825
32895638
221230186
48557470
212213127
252402452
229810528
36626987
6472195
10693891
1577287
8155352
198779850
52779809
4216043
187003762
163661511
53693489
4055083
33596830
1590659
261959433
474796
173885331
56693085
252857458
12622537
36775054
37407347
195531396
200005454
195850921
32037711
556790
182479235
137454949
345465
32352541
199544026
212567815
1216541
2494801
75631761
1085106
200002627
1747349
163149655
50269854
5061485
1085102
58616753
3598231
251772934
54052189
88929179
927193
410963
199264205
201424692
137115033
36337107
137941518
90624188
452629
225195600
161496572
174496740
253097135
206202569
2917517
48992021
31207312
253229861
184619438
773389
56020647
37169696
29810907
36827799
2071479
1732661
192666321
11228280
129381084
8318031
137250681
892675
249824395
48587150
106153848
335936
92551357
106362877
340509
2796923
262045893
192705019
13648233
1985735
3048153
32075770
3643643
212993196
4952961
3953707
249824393
31207319
1565661
57798821
35855829
580549
153518814
177280211
168660168
435628
29907148
8840449
109862108
594525
230157901
7491461
403564
200560966
215383345
14462527
28714988
3598237
221229390
576364
199532586
241759617
1367811
1577289
110097580
76601014
93734068
22172602
189494344
247419807
2688973
262817235
2127711
10189258
22472029
192950871
2237961
105278738
253229872
261024596
253229867
252649311
216462104
31207330
57766321
43108293
38293734
19774808
260816711
137280505
215739376
106186736
113707469
247264755
72710412
216227761
262346392
261823263
38545293
254084984
262034965
72710416
14498034
56949993
36385660
195311878
247269918
21572793
412938
541214
185901953
215389461
200852589
143144186
214731846
247264763
76217401
17045194
7143029
143858323
1006209
72668414
84591604
197634201
10038522
38517937
245790850
242410853
206784518
37216780
263239840
21927039
15309195
198579012
56588262
243180033
20275422
72711004
167422794
253229863
14187980
248470003
132302735
4561921
242866107
188059200
75627527
147880565
437402
37118918
213705839
3859115
335818
262759108
3020373
259575639
742137
5061491
215637202
4538059
213704999
262664432
216462227
202529517
14512212
180254779
55213546
253899651
253181883
7832993
53990814
191585270
203201431
53982143
182472503
261815784
6543931
249605076
184310562
32075711
197906965
230054608
262817070
7376325
187765208
14754112
253347274
251998332
5421089
250096501
29812175
215727419
195702631
195288335
32351748
2254435
10372928
253347272
246162056
20349466
201614767
4257887
195128995
6214235
179064320
105792794
36570234
40939323
73165199
37216521
115978013
52064578
1030177
574693
1000065
68823444
8047926
250078239
602458
247264724
1738453
212562937
127031761
252853703
216231980
3048149
15068733
1746353
36702045
11718094
73268491
241899630
22367405
203200992
206474452
200848307
217496936
172476482
125396620
5061497
167940008
4533947
254074835
4538057
215989593
29676591
253148104
249594031
261024600
36701199
215389505
29810890
230309307
19665452
32077366
22367420
39855276
41432265
132304185
7958959
2452309
2407103
207642855
42598802
72668430
262687940
112456675
207597030
244296622
262034961
3311719
125397088
3343903
357210
183550541
71090280
138504792
148856051
2473635
137968666
252764630
168654727
212977637
58696234
36775041
12735187
183481788
253275418
41890372
75307795
44225214
252858874
53693493
57327754
259575644
185439764
1673525
254181389
190529681
927191
2386571
46772886
191801177
7798767
261834641
40972180
42843043
31170200
176550197
25665181
195801642
3551765
253099528
127692127
112532033
138342168
249971043
32351547
132304634
212992105
35582193
92653355
85396173
2542271
191375729
247264719
252566075
32530129
40361398
22482261
9773567
73192781
215738444
178786653
419127
137968282
253347270
1580413
77111618
32776314
252562902
29810096
59402598
201678326
29810087
32613973
59362977
31207249
253232294
248930163
197165737
31122086
3598229
215748911
128711651
5797113
171905388
181430682
113527565
2917511
2868053
201003643
109862056
116073868
192275849
249019837
213680280
21927719
140221944
40972072
212476347
202879374
161890006
176759744
32895616
36701161
22472013
259513054
36829778
186884535
1999163
54051413
139908260
37468758
186691883
114945629
34454430
244332428
201145643
110670727
252276418
1016172
230256864
32855422
212053639
252006876
235886570
258317367
5400039
1085098
188374513
25037586
85923325
2494813
36701750
242437061
242712945
202529194
5797117
505930
253899649
10752049
136157233
10594022
46240931
41559917
199244335
50495646
247399422
137255428
215739426
43130590
10594209
248329318
32352205
31207350
54927281
419082
162351045
179122952
973546
196933694
37337337
105378278
92010310
174015814
117315755
208121938
112533445
13461073
262803580
47133883
4540797
3284737
198515602
31122100
30886413
63448530
22482247
248082382
1525327
3159409
33492456
32075166
247264740
212557792
262915116
30886027
29907169
253150151
260933361
36701509
202343584
201423890
687551
252795379
73346752
77111631
39854390
129135022
122765296
262414757
55597440
253252727
212567534
213691963
48658499
35605543
261815656
190467805
58209232
147058061
198520005
252759266
36570298
262030578
371707
247964722
31207458
205696477
251577288
36701840
36700936
32352113
262034953
153969093
246857364
261024583
212474254
207762483
253303571
260816698
189558331
150873280
3598241
201039714
161878679
58810064
36701868
70650709
36702119
182709335
215116781
77231400
217192440
249150920
225911337
3859119
262664302
198523720
32351543
29810874
176909227
202425483
230310409
39854976
247017431
212992409
210428900
173089542
951569
32351561
217498211
261959431
215389108
99056604
248459832
249176356
1933183
30165526
180104006
262664334
262656177
213039465
212561807
247541287
36701533
125400253
251256195
32077244
200036298
30886401
29643677
135268774
197165812
31122079
249026440
36775077
230307937
25623919
30156438
1028651
1006205
215739435
36701818
213950948
262664421
133226839
191266246
259520273
261959429
213864653
2386569
38290651
181657076
255255204
225201271
253236126
203841830
259520268
253099543
167600180
259510828
22482316
253500327
261815787
253268731
252649277
248978715
34514010
253150157
1205107
198380596
15192216
181752774
205857116
242988508
57767723
36257713
10281624
80661847
261942626
261942607
253253060
262056089
249286041
114945450
106175306
59208901
215548518
36700848
3524007
29907150
253235588
262045891
228598493
8093136
177234535
137453867
36569241
182708652
119063783
2917513
215691442
212560351
212476319
252868860
252565904
31207328
216406416
384801
36377327
40933987
1019478
115254243
248329303
249694467
249824397
200779943
230257176
250078226
250071033
41092401
531196
11470322
260805748
211958511
197417287
7436383
247269935
212939341
242711000
212992434
259575647
200738041
253252606
242616211
33343266
248110988
41333217
129138588
32077246
40848616
57771332
189513139
137825850
5494041
1511495
4795171
118582500
29812127
215748756
137978684
75654613
184415753
76075989
187001266
57771362
32785857
44984252
252182637
30886532
215738440
39838859
230309468
100353039
229810530
162113121
171091396
433772
31207515
11227911
248495458
259510834
132304468
241984070
243091077
247867708
249569811
178572266
186133953
198448116
199532583
259520212
77037587
36700807
36702027
362333
212567852
35409785
246853539
210144504
198244104
260922671
53261244
4366983
28475390
135785688
202723037
1204891
214822895
10379323
195478838
182479766
570524
116135473
2494743
31207251
228593938
199979025
230256958
207566442
215383343
17032449
247808985
194104382
254080646
253297646
22482269
37216721
50326069
23360359
212568512
47161847
159486221
36788315
37118922
247393524
202425645
29907188
59521890
189336449
197628251
215562156
37468698
406541
230309397
6547587
31207438
409928
213674948
37216402
140221945
342437
3283829
188211569
137260099
170708211
35222073
259510832
216462231
49494418
74954071
244252108
230252617
230252791
251421532
178787425
31122111
250078530
253347280
261993392
259568567
203457081
251378571
253253626
58973836
242092151
253282677
261839137
59552128
30162700
36700926
191063878
215111421
63448617
229810532
196935068
57767735
214822923
32436368
21416437
8031427
32404650
56750842
190527614
207639335
44902962
44892080
39854964
32215508
3343895
225195596
249150966
229804776
261815780
30165518
253285115
5797121
262656188
213498251
132928413
184076533
248978922
11376442
192276090
216406646
190755682
196560121
200633922
229803983
36924286
516519
202529553
135217263
29810884
179442217
202781750
36376793
32895632
2688967
77231652
194096417
15247906
248546048
10005249
42681182
31122087
36702091
2407113
212961320
41556861
74954245
36701115
230256605
247815108
562678
75626986
253281210
212568973
170998921
257538268
215397016
442326
217559958
37134997
216462016
225969861
127692565
248792275
29812179
152561885
113527644
144639902
2542257
37125922
250509346
32352076
53261232
77231262
441272
253300470
21190968
248247990
242718969
248460028
247906125
249679626
230309930
230309904
195651484
248329308
215737247
215737234
205897417
147673177
36702115
262061391
101459411
262464463
200767985
39855256
30156467
32412851
228597195
228591896
215382269
38445708
117315706
32075758
31207464
209399527
40939552
260922767
3859127
215738456
247017444
43834355
182300720
172450605
252798782
194104397
194099163
261993414
261028551
252765550
31207271
246857357
215637200
36701430
261993416
259513058
261961662
36434461
68134182
200630872
259568576
31207261
253300483
23404332
197622481
179159214
252795375
253284347
253236163
187931402
253253452
253275178
56575275
36702057
212567573
213490196
213681541
213261003
210428965
252768967
247016362
154441700
41093158
247016365
249053488
149799347
253269139
199870057
253899647
253252635
247393883
260819793
253247698
37131641
255176091
253303563
261024585
260819780
248460917
137502669
195853894
263309926
248081388
253239545
127692327
212326093
1826443
189203540
249007488
33337767
213681868
214908398
967500
1028655
207752349
112529973
35129711
189087633
203764276
57018397
196853840
215548520
30886366
138049793
230203344
190708147
154298135
32613953
21927037
4875519
153625066
230310673
184410230
44897306
197655117
150872897
230338162
31122061
242511818
189462551
197629099
31207480
32002181
147885572
7051473
31207450
2917515
230203316
214822899
36700829
230309425
99056374
137851683
31207460
37468750
29810891
29644627
30886316
148706395
202713366
242511967
37216505
188585349
258509475
195542641
41141416
214821669
178708236
230338072
133618985
129138570
177860506
205015780
262045885
263066213
252078551
249030183
213468143
207641902
262061393
25688567
242501965
38292135
112502961
112527268
195301299
254883768
248777676
32352215
252798904
36701443
247401735
74858561
44893659
179141941
247955912
201385658
248896608
230311535
230311495
49009920
22056560
36830960
249019723
99077632
112491228
199977365
255175519
199549402
260108154
246164155
230252288
230252739
155759300
262636255
32351692
201120305
261799944
168470195
31207360
31518481
247060862
215739324
7082563
246773335
261028484
3953697
262936774
261028481
215639696
262936446
215639700
262972249
47799410
263040794
263060099
30156461
263062727
260805740
259568565
255175266
262042922
254080611
262936157
262042908
254080639
260941408
29815363
261961643
254074832
32351555
2386709
29676550
248082667
247017437
29907173
215389497
253255804
32215996
262791897
207024036
247896850
261800095
213676706
213691773
213598891
213071343
213681904
213680506
260941410
43105892
255176085
36702169
38139084
246851035
263040761
196048496
248766281
263022017
248759851
248758091
263097933
137592973
31206248
36924276
29815409
261839128
32880102
204771674
215799064
184614865
217386067
115129055
200521250
184475374
35910290
205954424
6203649
7201823
215580073
215745892
36413142
213680363
189064635
198957982
207336621
188903593
38292197
215745991
34915108
188322065
31207380
1264755
99072174
182974876
21922436
32352068
229809638
148911414
230310494
99056060
178535736
30886433
77231139
30886443
230310387
215561865
120183645
229809634
35733626
1052812
69611570
213680910
52589874
215745890
193513980
229810534
217382593
32352535
30886476
36700934
3158821
10335905
5061489
178779797
263053851
30886419
199870099
262785346
230310096
215379474
230311728
217382620
246853868
202475478
125396511
249824415
127591090
199264164
247906123
140221854
69612425
99056572
242718971
183530739
248592430
31820222
17000264
249014028
242075149
242075190
217123594
53107714
247902555
249176477
247867633
171732841
248777713
248777680
124893028
262061399
242500900
36700872
30156403
113706786
178567501
201015719
249384647
247060879
262782609
242773600
229804778
215639027
249971447
154294685
260941412
262042917
261028560
262030574
259568574
200631444
249827678
30886073
159695244
252671642
94347492
6512133
181908086
247016358
191769390
257831433
213226101
207760059
212053907
209644325
251278737
177164310
230307818
230316635
262808754
262808750
262808756
229803978
200672461
183560934
253252604
247393811
32954905
32859013
107689751
38293732
263115320
225906676
29815405
249218553
3598235
411890
215799062
215799058
31206252
193568122
195801307
179064126
230309263
118693674
195541285
214821667
36701087
230338140
22172595
214822916
29815401
216332827
9967693
36701951
39855226
192387480
32776235
215378053
57767474
3311727
36700902
214822950
209393045
215739378
139918047
49003859
31207430
215745894
32895636
162007975
201090500
29810898
217498208
32351557
197623195
176707293
32075753
36848224
36701768
104908288
37216740
37216662
29810052
36700811
35529643
31206235
191320064
32351718
215146545
31207263
36701128
215151936
32352181
188554052
201891980
200013525
262045859
117315676
205961611
197516423
253234164
215745984
215745978
249881648
248767515
39855280
53990870
23173850
38083818
255175521
248761669
48989982
36701740
248896610
127591115
207400583
112526583
248002781
259582585
249569925
255175523
195651488
195301310
216462099
42953738
76013378
91947689
175845415
214160510
69219921
75630595
242751720
241758784
202028583
262793351
57049003
117791415
3488327
217186745
189604069
201792243
248461836
191260984
193439374
198733996
174586732
127377217
180850900
10695080
31091796
33492447
210735315
252138307
171549938
161710840
34445751
2316589
63912515
35409935
201421131
242224319
44966308
257772681
34935355
263023509
262522954
1732659
73170411
21010332
15699976
247548425
28684562
262055016
41886653
262972349
16088572
33741735
260107935
75708975
36085780
2697013
7718735
12138656
126676463
199519377
77577372
14453290
204009105
247429863
1681473
31207517
197677368
5503097
16998672
37413315
32352129
16998576
257786852
68753429
23296585
109776163
201794648
22367130
36368539
107350113
22301474
173135272
391666
37159743
5503105
253258213
16465763
193062786
217498107
15288854
252467346
147877712
38493386
257831430
1656013
262653742
32075713
2120567
157711357
35614623
56269220
248976572
42693881
174576815
247901602
221514904
55206429
34863334
5494045
3482419
54802769
259583303
18013090
67240829
20693382
182465306
247406287
174308428
17049674
49058089
11860866
20855745
45692838
106233560
36702137
248764598
150342866
25037594
141757461
206204433
105378842
138423336
10681061
13768539
53902573
3482381
247406279
35499972
204425558
252302305
16459006
5503089
31197642
343577
76182347
16994380
248895526
243054249
3009785
1644047
214498226
230312347
28932169
40849005
36705141
1577281
73434186
3083805
244170191
36702117
2120379
23299275
230312415
118582458
207296748
150604936
73433842
205809601
25476263
39079109
230312378
74645445
178533677
555265
36205678
42487093
55202345
263072172
36700888
205574037
215378661
22367140
53256388
36624812
67240236
37170054
112109719
242394576
206672808
252064013
17336260
208679452
55207616
71052593
203433791
262055027
118582547
252167301
19764382
195503638
135273159
2917509
36385748
222607393
413935
249026141
19349159
168959810
5494043
2542275
36700852
222537531
249883318
16987809
12675142
247750861
56694907
62724276
189885679
248764580
5503093
23076092
181990463
7599398
188211599
35489621
180329110
73893811
250473853
192885391
37134985
25653365
260107937
32351569
5494047
203783567
214822435
174848648
211280393
1324477
200973906
33751325
38294271
461661
32975743
22979391
36701175
38493703
20275752
37134999
37468738
14344868
206334887
36353688
5503101
23396047
263277302
22482249
32351567
5061505
178299177
174842987
253235367
36650029
173904655
421977
77965404
225250835
57893778
68130134
37216638
20620120
3083801
41556782
32892516
137417339
29907146
37169936
257914989
250078179
48586579
182308960
247405648
68130485
41870056
262055037
62242053
82885767
226463965
196006122
252178886
251444683
192287846
215206785
248947428
33743334
249176414
157703815
69611270
117315772
178463080
194475416
68129979
42843257
74744049
16998749
253228246
20273539
157711336
260107552
203862701
242627846
205290881
163281189
54754138
253237841
174588942
22755679
41887218
260110916
36701177
253300486
69853842
13852267
200739101
147671728
20413500
41887612
64237023
20303014
254116186
16965319
247264601
36526246
31207230
181976557
74953948
76369555
23544613
41092654
68134196
80091984
15740367
251281645
253462154
19655581
69554376
206561235
194582995
30807670
37169826
18030270
119102613
56670351
205119236
38137530
230348555
239521737
42615643
55404250
32215925
187585704
181119502
19559098
196054850
68130578
260107543
253264206
176777538
69611917
2299081
144617342
97857741
36697859
37468782
214822693
41035717
68134170
246160849
42614897
185858515
54875581
36344380
36700864
973542
574835
56589561
196054974
259582743
68130092
37886968
260107933
253264533
253462138
195283660
33343229
90937020
214822703
35129866
75628000
1725023
37323323
252853804
68563566
157708659
68759975
213705689
38492030
260107545
36701432
259582745
157711366
253253297
253236296
176778513
113125271
247256712
183551360
574849
203783573
60194149
97857512
41971595
391464
62233507
9967410
11310609
124892980
157708647
24956870
161923028
1699267
174785536
150691016
35616508
35590939
187769597
14072769
36827512
242711480
15446056
68130080
253264618
230312470
36700839
74195088
208678332
57893346
203904810
177999531
215380564
53219880
157708643
171470722
32975802
69543210
247264598
18013047
205808290
14071243
31855003
42874432
20619992
36701802
230312290
15382296
33753886
195192251
247264592
24746518
37686038
117315627
424329
119064589
188543731
41061751
146085239
33008088
213997899
53900172
82523902
180583412
187583097
23020506
68134166
108757529
243047199
53991190
31818116
132302657
217123580
246162156
246162136
248497730
33126092
59142385
68134240
217124703
68134184
68134180
230329800
68134238
229983077
246162759
30162676
95226211
41869883
69238914
36702121
189533662
46466360
23020576
249024635
124174897
38290687
214822414
73210442
68205436
139496176
203288330
179534943
158892225
120183174
127215948
180584813
137442554
68130181
170924396
15127800
150934827
203986041
34362339
68205025
262055031
32075741
20824439
41111783
112083201
217326310
32590133
28729054
246160855
214856861
157708665
56847598
98381064
77231125
68591580
1644059
249007388
243204017
54393763
188045235
217123612
216982836
216983087
36702413
253462144
174292751
36700912
62213923
31207308
36701462
68134176
23024358
246162755
260110912
68134246
68134236
68130102
137971591
253263807
253258065
253263801
202604418
37134921
204364630
11470893
171451347
247337217
36705740
188784843
263337952
21006744
249693206
43834702
118796498
37216847
20134725
216472666
25725683
118526682
190319502
183682217
174830035
214822420
178500859
32859021
215379278
37497821
10028526
247264587
3311723
152785720
54866787
191058610
10175115
32352117
22172609
181131214
22482285
37134987
28729057
58232528
203927527
247271358
212326817
262782825
31876802
55828958
246160867
246160840
248436625
242075254
243091117
183682866
188048252
181122058
193666092
22166633
22965004
174043009
248904757
23022704
3482297
194451745
35129336
202529275
195307200
59576192
68130544
195328103
46177131
260110899
68134224
68134242
230329832
68130540
263294830
35450228
74571530
177267249
242101774
212992154
15533021
188575690
43763786
36327673
181995790
247405666
247346474
200629015
114895552
247264596
242143632
39182039
214822705
192675310
38292938
33343200
56694667
36674031
188657986
33132519
189462496
36700799
88191765
68134172
30886407
188542198
16989531
68134208
10167466
247264625
37158037
23146906
176905313
172218939
38456087
41096322
38073229
214858661
76369854
30793053
74954179
181118676
253263632
216982818
216982817
164455531
112083184
246162095
246162173
248538379
262464161
16451528
48757795
75791812
183721036
15710475
51059183
32859072
37216370
29644639
31207482
259583307
230329808
260107534
36701858
37134860
42615284
36434471
253258276
253252994
249176485
38294003
23289981
74535889
26472010
212992322
68130270
36374556
24415232
57747572
37169896
247405630
245766322
199700929
253252701
263097021
242487258
203295024
68410969
42403243
25767849
42689303
35910318
187011559
252854131
29810909
30807654
11308543
203763453
213691739
88862148
64224867
207752893
37216859
22616921
16998906
248899174
215116906
192287760
187925978
201073641
91121910
68130466
247264621
73755378
41886576
157708625
230348491
201632220
117315680
39362689
38082817
262782821
227347932
1644055
217123601
217123689
45902245
68134232
68134230
52019426
17000806
74492234
53991086
249176475
38089278
198926303
183681348
191801088
183684579
249176416
182713556
248898910
22168242
253462156
26537047
31876655
31207396
84875927
72793999
68134218
30156452
32057138
31207446
247275677
25768429
229983209
260110914
68134178
252123977
249649114
32954897
253393902
19802989
253304922
188552379
253626698
46175496
23898397
263097026
262056028
262056032
248566231
19846944
43763985
36370036
263097024
20864401
207763139
197900039
32899051
67180435
1006193
174179912
32351781
42847602
20132838
215737245
7460601
249883301
29907184
215720744
205813783
119698478
34380538
20613846
252858268
58955981
230348544
32776289
33360210
187645776
32613975
213598791
174305384
117315771
28438002
33360222
39067322
7151055
247264589
196931132
205809842
23181458
195815317
74858665
48635406
246160860
214856656
191371089
173860430
15080053
35615861
257869082
36328047
253271392
243222781
131896610
42834196
253253108
251869240
263294847
263292087
243043253
37468732
37468696
36700850
36700803
119386597
119698491
38493833
177136384
185205683
36929331
41096532
168467741
119330836
37134846
37468702
68130126
68130708
68134188
230329875
262056008
260107931
195814395
195807978
42679316
36701219
247405657
262991383
42615932
23380812
263348824
262056016
117315820
263274521
33744189
171944685
188114229
12053306
68134248
33436182
68130300
32352489
20612902
148721199
189460935
187790237
171140160
36384253
48556600
215727051
207345972
10060635
117315753
23290626
10310420
157708613
36701544
40920170
137503165
32954909
57324558
38073365
54786030
189940614
203004188
229971816
36701127
185448339
21571374
22482265
36845679
191139106
105269018
203012873
41154258
68130032
138226289
15248193
203937562
575763
4393167
84884429
248684611
88875352
57696329
2299087
62252806
558403
25189709
84882777
176784970
181770296
160065929
73582483
247686079
36335969
497027
157711380
36705096
161249961
10591627
68547339
17000269
157713894
41095550
41094758
88911742
77957932
53974228
184651998
210943157
42843030
197673908
14813542
32890350
75581186
185206107
213589287
176855101
41883305
66833462
206241738
192017097
252565410
34553982
34563529
263102281
170924572
8011019
67180401
201363417
185669186
200982792
100858125
14082757
67240222
23404359
252868734
168959960
197417092
205008886
262792438
25123843
160208458
37927448
99072075
122094834
67144423
201856084
7412389
253235576
7949265
35496930
74370418
244299263
261825055
188049177
56267572
13852233
54756477
15443411
192863728
160788358
157708630
195623762
36331470
16998386
40405070
61254941
50769842
158248608
51935961
88911773
157708618
113117492
37170166
53033116
253264743
20589850
25122393
46449909
68129995
71718372
54824957
62256383
174091904
69544074
10165735
39156614
119386678
30807656
216470244
34555992
154720669
140292959
33652854
23018700
59481070
119319264
161916208
36613674
247264727
138318660
188045342
82442120
185863829
62254220
74419745
9999843
84583726
24018709
68134154
54926662
42194983
407499
253252845
230098551
54442827
225215571
36357538
32412646
216982824
73209721
23032448
558066
181924718
65451501
157708655
157708610
41931955
73104804
177780479
22056637
54624882
252853855
118796500
41882079
73583132
14084446
188109285
28445236
61251635
157708638
73169505
261801964
52782411
33008064
86848257
205984128
33108708
179799485
192322044
188048907
32408287
41888071
56693527
22031062
230308193
217123581
230010308
198413906
59579647
543346
32699810
87910889
19847278
124170815
35308625
253264581
48494221
63922308
53181193
25470493
21709408
157708653
20132848
73753903
19851512
20134753
190087771
152788966
57325324
69545326
20132856
138445279
181135364
195514573
163476345
230009710
23398573
217123552
157711346
16966101
55507340
252647541
14080484
24729889
57824860
261944293
166033694
97858185
19583164
20132860
20954153
67199806
10364811
69237893
119309082
41882277
55445254
68547296
20134726
20134749
77558993
20134741
31018563
20134737
174605208
174604722
112083204
42403271
216986224
55827224
187781147
192287723
41092573
187768435
31867379
68130632
68134168
73496942
252719705
54926467
35675244
261944295
10604918
20134751
68134210
68130555
158894293
67241797
68205440
174783743
74462326
20132862
68204993
67196143
10833945
177976141
86805204
23393734
129138042
108759479
23391998
64244105
174312442
20132846
49650808
192339500
187771677
157711322
130774385
25960568
217123614
191717041
74535753
138442277
135442987
63526703
54405593
230308272
31715080
25975458
67246643
37410426
52411803
68130187
42335293
23291958
199706231
55783512
157711320
189462920
40417103
20132852
20134747
68130421
41095686
12124484
45430621
68205111
66869284
64242423
197907252
215375025
138440581
20134745
9999405
57827381
157711330
48464701
68205005
72096013
41094801
194420297
68130172
173550219
230308493
230308450
63928869
62339528
23831828
41095865
33008020
28447707
68134222
24842067
68130034
13852263
160786893
20363443
263097830
36413288
53050325
33515458
249050992
126852904
10697614
117315809
101380284
67244465
21603185
171170814
20134735
112107682
16991449
155017273
67195482
19798077
30793114
174565746
195504657
64235424
51198771
69025367
23393861
230009754
242075361
189960321
190506652
226399133
181120186
74487406
54891468
36368645
197675050
108757705
41882739
230308315
68130542
20441484
14079540
183680571
19847597
27979320
32744317
242516633
194568236
32718647
74421487
88875326
212041272
54875483
68205003
58178552
150929462
153539123
20132854
152518126
182111122
176491779
58946158
42003810
1750249
38057417
190467246
54751031
12288804
262687623
14334575
4820337
5065753
262687874
252858758
183679553
261823505
98242583
262082108
163918489
141824515
36941042
179694423
37452959
90146904
84875735
74038547
70602619
31188074
75312885
36783789
14334757
39109398
36331395
68205130
262758477
35409446
67243019
262758475
32654351
73831713
12666288
177138919
252575387
247262338
213682516
71705747
128711511
90147562
74013264
5797129
25401456
262758471
158807897
101613041
199991699
39114565
60206687
157708633
259511796
213691975
248089900
100366212
247264829
74013620
157711376
252957689
215798325
68168895
58943730
68130383
248082607
66939861
194587986
59393809
119308700
53982462
19391217
41092867
58368048
187770405
192884045
55200923
8145091
213691949
213681668
262758473
215798323
68205027
68204997
48317299
51118232
53256288
20134739
36835569
19804097
15241166
27976661
48136298
203959054
217123742
50377989
49269222
15363710
51506306
30807690
217123630
187795745
20368143
82445315
64344201
55199168
194182772
41094912
242778057
41887602
248826263
19787385
213691628
7348467
41886969
42842917
197900573
177270218
10280484
57759344
21147385
14071717
42183665
7348475
36406920
54420919
28280385
20132844
41556756
42460459
53627594
73755176
51130603
68205462
160787017
7348471
41031039
77560994
118419924
20134743
72693917
219134715
10280553
112549236
51731964
251444691
158807714
77958151
23232062
56014925
70031920
62802618
35588264
160208531
43833871
251790374
53826734
215085310
25118837
19391627
84875585
248208364
68204995
51654377
174241216
144617329
68205142
42681205
252854219
68205010
3284717
19390976
263297002
20132840
17458868
67851721
253235301
20132858
68205012
147932031
155880639
20134733
67182017
207255338
54800985
253466010
10376231
253626688
54028924
52215871
229695564
71975965
174464765
134625490
130471153
180365725
54734221
229695641
39135119
204421305
31115411
71982139
143277064
247268993
55511900
20134731
214582221
141755075
51834802
20134721
184591109
202342949
77230993
68134214
252854174
184304589
20134729
109776146
42596309
41695084
252985101
78490449
13671276
19787231
72669679
262688033
179131316
169933503
21602062
52327122
243047214
42686309
130393700
43833907
58363736
222683722
194033659
54053404
20906285
73438422
54892701
38057745
31088842
50703974
39102508
66558623
52355007
50875380
20134723
43763068
54927356
77330555
54927333
100347077
159097533
170821044
195801313
66874164
190096860
161383731
22835470
113707063
113550730
100347068
113398558
33736593
261943014
72614332
51131390
48648188
52327403
52332907
33751277
174865533
262830238
5065755
263310898
133178184
72797437