750578
3082815
19662184
5914507
183539219
58971676
153518797
109310496
174099492
126022117
2224869
1016260
220669832
167034118
207811639
77220817
121975125
167610678
185888708
20013858
2237425
198696959
902571
167613889
213589252
167613675
167613646
167613917
4255309
84482597
54432859
107026335
10697870
10498526
167034143
12055604
248773476
137446012
12605517
126808517
803663
532669
146065917
248799289
1708911
68190505
137133506
9734633
410394
390592
252177765
262037786
404967
213862460
167613681
120476155
251984854
114945255
262037761
221230164
252012314
135423708
253040744
32582988
129138336
3794479
5911371
254124160
127032020
167613665
62874174
204803836
167615230
46759441
203231210
254184769
254206826
254124678
262023257
23609983
198651125
262073539
105739665
245776422
137129343
176080849
251984820
10911587
92551293
19939662
247931401
1256311
163739505
164323163
11259257
244301825
258379374
114895808
120432022
262734976
213961001
254205853
703659
432222
260795137
247901948
13299770
114944698
102163541
62256184
247442545
192360638
73207262
23036852
253700439
109861883
1456379
174491293
37736989
20626037
247902016
195472226
1915421
248773424
137245900
216724570
244306947
73406669
247902018
432263
213589284
247444705
247931447
248773875
247442530
171022626
11801215
247901936
42214750
253420189
73418865
216213301
124893082
133933326
247902011
252699885
252079899
225271182
57245134
262388281
262741491
164323165
107796331
216387978
217125729
202015686
159974181
212992967
1656009
262734898
247982910
438586
210733653
7958000
202475533
247901946
127033386
208117091
205292356
37741429
254206099
176731547
99155775
253118525
198651169
137453871
201308089
251984691
149767220
117002717
900230
254896881
355054
212992742
392103
1669017
543067
125173562
254082069
247901944
243165614
128711528
247902013
432257
192950050
253901178
202640591
127032396
114944891
116645843
201829037
124705400
205116938
120183496
120183510
155046724
247902032
241654063
77576331
262734904
215511609
253137236
127692141
468036
54445424
199012055
247447661
247901942
742076
193536640
213448576
252078891
963856
181362155
156332573
247902009
4299071
26426767
254187920
137752555
206330222
201308063
182993153
262699866
250081526
247902005
247901958
213753366
262346825
247902022
254206511
254188404
89894259
261951839
77221083
105739700
57771206
138221040
184052771
200672816
222601062
127591421
260925895
216982888
242088027
50379016
13372809
214769263
189472421
73420215
254206766
262897801
120476181
23426085
120183763
120432095
127032289
169817986
191681393
199999931
252158685
194861101
193536646
192694162
120183753
230125587
230125575
250077510
253431997
262581891
262656613
247779285
5828975
252357081
839929
247902007
202529658
247901988
262699587
127298668
3876415
137129836
230125809
230125615
260827933
249938335
251984757
262693084
262699759
249029705
77576283
259489541
22652432
259489611
182555312
247564778
37741093
254123855
252585657
247447655
253166119
243087764
118709943
217186361
120183371
128711646
124893102
120183159
243087766
127032798
391913
216388041
32052686
37731698
254187566
200853141
213961003
198651254
127031920
146734944
127692317
1670617
75953561
225272542
167615208
129138512
186186989
137129630
199895277
201385703
713690
254186598
177644006
262699875
262699873
262699751
248774394
247776502
249347313
198651450
225938476
171022633
262346426
257865716
53642292
249893352
73419818
163021257
240439648
192694126
127031883
254184966
251984649
371181
252079481
252080271
137444532
163578468
109861992
117202671
193003878
153521874
72105057
207841197
4255933
174605333
247858751
253297510
185909452
200780111
199177643
251772507
112333131
205582144
194960730
190705658
207035097
73222804
252062261
249853285
253561640
183539105
35010878
229714489
262783944
221237847
221230178
57510013
196932335
120219392
214160508
217482445
209332786
77230269
54057017
985825
217476817
1034048
136482575
11375863
221274306
249861217
168234706
225937427
221230168
253721633
221230165
136482573
219164822
199897858
189188950
253412363
38363559
23609973
208289697
373454
163928967
12885460
5427635
158745359
214930469
247336602
76227766
58448379
262782158
681323
552225
55967492
249664000
109088709
153521876
29354460
4184871
42843260
248731987
249682242
117832477
48212496
183375644
17924177
207332574
53107744
210525157
8316467
180316336
207476952
192657017
69248400
161947332
189194454
221230184
225272874
213682896
21543161
252673959
125640312
174302541
116577645
243057304
181122317
23609991
105739773
706057
143171426
253297555
252296467
65008060
253317471
55101289
216437144
247706985
255188354
245768129
73222689
14616763
11904387
123832828
192650452
195801675
196141120
78941010
195510150
697231
59291592
192987893
174215057
221230982
242778956
132075922
262067783
176509097
195961603
257753579
192333878
11507729
186257640
224922396
14616761
88057067
252354270
137385759
48753788
172476260
108130607
205563352
25641259
75618393
1059886
145393967
109875938
96016426
242492705
214493574
2732175
72225531
599881
78590873
351051
124892995
172421971
127591601
206688015
3606621
186110517
215388488
117808892
252685427
242504822
3789039
91553055
401984
205697368
221224330
247938085
246772953
230217773
137133508
1576137
113004369
249889410
205986072
142604274
602950
203694741
145246666
214732026
253099484
262903782
214944435
263048172
252383774
857347
22400979
43341559
136919439
262792254
59049714
58063566
196001720
262815722
253227433
253056768
253043598
262386207
263113272
202623361
36374776
373534
128711587
212259972
253627640
137502030
548936
127031645
207360246
201601641
261834839
102690575
1511497
199039390
594841
173633215
67869935
113528293
198644037
202604341
145878416
257780762
12141170
201849679
176080845
188487242
192360624
53205297
120183293
116893486
114895856
534771
979860
184955699
850607
107707582
10404657
829249
196480044
350526
176909284
252687789
230237551
106348528
215141187
215110121
205899128
848120
720024
417251
196488187
219148110
183686587
183362160
215733041
127032188
230039179
68190508
6568529
198530642
3102271
6430729
199542636
643702
109488216
141350021
202153836
201308221
147568387
257552609
185897069
162025583
180854284
203853523
202242083
225971253
74943727
196395466
192389172
376403
263104483
180954690
36700776
188489945
174215091
9810502
253350294
226675952
535936
188576733
92004405
127032340
48983002
29341024
17371477
247678638
252664494
10972532
252182582
10581327
74851706
216987363
142419224
247346479
207206437
105739257
184095534
113004631
252714308
257844721
202529323
196532438
249796269
262056743
14921530
245765171
252012139
1709231
214232022
127692328
10374167
225936143
53205293
152624655
248817121
124893111
246208114
114139386
190489420
179210514
138334603
66464348
152705168
247799384
179753509
197595289
203321228
189492465
38363582
159218080
217613314
210138622
247484533
169313237
179135633
358172
194806887
96925362
262757643
104558254
217512017
50379014
109885836
109400026
137431282
204667254
207914880
217526626
248982341
230250708
72515292
7161815
21949086
115254384
155890273
124116797
214774749
204740207
137259070
204381173
178109211
430225
72456533
198192854
105739809
176293342
205744059
262656138
253472195
48212492
201385942
158868093
262085810
176778974
24862418
11253093
22652707
262800020
22172692
187958008
198081853
82385324
922812
10374193
174553093
175413987
137569546
125089619
252050641
57768057
241959508
208056259
203288613
126949290
885372
202154657
137446014
249348776
17615869
261983826
262725404
117759406
116025306
261962540
71980316
249822446
262053168
207988277
66622940
216926048
190502226
201916814
206560567
90671178
225208354
215699452
200037783
1940595
126949260
686531
206560607
94747106
209273548
116904735
186690352
205973473
177145481
197604526
183481655
242660508
159976898
189076883
213886926
211961363
137252500
157058125
188855302
202708723
240626787
242441765
253722220
31207432
72646511
194860197
182135464
146273881
248976570
254078196
133862373
203199595
137434093
252039399
109886094
205506489
101447145
262072517
356293
196522454
203433017
190251804
199109460
181935986
105739667
138609578
128711568
198515698
137592687
257844738
207888323
249885473
879678
93325117
54774927
262017358
198559023
179215185
247446376
50322377
184297689
178211919
173449191
205717699
22651601
136482682
137453231
214731896
205986066
262734409
207503067
242749231
7174059
248889039
216388050
161947116
15264426
204464321
181971206
21543215
373453
1606097
217613220
109861878
230217882
207477122
214835898
184046980
174215065
249408515
214189169
198510277
242434118
215752257
177615513
55283399
1040340
181659002
373464
160836749
1577237
208069704
177887523
161383090
138324903
217411469
41081700
148047483
5427639
248957293
186202034
215739369
215730412
1511435
189216654
29118479
250077936
205840371
207008379
242718051
127692626
206331246
177974762
215087186
213998053
169218380
145224991
171292200
201976983
202395234
206482184
126755197
375232
242101842
136403529
879684
32776269
357949
460592
222704744
113117339
248896593
206781470
434168
215752259
214835903
201054908
124040403
185032090
106680736
249408595
215079046
262388122
262087311
202849103
127692086
120183277
215746184
212424984
137406905
171580605
77221091
181926440
204667884
216387845
189588238
5911449
44640198
127031825
113429271
45347829
203208450
252068661
53107726
248637998
201843848
198510691
242434126
36701077
183907611
76834057
194179664
214835895
10112338
359651
132355740
242487264
261973857
242453248
201874746
153364641
181927794
197546266
196158354
127032492
116496471
127591117
195303257
127033402
210455801
179170837
249857414
263104266
263114802
247346497
248977528
196930226
252040966
54513043
8325631
247938410
204416987
113000876
189541227
213599752
107059008
92551829
127846237
186202650
137503157
137592815
259477762
247345144
253360829
200849295
127692188
1661645
201622128
203449560
124893027
182848943
203606108
248649089
182557984
196156984
205807375
251532718
182541311
215730414
215122932
167019812
215739428
37134818
215746186
201599304
210438776
195996564
251275847
137432249
205694707
215080466
225208356
113117557
162348301
217123723
216462127
210455798
129138245
230250781
178037776
252908728
11375865
146226422
192950491
179167742
146226354
246321462
247446358
253160955
197852751
192950097
181448858
197951180
137941423
204539812
177186124
262656143
197415317
137430594
255222054
127692123
262897803
251997547
104557714
249577428
209319986
129138362
253244995
205019969
252078142
217411296
198651072
15447059
120183802
178108492
214930618
187184399
194150810
203200700
169377619
192951000
179445754
954568
252080054
190252472
214932992
177999951
36701730
192781576
210733645
204381170
227474838
213680357
191919683
253362662
190546770
130788138
142419033
189723712
251460617
261973775
248561766
177617351
201385625
183517699
230250911
242434116
242441759
253305052
250063739
13714462
213758168
247806963
208126950
248004638
146226413
249535043
247938129
208196467
197852695
208235604
127033389
207008382
186701095
247285737
205973467
208105675
178957575
210760811
139441153
204740195
206206053
196028403
207515305
263263692
204042312
259821386
249143457
406629
809775
114945000
182709392
205428069
192950486
201293130
203606074
183484063
172476242
215388642
203290001
202763313
214931354
182112241
127033058
137260879
32217884
37468680
177140665
214930608
201293116
137480752
215548579
248799291
146270299
201245041
129138307
217118189
154261513
184095566
243808196
252671963
243808198
249644223
257512375
101412650
181926750
261973859
196158421
217125737
247681324
201308258
262750001
254898124
201385880
115254309
193742451
253305073
262741480
258928718
252563985
113527050
247778630
146271649
201055543
260819717
213691627
214922340
210733655
127032140
127033378
177886667
190108270
731173
182107810
78014812
261960471
137263310
248413915
201385627
33650450
203320150
121102138
116577640
178211938
124893174
178941215
77222225
36390672
154225472
198520065
137478147
154225361
10439644
10760738
158868251
22367410
178566787
173984130
217500534
178536685
207565703
253362664
263209177
214815389
137414789
225208352
243808194
261973772
215752234
249489594
194181842
174215060
196187192
196186204
261798986
261798988
2237339
253305044
249775116
253305063
72702229
54445422
262892106
139420331
192459220
197621960
178957558
249569490
261942696
52805066
253360835
253152823
249521023
114945289
830857
120183128
182112225
183334690
120183469
248896439
101931858
235735330
32351785
37216397
215477198
203320051
230217791
204068839
181809108
200774156
124040320
246851499
137503526
190106288
194860927
215730767
243808201
247446295
225208349
242075218
200545388
257534088
202475540
209863605
192395851
249693716
127031681
202849076
208652898
260819564
68124391
171651779
169379468
182123341
249568524
173016515
206643107
249659226
177339106
127032903
241819786
209863611
252410490
194182668
263071336
253244993
137424759
109394508
261974498
205809486
829918
169887072
242693661
200773969
172476256
251532733
178463138
202712564
242434179
242434120
207566276
72692299
201477796
177163518
212992446
203656695
201610146
36701999
249854376
251532735
124893159
205897986
200767339
196018563
215752232
116631259
214930558
199527045
1358091
201245055
205807431
249779731
206480660
229809138
207439072
11985349
89294990
253104726
225908430
253470339
27611075
178583281
168959994
35473845
244768562
77589053
12053550
248895591
171464384
253099621
6995349
193116255
180399888
36314692
192948869
247406618
77717876
217527968
255430605
248896480
251395040
211961107
243807971
158741333
214770419
254132126
249954446
205611499
84992104
196441956
257609037
162113132
74487083
214770429
225912853
255395408
135321687
257861464
170352285
204416875
196036429
9296179
185909442
195960775
10032864
205986062
97802811
205879190
105740364
181253410
213488479
137444884
188694926
7986378
225920128
175175378
200779124
199974174
247931389
50301395
249717192
194371172
242717747
208675794
101333644
169887038
105740360
153521884
73310461
52611196
179491529
208213185
549663
187660104
253276438
57117716
41886050
42470155
196159066
176775793
262845343
179800389
189688597
253107892
253068811
252878384
255317043
198255951
448333
5995381
180999267
72668428
215727643
73356673
207782798
178831629
203945279
259568250
262060161
68612653
51198816
205591391
262701379
257861442
187786338
21682921
84992112
160814427
159819991
205697189
262745627
197093593
41883481
257786959
215464081
138183905
198254467
58709545
173093869
160814415
253472088
177274872
225937498
263103102
206560923
249681644
248414041
249021903
177234580
190353064
198571374
192949822
208408614
262581856
213911372
259568252
28256165
252675652
253577536
164534834
198692397
196280117
198295771
201308379
221800775
186452871
198256695
159481559
252166096
242711214
206474177
172305722
198897765
90116454
92686372
198257152
358173
111874312
153521894
205708155
76588949
176098237
214584873
217125620
24851876
247945499
211315090
205809708
111117089
74172715
230039310
192949346
196188915
146272278
207368032
192360652
178578278
196188580
138181039
262871311
248531100
214856632
262494475
72908467
242411398
205723405
136049786
167613818
195774646
193007574
117756300
209275144
215040257
136482622
11338092
36700773
252387338
165782394
3657851
1655215
252679766
178605056
215560907
53107730
196754003
262909012
191908593
215727639
73230276
250338932
204317892
195567047
263052214
248004854
199977488
648113
262387184
11628568
136482553
208118238
85923402
243083160
245329500
243046740
262363158
31515909
109776148
8416998
192678445
261974574
196161701
428464
170870017
195848422
51111764
136482170
198258720
114436095
35279633
146065939
201055505
214594095
108956749
172374665
242410860
197148677
249569667
395818
217750952
171625584
176765023
137409927
53806059
177532158
194465026
208408602
212356614
212425046
214582233
375318
205116913
53107754
145765084
196683885
207274573
190490462
208601167
245764964
249290952
185862898
137503523
31207448
192035351
213706970
182976080
258897421
247683554
208648719
138910875
178034618
202964092
191426704
54435112
30886342
174215071
91987424
249973379
177920524
151950360
192017120
259310980
220661961
128711507
163142986
205696908
207565678
247718526
262386512
255719856
196683811
206242807
242424676
262060165
78632286
203982690
216285727
206359967
201307995
254896320
104912501
216462239
197415825
176813536
263196429
21574056
262567738
204539803
191494268
263206782
177280459
191148984
196186225
207553712
196537640
229700262
109641002
203016687
159390257
69571880
263369966
138183423
148692115
207765289
197603864
127032536
242075367
263206798
263103141
262581898
262741496
256190652
178034555
222723681
187622863
242421059
248799663
263303876
212993105
262060167
186692383
129138367
204420898
53107734
206474201
25731039
241732756
263103793
263098983
189674493
191973437
191427000
49550305
206477515
209867799
162130674
262073359
117315674
199037448
216462198
210154677
220661904
242411311
208068711
242085307
198900129
203291558
212324239
52611194
252389929
249237773
209867797
32351768
203200772
249408653
196186255
118419930
84637208
117315788
180228428
163739494
197595104
197595087
199514856
177915381
215727641
263113175
214754985
263084864
178957485
107670299
184591471
176760992
127033120
210965776
206537493
261974544
258509333
262060163
171580706
189557670
205809956
203913481
137502591
263206736
181979053
253526968
207597100
205899339
30156450
207333667
129138278
214154730
113430063
242085150
145852534
198081689
205289199
209274439
262469612
122909543
249857985
129138233
34816928
201629795
195561085
248639138
32613967
194451840
189374459
206205014
188549299
206376657
253526460
137572858
1709227
14616755
55057571
138342418
221742141
215530661
204803663
262472891
138374239
50414725
191135148
182308556
253234606
174013014
196001726
58158189
174450055
203878097
208192562
174605357
130475665
214498501
152364642
174450245
48754079
181249124
35445322
148551653
68832498
203982754
72702287
186230535
260435021
74895286
40419929
137444940
205499640
88979845
67712898
252011573
213849649
253183782
210155782
242021521
249761894
179531182
161541414
196579276
214047224
137430504
201308295
205883383
254132144
74895190
207782731
262514686
225933984
214001093
179234096
251394659
263104576
180399884
249161229
252711642
242652750
74890754
208739237
177273906
152366797
247796640
172305572
210733651
252719708
136482374
139250800
171125387
198533305
146226238
152360147
262977562
189634853
253469640
137483162
152362702
249397485
146225287
252079342
206206041
176522718
248293929
196188789
176748133
68136927
214154723
205785098
128663915
206331334
137971268
203982574
199235024
252913600
252728208
262781463
178776894
215246588
195671000
248798750
155306704
253275968
217525229
158741026
205129202
176789050
260922781
204539991
205704823
213587831
209901310
215587146
203401910
249268151
222662509
252027091
175811972
159724767
196186194
85051103
208653020
431824
197544051
217568390
249568628
202152428
263105072
253526468
110204781
253234689
123957222
195971276
221802227
36570274
217510377
263207536
205506404
262859263
253109946
204740789
208068862
247946268
40346444
252913584
202152542
214931296
215560808
191950025
247302586
214932947
199126209
24443042
252012502
203923195
208686234
205705128
173526049
192623445
253406144
253398054
253398058
196185616
262465891
263208254
191426977
49335537
195996561
202763166
205807492
68138375
263103786
249658236
262043229
205033617
136482655
104558545
117315628
195665698
196156593
11225065
109861908
137971280
152875147
212212324
241821168
210147031
75376744
207750748
124089702
207503344
73609435
38075539
257781368
184591237
123860162
214933073
123962042
249821261
185942363
212993115
186692828
37134824
176098024
212993123
69838506
213997318
54373236
185188826
432256
52320955
214770425
184591764
66138066
89478705
22172809
175087124
249570266
184076180
52278279
68136951
205257997
174825579
210733649
247795092
136482376
125405888
193062674
252929291
137444938
209603448
180863179
184591874
136482372
194859200
68138381
249348709
202611319
68138369
120575006
248613046
113526017
192949956
188040296
190133040
247263336
263102643
208778366
98069213
247263355
194859096
165023966
263353849
229972064
55605288
247263362
262656105
68136935
209906142
263353855
68136923
187898109
247750785
68138475
105740370
68138359
159385001
214932915
247263339
263353845
172152596
247263364
150711999
252260020
192987861
262837516
261025055
202529674
22383811
187859837
115438369
190726661
195801299
133042560
262473005
36700768
37134915
33807380
157073418
194141260
144271148
36701995
197379476
217776404
8316466
247942824
202062559
167614955
109913416
139499389
203996890
68138355
68138361
36701169
125010640
208136817
137504536
124327259
253240657
124112425
199592927
217522603
248609832
247405627
148940423
41883713
37216280
36701718
225209319
247238637
178034736
229972374
124955616
261808745
37468667
247261382
195971075
247899654
254079111
254079083
121236003
229972161
230348283
248619633
248610510
199168146
68136947
261025041
190537988
68136949
254079099
248763855
36701378
225209335
84898826
261025070
262734972
247261409
151830656
254079127
225209317
261025094
247261434
22730360
146224682
242482672
171651722
229971967
151970379
68138465
196854209
196280115
68136931
196059855
68136937
184218174
247261417
248986780
225209346
211947414
247261401
229972326
179372229
192949463
195927519
160671704
263111594
214651576
184497224
192698910
252933804
174830007
174294190
107467261
212465420
197653394
68136953
137440652
188783858
209899996
58161367
68138367
68136977
97507929
181699608
213517828
82387010
184084621
139984218
184094120
217383521
263045331
179743665
261975080
201040243
115754203
106362406
198495101
68136914
175168744
254206875
68138383
251547407
68136912
263367011
72106520
221250348
252560845
23870309
208097077
203260831
205694709
116140851
260807134
260807132
260807130
196825511
260807126
206205036
189688268
56002378
137502258
196813037
68138365
203200904
263085140
68136938
262305640
215733107
205071249
216387993
249535130
186088887
31128726
31128441
57759131
190555827
262584390
196059892
60133468
198259283
248619209
175173465
175413221
54130334
140144654
152646024
248608700
32564337
31128783
53107776