206840682
82912488
171556602
44976191
1362559
176824204
252858866
625841
247884821
51244265
194960733
68437876
208615263
202762050
165038805
252011890
160581705
199040303
32219488
92732216
207439063
1028661
52785566
14961285
261809157
194960729
193584717
13332055
92010296
177968949
82996522
56305508
385268
210277474
193442679
253058421
241984071
32220209
124765099
208917344
252858858
241899726
2149531
8705839
208739708
826455
261982613
203862744
192859260
39358382
76279862
76200813
23014769
155551201
250020150
192689363
160440940
161983339
252857464
196001730
244168309
487003
394897
13329803
32217361
545625
60833223
262701130
197779015
87940185
251772932
146762388
262053349
30704605
247677617
221718153
102132718
209165782
208568690
241899730
56207381
183262923
166084088
160591709
253660386
249866310
42342422
160591687
32613956
253306334
248653618
252637880
191658964
1256315
65099023
167613485
173189756
209905858
435812
92010893
209905815
54365961
209349600
208779549
2287441
213885994
177755915
7061641
1355393
249610703
160591685
172313281
2393619
1256319
187791770
261959024
185044605
248362134
252858867
1738455
545638
200984426
571965
260810249
243248416
248359634
160591669
32900059
207317580
160591689
244178004
177996736
247793337
54353192
207914567
1582315
54512828
29815383
2149529
2149527
160591643
201383130
182480871
37398777
170870069
73585908
59470965
146271341
171586258
193417721
195192232
725672
104753729
201155782
172313466
939093
197744345
209905807
553607
48898734
55298778
32895642
247794644
176760977
177968876
162530577
73609401
201155798
29686901
65099025
192880206
14075308
203999155
1352341
342027
249960098
1954469
437455
1667311
195928146
185579679
139983152
63587068
229704268
197558588
124481388
1355395
144597877
208907101
177207778
92552087
535995
250338475
129025909
53261272
71980318
14754511
92010732
191977393
179556254
125097785
32686684
504877
72639902
249155530
12107548
198898957
197675526
36368961
214956684
215221383
2031833
176591074
215416575
220982203
222309607
104832081
167613482
146226363
262345368
213886001
10101862
199896021
173673934
107466871
160591647
253384140
172313480
175415474
203864182
11372055
251772942
11894462
843661
262689981
249032734
172313344
192721529
120293833
119698126
41349952
84870181
31207348
201031631
507605
249573481
208917620
210156020
209349666
206295512
177340202
7256303
209900500
209867894
71974464
188741099
207758430
67325081
192949360
249695790
247823262
395725
128711514
172313317
209900506
572433
249033313
141739442
77231433
209901064
1355401
35802005
249036060
172313416
32351756
32117465
208917296
7720170
200938543
21543213
198224312
1066754
209293836
36758834
177190716
208906985
247782555
107707558
262690321
260928563
248413929
205116915
32219119
141469674
84233791
252872609
158868240
97850056
208917248
180609853
208917316
109109478
65398216
263209496
452798
262830301
176522819
30886492
209430584
260795210
155463017
248383753
200023600
625484
1066808
44858336
195792313
403036
2287445
121335411
109109503
200672601
65099027
211924888
171580984
158868096
192950645
209609969
202161210
261812393
206256208
160591678
355609
174816809
140331039
172313448
217829385
50884652
37169674
262755253
485355
261984358
198697493
167613504
254093526
181714417
60706633
199120887
37169720
10073118
195801728
217829057
32351787
200848670
53261260
198518273
208917551
129138576
137165015
167613433
73107475
209349661
247299957
104751607
183742138
169375311
167613579
76045932
149189005
192360647
104781117
253151384
186140007
215388472
12649749
209876537
198898970
187622870
167613519
206295514
206205070
12640454
196761397
208779545
183678013
95157554
186329455
209905972
99918368
172313285
32352485
92010729
208739059
206561298
208191814
208917546
209349497
262064070
209610654
114995858
12056322
23399385
172313256
220910653
248707430
254117654
262664373
158706500
181926096
75701790
13667670
201645964
187183365
37900162
82035675
209165920
101380621
181448102
208739194
213589253
214580111
208907073
137941572
261810108
15539397
247794171
32015689
30886445
208907009
261812395
261812385
221717425
221717839
222368309
77221727
23740203
30165508
209430490
208192948
214165233
247346457
134340905
177614121
198517399
198898944
2063607
252099086
77673512
242428267
14069316
160591653
152559236
154441637
31117329
262086234
77561487
261960446
209349650
261812387
209170457
194860858
192975598
203115121
52342486
30886062
192908600
193202939
208917292
249389221
208907107
198416596
186086979
249921335
108956757
165626747
205823171
54853589
1667313
196857346
30886037
217829291
167613566
6724307
560011
42132977
160591680
209901286
193587852
167613493
37134870
997533
199516023
119285243
209294050
1542483
65099019
248541304
117832625
133935456
252384661
257869276
1747355
98941990
216335284
65099017
190856192
37216719
249157913
206204998
177146028
52254503
11594727
134222669
172025006
174651589
175885199
205071128
87632147
172313482
243046217
218752109
208738916
182090365
30156424
173977848
246852220
195702554
109109455
137465707
77231175
977706
182458790
178035270
249384631
217828912
181267648
177337079
172313412
209905848
177321527
209867837
201028049
85048975
11355601
106362566
208917713
209610777
150609623
261809638
166328041
208739171
199547405
260811915
105664097
138956369
104558879
98675067
215778975
248823429
31207418
172313368
167613489
146114619
29810064
155256507
172313404
105520499
335675
200976553
247404763
213885996
172313472
248884581
193638742
208682450
12710043
209901240
143144238
115768357
172313279
208686251
247951956
208917275
193565123
439812
32219935
216333757
163021200
167613448
160753990
685617
213589289
172313464
167613447
209867815
153945606
216333166
172313389
212993172
89696629
214924235
146939747
209608475
249238049
446375
96155465
196138500
119949172
201569299
208739182
1559505
37468724
119064814
172313475
84268082
244318230
202529625
167615502
172313287
176295118
202604257
172313414
205273776
173985476
36827338
201843498
193643154
12648081
117073957
136796303
23029063
195192199
109915352
36788313
172313259
645618
209900510
1387547
130841801
104743657
540986
172313330
167614201
197647160
144621134
252719698
172313250
95101314
118526903
92004361
20615599
192548215
77559967
209280543
254132227
209298917
188428444
160591665
29676642
208917339
189035836
217829191
195981181
248118985
209867802
76794386
110681680
249575867
513802
208905067
2031835
242199617
172313478
149249711
515575
247275206
261994965
214921067
203995468
173998016
208907032
119697808
212213029
209869052
167613508
120036547
178031598
209901288
252054665
195979879
215544718
1938893
209905751
160591659
105739943
32352173
36153647
252386504
198564643
253384520
38110764
209905978
114187801
174813773
42681451
160591713
215544888
139501327
172313451
32613965
206205150
189641540
73590951
176024678
259520315
177155315
192688712
66501792
167613456
167614654
209904802
247823264
242865078
181771553
262681112
166437529
263088923
247815182
262808836
29810872
215778914
92010628
12122368
229704530
39370398
172313474
143992808
172313301
209610244
209279285
209165918
109109471
36923085
252714232
262656211
248499003
209298934
208738925
213565615
208906991
208907224
262778826
252760860
84282997
200982905
215141190
17456507
209900457
118082025
214656320
209904858
262815608
84305150
215748850
53261240
177997194
215799054
208686224
209905736
209349514
10381816
243085042
262660991
262815646
51297350
209298913
171580978
262808838
247376602
32351541
77221266
193521776
252563240
176789696
252051603
53968274
253151375
252942359
208907163
209867890
200981900
262830296
172313453
55204201
171585916
210163739
195192187
98919640
202877849
261960448
209293090
80439225
137150346
249827583
209867829
222388566
97008616
209414884
716491
87937725
31207234
209293253
249682861
247453511
250098819
262030771
154441286
215476467
167613455
198583159
172313236
202185721
127032513
259512480
38114084
137191132
255411443
172313445
212564491
213682356
209430306
455038
97541473
209867774
162399301
250076605
250505697
209906115
31207452
15127329
32613929
172313289
262044764
92010527
446081
221011759
261960462
261810571
209349391
209298891
92660066
36702105
200947883
179122900
101368012
109109473
253179494
29810878
116139637
42402318
209170459
209867806
249290869
247405386
12281999
217828829
191424053
209900558
41931647
138149350
248754931
92010720
30886474
262044762
158847041
203925788
159947976
162340821
202011135
540136
253660388
44860044
257830534
67966489
172313366
172313400
249032900
247446344
208648721
209295338
209432075
209608498
209610740
208686266
209901382
32016824
144780188
247405351
172313275
186879593
29810042
252133491
215769406
262044749
208648840
35910278
190321795
203864186
1582325
208906642
166340275
208906583
341526
117868901
11336606
209867649
407596
172313328
172313393
208648786
209867965
208906652
247277690
262301158
208907077
209608500
209349579
209349645
208917364
208652754
209867677
253468232
194140804
249387275
95253719
157203301
112320200
188946884
209608504
160591693
160561959
25622164
15540864
25623472
92010742
477667
92010539
36635404
147058159
71199000
36570253
12041145
194860068
253187976
172313306
210510181
172313429
540147
135223627
208907030
208652894
209349643
208686232
208739110
209430296
208907213
209900502
921522
189082492
249150424
167615200
206561167
31690878
105265377
177969117
207346062
248754758
262044747
215778883
172313352
209298399
208652772
209867892
208779557
214920847
262664377
527667
68244586
167610155
200751169
209867669
208907092
192688946
95125206
118796502
195881389
176508281
172313371
110689998
172313268
31266140
172313290
413635
30886334
392648
248930327
249130085
417627
117073993
685508
262030773
185994745
87958824
208739202
208907170
208906581
212558429
208738929
69270595
209610658
200679385
209905970
167030903
172313418
213886094
191651824
247256708
841936
101365525
208739277
176779794
32075198
172313293
32075731
19948876
65030373
92010637
167613439
53030999
209904951
197656321
114944464
261986253
149190176
159684399
242197282
109109505
173710556
109109727
172313248
109109484
13650333
247277939
247277965
247822418
247822837
247819201
109109493
13667381
208917634
87913318
209904911
253168615
261021712
129296524
248487210
261943987
263084270
262782697
261814050
261814055
233003248
53261270
200851417
172313319
172313470
172313385
176024749
172313408
172313324
209610795
209610791
204049736
208917561
209904531
209349538
209349787
209867770
213691913
209298869
209610779
209902389
208653218
209432071
208907122
209902407
209610078
208682469
209349503
208906598
208653235
194141265
209867896
12427915
247412155
208906993
106362102
127032005
54748722
41556675
209298927
118887254
208907005
209283106
176731141
233000378
37216610
208917288
92010284
178578276
247408152
68205352
37216442
28286792
217511080
208739185
152530425
179920853
215110597
116139037
208917278
209298419
36155718
184442622
181808959
190106326
42688676
209282063
209610581
262056752
117073787
20624522
251384739
215799056
193525418
195848328
107551231
165641607
68205385
92551809
247955896
221011286
198858898
109109590
247818687
75792207
58841745
48229050
52294632
172313311
42403436
8200421
222638932
261960442
255113432
250060634
31207470
221271419
247240194
167613987
262064068
37468748
68573551
263041109
207759772
172313315
172313468
170870033
252099098
254116047
168934211
172313295
167614924
209610809
92551920
209905725
208917685
209900136
209867671
213691933
208906543
209867776
209298900
209349520
209291597
209867957
209608516
208906536
189536315
245770157
32113500
201966637
171581154
53029163
262782699
29812139
36924896
209904989
262758400
262811958
263195982
32077220
97846839
20445744
137968415
36701147
24940984
32237685
178932917
176095831
209901764
176478691
86764845
24746314
36155381
36702093
101371929
173189688
214933101
54803927
35225074
249533759
189266507
181909965
167613434
183907348
262056755
252463834
101504047
190725644
32441359
109109602
109109458
195702558
200617242
189169772
247277924
107619839
253228129
13667444
248911762
37169783
65099015
159870869
17039035
92552182
159828527
260814158
260814185
261943975
155256004
247240196
262758601
262758599
208917322
262758593
262064075
213557139
35736535
172313299
172313373
260736058
172313263
208739189
209349778
209297371
209904909
209904690
208906989
209900556
209867853
209904678
11434361
55204770
55937786
204325923
68573951
13650331
88862129
209349383
262780825
208907036
181699600
214589370
209901696
209904638
208686268
209610713
209867833
208906613
209610671
209431131
29815359
262811967
262811965
215769488
215769486
209867681
177753719
167613491
198858931
173189282
84282551
11584974
174579466
167613495
214189236
262886915
262886906
193770754
153409143
599807
32075154
35910288
209905013
119703611
157073438
249025024
96706474
172313379
32351736
29810040
182459821
233003962
14901370
225195105
11414127
77231735
160591677
262056757
242725827
42494080
195848361
247823552
193761314
247343962
215778916
252165813
31207472
144482192
76527956
261021657
263059021
160591658
261965298
20824149
262758595
261814041
261943977
261973984
53918471
172313425
172313314
262863143
172313457
217865221
246772788
146276787
207757292
32114090
30886326
209349790
208907128
212992302
209904856
208906539
209902434
208907191
209867831
208648802
209349387
209900854
209610621
209867827
209432077
208907151
209282023
209867835
209610699
209900523
209349540
209867969
209430406
208648896
209298259
97541584
208777529
205506367
263084935
188487848
263117519
36702055
201966182
249577478
209902420
172313374
54756007
101497249
262782706
92551883
190319034
209349674
30886478
34744894
100292850
172313305
34749827
77561482
184304246
208639502
208738903
12485635
2063605
29812119
172313254
95981941
167615532
176906792
74564464
160591711
209298931
213691965
11435316
209349565
149251036
184497125
178778242
263367115
262030765
207977745
248912482
242200599
163131981
147877893
176748182
215544595
68205331
13652275
198692514
17043327
250070927
31207243
178779728
95500963
247408118
247408222
173860404
262676097
261021719
261973988
261965433
184989140
262782689
260814156
32351545
36434465
263195954
261943985
261973986
261965305
261965310
167615552
172313333
172313490
94230863
197645365
208648684
209901054
209867689
209901294
209904367
209867967
209867659
209867984
24038436
209904731
209430463
209280469
177699735
249348718
252053996
248800600
135941707
199889922
262656103
209867963
209297258
92514522
262830299
35129450
209610282
95121083
179140939
262808834
262808841
191431383
208653031
209904646
38517933
32352509
97516795
189231356
189557403
36702159
36700831
32352531
99056036
36700858
37001159
173565121
166340348
116134702
32352193
178711591
119309495
188188665
15561727
118527040
32895624
262016756
262016738
262811963
200013632
208917332
252874874
262016745
173189680
92551997
10195214
208739345
262056749
174041319
208907088
167613487
32112343
43878096
195319315
251452237
173838204
54407288
247277967
247277926
92552186
193737022
215798988
11600771
36701959
261021700
11956281
252099036
261814043
68573800
260814166
262936475
10104549
261973980
75947614
108650340
247240199
36701418
42683859
221011458
262064072
172313422
38290529
208917324
252051856
167613440
172313271
165627332
172313364
34751824
172313342
208739148
209610664
213691893
209283201
208652727
209609961
209610083
208653037
209349641
209610715
208739145
208907203
209867817
212561873
242420976
209430420
248428569
31207414
252043272
172313439
172313485
172313273
245944644
167614886
209349598
209280609
183681274
207503131
35910274
32075150
31206230
209899942
208739225
209283229
209867791
262016750
262886968
197604023
68205350
96701284
30886354
113825098
37158975
172313391
208682488
189064739
36701167
205884475
29812141
192971999
84283237
192949754
176261693
36700815
77221972
36153348
68205365
167615018
233005148
36750823
209349486
148541547
262886908
263208292
262030767
20824390
24706827
51087206