98566071
98675652
169036524
144203440
169067075
98565928
197658229
98686366
169070689
95179731
197600303
98686643
98678261
98357524
98572456
197658402
169069012
98574043
97921009
120032484
97916949
98355214
215590452
98293621
169043686
98552071
169075771
104741779
169069350
169076908
169056862
169074992
169056898
98678443
95179867
98678586
169065592
169031368
98686372
120032405
169072731
120213339
97910810
169070076
98681547
169052070
169042754
207749165
97916811
169072900
98685835
98685852
215591109
197406193
98686479
98330449
97905238
169061598
83398671
169051822
98355390
98678591
97904610
97905069
248645800
207749194
83398616
213518461
120173113
253363130
98555786
98355646
203840297
120194892
122437021
97945484
197212580
98564884
243082396
217385935
120278682
112549743
169052715
194950752
98686638
181461520
141908196
213518588
138909367
213518762
95179884
194835645
95179716
120182023
248066440
95179736
149130417
95179738
207749179
253075696
120354896
120179736
202644416
97927728
97932493
98678680
215590681
112535085
98567190
144207353
96814171
96814174
95179756
90523157
95179722
248002071
95179760
253293021
95179724
138909521
199902042
95179712
97373297
95179720
213518374
204412976
215591155
120278537
252601450
146491801
112327926
215590913
97923912
209605942
98559687
213518146
96777978
95179894
169042565
213518452
95179746
251393006
96449091
138838209
213518831
213518139
97404764
191553132
97020972
124275867
263274530
97908086
98298380
144203303
112539440
97904150
98029657
98032686
97925729
194953592
118529582
95179721
213518426
95179862
213518726
213518499
253350401
253074011
253293027
253293011
98686515
95179725
95179742
249238364
95179729
206488440
120278571
215591073
112549230
97905883
146493597
98540106
97945528
215590748
98356087
98341611
112517635
97923628
96814136
96814815
199902255
96777996
95179758
191444152
138838207
95179717
138838129
96814789
149130514
96814359
251392996
251392992
83801008
95179737
95179735
120214803
120274005
248066461
248066587
120272495
120354969
215590318
34346100
51033657
98556327
181218760
98029492
112321759
98332700
98565399
98319110
213518225
95179753
147770550
95179744
121153942
203155735
95179745
172359726
96815542
96815543
96068939
194954050
191500439
213518216
95179764
217513372
213518589
120274158
120032331
120274052
253293003
253293030
249238152
254256872
254256902
254256945
249693518
124274530
249688716
215590237
215591008
98541417
181219704
215590515
215590872
98294213