203204597
262523000
225210796
225210770
190506323
16082945
262451821
250067785
248590513
49179936
218736726
216470988
446881
576258
1043010
74528925
576300
576246
576515
23036858
54747232
198642714
723414
225210821
247335672
68085305
24165642
24165087
165701113
217641609
28640236
14240098
887803
179777409
185006427
140574212
193219043
205973437
576477
262700597
90403050
250068963
74457307
722149
221259656
722052
181453717
166192468
47451250
24165114
179786130
173449296
173877408
74458320
200520676
249068882
253060181
142000388
263021094
174318400
576545
253721391
194139476
49464535
102571684
576266
250020197
252649000
182130921
196029347
158868238
44821825
27982736
254903529
23142478
186233281
171584556
253059945
250527423
163577966
249011438
198494993
35236593
52672771
216401495
47436228
74461203
23044964
111476894
187596159
723374
158719531
163739525
68082542
574458
109328172
177860554
14525888
187285359
253420164
74460981
195969862
11305421
26708001
723454
24038900
250230146
34746651
217641625
722103
208070553
1374405
583670
193218618
1647123
576595
90404647
90933541
103400946
71076508
23135178
250062317
26707919
74460259
576491
259568238
163169843
13674619
167568550
723409
589162
73795146
23299503
75585399
249086308
24164876
23549254
58444793
185447898
74683867
74459799
204213799
4184751
217641611
126734072
111535894
10776857
198642725
191081538
198642734
23134392
16680483
75618660
190864350
198084584
722038
91343901
722112
165705081
111548532
23551983
723354
249207276
34750484
28638715
225386679
26707901
201346775
185925194
576712
247878818
23142426
177915355
47444408
27990864
207933174
216450190
242411277
722132
576666
55724743
198642720
184227407
259537792
1374397
166192526
59239931
186230533
27177876
74640821
138912946
216401546
137453596
111294162
198642738
187644770
59512678
727822
67349491
731095
180019234
26707903
191039882
68088495
189093758
250066510
50385000
217641629
68724705
253040816
24164871
250335998
189595228
191089728
248541179
193218679
203998857
23142464
198642728
165700166
213492424
19383353
190125453
10762158
576271
179968801
222621337
130467346
193212465
206639744
138946383
73521485
187955390
111223315
14436642
253188648
193212463
105740345
576494
165123958
248855184
248715588
222473598
723406
129852714
134755951
111189617
723427
192127236
722125
166192406
248081414
192949233
184873953
730699
576700
213492430
23134388
214889689
723372
23044976
49464537
392829
222433180
23549224
58130547
179979176
179968430
68106780
165844225
217777993
242076172
26707941
252078549
728110
58839732
23134434
27178331
723399
72534344
52672776
180017508
111230363
217641615
252881938
115254500
197062961
165701439
723381
111200915
723363
209867733
161966208
28667323
198559059
27982031
53484697
149781038
382218
248696865
181446715
207948620
108602131
97709754
24164428
247930756
195668898
74641245
723369
177339195
108598268
165844534
96991282
49495449
165700646
180531050
221255330
198587623
23134340
63822868
723416
108598958
195670761
111468169
216335514
252882043
148866379
730578
249815281
217641617
724999
723429
191320472
166156788
194165014
27984207
127482644
216401525
108598124
723403
58130575
248885186
261028767
217641627
28638679
250010055
174827283
194406476
730511
217778599
71896413
181361165
22535804
23207463
65089860
188489952
54639346
67349489
492894
169307925
206124615
198297271
173135255
198642740
723455
184286586
24165566
173449452
1374401
65088789
125741593
91985733
722130
576674
243079099
723358
111536310
208070613
11372873
134676492
24165584
87044647
174827299
392828
198642730
173715925
194103541
146170072
207035149
111230233
576503
129587540
165842823
342123
50479155
722030
194524095
1040414
722059
55467623
166192434
229732645
252674813
158622062
576604
127002944
576314
195522099
192949804
77242291
55468282
214753119
195262167
183348447
184918834
24165991
722119
146482230
47428848
207639337
11508033
173135257
726792
191065179
58845976
253052055
253293528
252679944
107409160
73268485
184226077
356759
75581011
263053648
74684060
730963
149970546
203493864
163424924
243091763
576643
74639729
208070634
14681469
252764667
722056
91984744
723420
77756383
250338115
63900715
207035132
14521135
55467390
141990624
243091947
217641633
249151206
165704661
23551728
54639348
252663486
253052147
113527081
115790013
48980374
252106571
259459483
27177671
251590779
723441
248853786
250221592
68688355
207035126
68108961
248886152
173135252
249086078
252065767
175445813
723436
180001088
193218635
23207472
200930793
194143728
576062
263109859
218737338
149970541
217641623
208070644
50384556
23044980
186237811
173673969
207933159
176696662
722047
146274710
200976635
217890731
155255796
722037
723435
111230072
62642325
149779004
174581030
66072971
76451283
253059847
53270984
722058
576669
730830
134583823
109325118
191093235
723434
723355
23134348
190125696
225386685
249656771
197605476
98943330
194164785
198643649
54513094
723445
217954726
74684522
176768335
262804386
176212628
253161370
253038318
74861064
723368
75750284
731115
1784627
107799091
253161188
179786887
129852719
107799297
249011917
722055
210732831
185005688
165700244
48525992
188383634
212314898
112106701
175445668
88081992
225386660
11631647
214753150
36710808
184512870
200787192
32071851
723430
107798721
250201746
251393388
179998240
108957059
262525662
249938816
253161071
217648277
23179015
722044
253161180
208403335
218002905
225386333
248704875
260407288
88794569
74457740
188489943
65087856
202854251
249873767
91343406
557814
10775583
474227
722148
142103679
118195114
193717519
723437
87631857
171133372
77220792
32071043
248876589
263020728
225386311
14532556
176695380
217528971
250066969
70587164
158710363
253542652
252849813
173874527
72089805
35231232
204667143
87631905
198642712
247705561
217887550
479351
203401983
182851069
77157491
263246534
184216586
202890004
214189406
722034
187660105
428903
215206349
202879285
209868004
722046
252105278
111152845
32071845
252714320
189182288
571992
28077917
212567767
76780484
249086462
74460604
253432561
111357581
248677935
100023530
252849868
196023086
27982852
23142422
193212452
249207983
59210668
186746507
729709
204382700
91998861
209405816
134580101
253178440
146270688
149526149
253151350
248697039
197751352
132841581
171580915
165704190
206205116
254672303
1374387
248695013
24164509
723431
217890147
192950153
105231578
217523934
23134390
26693993
192950040
148600482
166156781
249206789
187285360
198642731
203392941
723356
253189243
80932526
252913261
208070584
23179020
186239582
183496996
220795066
173716900
722035
217945334
248878237
184242599
216461351
50340894
253183375
32071041
191980654
217778064
150859573
146270534
249066368
142112688
201105006
190506321
207035134
63822866
250339110
208252640
252125544
165189120
133619272
252753304
198642742
23549222
23179046
248696807
189635265
217890037
252849742
253556962
225386551
217938360
171556605
174827275
58605308
251393390
142216029
174827334
91985966
197740119
32720788
1374407
252679491
105231405
53731382
183503559
248542312
172175862
68081349
726450
58130573
722040
68082413
207035110
722100
252066008
174319107
722051
148601880
19392089
242076174
254139266
27177809
1374389
165700227
68448185
210732857
207035142
136020312
252054234
350905
23134338
204879316
217989627
248885631
111537387
212992636
218013677
214753146
28666915
171581158
252711679
253429635
24165752
722054
215223939
723365
225204989
26708005
204008200
722109
248797279
165701421
27177661
225204154
183352706
217890006
250519126
254883766
250664024
181379113
195985467
23301089
229695654
109332685
249059057
253560522
253282425
24877330
32071853
74461083
184284086
225386271
248885227
192950583
54513121
216469854
148074490
252179275
250419232
252178893
248876233
94878518
187608086
574548
207035107
74490642
28077943
28077953
175445675
58130544
161490300
213858275
175167361
252079155
217928722
253152380
129852717
177280855
67349495
200787372
722039
250009731
248695122
24164483
1077260
1024074
74640474
196488138
55282772
26694001
722124
252753292
247239894
138939223
73207138
27178320
195993365
133627472
216401559
761121
250016260
14682096
217559308
156212011
181454086
55284434
24165449
129852704
77217807
174578249
921821
252727337
254682250
26707917
192950183
179980028
229695522
198186982
203204633
73384987
54748133
217963778
225386562
428902
148600129
17533258
574550
722049
54639342
200931464
198642724
28668511
722106
99984044
168899494
24165330
68106621
26704964
250058862
91985893
722057
342132
723438
23207819
216724638
24165132
189461210
262908147
50383999
176752880
217934383
195981688
160787364
254904256
203988307
249070134
29440422
222616038
194140174
216460044
163172142
258215763
133498557
28668877
249938498
193159727
204339642
52849454
190201809
410369
185225972
11297666
249012178
253179172
111174463
197821133
29478068
253183536
187295840
63822864
179978759
218761378
253427557
253175980
73353351
192949362
32071847
249697062
225386536
250217491
49464553
188229394
250020195
206560990
54671647
91998760
174827321
250020236
23179050
242411326
252597419
75540322
262701566
171580826
32071982
76175399
253213592
576066
208070669
108598635
191754746
52849589
207035138
222618907
207240432
723412
109862053
58124066
26707969
250020238
111203847
576696
174038063
174827280
199007685
252066175
245977555
91985592
50215520
248697751
249151296
193941205
195271338
207503059
181461087
251401568
191006557
142783487
251551537
187606779
248850114
207035104
225386600
250013523
113486481
248799337
24165468
207503127
259310976
253079252
249008244
192811171
200787436
138913816
171580954
263098596
186256469
72628744
253326427
214651530
723446
253080965
165119935
177751420
146164777
201348146
252184142
253169137
181567705
261975723
217096628
248885711
262073897
23549220
105218650
24165310
201252329
188487771
262654052
17764853
249011452
222679025
26707923
253195799
722042
53389605
27564577
54671639
253191059
53731152
27177797
207032961
341793
210760856
576579
195982168
250062980
252201021
28667251
35233078
248876212
254132156
363795
27983740
261114534
192950121
205897881
150493005
250010394
174318777
186620007
177158848
191093054
111178450
208070575
213872487
91985223
253286246
193978505
186634432
197062985
260967964
187606116
201926371
102574719
96305992
23549246
26707915
179983280
165167061
251119739
147570781
252062218
113528226
50306850
557809
168960228
158775182
207615635
23134386
23142458
576676
218023924
249149940
252002550
19393490
217207741
262681119
191077684
134324348
27980698
52849791
201251909
252092783
108130742
142783516
479102
92004376
207515293
199969564
189468762
262081278
10873891
248787438
91146557
77242390
179782739
163739529
251904488
171585881
146273923
210513639
722026
134598170
253284143
50339478
87858875
194406244
111291497
8158821
180001683
248844890
72302095
28668598
181379133
203992477
217207567
214618566
216359918
242620069
72008360
28638693
208907812
225386478
208070648
208070606
249011945
252124280
129852706
218736619
723451
576657
149776442
248787464
249011767
249093262
249062676
253346352
253038314
260920884
207035130
610698
68084595
109330995
555947
177142675
175445514
474250
247936716
342125
11258650
508898
342124
250020216
479104
253081639
253079441
574469
194406025
53719396
108590730
195670258
27564623
111176605
257757916
192950609
158819461
54671644
686545
53258352
147564388
116142024
92010783
155112200
76259916
197687403
578799
722126
723364
722146
149469157
248329232
217937441
225386720
137941554
252700861
248730119
252711705
252908545
250063340
468399
173673926
242411315
87630865
474254
58716531
250020242
28638685
198269863
49268400
109331201
76559056
50339098
140484122
247059367
205966591
63822860
53721571
23142474
54639338
23134446
73795148
197775689
198643635
252080327
245197452
91984935
247444711
174578324
252162085
722097
722053
189368502
134583095
248787158
28666154
186236678
53720776
207768444
108562158
168900751
148629145
74460164
216183077
249576524
68107674
193045297
253293548
200976576
508812
103525803
75750871
112815967
723450
259512984
921823
155112598
253293540
194164854
75540172
250334822
203290219
197775388
479291
54003390
200955145
91985456
174308908
206205090
149844603
578802
105366567
96201030
204068771
241789411
576476
722141
217890094
248885771
253178249
253189312
249086978
253336073
96544381
208070671
23549218
175445580
127031555
204339012
127031902
208906692
163170688
26707949
508891
157625305
147569966
253420121
185006437
149520450
213860251
196050318
23179039
651390
6473249
70819839
241783559
246852642
221789946
54639340
248197759
91985340
181789500
226819480
252079676
727987
576475
205858175
183528379
123441142
11300444
722043
723357
217890697
986212
248875970
248886220
249532312
252002561
27982725
205279808
53733829
49268354
180531796
248703276
161252843
247683567
53732210
262792244
132844704
111176490
138946227
195980833
108882146
173673940
54348540
508826
28638691
54671649
173135228
193212466
574438
540752
148866400
77231123
146271406
252078016
576498
1024078
248329247
248329251
242087825
722104
174827317
247441861
50328872
173135268
129586293
53720280
126357694
195982063
247706000
180582948
186634974
87859338
49253256
149704749
168900660
428901
98128710
342129
32720790
186626948
165844707
241896159
27577520
217931639
205984688
253601602
194451792
76527976
216401588
183502033
77221344
252675069
143970359
252165474
252158668
149781065
215479050
247958171
217910172
208070594
362325
248886606
249086441
249086292
249060477
249062366
249678281
252098814
225266787
263208692
247930794
149520313
172147098
262651844
138911635
173877880
205685131
222680408
184918822
174827325
174293682
174827329
192948944
251590751
56750941
24165535
24165124
177703632
192949788
252714234
88778461
474251
48665904
1374409
183538789
189600444
49255468
173364003
58622178
68083963
211951197
196516030
247059408
253605148
187187248
185714145
207563075
206561082
27177880
27982854
263342036
188489949
263345236
110286103
259563850
218736745
199171396
263369992
263369998
195271248
208126930
192948992
193736948
146224744
216724562
76260067
192950095
193413142
200969968
162531004
174316947
77222561
263369982
253197550
54348312
191658806
11292947
252675803
183512165
251442879
249938699
199123961
208070624
225386493
217926760
225386491
217890125
217991409
225386326
214189244
252849962
252887245
252175030
250014703
249086391
249064646
252125705
252557454
252887353
262945837
263106850
63822862
225212324
85560387
44858216
24165516
173361736
206244188
168959789
196022530
208906242
53269692
196022914
53484942
253048113
53721378
178954861
71892607
247686172
28638703
184304293
27990859
195981875
50306025
71892388
214617422
243036359
138941763
247059371
217778189
151483215
241897710
169533367
207503060
247377667
248541319
188489965
32071849
26707939
263339931
193212457
27984205
259481813
253191080
215728046
200010693
191725656
91985042
84783956
149520307
263444919
205387141
252679854
252675218
208168727
217937283
218049234
217890352
225386455
217937829
225386188
225386236
225386699
225386748
129138240
77222555
252159424
111189813
251514742
123441561
253047557
252893527
165118636
262936659
252174803
252283543
252389588
262074609
252125574
252105282
249678293
217887625
23142488
263048429
192949888
76681200
263207787
112815964
193978387
177154451
219460776
108881804
71891998
195983738
23044952
72007672
32071843
87858828
178027212
27178316
248683668
198192490
23435807
10776332
195981364
68089387
127003181
262679746
206561027
222443643
895563
194163549
182603745
263345185
263341061
263341993
193218582
53270573
23134346
263347625
105740350
201355012
173093729
189533705
120183582
92010253
77221879
34751352
186369327
218738424
91985566
182603731
251734420
263070150
263070148
263440092
201643479
111189804
247958074
155758292
77221229
242085731
216213414
105626183
184492437
177186445
195938304
164935854
248914285
248929069
252053990
250199480
260919927
182300569
23134354
193915953
53270182
263207503
263098311
225212326
208906079
32071855
24165545
102758070
1374399
253080136
253089395
162998196
166436197
24164882
192950030
149776451
24164450
263078529
23551730
252892461
185005954
217207569
26707909
225249499
186238901
32071047
101007799
177533663
50385166
77222375
77031055
58130569
204425733
195980534
229703313
56271604
108604094
178831490
187186715
23134360
259563862
54671641
263344889
263206786
207201019
206205098
253129558
222604438
207515309
189078165
77231407
111712023
201003401
213524875
222604457
207751268
188543610
194004470
222500243
186636282
263451859
248707319
217125741
145634336
247950513
252673325
104241030
225386488
217937502
217889878
11294706
205863224
154448622
248894549
252162110
252125640
244178319
248878722
249087000
262073931
10374191
48671377
44820569
158896283
253047515
208906762
197677424
76559102
28638687
194141873
23207195
32071045
208174300
23179022
186236412
173372040
195981567
186633624
225212328
225212322
214189352
194098879
23134372
262651824
263085311
49254594
23044974
75626346
75626399
50340112
111365509
53721026
50384836
197676873
178831505
225215072
263085107
193978454
206145386
160814548
253293534
77753798
262387847
48894121
175445774
23134740
206205046
263275065
27990862
895561
259563867
196519062
253111128
175655124
114945317
225195192
112169268
177197444
77231476
201088141
206241132
179064566
263272792
92010778
263369968
252079884
158408619
192949382
201308472
252675048
252675094
225908991
211934409
168899471
174827245
174827338
174827336
198462903
204428574
44822169
49377765
262651486
103525637
263208102
53387718
263103094
186632639
23142472
207028647
208913558
184301959
150864596
49253055
140221869
55284110
208508381
24165263
253293542
201088145
127031818
217917780
225914826
225386654
225386255
208070569
217937924
225386457
225386427
248774324
248797326
248886021
250014777
248889392
263107135
11258652
11631988
263047450
263340929
27990195
58228998
198643632
263355581
259563857
204382684
222471801
215040251
77220925
137488400
77221331
192949075
184410420
91985105
203231248
91986595
217345469
214612586
263343901
208403313
11713553
200010647
203457179
218761379