4605501
4605615
334797
52804758
106362989
55511214
52804762
2137859
52804766
52804764
333038
52804756
52804768
594994
4605617
4605551
2137875
4605507
53028280
331915
52985685
52804772
331923
4605619
2131667
4605571
2137861
4605583
4605531
4605469
21140357
49091481
4605545
4605597
106363091
48960957
2131673
4605581
4605515
48948520
4605577
4605625
518969
49095368
334804
4605557
4605589
4605525
4605569
334799
48952681
49094677
332335
4605527
518943
4605623
2131671
53028284
49090287
49110477
170331031
4605505
49106614
518947
48961795
49090533
49104829
2131665
48962895
49101104
48570371
49106105
2131675
4605609
49088906
4605579
49105068
49089904
49105573
48960521
4605497
4605587
106363083
53028282
518988
48961454
49095031
53028286
4605471
106363073
49091415
49091150
49104434
48963496
48568736
4605519
49104141
4605563