92021483
175198639
137026519
113912331
933781
933801
217492607
149528295
248936092
933777
10732167
933783
933803
51993319
135156216
20730883
96750539
207193869
96752240
249970437
214606997
213703929
933805
210425685
20730882
216216146
248936100
933791
198589600
216216166
933793
113368754
198780148
566987
213704225
107582232
147100599
187955082
20730884
216216138
179526347
206794468
199683460
213706145
216216136
216216156
216216106
216216134
197114176
216216152
96752080
192133274
216216110
216216150
59356999
253625524
28597450
89053770
216216126
187955071
184592420
189671587
206781685
107576662
96752236
187955117
213705827
213705972
253622506
179526509
107561643
76827264
933785
216216103
198780847
204425907
179531154
216216115
213706299
76827272
107582473
933807
933795
216216148
216216108
933787
213705620
253782432
933789