2293201
43752011
217721870
3770029
6553789
194120875
173972934
25204668
120141614
217722502
2293197
2293209
208056429
217361221
2293211
197388149
49269125
217722639
48755276
120452172
103475206
3782699
14948154
217721736
25205198
106352171
262796483
116190262
252714362
110735769
217722581
120455343
2293215
216288953
217361588
2293191
106351407
120386204
55288656
217722547
206248742
193101849
487958
217721715
105664835
217722585
55287794
487928
3819039
3782597
3770173
217721886
217361517
217722105
2293193
55288588
191779432
55288501
105664879
55288707
262655148
49268485
14941747
263097795
908335
197388145
197620593
171591791
2293207
121973479
105664713
105664867
3782695
261129101
3782565
167687089
253427561
167147636
168005651
3818681
217722609
217723418
217722836
217722125
191779378
106351420
88809582
55285214
252714348
49334055
167650560
121228815
217722573
217722498
258666907
10726532
263097759
50076295
252714358
87045165
191780756
48755556
191780017
3818675
221228024
173854492
217721730
217722496
217722771
217722499
217722494
14941763
55289542
49333827
252714330
106351653
102758398
49317624
50076345
263104332
116818996
116194898
262653467
116190272
261798335
170355211
217722824
87045156
50239025
263097253
191779981
198889625
105664875
48755527
89481447
106349945
87045177
202962058
116001135
3782691
3765725
3782687
3768819
3782563
111005756
197388075
217721685
105664689
192908945
263208189
263206704
252714360
48755409
49268903
121225298
168046958
3765731
3818679