73492140
149847126
149847150
149847145
149963646
149847112
149963658
149847160
149963640
149847122
149847168
54660905
2248765
2181897
197530320
2248919
197530469
197337768
2181903
32196839
2465143
149847158
149847162
149847114
149847156
149963660
149963656
149847144
149963597
149847152
149847130
3642293
149963648
21140347
192951207
2162069
206145517
149847164
208056446
32112167
82389046
197388041
107004671
55289021
129521220
2162219
208056410
46611089
206145484
3855079
149847170
87045059
149963642
2163119
3857003
523369
59535819
197620661
55101443
1664891
191780754
149847128
95478050
462842
149847166
1382409
462997
74036133
1664777
3642209
2181843
2530065
3849449
462993
74036022
208056323
149847110
1664913
55101426
3848211
130744176
53467692
2181887
77702454
208056442
149847118
58711424
3849453
32112175
204317189
2182037
3849455
191911446
3642213
2162307
115694892
2208701
111108193
197620655
1664917
102132997
200976695
206248702
74678340
120438359
149847172
2181835
3849459
1382705
1664767
3856945
2181849
2163123
462805
516032
22528678
149847116
251983816
2503001
518480
2465353
149847148
102133052
115694809
202961950
55552966
122521937
2162095
76250847
208056417
171653860
4684881
2181863
3819155
2163109
197530341
1664749
116407262
206248678
208056433
253324053
2181967
3848243
2503003
2465351
2182035
216289001
113005336
6553755
574328
2162155
208056376
205574068
122273659
37794778
3849451
488284
2248911
3642263
216288932
55553029
206145513
158623655
206145498
251983729
71047609
263103128
263102373
263102397
251983794
149847132
71047811
4684893
3642283
3642261
21140303
168182564
3849497
2181853
2181981
2181971
197652335
197620580
2181969
4684899
2181895
3642331
217123720
4684843
76250970
87045307
102758275
192951515
94260434
122521865
263101464
263101576
263102337
2162355
263179532
206145502
208056419
263103181
263103116
263102303
263102350
263103237
263209688
22554358
206145494
4684907
149520486
71041136
167596420
2502961
3642285
197620571
2182043
2181859
521879
2182021
35856221
122521871
149847142
263103114
263103239
2162187
10799049
197388045
191780135
263102285
206145511
208056444
122273663
122273692
64454689
206145505
41084731
82388260
48755862
197652442
206145500
208056319
208056369
263103106
4684903
4684871
2181983
167663249
3782671
2181879
173977902
3849457
197620597
3849437
32196783
2181885
2181927
2182031
4684891
2181857
2181977
2181861
263179507
263105144
263103243
71047484
64454691
122521997
149847124
191780172
263101548
197652370
263179528
55288068
2163053
22600914
2162163
106351586
206145522
171592233
116566936
75991470
64453336
215293629
197652446
192988467
4684897
2465141
167595205
167970521
21140301
3642211
2181985
2181833
167736651
197620605
197652337
125089800
197388106
4684883
2465395
206145490
4684853
7476713
2162201
197388113
197620659
263102411
252714364
206715297
149963651
251983812
263207507
251983775
263102356
263102395
197652456
206248700
122273564
2530599
2163215
55285383
80366198
2162089
50322739
114436662
116877805
3642289
2248623
1390025
2465349
2181851
2181839
58711502
116567130
64452989
122521939
263103162
118522750
196220849
192951392
197620562
197620747
10802165
197897281
197897283
202961890
197652374
263102423
206145496
206145515
206145492
2162137
206145488
4684877
206145509
58339235
2181807
111198527
167689139
2181847
2181831
197620609
197620663
197620599
2181987
3642291
1382703
2467417
2181889
2181869
2162397
2181837