121712618
129233390
121949300
247932586
129233481
193880466
72314972
190212777
32431482
73503329
32431483
174427370
13582580
32431443
32431417
117498897
46683367
21477585
225941907
187838626
98239559
31693617
252641125
192583697
103699364
32431447
32431405
217317364
83609290
192268612
43793353
49556724
33120932
19730877
192560402
82833050
24544970
70495142
24545038
43790905
32431480
150735480
129233389
826827
192909273
33117700
98598381
58041275
141581061
658826
863193
31698231
178108307
160835363
19730684
44660537
191571346
192560415
190819734
130437136
163565493
1949905
142991154
207042275
247731160
1949873
207042371
262817111
253253316
186291292
7776241
172549355
248936374
2152873
33118334
22055422
126734707
109187306
32902064
225911929
97641421
24545053
73432150
80896243
68455723
51924199
49563044
14454808
217320678
195524999
185751218
216204826
192790329
252634748
144339821
95013115
192870123
253127933
207564451
68611860
55356907
253397321
192583632
2692755
130043237
141581457
140769153
658840
658832
48613653
116828241
185411172
248647078
192816056
217317395
202643366
202642566
31698195
22339508
68611472
217315610
207565351
197210021
44660541
192871024
202645710
192714834
658833
109010779
172545595
253203186
130043243
820986
31698243
202642341
32902238
122829015
130043385
826833
116770231
188831811
192560435
207565306
229801835
130043281
217316367
140768843
192876673
826841
48614604
172906303
33115726
130043313
205831634
140768719
253197847
253265171
121228696
142989991
253630766
214087667
142995377
187838424
253258047
261952546
44660543
121228454
44660226
126002730
141581212
49165806
202641756
207565517
242204369
115223675
207564593
209409457
192834590
202645326
24545264
31698216
171558451
7776240
122336585
147011325
207562742
190819263
166413870
166413938
229699834
44660054
205822960
31698233
207562545
139713836
229701926
202642394
209409215
177813869
129711234
201648939
207564477
155700028
155700015
217500282
199250110
166413901
202642551
114672824
197179187
247906422
164579026
58449065
168733736
144341598
216204916
229704852
119501190
121228155
97787842
249288090
116358348
199236201
195220235
172362920
130043251
121709336
253639983
121228756
122829053
120535834
55357139
207565348
177813886
207042157
178604968
207565310
248895860
248928214
190819558
207565298
251736578
201648209
190821416
142994223
155700040
155691496
155699872
55719765
201648840
190821410
187839609
166413875
249033695
192019723
142009263
144491721
249031264
229704475
195194217
202645310
192815419
261952380
190820401
249896723
166413950
190821413
178604961
207564553
109127228
251384195
192560431
863195
156113040
155691502
155699863
207400945
190819553
242778384
142009307
192560427
192693522
192693768
190819240
207564827
207564808
248907221
249033855
226365674
97785926
229700340
258752250
263266513
258752324
44660656
202610827
263239843
172545679
24545350
192875756
247718221
177813873
190819283
190819303
252080017
178604971
155691490
155699867
155700013
207810503
192560457
192560393
247906692
177813865
249035900
248907365
177813947
207042185
254083074
192560448
251253516
258752218
185751239
202642660
263042804
119501248
249937975
127881269
207564656
199974516
252636260
155691486
155699859
156113074
156113029
155700032
155694810
253127676
120533742
260641639
254082375
254082250
254082760
254082681
151509575
247447455
166413952
177813877
145134117
177813875
199977650
190819351
207042373
142009267
142009300
166413924
207565374
253197568
258752275
258752365
258752384
263042672
263060892
192814998
121228468
202610975
198964681
261952435
217314689
88087579
252078032
207565084
826829
246532858
207562774
177813896
201293457
177813941
177813918
177813943
190819342
252638287
253258967
192560440
168730948
177814041
177813907
135093697
131280745
155700030
155700026
207772447
206307670
190819495
145134160
254083030
154183288
207042347
178604959
199215588
253262140
229699170
253205941
229701735
262911910
258752333
258752285
263266508
263266432
44660188
192832864
262756602
207565584
246532739
207564814
207562593
166413900
190819694
177814119
166413930
201648843
139565280
190819480
144342672
164536649
187838658
142995256
258859648
249686052
192019685
193156977
260640668
254082419
253201484
116393280
206307681
192560453
190819225
190821377
190819286
125603878
166413874
116759233
155699868
155691482
119479625
190819324
262913590
205830153
165183908
540272
121228714