124639646
113583126
1007137
105231434
262783981
249570739
181454047
25073118
145092110
152789562
192949998
249574511
205005129
58067806
152740746
202797470
195541265
191630775
183554269
72000017
49601464
181453866
216090600
145092101
53467583
252595840
44911496
8090333
197639036
4327469
4327471
4327473
155049277
152740751
544815
152740750
184226856
195541262
430848
188576645
258667304
181224489
74332664
247289995
192410617
8090331
252000113
3306063
195541264
44911506
49179680
430856
217268955
252003977
535100
146271555
140740488
5023507
182821676
133962358
3210775
512733
4790485
4790483
1664519
214856873
48659053
25888399
45123839
354260
251546315
89762089
250559438
146271762
146271562
459138
192950293
4790481
251546313
192950723
199706223
192950739
192951050
192951048
192950303
2624289
505511
181224326
47242754
534844
258667280
52796356
192950695
207317611
258667282
47242761
181453860
192950767
192950709
185903117
535117
253627573
5401823
25980424
191410851
566479
253621509
254086704
204057524
11747460
196516215
170490712
253468321
181453857
203494516
74332660
181224540
1007133
3976841
183539115
462361
198285069
6914097
164511574
216288893
41134231
254089549
1735817
11809439
22531911
254078549
216288924
22634363
181454076
535153
2340499
566164
1735815
253090447
10005267
216288963
200651493
511563
35670776
246161820
25557390
11368905
11368899
253471996
506057
252135989
1407649
505821
254085949
253070572
253627501
186613692
197639032
100105926
162100208
1915855
74332658
254123494
175105126
20444622
200771995
77665074
252662822
7902329
185903114
105231155
197639030
197639028
216288768
196516210
181454005
50322332
168925381
247358553
173423918
200772000
46749903
207559549
32921204
566438
199904035
125640325
140743115
180851015
214856695
251999566
181224839
437393
50782102
201088107
19410193
3976849
200771983
50319309
3976853
3976845
549835
213565393
200771987
207332433
200771984
201088119
192838122
198697354
181472649
430860
242504860
777456
565988
3976839
181224886
355265
199650368
199650378
181463447
199650366
199650380
45123847
534912
184226854
7626371
346217
253627520
566283
193900321
249570992
165193128
248830170
173420541
181224600
23432479
29830424
74332666
200850857
55648020
566317
532273
191410849
129911450
22634349
257859356
82072617
212463204
87446983
200851792
215591280
50782092
100105928
4790487
106712635
1353101
247792757
212463299
110061471
247565468
216288824
216288952
146271571
213998069
216288811
205697336
535026
191444469
247564780
136539480
215040183
200851989
207566046
204071466
1408963
535150
437374
3976851
200771993
200771989
3976843
167631939
508003
171058874
214189172
181224933
247361189
11368909
10639984
578100
180850998
252601100
253071370
180851012
4790479
10005263
355261
213998077
534925
138110985
199704472
715616
208217761
168962627
355269
69980931
144637019
566026
355253
134956715
192950811
216748497
355250
192987728
196180806
212324478
247938903
215040171
205697356
177703663
6180593
151950484
214731928
208118246
89402949
190502292
10639982
181453813
2465695
50322756
101505057
1574885
181453853
114944509
175105091
11368907
167614791
5845167
148866361
245774373
511298
1661225
216288994
216288764
11368913
1600111
181472504
192950018
195741846
10639986
597044
200010691
47242756
212324494
535115
889764
252080191
201088109
10639990
253585835
10639988
192951074
247939563
64316640
2438617
430846
705144
10639980
207317605
198458251
216288878
190502288
216288914
198894906
11368903
216288885
2939787
10639992
11368901
11368911
172997955
5845095
205697331
199650382
201088115
190502260
505838
190502257
505898
2340495
466997
777429
201088125
534918
41932796
566149
23432491
145092099
566270
566095
506080
260795277
566114
566116
263045849
566089
566076
247060877
252406006
253720642
77627212
254078536
3953701
507051
507091
46749897
252764906
59262648
197639037
210145446
566176
550103
550211
7245859
136021301
3308393
45123841
535118
26505601
566659
185903113
250548980
252041161
181453912
249778319
206667808
566362
188576649
204069149
173488117
566085
22634382
2225133
566152
26945935
252597098
173488088
173183420
6479543
199972454
512775
215643006
563162
25208491
434430
566461
22634371
566162
887199
354831
20459938
1408959
155531930
868929
705174
549877
2939769
2664837
191391184
535170
2916529
2234109
171852672
206861375
84736500
862727
566258
344326
230199877
205697354
188050638
4077717
506060
707158
49640988
199551758
1735819
74332662
29164797
535040
225261515
253096022
215646106
201630400
262783963
2225137
534916
42689427
252765316
259310883
62289678
684826
206334900
186088437
4890797
26945890
193450828
777411
215040207
216288978
631389
707184
534949
199039037
361355
181224876
11510235
252166884
11510239
216288869
534888
24155194
468258
777480
262526443
74616146
251984642
535097
262526449
35411923
253376065
242693556
31658891
138183893
11510237
563142
566150
535064
137440323
194199622
2385285
249574164
908619
566335
446267
215555652
172990016
77665078
406253
177649763
216288817
192949004
680801
181224639
249768021
505917
71682161
10367908
506025
216288791
505791
201565224
87940930
180851017
437784
549868
206480572
42690053
217158897
862721
1255713
188059544
253059894
225211791
252974907
217158899
25001647
56306571
205802223
534879
192950422
534869
62464328
48980150
247792733
777443
208778425
3976847
182306165
566268
534911
42689441
252856986
212463047
397059
22935010
20447461
3619427
181453796
115794892
181454038
170064517
357782
535046
24165960
216289009
180851011
3637415
192950453
515463
177703604
191823782
25557384
4995529
163815985
10005265
1664521
205697346
212213128
566312
25747650
124887617
563341
631401
550201
115694693
251516233
194793805
22634361
354826
4995527
1600107
262654341
535084
163739113
5835165
160793292
50319323
2385283
91296005
1525331
181453902
160793306
1651901
777425
22649771
260797952
103400548
195189119
549824
566127
213682360
3976837
173449306
22634357
252975131
383169
42659746
396614
535004
242432962
252973048
442311
6932271
247935581
207335032
5743619
77665076
566286
262665986
2225135
251984802
535147
566292
164512372
197856342
694903
252977650
252602618
190861739
213936027
203494402
217511431
195186554
403875
212213129
72862914
515466
242739231
85065841
566276
566483
260795516
490049
62011634
691779
566110
4995523
506470
249036978
257846934
257846537
563146
73773604
205808195
199181015
194044860
253070600
505876
1664523
22634380
205808189
203494470
217511525
242693568
10303683
199536487
123897323
199650376
715570
191500954
194769213
195190365
252964319
260795474
25747641
54917257
217511041
194769454
197656226
214516992
205523548
213682348
566323
36389355
213936145
245774362
253322215
195953410
207317621
777422
435966
199543526
216288828
566107
160793377
710673
16446939
702914
430843
260797980
566104
566262
198413719
36389357
344311
214753084
249237805
2339375
260107650
595690
42690047
252906548
1057792
5743633
137503484
22634353
706317
566140
195188946
188044071
260795180
29348444
55282085
605291
183539074
435971
437506
51711494
181224359
75983578
37866684
225211723
195188789
876282
14295997
242693564
221703844
175105089
160793369
437781
435972
181224696
198871523
908617
31209681
1651897
101825538
216288767
566144
566291
191823846
146273836
449747
4995519
534817
437509
535164
180851002
566221
566112
146273810
253071214
191823810
50417045
213936003
192949368
160793353
167615497
10367902
435967
42690045
505771
205707537
11750443
706089
437749
505919
777409
181453878
508066
253068950
414690
355554
192838131
430855
34750256
61499267
563128
262083091
437507
172422193
195953409
42690049
252357153
262383711
42689443
252969598
253470346
535133
89763776
1914385
170063325
146273806
213936279
205816906
565975
1754729
181224346
42690043
194769384
212992608
42659717
204009117
173015184
252976074
35733681
344334
705091
192838127
89877576
216288954
172422137
506414
2004409
606605
181454001
213872148
1367133
440793
192838125
691574
566148
705529
199549695
6622967
217535302
31658895
535027
187536721
215646325
508831
192951117
247939539
105663913
253071337
36413047
252658516
252973813
217258182
706375
251984827
534933
186089023
216288793
215591271
262899507
165686622
242693552
252973598
252976147
138563540
186304852
568325
262936633
125409713
5743639
262526441
253471982
216288860
5743617
48980806
252040922
260795500
160691509
204302122
26945878
202961313
5743637
216288789
186088938
566303
193724265
252975809
263045281
203840301
262734051
507957
198258954
3157655
35244080
252640986
199503123
253068935
260406202
217124740
225211714
371172
223733641
74613683
173617318
206334910
205698612
206360839
252184957
192838121
191823983
200851486
103404677
437985
262526510
208566848
76696873
22634359
73833415
2624291
181224394
47242763
217577404
506370
260791945
408726
260795470
22534447
5743635
484329
242693554
205819381
3619423
253119546
186139590
5743631
64644426
160793341
199705637
214584869
76469373
217577398
262526422
2385273
248206874
260797768
43950713
1914381
260795492
247938415
64702017
38191269
505806
260795510
566346
185654051
216288946
176024861
61549825
506397
202961675
1935087
252928753
22634345
199970733
42659744
705176
187535957
42659739
715446
208061960
35224813
247310838
215040205
146271706
260797536
172992645
5743621
92905409
207749393
189264034
255349617
260795464
200771981
26517381
2789615
534945
147976330
59556798
198419619
247564809
85065843
180850997
706378
49868703
186089202
216288949
777415
535007
1315577
2939761
242693566
213936114
160793359
192949007
175105122
193976674
185005965
247239978
469488
252871679
253071333
253058756
260795514
23244189
257290953
691542
350467
65030363
435975
262792200
260791223
2664833
165027515
251516271
181224845
706067
1073236
208734434
7387327
181453913
199701551
51198611
35127269
346206
777416
346207
101497004
247060727
216288996
455589
115694638
48980870
2385279
71682304
578089
172422157
171581123
196058072
355551
190669899
253057010
192950271
49377688
253071195
26945816
183538827
160793339
260795227
253119550
25124123
505763
255389098
249658112
247059570
249290213
508017
181224749
198128733
4439893
777418
195742466
343439
437990
25747643
42659716
862725
185654074
862723
199705468
181454028
181453946
73865918
355266
3637553
191829003
216288755
63538258
442301
253322184
249869004
2939771
435970
194769506
355614
350465
476963
115694618
355790
25980284
247939537
179981508
62461349
160793343
691493
160793291
248199269
253068964
253070095
192951115
160793379
253057875
605316
173800678
260795444
20891925
181224784
252967869
252849055
169986622
601611
201929105
535080
578205
578081
248098106
185654066
100285142
1255719
566147
186087558
534896
250078437
215634833
535113
160793331
55284263
247239764
191266496
242693560
190502204
260798013
262654394
195190317
61546342
1040996
55552191
255389837
505927
437786
172422223
214730867
23195791
31658899
87631896
115694691
253621915
203497416
193967856
5743627
342783
200787967
230054059
563343
900658
1935091
24165299
777407
707333
9689047
206784514
348222
160671769
707480
566092
566102
216288927
225211719
525328
715458
535055
203497102
437353
242693592
252043809
506376
161245802
437751
77627262
213936049
247792777
560634
430847
253058935
235288921
252976155
217641756
262383548
253068920
242693665
262383216
115694697
3665137
505857
175105131
1617491
242693588
62473781
225959111
251516259
559211
213864477
260795530
253627563
180851008
25747645
193450826
578199
140424502
591934
566118
566257
216288825
715443
2939791
253071168
253057666
253059148
192949227
262383596
195188861
195188656
431490
370456
370457
161245808
437750
534969
31514665
22634368
25980460
252040513
243045427
260795520
252871755
252872685
94904252
62479868
260797643
215643089
87993231
346208
194098860
11816112
217387172
8318007
26505855
1524347
1255715
212213008
206483319
207566552
137129508
249938013
2939763
260827265
206235525
252640857
199549809
199542707
216288969
216288867
216288796
216288849
216288992
216288839
252849446
252079433
35734154
35412070
153466045
246160844
246886053
246163814
253700771
215592092
246162442
215643083
215643081
253148443
215635123
246161555
247060848
247060860
215590674
246304025
247060694
215643008
246065897
215590746
247059605
2001015
97810017
73668414
31514689
87631887
217535297
160793321
65034854
217900614
192988027
223658003
253058477
253058192
253057967
214730873
242693548
196058074
4273009
262655263
239163230
505775
146270698
192950123
247931377
196219883
171585329
192950000
192950028
241667757
191757025
248361344
194769317
87632167
55552229
253070580
260811724
191446735
39840994
22099698
29348474
42240096
21090126
254085698
262084527
252958330
252968277
262383167
21090192
212557805
213681834
191258871
205814132
247059922
160691629
253262527
35426789
203945291
203945356
229771311
252973367
252963499
46837050
253057390
252763747
243043324
260107654
260795446
260797999
199969385
252396729
10639978
210144848
181224558
10367880
200616618
223720073
230055063
241779430
214148567
254085905
247059602
29830552
208734461
25747639
199909902
4248913
199916706
206375017
199916647
199912231
187184318
185851699
155255498
11510245
204302118
11816116
181453855
263324003
244303335
185405692
2001017
73865896
73865891
73865878
6180601
1524351
1255721
140416335
137485722
142416781
137445946
251744839
251984772
252166930
252077889
216983007
216288879
216288803
101423004
215637268
252079339
2385275
252649042
246163325
42592028
262790011
4299283
7245851
247059948
246160640
215635080
246887521
215634992
262915718
246161881
246163794
225211799
247059933
246160750
215646561
198724928
247061021
215646419
259512978
262934540
216354095
246282322
215590683
215645421
246070193
258628322
246308563
262934896
188057134
212484427
203945354
263208884
246282394
263104258
194769150
262525481
10962894
26598926
6479067
87631881
637580
172422117
203945340
247939559
203945352
247935763
225907469
117720282
161245800
185005961
192951123
48592484
61789290
506369
72863243
192950258
215997706
215997678
192949980
247934619
253071233
253071257
252871570
252871481
253070593
252962341
253071212
253068888
212484439
30989859
146270686
214517589
103404628
217535313
262656541
253620265
247939571
175105082
258628452
195304605
184226846
260795221
243043751
230055268
260795524
164584370
212557104
212556954
213681847
200828190
62287945
96927693
262383074
254087426
25557486
27875984
42241621
35670790
253713148
188059853
215725914
31658832
253666022
246282288
507962
247060052
215645515
203945348
197624410
181224512
247246156
10367876
213562627
181224366
181224701
246160601
5743623
201929213
2454851
136482620
11510243
95071203
35604893
185654057
206483314
195552848
7978786
29348502
185405674
182300384
181453898
137440320
207566026
160793301
146224554
73865894
35579050
1255723
137445941
206560601
207652792
251984862
101824948
25980273
187548817
215637274
101361894
24984565
194199733
253152727
247401563
216288899
216288976
216288813
216288875
244181141
262458151
215591165
262915197
215591293
246161295
215643010
246162295
215591977
247061030
215634835
215592097
262936611
246282309
216354103
246282415
215645323
263206802
203945344
196180720
172422169
192988062
198436578
198424761
194773137
1537553
48754320
48592480
73668416
55552213
20440468
115694699
22634339
112334877
5743625
186704348
195190449
436396
208078183
72862932
192950012
164502720
64221896
208078185
215997723
175105105
192950054
214730894
36389353
192951072
249089760
253305007
49620235
253070065
252763380
208078197
201695304
203840287
260795508
260795476
191256241
246162916
200816721
49960753
212266279
215725916
172997212
27875207
27864532
185925223
254078698
254086575
255317132
246162248
230051193
181224388
181224849
258552413
215643097
215591829
199646858
252968456
4439897
198424661
213564263
252973054
252871901
260795528
213875520
230199761
249114768
215643095
246014388
215591010
262779093
4248919
4248915
207566561
185654061
11816107
189035727
146271578
146271552
146271516
199909934
22411663
8115853
204301973
50322346
4439895
4439901
146274549
73865889
181453773
146224729
206335434
91471503
160793318
2001025
215645168
136482636
247401539
114946718
252179239
101456367
186089054
260827923
160793355
216288829
216288843
216288977
216288990
51568418
217124614
63538265
246163399
246889088
252079633
130754979
176752947
247060066
35308360
246161533
246886082
215643079
246162863
215591290
253148479
246162306
246162347
215591207
247061040
246161520
215591161
247060701
215642167
215725912
160691515
258567202
246159712
247060897
247060765
1826655
175684315
160793351
26503705
61840987
505804
199103032
242693550
29348551
221716203
252871463
252976144
252871576
201490689
206267058
2339381
253071351
253059642
49181281
253258972
262526447
192950010
252041179
214730884
196058070
24165590
26970254
52286322
52286309
173364659
47242758
263045135
207332206
262745641
175105113
253620261
24457777
217535298
262383460
263103903
254078979
42325850
25557611
215642127
258571256
247060686
260795512
246305959
246068329
249766388
181224629
2939785
246018436
206784516
959153
959157
262916011
263329664
199910720
160691518
180609888
138049833
146224746
27867792
181673725
206472111
146224686
11510241
185654076
185405680
11816109
146224667
5808801
185654068
146271567
181453927
181453895
207656355
142418727
207636439
216176648
140434692
33151249
206474485
160793327
160793345
73865920
207636818
247401492
248780814
187542280
215637272
246889082
252178535
215591071
186089251
253681656
216288866
216288888
216288847
216288964
260926050
93296974
9771444
247892254
2939793
262936582
216354166
246886651
246163800
246162800
246162575
215591832
262914939
247059914
215591038
246160622
242202352
262972798
160691580
1822071
263209678
2340317
253363418
48754608
192949996
192950309
202961557
214730888
192949978
191258302
214654600
73668419
240715980
194770150
24166036
15281544
160691554
252871496
253068984
212560357
260798011
252958693
253070015
253068971
252871564
253057810
252871788
248600990
252043183
31658830
4995525
87631894
52286320
87632119
37794061
8318015
1537547
9771448
207749391
215997732
214753082
192950014
208078188
72863139
31658833
213681873
213682350
240762028
240667366
208061905
2340553
254086609
25557589
255317240
215642248
246161254
26507027
50417041
181224402
181224815
1935089
230057760
1935093
84992110
253148183
138335262
42659720
182133832
262455970
262903766
185851707
33321097
146224725
204301977
868931
140423444
199701428
199910238
35309400
35311227
215591205
75983554
206335440
1524349
252079135
207637176
206335438
73865887
140436671
207656357
251930952
161310103
80142837
253365659
253237308
154245459
80141519
250339500
143172597
187934043
252385478
32155084
129672282
180226005
195954683
715595
76737958
193895775
80141516
160375101
250335067
1995037
253089555
257847628
161245852
157054867
44859938
58802094
112332742
562546
175721568
173383467
59293803
23956857
29591064
27611050
192950006
4040663
6926849
253621748
225210800
897753
463727
365780
206491167
253304410
897789
196516211
252595811
437380
68984111
562547
8310494
2267699
437397
73200139
108261354
108261352
204627213
198342219
23227042
58067801
154245451
196516218
25553104
76117849
190642236
252714180
126131355
25914358
19297941
82072620
3906209
365794
195954696
48364410
59262644
34750490
95249997
184101377
178035286
92901038
48492233
179372231
216090590
192195771
257847626
3908963
114937980
214853716
11718091
5829737
195541260
724824
1661227
753333
190502217
437433
192194160
77730766
134006685
90331558
57037224
45123849
104273044
190108457
253141194
194026742
77721047
253361065
216090601
403641
115795520
101905130
206491171
208206806
170330475
124859158
212212202
48364409
2268213
253621839
29349214
8120020
173420799
195161919
252602439
50367677
138396012
247361768
24594323
253621825
216090602
173973552
253361067
195283616
252032066
252032301
365791
1580403
425094
367828
216090628
59556813
173093696
2267173
35725258
249854911
173084731
250335036
15932774
2225127
24765585
195255266
777436
435425
48557718
138111006
251514734
578223
193758287
2326379
208415656
36368651
7431457
437482
5953155
37946843
257901322
22047740
173383123
33116368
99039335
181454030
205183562
58209254
35445937
35787004
573200
2326365
30989781
76480258
525928
206334902
526720
46749905
365810
89760774
4538053
5808789
73323668
5808785
472188
252632198
209282013
184101368
403720
74992394
468447
694894
213565466
247566110
534897
252606866
225212207
54455172
525925
74860234
73408980
605888
36313092
253070027
210425342
207244636
39290652
73632348
437422
190455492
172381809
171580735
178708821
181224943
181224502
16570758
102779441
48981440
49564294
689360
250056277
183251642
17944708
58209250
37798687
171696129
92492874
216090642
26970545
11718089
204063080
4327481
437968
250362817
185351739
6925305
154953468
190109584
189587047
174444172
71990278
7978782
203770408
187600385
252596380
518169
217353267
76737960
159050455
121337070
90679261
165021229
534939
650237
74451256
53128490
192194236
48364407
92494210
435988
362406
27973492
36704650
206491168
92492868
437717
421868
34747367
196150468
391676
205254815
185715617
1453499
214853179
50319352
29348495
707150
140948052
74855015
250055369
184334854
56021313
73230838
206491175
247934632
437705
27868347
197618783
4719833
30989743
11338098
23433003
160793309
59432595
190556449
181472766
213565439
93003174
173196031
650236
199706270
173674070
437973
247937066
1409489
80141527
216288848
171070332
5731915
148541355
3715853
42459032
194787161
145672021
214759096
196150480
433373
366511
147220979
68612048
214590119
14983734
168222045
199630785
37946847
48557711
3052005
365800
3715851
252606946
171584589
42459030
403761
49659774
57037226
173382912
249852116
526719
1217923
437379
174256400
421869
137481854
74416874
204056624
506087
22099984
426276
97815113
435144
2326363
173033322
192410791
249573967
196579618
23284987
250336662
3052085
189366041
547048
25553116
154880543
403775
223538132
418268
435978
26949494
203497339
168962692
11253058
88000560
4327483
37798866
36337150
32899146
173399076
199108882
195993453
32907929
437531
77730768
23478513
115794690
2326373
14242076
11368919
21420999
118582572
19297943
217535301
249875160
425120
78631497
27868575
205232045
357777
259568275
52289805
25557356
196409866
48557725
247566071
445700
202016568
425113
209430431
354830
252275428
418262
252044944
254093597
184894833
715426
534856
715614
435977
69219935
48557717
534937
173137624
92010035
173399460
881076
198731735
4538055
344047
48574493
158868244
105231718
105663887
777475
44433400
167615000
252973767
215555495
605647
69219943
115794886
199503138
527322
715429
11809455
23285291
446368
216288759
25130518
167613745
706156
115494508
198562015
19907806
706766
497525
706066
218754787
645674
437723
115506431
92492877
247566124
572828
247566104
76696729
217387262
48557715
225212216
160691586
51564785
262057353
25124166
392575
534943
689155
32901467
23477160
407581
159974171
45321634
392569
512256
2789627
3257563
1217935
173432464
33305210
243245185
437695
3284731
1651931
3840811
421871
172989466
175105118
4732439
253468631
200793293
26970147
568803
707364
247898282
24155190
173617068
191506226
5869771
191506220
11965574
155110809
262792295
534772
437477
706870
405634
48773246
216307341
253468599
437471
252966509
392562
214818123
207643052
373889
451703
209603425
26502387
181224466
36337000
253084193
650418
169314372
44858542
17944712
175986873
199552275
49994425
76588967
228848605
253057337
252765044
185946610
252965863
36312959
189492461
21844431
222684928
115795367
215916985
14378820
252276402
253444076
173358624
203982768
13604184
2789625
225212218
188785146
172987848
39371148
208917644
192020322
155049275
214753076
95250749
82385170
170330477
77576433
52678831
344273
2326375
46772928
9811219
172422035
251924846
262748282
10983095
23464890
2789623
262971969
262797380
22047957
154155900
175986645
777393
437387
154857472
25552988
50492650
768009
217641431
437462
2225131
252905785
32955105
68169433
36335940
1315581
203458334
199705361
253665954
252387118
2225129
14458161
247931435
418263
26503008
216288974
28282981
50417039
22399943
178113416
253665950
777397
171812132
184497940
215040032
1651929
2582029
187595360
96616362
715440
205229140
253056973
213681845
392565
253070004
707417
10379325
26292893
209349577
262836457
252973430
2326377
215141197
152924357
26505717
262656153
32410542
16199921
243245144
243245218
418255
262664361
553955
192586722
19641204
23462255
560629
205187753
252040651
203945199
534871
407530
437390
177747005
252976734
206293565
194451549
249775502
191506230
56086356
434946
25000064
544736
777403
76117860
248238175
197618768
260798021
216288966
828643
259512956
225212234
73513764
36404372
253068952
205349550
445711
262387181
59480189
252970239
178957569
173399582
430835
254114679
72851522
215637211
206244732
84583401
247938077
392577
71693986
262748348
534977
247409091
3052043
252960625
255410047
200941643
20891889
26947121
25557578
171822834
2385287
437719
25553018
27865050
506429
198889508
525129
215914832
24822997
179736570
50361638
3140859
263063970
175105129
407585
138342125
36319794
16869919
208067258
228989219
215642325
106362254
16564385
7843280
216943583
252658508
235326721
373892
206295034
9687405
35957459
249934326
217577359
392561
540620
437715
25553010
550066
35445785
248762151
425076
706166
26209000
196488084
4940237
418265
170064300
481204
235682390
192020620
262082769
416759
437454
205506413
260795459
76048925
247938115
174256655
33338228
23196782
443241
191823780
215174380
197337592
355254
208559381
445695
195700830
76696845
34817181
155880581
188299186
209905705
506026
41556329
173230691
2664835
433380
204631060
160793357
39359916
32955113
198538411
777426
225212236
45902243
255427279
243083081
213676602
195969710
3725155
253095187
146226269
715543
190502222
26078789
407555
103474836
4704903
889640
207244634
181808927
191354558
160793337
437721
198020568
32411454
34823592
41934125
505526
206480570
173422362
32415029
173419213
705177
221222651
262590310
253068903
42242929
871396
49377670
206205158
23462312
69219939
193723639
2789619
36370088
23462314
94901349
208643705
41946918
44335827
138396017
346205
25208473
213519215
515993
160793293
92551517
189035761
566155
48557721
4215395
104272697
20743144
252973781
26945773
262666096
706976
260795480
30989863
58709227
121313191
208290354
48557712
403771
2582027
407586
248619715
208917244
42459026
262797673
173380881
55877124
253070067
25557362
30989753
260107641
1826649
204069253
209905684
32411046
260797822
260107640
205294117
74393013
344214
173359869
34745852
252671748
452330
49377813
253058166
253068912
198230093
185715409
146272156
344272
76048923
41870066
137410449
9949538
437712
437708
176753051
253058557
208682478
437701
715540
706047
715605
437710
41540727
260922740
704675
466987
637674
713881
23956855
686444
250055629
437691
252049461
466604
777419
23477584
448377
21090118
213681056
212961700
207332198
10202457
44812552
201308237
706233
50361619
253070104
209905783
27866743
25557370
425118
534691
65030357
200016973
221229388
253005196
209867846
247938402
253720695
20917695
497524
437716
225212213
167613999
52393321
41934493
26296962
189035824
72757835
344369
425114
252970315
252647745
250056877
188299217
57349250
25703760
344058
252976906
252975603
193723580
173364067
47438229
6932159
50693516
209294399
205229634
26505490
253068924
31133757
67651636
1915863
171877380
25130524
249149937
39335865
1826647
15269780
252966212
715615
253468602
86756291
15511593
214915778
35220508
196219859
50215572
30989769
178113889
21091097
212314876
207336642
93296715
154719399
262679714
180609934
243245191
253071218
48557709
35412000
26970232
20448131
185709795
173224787
252671508
207332216
213712860
1580405
160793333
253059807
183718196
196150461
181224374
34513707
36428831
102140037
106057979
253468313
252131089
29348519
777431
215147302
163831362
160691631
47184484
253068973
6926845
222723756
26078769
10281642
262656179
208643604
25703776
39335928
36337134
138313219
2118777
228923533
214816313
206485829
260795502
207640326
19907792
694901
253056980
27875918
25557597
204068750
160793370
228717296
216288948
225244428
77875425
73408982
34812190
26970177
525934
97810184
178957528
253058770
77875489
344055
184217313
189365910
118419944
199956088
251551218
248329013
253059400
37569112
247816004
260797620
34823335
252855043
202217883
253005031
214601669
253580660
262976083
253057443
51990203
204537535
225212211
6925151
229806806
76526985
43986351
10005251
1600105
216288858
250548884
253068962
175464645
206664744
217640387
2582025
146272103
29348462
41273860
26676033
146272047
182111074
193712852
57768295
252976064
205241053
242000659
192838128
200726901
262057540
25124110
252973588
253069977
2848989
254089575
715601
178957495
25322657
49347506
54924219
170467284
200851586
173409400
199706006
253700414
584837
25552994
29348594
189035903
185718514
39375526
190619119
116048986
167613973
261033777
213936169
213936014
25000324
92551986
22039342
346647
210964957
74409404
22775007
216289006
254089960
437582
192020703
258646478
26078807
199503181
215637238
215636771
262516868
49069009
176165076
2808665
247938131
217577446
262676958
259568273
213936071
255349760
22410309
41552150
254086348
103439651
181224723
433386
7948461
112555157
7978788
215040030
106058322
218729936
247222055
35473553
25557572
260792066
185225521
253069993
715434
115691826
200793484
178569625
195527687
203497307
247778552
25494701
12523097
173418646
21748645
20372591
19943360
173360666
190455318
171810872
249573441
213711591
253068937
73632439
186877014
241667636
54629227
4953177
252961040
24823018
262514592
35604551
25914362
199591897
249591114
210433251
253071372
181809040
253791250
74942912
200032477
777408
707396
9771446
242406009
193724149
59200984
252648374
215643459
175986060
7610142
753363
194140133
253058654
252630585
36403630
497521
25557595
59510032
506058
175105095
505796
247931413
637576
472691
252040942
262664395
252974956
336102
214949349
25553042
36094595
253068860
246168091
29348507
36258453
255349686
206205156
206851434
195527623
207904500
186600076
214150610
102140426
199705655
36852921
208917629
196936999
173093784
215727128
10005255
34512280
3870539
148063698
225212220
214189153
225212238
707392
463735
706043
225211753
225211761
181453934
550225
777433
715462
707418
216388033
154854287
41934104
4704907
459468
560633
216288826
32217824
258509137
605855
346649
48872758
173911235
192950649
253069002
252970835
252976936
253071171
212213075
252961062
253005220
252855045
153409172
253621964
208739227
178113309
10983097
167614207
253211660
29348513
27864693
29348529
246168067
371152
55669406
184588555
41870955
7245855
205807482
247059834
206480531
777413
15897956
777396
777412
704859
225211765
1734465
42842876
254091320
252354685
394886
32894862
262590324
181808943
253059191
252968118
255317246
26946145
215636905
257765631
140948083
209905214
213691885
472189
534909
3085935
252041185
204627018
253068988
252973544
252973628
252871689
253071187
252962407
158868248
30989837
216943839
259512953
33407708
261005613
437709
451696
959159
262636974
115660554
146272049
437361
214829154
195527611
178944380
27868615
255630722
22039344
25124118
534934
706512
209171398
715437
344377
715534
41932622
37875589
254114650
3576467
249852222
213857722
253060129
252977661
253058859
442328
1217921
497522
88202429
50319350
71682301
425119
497523
262676937
253071231
253057005
252853932
252354645
25407148
35472336
173432922
184218415
335435
190155309
21090521
173406719
212323445
2582911
497526
345902
192949202
221229418
575989
253059286
45321641
55282640
344393
344390
437438
777417
254093560
260922642
2130771
251548185
247060593
247060588
173188991
247570814
252976058
252974657
253069989
253059836
253095023
209905129
41926031
32591260
32424823
25494703
468558
32412429
176784941
704676
212314886
191823901
213935989
54455166
253068922
252961153
254086499
23194182
58859680
400622
215620672
167610700
205070423
165864797
591859
172370376
32976058
262729704
262688396
209171764
355247
212961228
206483177
215089984
12622550
247059809
715562
715454
715584
777486
715548
210425396
199591734
715537
154857439
252973521
253059795
19638756
19638614
253071167
253068875
25557360
262757659
198521050
192950641
403776
430861
525140
525102
637570
5369055
252044694
185285891
24165050
26945819
39839098
254093321
777405
404769
499592
15897947
24823000
707458
437988
252892318
21090707
22099919
77230802
214889687
204537560
215636899
247813954
36705132
25202808
437594
252162243
249937896
41019228
252079040
216387984
215140218
225211757
252078251
23463882
185889752
262457325
253318284
253310398
242430498
249156355
247561468
154854414
247060597
246278884
260922691
263272763
263101221
95576521
263077733
194140072
263206796
263208598
95571008
252853920
252966849
29348450
253068990
253057426
253070098
214823459
33299207
180399949
192950410
65086956
170063619
170063938
205816719
222723758
190502325
262936619
160671787
222723736
20373142
55101309
108956712
208739310
25688468
160793313
213936285
253069000
253068877
252853934
260795518
39370701
38944969
208648674
213691903
208643703
209295342
22973925
190529622
20891883
33285863
172362912
253628808
25688461
26503263
254092806
253665868
204878452
24788880
260798023
192949208
138181196
261962560
230098499
262517729
48557723
30166653
36369192
195969717
208403354
20427086
206488301
58802084
32901475
160814510
22383834
190700597
68463031
205694840
195561470
235878771
77231317
204000714
102140923
192948976
262862340
262862336
262813090
11258142
221229408
35675254
247059836
207643127
207566558
138184064
243252545
215643752
247570845
261798503
23414598
23474869
42843931
36571371
72646515
243245195
216388062
24766312
262458057
194960934
29348460
41774147
27868565
25494697
37875474
215643565
262972564
215636901
248498882
263207793
24588405
43875636
263098134
263100178
213714420
50215935
77753692
2789617
23956865
252040996
24999274
50215776
192988050
10595498
252062263
207317601
197062950
808917
208078200
252853922
253053842
253058316
253071259
253057688
252973574
252952793
252972468
253068916
253071368
247933420
15269782
35244015
263085305
27874624
252871833
253068960
205312972
253058686
253095321
253059188
208643721
209900542
248413439
160793295
30989783
252070355
260797711
35786727
251392317
200941639
209349499
213490513
213598852
257759943
173401112
2939781
88197056
65088176
160793311
22099551
255317157
254092820
25553110
25557617
254086778
25703802
26078674
35787074
254092779
26078640
26732486
26503030
11303516
246265084
172437069
54778649
260795522
212962053
21090108
41873018
253666250
253629253
262813083
181370190
182091470
207566828
206480557
216288799
262795746
262679083
262457204
178605049
77231157
176932704
207639492
33343477
202032710
34749848
228989217
228901949
172986562
190701476
225212209
127654499
108934394
202062582
181673950
185903851
208427598
176437903
221229405
171464550
190558256
21859581
3210779
33300642
27632164
215642587
206480527
207644458
206334842
235878617
251547155
26949226
200849503
197605446
257907910
246277503
242406005
249092268
208642252
217124722
26949082
252078722
252078582
243245180
243245238
247906110
177751298
197629509
176029760
25703766
43362815
448404
247238727
253148438
215636903
246857034
253059474
261942587
262062086
262062088
77231565
262934436
225247107
89415342
165092043
27859346
253058517
253069979
253068901
205335432
19761144
255605584
205842669
26078795
21090894
27866814
214827039
26732466
246251816
173032343
26945826
29348481
216288887
157432544
249960247
106318762
154245455
12107379
12107394
193177952
177569697
199706090
5812797
173650547
181379116
131475873
27611077
78631501
392568
715592
1686729
4362289
4362013
4363337
48212494
54433520
160997378
53303190
208206802
252714222
252639232
417721
23943911
192473960
32221970
220663057
403757
203983443
249775039
195801317
252357101
58134518
262637794
77928485
205610030
198644537
193736998
214915152
74247029
74247023
437782
57350380
81790989
1453497
46332522
1453501
205613997
77868360
261970756
403745
533356
95070171
179736554
25000189
155356576
73854880
201111179
98955608
16306356
54672825
31993279
105231736
42459024
10202453
159727216
412212
141757458
412218
412216
31253400
250334911
23226959
49196805
3840809
437697
170466633
967518
58624948
73219577
885834
405649
177321523
437698
107711393
10833206
93848166
215136568
405631
752329
177321525
403793
209388637
186495663
198342230
260922709
209388639
564834
247938079
8469865
208779747
204068793
1610161
192986779
204631062
215646747
4718543
248915714
403734
181454000
196150459
173137628
52611842
145669181
192987058
216435665
206491162
11965572
12292719
11861532
59478507
342521
59553862
109488201
241667551
415831
715526
91444412
160747844
187600379
571996
59478509
41161739
73219815
171677989
10202455
189169418
75697501
168881355
68446018
79539093
442425
589419
217641545
87579397
32802807
189169078
4751143
154224345
81790991
15282633
58625154
181224626
48330693
208198119
154157968
445696
173137657
247407849
76526983
57350378
391680
46332530
2733079
437350
198858914
152187718
5953189
43751718
74417737
392567
179764599
777402
193900933
177973963
439907
12280739
206144687
526718
437993
10595494
6925225
466745
94906583
25557372
437693
4363833
49181321
190539552
9949536
10697585
205245415
572013
94172871
32855257
247938412
189076562
5953131
197618675
205606354
23226723
146272158
466738
91277131
425112
9949532
173383347
255414130
43616979
425098
173137659
261989722
248188006
3483099
412177
366508
23416705
152187716
20957686
466733
9949542
54679400
443253
205611713
195189528
392559
1344917
137410502
6414651
180609961
118582625
247936381
419610
706173
452300
248554156
828641
391682
73219868
218754690
243245120
405632
433348
427639
7948463
262846123
37794068
58194137
724736
5413739
216982856
257925108
188834099
435959
206205064
403790
216090588
481213
243245228
263084875
427637
73323664
190669540
19364035
172176207
262812741
437312
16287906
605949
192949994
65466371
214651503
255179329
172988396
13325578
262904486
28726912
262812754
365829
403727
49745408
116397338
243245122
815210
252631944
10833204
440901
192333234
7948462
50730761
529363
7435615
201613995
180851234
391674
475941
13325689
48364403
108174858
204302038
200032402
3483095
534940
1020628
218754753
209349596
871480
116961306
403755
170064558
195573627
686431
262812752
262903797
253446022
11965570
589922
362417
365817
184781470
90414348
249574291
14458907
106541481
44812540
167614647
249144939
365818
23462721
262830430
106208727
100285037
2666183
243245140
3483101
625647
203084055
252079000
204867033
192949514
192885799
48492191
437725
442423
33407469
21090190
540612
247939575
215646749
162025737
3483097
253057016
95039329
68564547
247441867
200941642
254019762
214515206
403741
106208729
12117367
218754751
263208218
247441871
106362618
346204
248191506
186271351
978832
216288877
108130489
192950524
353900
175847152
118582533
204069251
173084632
73717908
247933414
23226994
57350382
433352
253523740
828639
433350
208917285
185006423
253660543
212324072
250337271
192950494
95039279
706091
127852579
46332532
106362100
207566038
715559
251392903
137133489
118582430
3840813
207658005
74866085
225940850
208118281
159728929
260797528
715598
10697589
196280105
243245170
242175087
262852688
777399
2326367
36391953
253071199
249610726
218754745
205611478
248880616
171810129
201111252
403781
172177483
58194616
48266413
391668
779073
158868315
218754767
484012
200793356
216983126
171196803
715431
426270
391671
407558
512245
715556
437711
818272
407552
118419940
200719166
196048639
437453
243245245
249593345
198858920
53988238
177334565
441727
11861512
253068879
253069991
403707
707397
6414579
262454600
394953
247938418
486605
20882852
407566
9949534
568788
253069008
412165
204302036
178944222
173084283
251264341
180609932
252079365
437707
528299
36569257
23092079
29591072
773727
4719965
10697618
107981563
253113506
521179
23220232
172176168
48773430
252040944
254093594
253056944
196579557
208917338
62330212
26296992
254019738
477429
209904958
31690633
116030465
262055831
1059518
152187720
196049861
247409981
242651032
1344915
210163723
212560909
419613
419590
174933118
184781727
248004675
254089760
109776160
144740885
182307809
214933628
262812038
262812054
118582429
252040841
253059380
253070590
249592578
90414355
262085923
179736575
141757457
180609924
209905779
249129890
249199612
252976246
208917552
503957
200010589
187927713
185991841
118582475
218754749
262055844
262656163
208739251
253691038
262812060
179736556
215646745
247302570
254019183
127221883
201630409
253113411
249050838
16570757
108009142
241905913
184801054
169473989
242076151
42081432
23227128
54455170
10694532
537562
262055837
253059621
197618648
33411365
33343475
192518902
74855770
111491778
198342218
144743318
181689540
25979749
173419099
177267173
254114241
254094425
455314
208917612
448839
212326118
466748
188300644
53988289
74534003
190732013
185288136
199640075
437467
247816552
248208362
247892305
49994423
217577416
11861551
260795450
197618702
23221948
208906999
260922663
477969
437718
260795275
32901469
218754765
218754762
7203973
54455173
260922688
715460
215040227
72692289
23414232
194118587
192355118
249145003
437729
2733013
248208021
218754769
169469476
247410219
87055512
249149817
253068942
252974883
483505
437405
247933418
184798622
195573597
540605
260795484
260795488
208738927
184781889
403780
262460025
206363021
198815273
116961294
184410519
138342799
243245237
243245141
112534755
108716705
491676
391681
475930
412163
483504
247935587
392570
253059110
253071173
253070083
253444082
216934612
255371088
437683
487164
415828
33587348
503781
415822
32976068
33360305
200016840
36053240
186256493
19749716
215646712
343539
381283
430836
486598
391667
184495574
481206
205259299
253068982
253111641
216934592
254093329
208917649
542683
437694
509986
195528731
179736569
137484813
198902053
247410084
196887486
260922680
208566283
218754692
194118947
217124655
243245207
437984
260922765
252641316
253068975
253058475
491710
200016932
247557277
253619337
252962360
253412896
184589282
260922664
253622083
192289494
254019603
403715
205609677
229725280
106362114
257767906
196857726
249607401
20373361
215647834
871694
53980603
243245172
183725549
443243
503773
253757780
173903853
13858077
252960360
177751201
198584747
3210781
27875134
255605412
254086207
22643216
177330199
214937505
260797533
214864165
260798001
185796361
249050773
412170
715572
137504496
248614409
176470848
173422548
195528766
249663048
199638226
205573682
355316
194770020
248543242
74533866
248421466
243245151
42056373
403767
253057464
253071261
437787
491678
474770
217207440
260797859
253057488
253068881
251393113
715553
36391951
201602925
107980416
178603967
106362273
195107785
193723611
215647724
137478246
137331208
201607039
197605522
74533747
243245220
243245129
225212193
194118982
262812578
262892006
262812574
262830071
262830069
24165260
253059201
253059580
253056995
11339529
164454482
247270865
252871407
183727287
253059663
253058300
253071203
35221250
26732460
74855029
186693075
184799927
186273040
208917049
263104556
192987891
91295803
95585557
80896028
177334977
247937018
184241168
91294443
253071189
260107646
208779555
208643572
248004319
200848979
251393084
208779547
188783862
142212017
7203969
171581039
262504411
206488652
152318135
149781042
155925017
117399263
77231311
32899148
196936273
208643687
109776189
203293697
204537429
179742042
195523042
178581368
208061948
198894842
33337524
242405443
225212197
242404797
252079331
229805149
25202404
174122533
74632220
243245145
210138349
262812334
160691544
247376191
260922736
177456933
177466600
253444070
253444080
10833202
230322992
247931431
196561768
196877544
196562146
116570127
196522028
253058485
253068856
253059698
253069004
262812048
43582654
252968699
252957735
208917251
208907174
209430422
208779551
212961695
260795486
186693174
92552199
262846124
157073424
196389346
198868754
200719172
248554122
191812862
146223958
199541563
106362893
175847137
117399053
252550197
137478244
206482144
218754747
247061135
43132094
218754694
137260087
225212201
225212191
225212164
251741865
81939318
257864912
249050986
108190103
247411189
247411327
243245226
68431228
178605761
262812332
240511529
262812580
67261071
262830067
208062883
252550201
263085178
263097954
91300721
191266846
263207580
185860530
247935589
177468933
252040549
195526258
247750929
26078809
255371132
198641242
252648353
254092773
92551836
208906602
208648792
253444072
10202459
208403362
147571077
196560163
253059472
252961799
253068956
252872710
209904920
92551993
205707696
262591976
247750985
252641915
213681664
190502345
197014042
210283549
200719168
214829340
240392251
207019089
253621959
89908596
196579396
46170493
247377014
206360653
205695416
198698458
96988492
242405861
193724099
242405873
243245214
113038741
253469660
216986232
73527823
262074849
225212160
225212199
249659398
229805019
248989771
201799901
24806572
29348410
262812344
262892002
195523051
262830423
262830416
263104087
91273542
80898314
180999272
183726258
253056800
253059336
252974716
253057779
253057495
50215001
195696836
61574652
21090101
50215010
248586324
192987993
196869201
252977104
252974964
59398993
200023620
33129463
247238537
208906638
209904967
209904893
254092777
72284350
15173382
253700401
253660508
25557585
229805146
108009974
181927400
178944228
206762570
175839792
198897964
190738230
100383095
168919143
210878234
176119662
186165467
181423432
11296818
194024402
137485259
212324404
138342801
247061139
215646741
254883793
247410151
225212195
225212189
225212167
215090191
25553012
253626140
173890855
173890838
41015936
197644382
254883800
254148826
177817663
197638172
262812576
196471255
253057624
252953285
253058897
252959228
253070017
253059134
253071220
35683379
209902408
244331875
262839375
253412731
263047243
91298955
177351688
253089431
215136578
178957505
34752397
1344919
253721580
252872287
186271212
208739233
208643623
254093023
116029688
116031763
176466239
147662724
172437043
210276088
99056599
210878250
180609926
252886948
197618669
136483014
206561004
190725757
206722344
106362274
184304779
202222271
209867653
247410155
215646788
207643012
54680807
10697616
215646743
207643016
25201676
10857710
7775736
216982949
217124607
225212156
225212203
193724093
247411373
252644288
252645860
254148803
253469642
253469654
253469658
252905631
262457373
210252739
210143559
254095122
262891997
262812351
262972582
247240141
262055853
247901010
252550199
262664349
253071216
247938398
252965611
177425299
92084532
91734795
181973874
89430026
121221107
247935574
213691825
209904869
208648768
213691707
257767944
197907083
261957928
262899651
252871636
252957607
183718705
252648089
81510357
249592122
184235107
173410366
208218905
189255117
81939227
263368580
262590435
175956467
186369388
186080497
192363991
185887893
92551676
137484841
212324480
198057985
41934376
73408984
175845361
196885534
192948672
178475658
204068775
184614644
92010299
24193747
247061131
109505039
10325548
54433518
95997783
10271803
28292286
115483166
5413743
106700958
199121552
74458470
553989
437740
219157238
176802894
195801294
604338
136546357
195161640
75454165
136313449
192927410
11473824
650363
22373018
10209969
145397299
72635970
195188737
56906067
715617
184242536
195801293
209174527
189170188
196280103
12293500
193925281
257835545
138190089
200938532
437700
198733372
32155967
11861137
48364405
32551162
155646635
9949540
1686753
552888
176245483
218754739
160755324
10595496
214921419
187341868
187012047
5812741
49640363
21373742
216097690
198858906
437742
219135829
650356
192333236
16564276
195255574
111017155
3840807
53013542
209876096
871692
41161743
184873828
22979457
21495608
54567410
94172873
11339527
192333232
189076560
253059369
192948950
766683
261984576
340624
68497171
58181507
1703183
23226938
185367170
650367
214584853
44812542
101548454
11861165
715464
253638616
403758
35957465
91419389
53581170
246772899
49994421
194085867
437722
967514
225210809
36413182
110235699
44812546
54455168
247934483
22373016
521147
195528818
59499084
2805527
252978176
1733231
195192047
426267
196548120
247778325
23220539
46614436
262792184
44911502
4364039
217577325
23224097
183718460
91419381
77122331
252905851
35605507
258509126
885624
216987350
190231477
91273240
429487
250056823
44812544
91276124
116148088
252537646
163021164
201111164
20997188
230086489
10271801
192948960
42850049
1686721
12100408
84321122
247719543
547817
39357643
437747
254093445
715450
257766875
31993281
250055797
90143946
25994611
185755357
83432748
430863
14807796
116568703
51111135
54512915
253059480
248797298
184488418
216288863
209904860
200032424
49564296
255349515
183732002
176522592
58444921
262082281
50215482
12290193
407582
253627554
22633152
20273850
195666956
248799305
437732
53988499
164443018
181224874
415835
47242765
259310972
177844144
214732018
7948464
185340339
254113605
247933410
248764368
19907816
392563
206478869
177496402
169379519
180576266
568814
184894941
177332332
241997608
80877965
184240665
207643830
248994577
457274
36339706
437703
455315
509990
154235671
707139
76838074
77214396
253058355
113456361
216986267
62223251
34509673
195528816
203467658
106058398
413919
491674
100285063
59177066
252962089
43590953
34747611
39376929
186457441
512230
184438499
253412720
253068928
262456475
7456637
59397716
177117487
100382905
262759233
94692645
177435878
253721350
212961298
260107652
74633439
252768786
182981128
262821603
478780
44182856
252973748
213936151
208906547
246100366
197531041
185331306
20977115
10697587
216935462
262515798
195664845
174608331
173084671
198889477
260795482
568807
184492435
252872697
253058115
426266
484010
198889573
206360901
429489
177454891
60007298
20424658
185357272
202010922
21585122
392573
196342322
486607
199650418
184489126
255317161
26077774
196280109
160796458
491732
74625924
62226006
196553398
192949306
209867808
91729214
72637268
230202436
205808057
168110162
72283851
518170
199978743
448840
509976
503784
155592489
253056942
185339440
253059575
121221410
182980683
152769234
207643014
205707887
198858912
197529633
155646779
186691962
253059137
253068871
196854449
67254695
146223965
167613699
31127935
192949886
177334914
183719660
437737
535831
192949316
252961189
248764156
503770
218754741
180957599
46172641
252972483
253059831
184486377
177443186
183719160
212963815
176127343
95250284
181224417
14811638
253005213
509971
155785908
184775623
252970199
252973870
177335756
26732498
184247501
202519715
216288775
17902471
74634329
263099961
116145526
109166924
177845201
263208678
155495655
109113800
121625199
109957468
253071355
116148000
111704788
177328472
184244552
183728062
177493768
185862232
185804861
116148015
184591840
85373297
260795228
73541252
202025517
247900204
257765864
121656246
184497335
11292223
186692415
159733686
206488478
152521428
194114713
26080645
200617450
108190112
89792745
74630681
74636859
152524548
215591084
247061396
121715102
197119505
186691829
177368385
177518931
183727656
182969836
197529717
121975113
109134852
155061627
121032543
121027145
109176859
121269898
109861770
111470166
183702139
253057648
121607890
184243430
121220802
177325666
209904889
183719761
247061403
262821598
203852936
152205193
196048512
10411524
215141235
59988053
26296773
155786841
121635240
121026383
263098588
177495388
177403448
177336996
177308146
60154450
111485859
121073567
192988056
184886719
260797992
85375012
26078656
196554395
20486891
195660682
252973940
262901575
184602580
196854447
247998346
136596493
12030062
26078608
117972140
59498415
186090720
218754743
216986299
253197502
252281900
262423435
215591140
263120139
116144305
252872348
121221591
121221856
121222028
184442393
192950157
26078584
26078594
177496050
184802853
184245476
182804549
177467671
182797489
192949894
108843313
121269881
155884195
121604849
183702739
254113577
254092816
253720956
121621938
121221095
85373822
5884053
184301851
121222222
262821590
192844492
181224781
206359962
152522216
214829463
42834250
44158580
205704735
10708303
216288871
193714721
76142474
60002395
59995867
59552500
247061400
252973827
184817818
183728468
121026563
32844878
260795454
186693290
225205430
121026476
155113743
121614005
197529444
121528257
122227013
121610171
183702479
253071222
183727401
183728644
161541514
121615416
213670940
121024282
121222541
214828522
196048740
117918075
262909037
92010000
263327365
198589494
33304444
262457234
216288846
217482934
74636258
263295075
185809276
197530065
177462078
177347956
247934467
121626879
197529874
116143934
109138701
121032620
121074434
109886027
20447012
197529545
26732451
74854777
109864024
91649950
121622198
121021144
252967640
155656497
247270705
121020771
26078793
31813788
92552146
201423175
202656448
253365432
192833921
187279375
183539249
3869871
95501038
22110513
73219635
12277776
140948171
650226
253621800
184913698
12288564
5052279
257835549
437744
14813659
185816510
54143527
23222667
250055878
10271799
433349
257835543
77730764
11861583
186464788
435954
55186879
250056673
23405601
568804
262817727
262792250
108190143
14813901
503787
257925150
177495579
109776191
41264287
54122463
177827638
98870092
186692187
116148110
11110119
106445320
116455527
405651
262898031
73219881
247238492
90144256
186501960
150805411
113249280
177829347
185635679
36569278
197231974
183702836
253248010
54926227
197334796
197336597
109176485
68421926
248224245
22110511
11106441
74417743
184314758
36371780
115749712
262846129
113246091
51990386
155600456
705246
184476160
186692100
45014381
186467263
248762211
53982720
26732488
197337437
177838847
186701378
98870917
32156577
116567840
186497819
184095564
184414455
216387952
184095128
177833753
229805186
183727819
166389913
186494004
705201
186745252
115749796
166397040
152532394
184413279
26078642
35220186
183719376
41139527
196378026
42194360
35539890
75324858
36320136
208917259
192950516
89792631
65102837
196343222
22980608
155642547
177495141
155780989
109162591
108587997
183731799
184093905
177838260
177835315
260795439
32894906
218754816
152780557
229805191
185816190
185755215
109959842
177830944
183731921
197219017
155650932
166389388
155769126
253057672
253058502
196382330
116506899
212961750
39295565
185262500
33035607
110023040
109913410
52585350
184242702
197336809
184088697
155568300
184314846
184414933
196343042
186691719
177518593
195657301
184243906
252830866
166391635
251393138
186270907
92551382
116961293
186470206
146270258
184466051
252973441
253070061
195449150
116567610
177518919
155592549
184476554
177830747
183729996
116456123
248544509
20486784
155498066
165943201
109848084
108003923
2210547
173890569
152529194
197899981
26732490
184614840
177492769
186239691
177835825
108831267
108842591
173727616
165943195
198733476
177835833
254078666
204322827
262822133
42834969
16215702
98874291
216288785
217124656
218754812
218754814
73294577
177496144
197222608
34823536
263197171
155636620
165943198
254086194
186692317
20882978
68459943
45438055
168367080
195161184
155049273
60910620
186192684
73261110
26078606
207840467
262694900
96806312
58513503
185278547
75346129
75826797
22978980
243054264
166159616
10402977
61465359
115754298
192195972
196217788
68612044
204416971
249001059
66589468
23223334
115754396
253468586
110236870
156192996
13325845
248982869
58178977
144747984
185630244
179736577
185637109
222697078
156189118
116452417
146286808
195665620
26732470
121635629
74866089
186744970
165161008
166000442
248797063
37732090
121394287
247238450
165998016
22642483
156189768
32744436
204538065
183725279
39369305
107987419
217124611
166085707
121625917
208206737
166085883
155631143
260795281
248554777
205232165
138313949
255317242
121065835
167019463
26296996
34249715
121635204
186271116
68279898
262387880
249766716
230367268
215636895
155630250
175445603
186745300
255630131
113459495
195659375
177843811
116571788
92552232
13852259
230367272
217124666
196765067
115748402
195665693
186693938
109960467
108593370
109890530
111560459
121233916
109981595
195663396
121235676
186694269
202256102
254148833
230367277
213846716
121059194
186692964
165120257
109910906
166156405
109958987
166154191
215636897
13120461
186693628
186690940
260795234
186269706
68422835
60736163
50824988
229804976
230367274
207782198
155642834
109980753
155624609
108830972
186693752
186744901
186694032
121635442
121063725
186692629
183726073
177844643
155637296
186744540
31691132
32899356
39370174
186270086
117379269
247409234
247409362
37737064
252080016
230367280
252978629
253058697
121064314
121636205
156193380
156193056
33337836
13193188
35786076
26078644
116145713
166011554
116145173
155630223
109962135
156193987
229804972
252162384
242645118
111362974
116148062
109913587
184914001
215045892
121065545
121235161
155623439
196387928
255605505
26078654
254080297
156193492
185811789
205817967
216982822
229804981
109885902
109936232
156193896
109926026
108598226
111557552
121627045
186273665
260797593
36413209
17004250
116145005
206785105
62716883
247409239
247409323
247409371
26296972
21292947
126075508
23227942
11861338
215150490
106701001
58936120
184670082
178035278
69157643
70665934
164445947
23226894
12284667
215589701
66633161
214871912
108190117
185625732
182816392
195658253
66417668
37726602
58979241
195666645
564485
214784366
195659320
235363885
117379266
253071248
53086335
196858157
21168819
181224759
10791732
66617898
50442445
248986567
186745334
260797007
184475583
116569591
184878597
195541283
51506262
90146913
217124695
155621498
184316187
260795458
13147637
121078350
92010896
68429956
51506265
252162232
58445489
184314989
2202159
32001953
218754756
186273886
195531181
182813482
186691759
155645401
166322206
42833577
218754760
166156998
165145605
163021279
39370744
38102636
42833845
252648997
218754758
197106543
195456113
257846448
21168774
80142833
16238985
59395403
115521147
136679796
58137367
11816118
187308339
58133428
199978240
247199411
171891480
176814106
184242587
102517880
228943385
54439445
184240879
217509940
70636379
184241884
92002614
76841910
215141430
195660620
253068933
229805200
249570551
20551441
113459399
215045894
251393209
252872264
247199305
68429163
27610986
59233741
114895839
195665298
185035524
247199423
21257438
247199310
247199402
229804994
229805000
116144184
68423563
247199314
114895654
187024116
184314022
203213498
262589809
79118077
185903111
229804991
247199426
247199418
13402812
55179349
247199290
247199278
247199282
247199393
229805196
205236953
68562367
247199293
247199307
247199317
229804996
68428573
51702499
193925930
192987510
160100034
249667960
184832834
34361852
73633042
11861653
177752933
184833504
205236441
184829896
11861117
175833926
184833352
34362360
76834712
196341199
68282054
116583493
75514561
251393293
177202389
210144944
34380904
32836796
62311853
209293872
39358311
184415314
115789985
73219900
98875885
108190142
127901484
195658361
189658936
34362752
247199543
66654459
214490774
34380546
177563799
66654812
247199569
182975920
247199601
247199523
247199541
247199486
247199496
178944214
247199565
247199430
247199597
247371211
247199511
247199434
185174796
185096380
185052741
179736557
247199587
247199509
247199603
34380796
247199562
247199525
247199499
247371831
247199519
215040491
247199488
247199479
247199579
247372563
186272373
248915718
49019543
136684902
182783784
184831286
184831116
89059101
195649392
184831419
195656918
187316087
98009216
74865713
115692365
37749674
248915716
74180822
195452913
199638887
195646736
35905787
98009340
66636308
185032142
173382726
214153924
58375957
115780462
76834742
253068977
195247607
186199798
159717990
214499114
117492469
155593568
262691974
116143676
115787342
185821260
115778166
115790151
182745379
184820156
75557938