68456842
107409375
261151793
58543607
261151783
74416883
2933463
32219761
193213396
20702590
48329799
253150393
57986048
177746991
217209994
74416876
48329789
177747001
214841265
202661283
192950169
145371282
41084457
247790317
74416878
58543599
230005244
249392711
42686972
56048869
195993361
58547318
261151744
74426139
86724606
198342220
209399699
198285102
19686261
57911755
247448775
196813363
215488765
53019137
139728525
196203106
204880993
68456844
5056035
201937688
2933451
75390970
568652
10827245
239763658
6189329
252928858
2933459
68454444
1747013
191683560
247796680
252664338
2933455
29284660
68456848
160692417
249392699
152740756
126682446
209399771
209399719
198228725
56714722
249773419
4077687
57595572
2933461
260853939
205506360
210425318
197964791
654942
8164686
4077707
205506356
252663443
2054855
6497497
551985
252663460
200780733
205001887
105663889
138111010
58547334
165144188
253005024
19706555
139728557
199038416
247785304
207013062
198342226
55461013
32219878
208285253
210425304
215488800
209399759
74690170
131304280
125748766
3576501
202236115
195993397
72744618
216971032
4098531
193450818
58142154
6498035
206491163
3494829
13297067
245197898
184521914
2664591
550078
182851127
10005762
2909551
164419251
21878174
198578997
247289992
151950468
241481678
191926690
1537559
58859706
184314829
58141504
57911753
194017145
202006151
68454450
32219291
194098866
194098861
2933449
32003456
263083869
110447677
160691037
108631693
248728025
49631834
164813796
198259266
111656935
16850113
19297953
185006269
192949990
199969174
239671050
191683316
146274259
7626286
68456852
11907648
108174953
257516601
201637747
207708346
253005205
557344
172450607
249535204
139728552
115246668
4638197
243807923
202785841
6775123
200727474
252884417
20363324
197337700
215183053
262568095
191621135
195283566
58442947
113353487
230021296
180749647
686437
252760974
185077950
196579573
185172055
198692376
48980965
146271766
29288342
198301214
165622756
167019735
194428708
216401043
202713731
191684767
252760970
195283575
146271873
29288338
35220200
191683374
252664353
68454460
200617454
58547320
137555857
106695929
163739111
3055209
29284654
219137350
191684721
191683613
108153940
206375898
1794751
78988974
216288859
867582
165989508
191717407
46253839
32219993
979745
13293905
252884358
632611
184247875
6158919
208285251
165989510
196683736
26411685
8387063
198820204
197644634
196203067
4077685
199038432
205001894
216090610
107409613
42487099
545285
206244375
3055207
216724580
192714168
249658148
252657150
139728562
145371284
215560746
195623949
44858685
32217363
178831325
253125221
12436092
112496554
177860484
632553
32220099
208678116
16850125
176522954
139728543
106699319
201003818
252676831
23425249
216401102
210425314
247290021
202905109
198791922
19899783
20087624
195283065
50723989
217268895
171584581
165956843
185969154
215560740
164287890
73849675
632529
179367992
214593633
252884450
115748369
178226049
80871723
19899797
186080503
200976565
557242
5153647
568648
182547441
9673192
192934299
192938002
179573976
213931052
193643414
214812665
198561972
213565319
197724419
195954716
229700201
29288332
35701333
3055213
195850809
195846031
210425295
249778310
167594310
113293932
146271935
181919694
175147120
194790653
160691041
209399785
68841418
252870709
68454459
87890729
48982303
250060223
197964793
118334433
32701106
68844388
216090622
96806310
34360917
185653985
19899793
164823057
248780870
193716591
112347887
248756705
249858714
252753268
251742297
572240
127210517
183036497
139728577
217378298
261027120
217750439
8442154
252635582
200780735
137748503
248780754
205537683
24823024
58940119
568627
205004668
94390697
6775131
250548947
103404691
207646376
32219801
248780774
10827848
14318945
247765960
198956864
12735192
115748380
21878190
252804029
193446714
68349795
20152342
4077681
568155
7285997
252832347
20339326
193632049
249937802
197687532
227793680
210437435
222704529
89763768
125380258
39358173
191684027
196579363
139728531
179571790
35310362
253047521
193447898
3055205
242484670
249016744
4077647
197652247
52296192
167581793
217750907
262088081
245184353
252676711
26411671
191005386
10142129
102875283
253447689
185006400
39358038
181695637
197386505
220824606
195283180
176522642
192924231
217209415
31894857
252752475
90850315
36832921
242630049
218736592
4077675
165221083
183891754
2386345
192950002
165144173
216334624
196859876
219410223
197964796
200752431
111230085
2100189
196068631
191926683
196305562
217777618
207244628
2099847
178226035
216971115
2339277
20702571
12602534
4387497
139730408
38448772
215220974
199974996
985088
969144
204417002
216334619
199889970
19899745
252567546
81576502
20339320
80870944
212960260
205216485
178226067
173911205
82844456
494995
4077705
217328763
127554034
198822290
197544427
801538
213705225
253160919
243808058
252563965
149520401
36776229
103865031
178219710
130756365
106348475
217783041
113000402
205506400
191683550
248794351
68349633
217382406
194004520
51618001
204332967
867062
185379710
248179294
216299409
51424227
186080650
4077679
219460705
243807939
191926646
35575537
200038919
969174
200780730
191926661
245196689
845872
182486377
14504658
178226065
48563911
188712053
217268935
206375781
260933185
398993
51990322
191683454
200845719
58450088
203506135
201293707
20363330
198542685
179368213
185006396
56366309
195237567
36314817
10827744
165622363
204431390
21878178
20479410
191683498
144937189
2216845
197018971
146272233
58340304
58076560
172485792
398995
178226103
59409570
2216855
167528693
139728529
217707307
165627389
13297069
195781227
58073664
103400640
137502929
48564014
2319125
32220313
199974942
178226019
801532
1032464
3055215
198773504
44017465
103400540
557336
235853541
200998792
32218887
171583663
217260354
218736668
200039242
127218851
10827800
191683376
35577852
263256648
87827818
19384366
208632463
165016386
5404265
220678577
252819727
262567658
20318664
120674581
3055211
216152094
189475907
249937854
109034107
253172419
145457784
129167160
196057635
210425321
163727051
128362226
141916564
253043774
249783111
970820
115748386
253471976
1076568
180749860
180749874
578476
216153471
199653965
7676151
263029569
113662167
217500596
213999708
263207883
3308403
263197951
246604740
216150637
185006046
251742301
178219381
49564266
2054853
58447689
165028923
252770215
175147117
251984728
180225985
253125414
3725157
206781436
205294174
206239783
10006963
249787321
110447688
248780798
248741610
138862574
113430134
14170319
106680468
178219347
252820605
261978469
19899775
201572765
32219951
213565453
247461503
183483345
209399655
249937764
139271101
186433871
165098805
251257630
253689469
249938210
185005741
251520055
143018820
248780836
253172896
218749307
247942383
20117090
36046663
249873832
200817299
115748378
214841260
208506407
198562056
139728571
101995177
195107121
49898626
217772522
115011510
249662967
1754723
198696849
252876966
249938149
139728587
5055985
192949982
108174832
195921249
258667284
115748389
165617380
195528667
195110933
103850594
112865725
580450
112866259
217392803
577092
205506497
142003323
250548985
195107192
201074078
71999806
112866041
252856636
20702570
252662971
113204743
168919268
248777715
252664673
252678863
19899755
160691038
133573602
249875960
253150550
127346856
249875183
105231288
106338478
191683300
214836175
10714163
152705182
249569657
5735785
191585288
252079662
252874244
201630836
111652854
217268887
217268948
204416973
252078866
20702580
248757898
247831230
185006486
206234896
176522966
201652621
190491187
217641276
4098547
32701100
20102100
191926675
502701
198882850
252678976
258215822
133573598
76177422
200844864
155764821
251888355
262566575
251742230
430560
193640826
186369498
249859057
125640317
190505329
167529600
178219432
36072396
58442897
253125215
190505358
210425291
58118914
82843430
205001890
249784819
182480821
195623954
187673975
161245886
183335457
249568279
21878199
221230148
195702772
227765237
253042529
251742232
57648724
36705222
247764991
253228653
249938234
262462061
252868923
213966604
249875488
249795840
253152651
146271771
202961473
2075321
20702560
496065
20318589
248780830
249794607
215184998
249658096
251869999
251256169
19899791
214756035
195660966
58543605
249860960
249666653
14303664
3576489
248794276
158775137
252858335
252854769
258509089
111655366
249666150
5055971
206145307
252854685
249938051
252632255
248780817
247761016
252874762
248759887
58447695
196683766
195782513
200969846
430561
250060271
209399727
209399651
253044010
249569250
248794353
192950769
20123184
253151873
2732413
205707559
249016838
248780866
250060054
196579288
249535206
258509075
147761028
466727
2063663
249938207
249700433
252768726
216724635
251741842
84872886
6775119
177816438
253106333
189336412
251734214
124480942
1017246
249666964
735758
193736712
191044768
2933443
191684707
221231639
197337554
250741678
147564442
205113416
244948546
108178965
22649693
248351140
36069774
247402464
198562054
235324155
74728658
247830397
251447139
217808143
178226072
247411478
253706445
190808443
192032810
248640313
48753940
247764015
568646
145092995
186559034
163726663
197165863
167581684
217778653
20318593
20204470
180749862
31514462
248780757
214584843
559196
253205889
532121
190826621
191926663
178226005
197388005
263099048
191683520
191621053
182738107
216472675
134842456
54550752
7676159
257891286
198285126
198538865
21878201
112335089
519863
107777061
1642369
142008326
252877153
139730443
186080383
125259883
214261704
165650866
195660970
192714730
191684830
106708465
252585588
193533158
182851065
4465511
146271958
174037893
19392048
165224770
139728597
31515084
10827719
142009483
217501121
113329708
252062269
142003987
58141516
192921740
195530862
26411667
29288344
198956987
250498345
193723428
181369379
214841259
108183320
205506499
191039848
205873870
252662587
146274088
177860488
175968944
3055217
541258
137694325
178219311
165098797
201632382
201113425
182462909
253152551
249784189
176522670
200970417
102005727
196174838
217696786
215560766
246772989
249938058
191926657
183046234
165688037
199649176
36315554
206375774
188834821
198458722
206483117
191621028
197464915
201601666
208285255
193450824
58442616
115748361
2075315
128344129
192462643
568655
48330336
2063693
110187623
3576481
200998459
219456953
2075317
195623939
10142139
215560748
249784675
198285165
1642365
222657896
2004573
167594794
467330
4098543
198198158
248445182
48753023
191926667
2732409
217522752
191684715
250741676
890504
20363317
5056037
247668965
190608295
201632526
194442517
196683750
37019008
215220968
199568882
132882024
217723998
141741351
252973568
161541510
201424622
248780848
252078827
436596
262673857
112520213
199078064
134842481
192453296
216113776
14504660
152705180
217209839
14504652
222657898
197676754
103404627
185006003
215381613
399911
200918958
109581702
190826387
217268959
171439644
171447477
252670499
203093925
68454446
163722059
58811383
165144179
551801
1642367
105231096
72628989
185005925
146223940
36666118
172437099
208778523
193535635
216724603
5404261
215184876
1032538
146272678
199648120
188834659
247985803
213715303
20117029
32647668
258509143
9688928
198301038
113039124
178226054
4642787
243807900
248221494
60393072
182729483
191926679
165226028
193716775
213999812
197668868
175983022
247887759
116158407
202961375
19899786
20332601
169446603
196150325
58447675
178226071
185968819
802520
247459843
553467
179562837
188708014
2210785
184134299
183040572
200919799
195782533
193196016
186710553
1574825
191683426
182743136
213999776
199140696
195529225
204416911
146224961
185654053
146271270
37793953
2063715
197608041
247930772
192926461
248644554
188635630
139728547
57790049
76198197
252662377
191621157
26598928
71062566
195623933
248794342
69162907
32583295
510926
185006055
183483271
970840
209399755
180608497
165098762
186577707
1046474
970858
198590873
242485105
198303740
170766742
178226083
197568194
217286468
195623903
112442116
247798890
146272259
63538252
193714884
139728561
214757065
165084762
548098
139728534
178940449
165084391
598930
555480
247798886
123184849
247761989
168181399
245183174
124481134
217781048
58973834
217765350
20472991
112520724
101995174
249535143
53825954
206474738
396406
137503005
206474761
77777092
249938321
251742105
218735123
198499692
26598908
34750515
2244625
262037820
210413507
31975564
150979190
20123213
195647717
189303561
199972818
689328
599240
400021
191683355
247799508
248741746
249016861
217741132
842682
193737038
155763841
207795376
142006172
184247427
708079
209399776
25423462
193715003
191684750
197337468
217780732
645795
217765161
139730451
207705996
204044629
49633969
248780790
970376
51423372
113662442
599161
249485178
176522857
253447653
436545
58447685
176522789
191683330
970844
49633372
494866
108089058
580385
127457688
252664554
146271966
31523224
1017260
195848430
2650139
174933048
194478028
247878822
257835469
186495760
26214330
69162903
139730418
169914766
217268907
41870528
96301305
253106990
199903913
217208093
253419832
248005083
190791052
185006488
119639601
178219598
198285130
196683853
570586
3725159
141798962
78553553
216935763
35445090
199903640
217865317
31523222
183033823
32217214
253126039
262078207
12418718
213705481
36776225
108972311
160743730
177343404
216090589
47158548
183364909
189475885
144936411
198801412
26611500
542979
195237545
248179439
251514859
262656429
176522662
206658725
205322960
3158435
5736021
167547188
20848485
433672
263082000
63538254
34747099
197388009
215199058
141819279
199965213
198297242
195623906
250060024
249016739
32217697
48753176
263174373
193640424
106348625
165668064
184907461
143952175
202785969
708076
196205903
242437058
145093417
263082063
253152416
217740589
196343163
253125805
180714357
216353634
253620315
72630416
215305479
160049129
217292559
15722786
200726610
10401998
248780855
142093503
217387058
191683292
195623919
248794331
193976684
182603739
263044455
253293676
103400570
207244632
216968228
155254100
251394329
195528812
193555762
247454759
201600586
205506381
146272355
19899749
146272422
176522795
250492525
900624
243093209
217128590
202038101
5056027
253148763
198280399
139728578
128649116
4077703
217268927
246772858
36776231
780119
196562404
251908311
2075319
190539540
5056039
588727
142003321
175146849
191683324
110186550
178219307
257437562
261517031
172919181
2216853
201069501
201600782
514353
32217661
165627308
167549278
194015000
215219259
57911749
258509065
190489620
252662375
190794094
29288307
248709181
926834
146272175
258509085
16850121
103474354
510786
162008201
250060208
253635535
197165574
2797681
206376837
1951653
245185718
254211148
36434127
200824249
191580432
20123205
21878180
258726249
252078155
19899759
610767
214754078
193715372
247809069
165627310
258509073
106348351
20848483
115748375
215380931
598618
2909547
4077701
249016683
2244645
503837
243807984
158868120
112347985
164867191
20318602
186304585
196813243
215300337
220678082
108183906
243054853
155593572
199568960
58118928
235350504
55696273
125273489
111223530
248576021
248928253
183368947
248643929
26598936
253107093
141774914
217268957
50328767
181695176
111646828
23371198
102005728
247705371
5404255
34751491
651321
23424081
505407
192987748
194440179
164848173
20115100
87044854
29288330
2216861
2216827
110188033
198889485
176752859
176522616
198817740
20036593
2797709
37018214
172364767
253631137
20216738
36563731
252631739
252630158
20318577
20204443
205644688
257437544
112169746
82385657
146275384
40723031
20363314
645780
217822886
198650519
58450086
74729487
197854588
190759461
217322482
35577532
217776777
249878975
216969591
185969030
196683754
260685635
172365613
510511
193116455
794032
599794
970848
57898780
253356172
529364
249938192
253100140
6010097
95070401
20036687
502716
44858862
657428
198889481
253284304
22653389
23435318
171580714
253152736
62874233
20117025
651333
514362
55284513
31975560
119026350
48753834
37020320
56600604
71202391
556484
58447693
146270266
192022880
253161487
197602929
185006505
181461669
217130877
194147682
201678364
252529781
260820054
220679350
262065464
41541982
191690793
202024573
113339364
867572
599790
845880
1017262
120509558
252185083
205707545
195623925
206479105
174826102
94074277
215380521
26161683
248005066
31515173
502853
196683933
6775135
146275300
146271617
108130597
39358689
207816881
241035613
130428502
217832483
201801834
247447863
139728540
169984467
185005891
191123901
192203299
247971463
557340
511507
654559
31515169
32217946
556985
26598930
654555
36313398
31975566
39358377
76015586
165219169
167557206
184308134
103400547
242424800
252711676
178957543
210755064
257906211
243006441
248780765
519849
794012
195961291
197634904
206474521
190608318
2648011
192861936
199568766
108175247
559197
117235634
217293028
31515218
188534341
196021791
184489253
20030814
202011492
201572122
58442976
645779
651335
247962772
245196575
21878172
541313
84872933
55552196
658628
32217371
217740652
2099843
178113047
214756168
207223129
5736097
105231447
191683314
167019816
139730423
186080490
191684727
127218885
136664028
214829353
260686137
243007865
194449640
193889107
182459002
202005369
193004890
867560
20702582
605411
217268975
20212812
35859524
57648720
119537530
7266501
1537561
249016827
84872537
510829
49640339
80365437
105231576
196021805
20123198
510497
252784624
510889
186369538
253152703
167654919
156681142
501970
197553061
84321277
128677181
191684549
200788867
216021811
121059744
213931336
252662854
253125002
262016791
249938365
213999164
185711009
185006378
191694553
193568729
189336835
194524968
436676
598761
689320
856196
450683
441982
4541247
634125
553093
103400562
253355883
248502093
202596373
206481142
137502983
111655210
248382796
211280366
146275378
217522793
197073248
20864211
867550
36710108
197923073
192460344
243807937
170917771
252855071
191136504
213705404
247448904
181920606
195851970
193640442
253152757
511511
31516034
845894
510799
2648007
2319123
23435934
845900
171586246
540379
32424213
178112236
191626084
217292648
169503682
261252263
183892388
257847032
164072589
253633435
248710860
247831169
17960464
253344630
602647
856216
689305
867556
25456493
689327
867504
78491226
78491178
117235637
172437122
205705259
14450211
249937803
249016721
249016746
249849725
249016828
249938016
248759880
249938021
249016682
248722064
250337599
251255034
249938090
250060103
248780759
248794312
248780743
249663013
251742345
249938386
248794306
250060188
249850197
249852123
250352971
249861144
249938154
251742195
249772046
251255238
248739126
250060039
250060016
248351848
249938297
249938393
168715596
249664134
249684474
249783262
248794340
253146830
253043470
252768685
249016716
249938323
257454372
260814923
249931429
240626844
251254596
249016818
262382243
249938138
251742337
252784360
252794630
249662726
248759864
250060140
130756237
249795786
253045350
252078724
253069931
251741891
252078725
251742164
252078831
210425328
213565420
213565290
253070331
251742218
251742293
252078999
252078934
193200805
195121822
107409418
191683528
184873921
221798046
107783733
198342231
51845988
116769896
73601709
14767075
249668598
59163006
179766439
111103010
9956800
193209991
68350213
142003604
187600387
195121891
71948980
262427266
250056238
94887296
115768552
134336007
195282934
44184619
217392867
249668430
143299999
179211052
71948984
195623857
105595170
191684834
570585
192913462
249392719
194098857
112509538
204957459
51990537
190582239
252728143
190951228
191719762
68758305
74285816
44184383
74285812
191684800
217750670
195882098
10576730
252663484
19706553
57384326
22824753
10382597
197652243
248780806
47227578
198458270
494300
3553325
13934769
247955805
20702596
51990250
183892587
216748511
248418226
26464134
105231592
200780738
115500730
186492130
201694031
3553427
143293427
115500774
252714076
262885332
171258342
171269439
214812660
195623901
33693700
47223998
172421957
44184359
247335274
197554643
124483634
257450885
923615
248591743
146271954
253173495
71202375
208905460
198413374
189369349
24782629
249532564
494284
2797727
35219998
102890836
24782713
199172214
115768398
178957537
195686858
194084409
249291157
189060515
249648833
213965523
51100903
196683895
191683488
200984574
191683474
219132892
191714371
22412125
186489988
173520868
248591525
143320729
494309
212158087
253107337
113401024
194958536
113530324
190792444
85660291
251266786
572247
202898103
26464142
71948974
113525524
10142137
71948971
11905210
123483981
192453305
198269989
166572802
47239036
61384902
595647
86045639
115714173
1742137
206141016
78905961
85660437
206145347
72006897
91774334
198698481
90684295
200933200
4098533
26464486
970170
205727626
190582237
229695589
205657559
214584863
22414006
199650408
253104797
6189341
2285533
3157689
252668043
190802713
189390627
2285515
3553437
32403719
71928934
35594539
58141512
249487230
36319566
113301998
112053760
58925737
39295313
162008170
120674459
197652241
191683466
192950759
2286547
199101162
250057589
202901423
192453301
217387170
248754466
182550166
85051016
52296819
207334138
91906733
249610793
175088493
214810021
165626711
113662426
90508263
198725046
59047909
252760972
217264582
192950753
235530947
214753041
252870697
1574827
249016829
55240814
206145452
186582541
249783070
87044544
53407219
176285320
252080127
2066307
253689478
110447679
252870675
161907008
177060562
245179046
216724784
262346909
253047141
189366336
197170001
247797043
47230362
262451722
209879986
248779194
123484048
195210808
72460732
130439439
199969188
230008840
3317709
199269806
214578689
94072915
250483285
32101144
217259009
1891963
216232238
580274
47239170
9688926
199571331
252720358
39302629
198280687
205707690
33030588
185974395
53713488
253125010
124728515
209881238
242486840
248746331
245006407
94887223
217478483
205506315
252682417
248794352
244915677
249796117
203511508
202706027
73856387
47220338
178226093
176287540
19899763
191489388
134842603
494305
83607965
197902178
205674695
253104684
87455044
5153669
161967346
249485281
146271912
211927596
146272188
10597934
189369351
142116950
198098776
186582326
176267926
198198319
188410298
207818850
47221143
249938037
243807896
130832540
199579159
26464136
176092560
23134410
119989515
47160221
217387119
191504325
186080619
114805457
197186907
47238964
242751747
207401735
114945097
220681106
115500732
156729981
204298000
34673760
263210204
252178002
253293477
193699894
130392401
263166362
253293586
47225057
249938369
186592108
248182096
262903831
171056524
1457623
253293609
252035424
218734959
172938371
193555576
248064581
217376751
923617
245196455
48291692
39310957
192949033
253293524
261943589
252079487
252078107
249772118
82842830
205506330
253324429
263059953
204416055
26046984
263075781
252714164
262971485
262817158
252672179
76061547
4098539
90757645
217392860
216724594
6189333
35597351
252396939
102263400
252803285
101307617
249804069
194440118
248759918
253629984
22431610
247931462
10142123
249874082
199553131
253308702
177016869
263311294
195332417
248759916
262972182
249937916
186579171
253318983
247941845
64999896
205506423
191586865
200982900
5516395
2077363
200929646
199591870
252869342
253720770
198467618
214837889
216724578
172449982
139728549
203432933
68860364
200841610
86741538
262067758
186636597
54550888
188835173
253293482
196579588
192453312
249873616
117235639
215139730
250060278
48749297
199915859
75636526
191621099
183035679
249390449
252562424
260818920
1387563
177860550
252079180
198561954
16570767
10804881
216334618
221229775
249684213
105228862
177860552
247931349
125640323
252905846
217500706
260806848
168721991
191683334
252079497
200519725
252080331
35232183
260685142
188342807
199578752
251742007
133219309
199518150
195237531
252236786
249569588
249567127
262695084
251741995
214908511
248759899
249291759
161966873
214580085
183675115
146272611
252079405
151950576
201605399
216682608
248780777
139234606
249789761
252681451
74907084
251742320
249469731
180229995
251394343
252823326
242504932
185006265
204417024
155547168
83399179
83579899
125748750
172364176
216401017
206374480
203506038
247932416
200935369
158902929
249684811
262789764
153817724
47239193
201074062
11976446
263101572
180232380
186584012
217577604
20702592
252178133
253206362
263063988
252563162
189366267
35312566
263197245
177860532
20102065
252721958
197191468
196683863
201509146
211927537
192586765
161979642
217389523
252178207
191684568
196683837
22299287
130787822
195912386
14378802
20224186
175091512
55799127
248490624
197890957
83749341
249873289
125439772
243807874
221231209
249667826
185006471
202651114
247955140
186582335
243807933
201628233
185005765
252683795
175146845
125384816
50779390
163739117
164769460
86038132
4423749
198956805
128635939
222657904
261113149
217523387
217522583
47167248
197854331
207461078
127210785
222627417
180749788
222627357
152017815
253363089
222723683
249824778
47239091
20702562
176789299
68431220
144885606
214841267
183535553
197922887
217500455
474773
201695272
217478087
103124291
249937904
6302723
77777148
94072955
193710041
203462456
216020926
494290
185974620
195623873
201572173
205218648
214753031
47161619
124509811
252760085
191683349
249114672
198304989
249712005
198100968
217750774
197684148
242487321
219132937
249667107
199972911
205543174
242504922
650641
252759245
4423755
42470088
188834264
58257866
247887628
24390411
194958610
47164238
133772890
20318581
20173891
178957563
222627234
249766800
200039167
262073453
217389673
198227209
199522917
4541257
219161774
168794499
198271045
107902820
161967379
247960350
180219617
179983603
199972893
59132131
208285249
55331921
199140639
245190190
260669048
108914004
119366011
219161778
196058117
249535202
253362980
204430355
217387188
165221807
52850076
199964910
1971547
196579530
151950591
731067
4465517
142121905
32589759
25423470
249016657
248759923
178957534
214584792
33247503
249682394
217577471
214085593
250060284
247942595
58925637
188228523
198021080
108151703
189366438
185005911
247931506
217210397
141099749
42470300
262846110
47160938
21878207
197556063
221243477
192949573
85752696
248221823
218730057
195686833
4084621
250020232
263082058
262078235
170262551
141789082
197897414
91771786
110987221
213997335
262895714
201678175
178957509
199972806
262826028
248794286
189459994
2463225
262793705
251741938
252973914
222627219
87632109
217796316
197365818
249390688
253358099
262766179
262078229
218728424
197161176
180003070
252664510
222627344
158894560
249937977
199648653
249395042
189370152
189369343
85049107
198098845
197170227
253248210
169916876
24457439
191683450
178475844
203945205
106395284
140627601
196683843
212314836
151950587
146272160
171219052
21389845
200841670
41875957
185006361
217209142
257885294
202013865
247887664
217778948
572130
109356753
58983144
241667710
181918482
253125008
252725506
537591
191621116
258668281
241667643
197602781
106353377
216229804
253627122
4465521
195873996
22824595
146272182
193629937
192649980
249938371
214582589
262667503
139234574
215382236
196058119
176522634
248493213
130428593
184873786
198591210
252683356
247434623
205495715
57648726
195783198
201032627
133250984
195841196
185006279
253516845
41372058
573380
249016759
178476050
199177565
610759
198278047
196579559
3718837
262675708
248494533
53040156
197830198
222723603
214088745
183036453
119366055
243012305
39333206
205725766
204310089
94887126
248759906
4704909
6010085
205113430
217441593
151950599
151950578
206268244
128306112
112992234
2066309
217392855
178036081
83568905
29284644
200841565
186080615
204536317
217781180
126768280
208191858
243013655
249767114
129557940
216867299
170523890
195283558
145551489
201000181
33653000
151950601
217749659
130384098
191684713
32217131
217577390
192891349
260855497
200845600
262708442
199101125
190755309
190702756
262061435
47180062
130831716
249461972
36369325
195122257
217750986
190608304
200976520
178957521
252765417
201525572
217191523
188716528
217389670
180002512
216903041
71062562
196219861
217740562
249859497
69162899
146273718
43237539
186576884
191979528
436686
3557827
47223934
193045217
189366160
253129546
117235631
194954043
31502121
139247476
76062194
47179262
196180882
198816923
249035325
24390397
19718924
1465503
222627230
10598189
252357117
245179048
36628200
205632578
193710228
172437084
47216531
202025211
201657195
183035914
129074347
196855434
47221277
222723616
189573956
1076570
248759932
248759890
249662908
252247376
249034960
208420247
251741919
252078125
249387647
202258588
248759523
249938141
249937771
249016830
251742275
252764254
252078407
248759917
248759940
252078126
251742013
253090415
251742285
253079312
252078010
252078706
251741904
251741984
260925727
17533165
252672086
252647774
257779865
249938130
249937891
252465585
249938307
249937903
251742180
248759910
202412814
253179832
251734429
180365630
251742347
262023291
249937805
262081156
262459636
262455289
253311306
249940443
252780907
252561032
262457300
262454944
262525344
262660354
262656064
262691740
49378489
262677344
249016879
2476621
262973009
262709256
262982304
262982840
262978003
263104418
246553087
262982334
263110865
263063965
263081996
205897601
201678050
198075500
263292034
222627499
197337564
182729645
195782170
202849376
263082090
262078227
116158373
146271385
207937220
130386436
217739673
10672040
50214807
19899761
200976647
214894551
247394044
199650372
29284645
262808212
262456057
262725717
197964819
260819832
77151333
252664372
249938065
214644506
242809146
58078677
249683230
243023674
178940365
252211715
249199775
248643420
249285207
161968694
205600036
189557800
161968571
121253342
197822459
253456791
50215025
34816964
195782336
194432926
191344585
150999119
196683847
178226101
263352659
262676995
263392252
195237539
249938179
249773019
249937926
249937756
251741980
249668998
249680275
251267342
251266755
249938073
217312611
252079024
251741946
253043036
252922083
262018969
257786930
253211272
249686984
249699686
248759933
248794348
249034928
251258067
252080023
247956022
248351892
249663139
249937662
248780782
248757970
251741933
251741878
253101173
252078296
251734364
252079411
253090089
252941476
252079170
253042423
252404860
249700016
249662923
249938845
251741988
252794237
252769262
252812068
252079751
252079783
252779345
249683972
215300396
252795332
248723546
248740038
248759937
249670052
249937732
249938401
249016729
262463601
252867402
252805548
253691013
130756184
249764266
249034999
257758722
252870255
250060180
249680629
63590320
249938079
252940851
260110335
251256389
248794319
249937900
166595362
47218863
262790151
136144937
186165951
262973052
262972840
262982834
262977743
262876715
47165815
248741596
262979556
249783309
260847302
74344977
263113285
263078503
198773528
181457870
263056599
263053688
105231694
13771038
10672042
263090422
249934616
203084442
195283560
222627365
217130879
222723652
215560726
235329187
222627272
59237624
146272147
247567455
200976504
254138767
217778015
217264877
217321559
217128585
252662642
244883641
249892373
162411637
184070258
252677132
252665803
249784579
216024263
213980043
11814125
217130838
217128601
216900677
193203042
133772961
260669350
111107876
262078175
217751097
182308642
182736955
205717518
255175451
263316746
204309401
214716440
171053341
199569052
199581984
253363065
201678266
48329791
93276024
263357613
2909549
3553405
117235641
263395848
252867362
252807638
248759946
251734446
253047361
249016784
252080152
248723618
248759944
251742121
253101140
252763437
251741993
253090140
253090401
248760138
248742273
249665429
139234570
249034930
250097668
252605313
252563062
249663492
249782151
249664556
249697731
249938301
249680933
250060280
250060080
252273058
217648964
249663353
249679375
260925170
252563877
249938289
253148660
253099653
262067539
262454354
262455389
262292989
247785846
252773930
252077937
252771091
249663544
252794959
203214717
249684148
249016802
250060154
250060153
247401343
118174863
249937992
249688074
249697251
252427437
250060261
259484315
257758627
259513553
249937792
249679685
252078514
251742144
199912823
251448774
249016855
71985421
253228440
247955927
249938203
249938081
262739561
262679205
262754580
262790252
262972917
262790208
249016678
246553040
3718839
2386331
262977831
262982003
263104376
263045045
263078563
2476619
99039395
31515870
21878205
182547767
263098887
198537941
128677418
240247742
197906511
200976512
260406459
11857988
119989668
199101097
195801387
186559155
197608114
178776516
35696952
196150857
178219485
182714862
6010083
55331919
68431225
139716257
217776735
217776950
219132939
146272167
216166008
216936049
171810974
215305476
204044662
83580042
249767722
74360892
194958670
261027721
242618390
260806515
92905400
263352250
176789426
263303882
263303884
262677369
199518242
192015135
189204222
199648091
199568987
189557113
190702809
35611795
262733239
263317982
249937681
249937698
248780828
201602678
252241530
250060056
249937672
251394588
250060282
252079784
249670785
252560791
249938067
252781238
252806667
133573596
252870331
252867654
261806735
257759243
253100405
253099757
24955401
257758864
260830138
261988681
250060268
259484220
252079087
252078445
252078750
253090397
252078597
252078611
253070452
253101156
252763793
252078232
252876041
203213598
252784800
252803318
248779390
249686827
249034860
249669775
253100607
253227405
139248210
139235138
249681237
249771748
249713999
251394796
249938034
252811820
143851235
242618564
251742288
252079315
248794332
251742035
252079843
252077884
251734142
249664101
249684729
262455608
262660093
262292858
262660476
248418888
262688371
262708436
262750192
262749236
248759912
262790231
249940426
262815675
262877431
262790141
262972986
262904725
262978029
262982328
248780745
263060532
262977817
262977996
263112315
252726319
262978001
263209610
263102228
263111783
186558924
107896479
192949023
193640382
205327425
262978088
263287802
252952830
22649700
195231242
217749592
192949563
167462173
199690743
58925668
262517681
141788325
217478159
222627414
253152784
263088599
119641336
13934767
197169684
242618463
215560714
247444970
198562052
197337543
262346865
253419904
113662621
243015173
252662899
214754005
214645159
252682955
253146928
214160730
248759893
240586136
255175391
182745418
20363328
72002388
247809125
57762177
152559234
192015658
47221202
254410497
202013957
192015785
189297383
197191476
263368840
76061752
177860448
73856385
69162893
261210472
32099561
162100199
248055116
253357026
197676970
263352146
32414826
263412708
249937783
249684050
252563572
249664633
252858699
249035034
251266540
249768537
249699859
250060151
58962445
249570341
24469853
251255043
3308333
77116968
252078665
252856769
252854744
126296365
252632246
252794848
252913516
252783654
252784238
253700882
199177537
252078798
251734206
251734323
199913752
248554148
249035062
257759370
254077855
249690211
251741970
252078748
251742166
252078075
251742018
248716187
249937777
248794299
243016102
248759876
249016791
249016665
248741932
249034942
251742350
249938113
251742158
249711792
202412786
250060025
249016811
249937880
249938123
253206473
251254715
249938357
249938103
252811862
262383225
262363306
251742307
249937813
262381724
262454771
262686991
262689985
262708181
74907000
262790179
2476617
248794285
262790087
253377703
262681454
263112970
222627501
207817589
258673135
201610038
190794896
57761624
252679131
196683817
260819562
184258392
216023565
2063701
174883436
242487813
128825236
39298011
213589397
260806294
180008504
206330732
207563760
263294810
202019516
263066817
263272907
201678236
186558864
198591051
195861967
222627189
245194970
198561938
20702600
119698815
923619
103865469
10672038
66104140
218728421
217741150
217329960
203433446
217332560
199647943
249291602
253447708
252078766
262061647
202013469
199568359
195281745
262725552
263271831
51518552
263357477
263357930
263303983
214841261
263369646
52849993
87453026
177860446
263410483
263400420
248739542
197603209
248759586
248780780
248794244
248732490
249938172
187383539
249016839
139235288
249938004
249937644
249016843
249016651
249570239
250060235
249483815
252872351
251470489
133573592
133573594
262386093
262385185
251741864
252269274
252079325
252421430
252867945
249938313
251734374
251734285
252078803
252771658
252857888
253324478
252078899
252078879
251741872
251741852
251741947
253070495
251742071
252764613
253090083
257786709
253100296
257780610
257780477
249682876
249664513
252079030
250060098
252079321
249937745
252078607
251742233
251255268
249938218
252079841
252560853
249937814
249679235
249034958
249874652
250060076
251257230
252782032
253228886
252672123
252079551
253206004
252458777
262584430
214840991
262853877
55284094
262903812
249179953
262078233
262853754
247392862
195544258
215181334
253097748
200941173
197191470
201600014
196453617
198294767
59077209
73601034
43665704
262808982
197208117
252760629
58930419
175445430
61397939
43878905
198192819
193976889
214968121
198562046
170922209
247808863
175445725
250060183
199916968
252078556
199552137
214592716
252726803
115091698
247811050
67662530
216967835
58926147
188660653
115092584
199917883
186559302
199553038
178940248
68793065
247810979
192453313
252619673
74285776
248789292
74285780
214967968
191893673
114854303
201803467
73500079
253203224
192453298
253364135
54467563
54930568
249397373
252683193
36710030
252684230
249667894
188831255
170262201
257759617
262739585
36710491
26464138
197684192
12481487
59739082
188661409
152025954
199916663
186987867
253630311
262349745
145297102
145309949
247817513
247394286
56265697
192862012
34746490
59538116
252672109
996116
252560831
217124742
248779431
222627176
262979826
117235643
112531250
263193798
197206215
188831317
249937865
152046978
262477241
248789106
250494432
172801379
72525235
249677281
193045221
59596673
57726309
195237535
213997905
117209110
140627606
55003873
202013690
161979682
262062090
216104064
262055441
250501775
133785544
487749
113518404
112464051
244301923
32218699
250497533
185397428
263193791
249676517
74285818
101729280
83540121
199747103
199896050
191684790
224044766
250133073
87672817
244299792
216154293
133157142
199974490
261947039
137181578
182739416
214001022
214841157
262455376
11727426
253100854
217500468
48983504
3619419
217751190
217392797
11727301
202412989
252079544
76063955
84637046
33247483
175972851
133139588
199551961
191684826
216972192
249488233
225958925
206253315
192564544
240942642
172451014
205294137
261948301
262066010
83470236
101731568
243057326
248759881
249938219
258929008
249700204
252563974
253042316
253307846
262750101
198195149
253420030
252612166
192565081
214001095
216237466
249278067
214001129
263108197
185379566
262725811
249826392
204298012
262454051
177117521
117235645
202412935
54653589
198192815
251741850
253203062
253175707
248723442
252868473
253325972
248760044
140643191
185710107
33249704
262982079
263193768
186559264
260671800
183896686
252722701
201843444
263193575
249016789
248794311
249938337
186598337
186598351
216199265
253326388
252869576
252857349
253318273
243245113
260923783
262677386
262980036
262982803
263193770
195623952
240903027
181989282
217749559
252629398
219457491
204288787
194143898
217442888
249469550
262087451
262084491
72525834
249938005
251742049
248654409
249452260
253325951
201799187
252078141
251741920
145289169
252857212
249668661
24468406
197716660
192564388
263067041
263193804
189557984
161979564
262974364
249488147
249938026
249973415
248780740
74906979
252806370
252562459
125535217
253150101
140629687
249016833
249034906
262751652
262977951
262979945
252766431
222723654
216397490
249278123
188831181
240935497
198858908
251462219
172816395
187600381
248654338
195237547
72525741
202417304
72512274
72513520
247401483
249680739
257758979
140627943
253326469
252795286
252080277
252079588
257758762
249035262
262293294
47161097
262977954
263059983
263104462
263193757
183892557
198644494
216401049
249768203
169916860
217500692
180608462
201831018
201832558
263333443
263303948
20577362
180721269
171320246
250056437
253142354
263060524
252661782
194199689
176092963
216934136
72524769
186191957
247222088
260406735
250491004
43878194
22887058
129642902
12033147
164590241
191683611
261165036
143752082
143714285
249201347
248247698
12059940
253229958
194451856
250539241
207708388
161979766
996110
197186903
143746774
72631296
100175966
58888746
57734001
199648201
12057211
68499005
126689818
186571760
20204485
187184157
996112
199898499
206335230
42194962
247956068
161979810
199569247
249469141
74426135
24465172
132033780
199569577
202224635
199552274
11858640
252913577
261812208
247240006
249937691
260941788
262982813
263196610
39370396
186179852
197191474
197186917
43734377
252274451
249034932
262687030
72512003
199569259
251540086
181991536
260827378
114796138
262772739
249201470
253101224
261840405
225926172
247221849
161979631
202224683
261812467
253205937
247219454
199974643
199974386
205301540
199569166
68350215
160691042
144037159
143765532
70052399
115870166
115093594
181113409
250056503
263060516
248759892
74285814
186575357
214968232
181114255
54881431
161979392
249488619
262068180
87668345
253505805
108770182
214753080
72519669
214753098
198326077
43740542
262725464
216281182
248654505
202233743
262729304
202267108
202154464
186676170
62633454
161979607
175445594
263196231
133157190
186575263
186186965
93888460
262796179
249678891
263344904
262726244
217392897
72632136
93181593
114975518
82864039
232442839
249294944
72558050
72545202
72549168
214753078
72547597
253303474
253325999
214753066
253326019
252079449
253308894
72513709
114571260
114537429
114533943
143416845
181113122
190513587
114449330
262081079
253176973
114887915
193700861
253142798
175445617
72520918
125874339
181973509
186575302
175445512
249152066
43739539
72596541
262730792
114611767
186676303
115136832
114616605
186676212
253043948
115144514
114617798