144203242
214186191
92552019
136941173
185889844
87726331
24861881
3608621
242425015
19948893
251092368
245787187
197214000
107707543
194042797
259455675
79202152
3608617
927195
1028730
1387541
160104966
67460843
182728418
355179
154234238
174293421
260810128
32613945
251418022
131879454
69764543
158762483
48695383
67451595
984938
77733105
24862376
193209808
73268489
44607887
176293416
130295376
152177501
171060130
179575533
117202674
92010547
75482723
127031924
249680259
206672640
261801606
129138475
49270263
158745335
193209816
183687677
79760218
150601725
242453137
262846170
77717878
162395452
190701722
250078442
539780
197964830
20152326
261801842
84637123
3608639
190301555
195306944
88821629
163170440
211133692
101818123
14641497
81132069
555345
22081374
139529614
260847307
427748
205576401
159011346
12127869
201090120
357221
163511938
76756053
196319590
260810292
109910842
252573299
225386406
198205245
205406855
195305061
22482303
13290511
68836333
703675
394922
37414162
225941053
3082823
62359270
174854289
77231663
195306836
95059259
197344438
119286042
68593991
203201594
77733101
208566332
392101
194096848
182729439
188059224
205691340
116032023
181754560
119063759
922401
53500640
77231356
118582425
158762480
146663141
859141
155637448
120183334
19701759
5907345
37216446
92010772
191432379
137941579
46768312
13385358
985242
15690064
7308953
158762489
137850924
56697263
35497189
208915914
115667142
453529
208779573
123447249
12647215
92551871
1205105
568925
35593299
208643570
177731576
176735183
262030880
1734355
201385836
357948
4595801
137567545
357947
147877983
213573723
189172477
197592844
262525579
242619910
11253636
5907333
193209835
103355013
263083155
344911
14543876
49031766
161878408
92440992
169577322
1052842
190782354
113527106
583680
77221689
149272185
48695644
11253626
203201344
113117294
356281
140579060
32003444
197212992
198520484
25144255
21312846
69573026
206667703
198256866
203852576
127033481
12121387
129138508
132194817
1028804
181979516
5907341
11338293
351884
248788406
194206884
99505943
184035689
252092808
204644099
216986314
77230979
161252912
32748183
160796349
203722488
205926754
263071377
550428
52657740
41978094
200005428
185449916
59362971
208590267
262656175
209386361
149661833
253169255
263113121
215730330
92551584
177998902
158762500
316333
207789927
92010782
48587055
140503188
214050722
193330177
195791591
92551758
67844595
35127793
198583782
74460135
67852105
252869389
202343236
3082827
76755046
217477581
128711639
77674601
113117397
57791779
154228438
255179549
49048774
162619249
251547665
180603748
124155996
201090142
809801
154231108
171198279
204667284
108939119
167531994
19391423
207941011
32001905
140323585
139531975
160796335
148807554
113117319
161522354
4584807
124892991
84457347
195531139
247346491
193515395
67078448
201386013
171022585
202231437
14303672
175167865
137941684
253179608
114945774
5907337
249038689
129135865
194208585
221237889
182563446
97859488
75454263
207915039
222659583
247269917
203929729
381742
870577
985240
262030874
596242
216387929
195305748
22367158
252386211
205985198
118694864
158762477
253662217
533787
35730413
174647898
196854262
252354619
205756298
147370297
399371
253467975
154856540
68049231
199607894
627911
6398567
15739278
455156
72878792
192376837
184218194
200750316
173394116
5202423
248682565
215796754
153041348
42876227
119238419
132302688
253133490
199671767
207354926
253152175
203850053
214933035
183678255
26292907
247901167
200004509
160796344
212049676
5564573
113069184
248565047
178219916
262664325
343039
119197245
262656146
35675016
194198040
251984789
38534013
190755686
247405884
198202165
179121120
199078819
148807266
247399644
201090922
212476332
445641
34514146
160394441
200005240
118528276
200005153
142791679
203039755
252869354
205417734
222676154
172335587
201308309
249373486
5199361
1310639
42845140
48633212
70535202
131138721
106362589
253182414
435060
209402872
247256713
203986425
215619383
95084125
114895992
247548423
54804919
247346465
88891045
20632309
192548791
184070577
253178766
131138727
203110675
54805466
236092857
262664438
574029
27732544
133041895
195791429
247256642
54891933
243085001
253179837
253497494
37216595
213691741
92551863
10271785
144324105
171959619
217125605
253178274
148047841
397143
72649756
162768978
54898466
248384377
177190771
548039
207502949
36413135
253497955
253291167
538025
35410623
20283407
184058736
20583910
534323
119238374
201090694
200005609
172067278
250077693
207643123
36701460
198650654
260982404
214730223
262664343
252882910
246853128
213679985
247405882
188265576
146065920
36263954
77230761
77094475
48555371
129138400
163831419
19902239
262030882
92551782
132302800
215221546
533788
36701810
116961304
252341164
53013080
41098447
114895590
429704
205379620
249373237
20847368
37468718
14040331
127032832
163566850
129135435
214822190
172475809
191764531
15973045
215727757
25481793
217124719
217125705
127692459
252726863
136403534
202229595
181236966
205832691
215730326
153325211
261983423
166085878
114895691
143144241
205019172
92010553
194096654
14382222
142046456
253317862
49650832
98300927
16989651
138049977
171475034
39370621
184415808
48676549
190455803
253291163
177058479
173559429
53575233
178781285
55508697
176881244
102074706
249173550
202604351
74750110
112083189
247749164
249515401
152557069
35593611
35591905
217124853
217125599
216986214
217125685
181799145
186106434
253467971
36774332
250078449
14382298
160796371
250077605
129138503
11339931
129138290
263246321
222659476
146554555
98330538
214154709
202604378
247269923
195881666
262891578
262891580
15076275
92552102
15080484
36373594
201055551
202847466
205753293
36702049
257847091
249289250
195955363
262834559
201293623
192276112
192169333
366848
249023636
181910052
247921383
253497078
181799295
253291165
242142736
114944965
32012934
24628960
11373501
36702037
149334451
20131341
181789243
214582211
179413234
171022576
117315853
177995001
215726996
139496275
202005519
184767741
172476183
189413657
215400053
5201963
69699729
78945326
32225266
77230824
13426667
140101138
36165803
19902187
178786664
138049785
177270308
177961816
195548918
163131991
115254468
252079955
198914436
260932390
21179756
14761667
216387964
198618652
35594376
253150192
14382175
52662046
247748827
213705487
197592822
127692280
35785344
216462283
253467980
250078314
115254400
179757304
12502204
192705069
263040949
954466
36701484
117315643
247896660
14303660
252884632
196025294
33114127
249348734
31098697
36700868
178957579
212564372
246397706
247346495
15081365
35787251
16253859
171861033
127032495
21312866
12041844
199706086
180923085
119698021
205136490
262045978
261800520
14462537
247269914
36313152
253291173
247581313
247581183
114945272
35732878
21312915
20640285
33117507
33112482
263384842
23393341
5202489
16052615
12205877
215720807
178787422
43105978
183240296
36701458
140252416
172476054
200969844
157073385
117310765
154029781
139496366
252078391
195312017
201386053
23732148
201385905
262061964
262061960
259564594
202475541
262704593
117315726
91820785
189941329
217125706
216462134
176737463
140221898
197778497
92551959
259317168
132303211
36701447
133064153
239266336
262891567
208913587
263041346
53143774
76386453
183262709
35734282
252913657
37134967
242432578
246856796
254093792
194563096
253094693
262664317
247269931
252884621
32003163
247370785
176779007
248676236
176736314
201308096
261800528
86969898
45645694
191217705
35793208
23226907
32007635
20586797
14544229
148806954
150892437
188321517
120183410
214822285
205815633
185435630
119698725
138049990
118419978
53935247
181773471
5201813
206820806
117315750
214582325
216462296
35127751
214933019
162111184
31207442
116030821
37134907
21312840
21792243
162772543
141827696
200032738
54799335
15479041
195873385
242723646
199126609
131139998
194584138
195846957
194767278
216387847
163376345
216462282
154442054
51087193
262061958
180565584
25033904
215122438
199516077
229798887
229798759
175810424
185905390
197603405
249522481
94106242
129138478
26292895
115644777
129138483
41925981
343576
246772204
117315693
36701770
36701806
21334967
116029697
248294056
207946342
196141165
262664331
242100482
260931827
262834638
262834682
35733332
84076196
247302574
213712823
123612269
185406941
132961262
37468728
252913667
32007004
123865704
21335710
92551991
29207165
184410705
114945449
21312842
10271791
248635372
33337534
21312844
32003818
21312917
32007624
32004056
24156971
119718947
119698136
207938901
36705077
32351783
114945107
16159824
21010171
138049821
215544816
34822544
39371280
36701095
214822259
66831643
124893142
13994301
215378608
7256817
76527988
20621677
178779275
140252088
16998719
262526192
200616824
92551913
195846946
129138297
171215041
262061973
181503341
247748995
193568183
217123713
259564592
180568274
154876002
259564590
215730328
179498699
262705025
179234167
178776884
252876255
119324452
216387985
197227235
38292176
247446364
177138594
247302607
41926022
92551458
242768634
14838753
32410662
92552049
192288073
138374205
221023719
127692334
127692213
106349348
194769526
253291171
114944581
114944637
132304588
149529224
174468237
119698166
49722198
147986980
127210519
6086947
119699075
10311400
149779027
118899927
54803674
19902144
92551601
127360419
66765294
138049828
25247727
243099071
92552067
77231528
204300914
177989562
201795671
42842778
32850007
35716104
50874329
189688754
119188710
213675056
262030872
102080969
259564587
216387891
216387862
216983280
127591334
214189223
73787198
213704706
35905734
35594211
127591582
194772910
194584127
179555646
177315692
177267201
197603369
175799572
117315834
117315622
119330596
355502
117315659
36701760
263060435
5199735
212557729
247256643
242125514
177976214
119698264
119398335
20275428
16084428
32013893
34513949
44607898
35732227
196574852
208195037
199692755
143916678
247581315
262733320
10271783
19687705
32885678
32590990
21792148
45651498
73592060
253497839
206118927
160796351
118582566
140221886
117315882
20700617
77231685
183262900
187212976
192178706
75651057
229972450
147415606
77231522
115254369
77231503
198517033
36700835
182481458
162765465
147806575