247892111
242001242
76001558
142418812
247330904
193044686
200900408
247892015
167382726
73178882
52758658
216868068
31946656
146997216
197178555
155975620
20877017
155976064
170920595
146419574
145244076
208018970
180973948
197406430
252787930
113405950
193685943
252718868
252718579
31732652
193974325
170337586
251767159
146904184
161310026
77329417
6898395
185661306
44183848
165037026
207290127
222608843
146936609
252718417
60262869
73856062
200904669
16734569
140569397
149445614
100159735
143864149
253120939
77650879
252718980
181217538
189494581
144758634
189459776
242891064
19901600
27887321
214784281
252718776
145773160
252718921
169847213
189519852
146936590
252718326
193685938
216888896
138602302
189459803
253071917
77329389
50362654
16729948
252718303
142554968
189494532
146494222
155349183
72308668
133813486