74021317
52788072
1476937
12377498
70016692
242310231
109765020
14136016
5154511
11371249
77122341
116397449
378448
262976035
117595301
215094407
77105810
253089417
190707619
52788074
131843989
40429230
77225336
247853680
614854
262792222
2186589
207195954
51348621
81499974
241782506
77539097
201693198
119528734
214075601
485307
204622226
4940263
114447389
55064570
24997258
191148972
148807961
644081
2364813
5743603
32917245
22321697
180225973
114447395
2569529
5067153
207494295
203810972
257846565
249881922
38417861
7823130
103807665
11193220
1363731
77324122
7544175
19918277
1204911
191948980
10307395
842650
23427073
146274637
1376393
118666932
208634730
8009667
77220770
148808029
77222639
225911350
190707645
257846483
193736846
213564169
193736956
125941477
147294868
147294760
1190891
173449244
146226324
169379513
20433534
257846754
1953607
257846710
4953065
1537227
121744390
190707632
193736860
193736976
461369
1739193
105739563
2622191
36884774
110594192
11656635
253211970
174413651
1034310
605127
4780899
188229153
527361
2879381
437676
71353566
550456
176752872
180399939
644352
512977
96009637
198584822
176752916
90116376
215730561
192949257
193736968
185006451
252357175
246851528
24989402
252041567
193737000
76152340
7440969
427533
76286239
208630357
252182807
241793441
971763
241801862
193736964
96175528
262451719
193736858
250549099
194959710
193736746
576763
461401
10123634
77774565
241798276
193736848
193736840
193736636
381239
74571950
897981
215152347
10589014
10277498
77221068
253319013
90979962
10123636
161245928
215090188
4533945
1668975
2033003
2033005
601244
2033007
2033011
2033009
2540553
192950353
197203127
63096462
181379267
90893294
241786526
241799584
44976197
103284675
44976183
380057
395444
6463397
860794
104557745
48758275
195840834
6463389
42459040
193736928
193736748
1892785
193736864
4605909
115078649
347334
249089693
15423421
766386
27612073
2166923
253620321
66751364
6313617
188147623
260435019
3802159
6279055
203422494
1934493
15913448
76756826
22093849
2882653
455396
576365
2202113
203811961
346553
440275
2879383
6845777
1197141
56691187
15446624
141333735
196360947
208097060
417294
7440751
253312779
514185
2903581
713918
159388992
179206421
15693077
70415989
159918188
208210995
146272038
5743605
59103871
253070870
107348362
55283772
252892389
201308260
83619848
113526007
209603450
152705186
133864885
192876289
192949916
15913446
104557870
177860417
104557726
171581156
427529
373880
1225879
77221786
5745755
193736872
158641028
247298470
242075904
204394096
595951
11258656
160671795
246772825
120183901
49377996
2329597
2903937
335598
48035341
6512145
191726697
50430908
7964827
89315536
203204608
85923336
17954904
7644463
77578506
176752919
252060040
192950173
202961541
1831635
253129493
9829976
980698
101933384
179764571
109861959
355189
44605052
1734397
397096
72882556
205917252
599991
35720776
248723620
215976498
453292
214508689
252012410
466686
192949860
528908
25886839
93297792
125644218
400200
198958109
74216601
53935749
2216865
101932574
392626
453847
363811
177860425
113526845
204622236
53871520
48997199
1016778
252892308
46544452
996947
257863131
84950562
1577255
512972
1742013
55282106
169363251
8009430
585311
196054915
10006876
644071
21031786
77220891
262765979
832287
1471885
46995659
260435015
185645847
644069
5743643
3023401
253293514
528905
543994
1363603
188701532
2884151
644353
201292968
48541700
466685
1565663
89314157
65028130
412606
53871198
2141119
227751937
1359797
44618901
57520299
204301662
1936863
558304
10123632
641872
195815335
151950340
119642717
8009307
123830495
963057
53770060
2879379
919004
194787140
8093044
248675396
195573547
712677
963055
247680394
896318
967552
917972
121614104
50430910
1667457
104720787
3211397
20647230
417903
1405575
194595089
94277367
105375450
172024866
106150873
77220793
53826835
101933144
210524093
200673171
194568662
1031924
7003393
89315836
262905505
606171
15069989
51618082
416908
650526
359848
14053726
105739289
214774104
832239
54125696
11656631
101933006
41263276
210523658
478470
2202107
1404169
96200974
184918824
23427345
229703529
42966080
48979641
77221807
116121530
89314050
89315042
110964670
36131992
192936148
3085857
12709443
261966469
7450089
194585476
8176561
89314327
76781407
229721575
197851795
868911
7440071
49066799
104557690
210137735
77221646
146274565
194595087
1731757
247938490
5743601
116904750
77221498
152705188
891268
361666
41894597
109109654
88917435
5829047
101932685
204302052
6912387
135754403
158868303
260435011
77221629
121325818
7644635
692131
77222182
2903311
585798
104557697
104557528
253488329
101931570
50269851
77221839
480216
119531456
106150840
195854403
217386205
159646237
89314574
95250688
87029629
36301715
182603733
488202
644361
251394908
736507
51600472
12416721
197821127
185006371
253323965
2203995
95250129
197203117
8286958
77222784
89314915
105739293
251277700
21143106
146272400
444719
860802
191948777
36710509
104558056
192862927
212992648
1016770
76282194
85560009
209379524
252892415
179546062
252762629
193196008
262569332
127591575
187619749
192880222
222676612
542669
77221323
105739372
35355714
253152817
208117255
101933088
7865883
77221525
41025068
49185456
248176698
176752910
251278722
821895
196180794
137966102
20647228
7644344
193736842
2881423
89314614
400618
19662194
366070
262758763
113001429
261838643
597029
58709068
146270186
77222714
262344807
654724
262338123
1069766
38143355
208117257
345768
3046029
1731761
146272383
53925305
196096372
53871115
438540
194769468
966548
193196010
243086185
2983967
182992888
1731753
71683052
194585474
469327
2829277
146272012
3312909
203583559
53935875
195560425
248718833
53776065
82996529
53777123
137375003
253620323
251550462
74811076
5737111
251324732
262344834
159814582
76781513
516856
1731759
77221159
91985144
2282161
72102348
3151419
448608
201386020
179937602
6361653
12140863
195623175
252354332
104557755
212992298
249031414
251551358
262757653
40549528
4780907
126808278
53775048
11286556
215795213
72298640
713915
831433
378838
137466423
194595164
3566037
178831354
53770192
77092386
44858628
197192803
44858249
91985918
184332909
159885563
77221227
189920377
193736952
96009622
77221252
53770277
95250194
127032528
602911
84870597
89315154
182603709
77222239
582417
101931734
53936024
251550213
204622230
351930
118877606
103807653
91998852
193002718
207333338
1647125
195660857
115303121
1069872
36710502
127033439
186567732
195305057
84872807
247998643
210514147
1582083
393435
113495430
193893272
205506322
873364
212992278
77221866
95249859
340052
262781917
214753148
67966412
244174225
110594188
159481547
32635444
210524081
253346374
181713966
194568660
235698387
104557514
55182985
253298356
253311645
161456071
105739374
259481575
625502
192950396
247446323
127591110
215976500
213816867
355936
146273784
195673101
121309884
77220972
55283827
2922305
62669556
203843836
75581892
95250139
214516537
438594
816888
212992654
89316004
77221223
77221342
7826247
94277435
601411
106749678
192811122
8008540
803609
202961355
43117969
101932913
14616757
243240787
217441359
192950348
89315112
77220954
249892254
198088411
191902083
195623185
181379281
105618977
101932853
357660
16382534
77221013
195462557
483840
195840741
263086146
263097613
2180437
77222164
215557004
181754779
77222537
101931903
195304891
101683180
32636660
121317566
194773083
215548549
160787200
77221315
39820471
77222706
89314072
89314919
106749720
91985403
226479423
247933408
196180800
42801428
96034344
109861886
4055263
53870846
259568277
71682983
262344845
262976080
212992656
193736876
176080887
38485311
255337622
257867036
61549072
101933731
257866834
104557518
53870855
45349393
127591114
5440957
89314397
77222382
137456647
95032941
253111536
25188734
435824
77220782
194770003
215040233
62450267
38235261
252664496
114895990
77221190
95334584
216213325
253183070
12416738
4050675
89314484
106150724
186495793
105663974
77221285
212358039
77221530
101932038
21031784
121366994
247413391
127692170
77222105
89315520
2889977
82385644
1985769
53935590
101933102
362858
242504848
163739507
349209
250017189
195323201
252386373
89315342
344788
245769933
251439072
164323188
71682347
355939
147341642
205506445
1059850
817406
77221016
213467472
77203990
89315767
151950611
10069760
54123570
89315368
89314265
77222562
93238617
53775016
77221729
172024540
91985691
53925299
199006597
89314685
11712461
215795209
77221566
89316014
195852044
218738978
58708503
11123188
198650336
1041806
77222482
55101373
17485269
1985773
31514487
107409627
89316214
1675677
95249749
53770293
215727575
215890914
2622075
550345
368591
230110165
84872543
48480680
343824
339637
352488
1348803
44433402
179541884
208117260
259479857
176752854
203292773
1028820
52226888
77222710
92010697
235699650
195292167
194787379
62451492
252332336
373891
181808955
19250060
146225091
338308
206145262
355942
438524
91986097
11517221
77221312
176752887
89315444
444931
105366534
101932807
77220991
77222791
393755
101931379
3101995
3101963
195829396
245769953
195845735
339520
458968
352487
183539096
362326
212607750
206991301
129710366
350277
186279130
90746018
105739227
192948642
101931851
47454243
252176245
195840763
195327159
77221101
193736866
359736
215795215
194595162
195845889
195845896
196019000
405893
10202574
342905
431216
214092880
127032274
66751087
23425116
184297518
105739261
433339
89315777
77221067
405310
77221376
77222653
162714772
14083872
89315455
101933295
77220865
77221661
101933376
172474392
76181980
176752844
427534
1070908
343363
226658590
195303219
245772747
105619851
46177453
101932023
52226911
77221095
215727704
77221386
262469457
195815025
195819054
89314308
215791790
215791829
215791788
95250204
137941372
95250281
199038529
215795390
196054856
77221843
89315336
89315200
194787189
230098937
230110161
194585709
230110169
263084852
10414961
55283722
52112528
158868309
28721231
47161853
7982630
19250062
897823
127033396
92551351
89315272
77220796
104557685
89313953
101932416
176902613
178220145
10787921
202020501
113268099
92004179
53871131
112825937
137127621
53870634
89314349
85029026
4684599
89314729
106150715
77220945
89315048
99837956
259514408
101931866
77222551
195829484
136278671
246938932
242872908
203996363
180390867
195819051
195660871
195881147
77221575
245772791
198868555
178315818
108716727
53826893
263033083
195833957
195845917
218738976
248723454
230110167
195852003
6361657
263103753
55284607
51617961
105231526
209379564
146274598
210513621
121361276
246850831
127032865
92004235
173670594
1191821
1191819
162742830
178035281
77222350
193736954
211303723
14083870
101932878
77221306
77221992
168181442
101931243
92010916
215727579
183254307
53925301
90522231
77221836
259479465
101932008
101933029
77221457
77220910
53777131
53777129
89317356
129668299
245766335
101933468
185005861
53770150
103807659
55101346
192948936
57595567
153492651
196048854
196048650
229721653
189476732
249885799
92551630
245770852
195664015
195664022
202529476
249679625
229717691
252976061
77220778
77222215
215727706
38594709
196535146
53871202
95249890
246852453
89317307
101932856
338910
198955471
89314991
245769988
245769970
195663368
195833952
195560423
195845121
106749648
95250609
230110156
230110150
194585706
29354045
77222808
181267940
51618044
860349
225959912
192948598
146272321
209379566
48754140
159815165
6927427
121318903
121316464
77221406
261974453
195673103
77222549
77221374
215557105
95250138
77204229
120476160
70337160
89315101
53770482
77220826
160049695
77222814
19921236
177532165
201089790
77222155
77221423
7174439
91984616
91998817
53826870
91998857
77221784
77220981
197164788
2695343
114944890
106749667
195673191
53770282
209403099
1656049
89315321
77222138
248897928
114925556
154718327
195305511
245772758
245772730
115298958
101932092
102552235
127032218
106150713
137457582
2357769
262972550
262972580
195322467
196048810
89314357
195845885
195852033
159814684
96009627
77222112
189539397
26385909
53467618
49179850
121367119
191332118
146273693
53826878
114435728
55283128
87631824
146271783
196180945
192950360
203222790
263103919
92551897
215544884
84870368
55420885
195821525
225201245
199706240
184298291
190087597
201089801
102552341
197164911
439098
101933205
106150734
101933011
77222721
113535182
77221023
192728845
171671325
91985601
41320416
7394481
101931452
116406682
92002671
91986448
197897266
77221151
166315517
101933730
245772764
196048470
245770819
77222157
125042795
168559226
195817530
195881150
248897932
215976432
89315661
195673193
249052868
89314246
113055733
89315118
137466791
195814349
230309562
195845728
195304109
196093627
159724695
195845115
248843267
195299480
195854388
230308226
230110137
230104799
230098979
215791782
146275484
192949364
198285108
164323184
1615863
902527
177274876
55283087
26384829
34747365
125048941
253043606
248801927
198090502
149349406
121380292
178831431
48166615
246197597
77220834
411750
180400044
193736632
1191823
194451529
105739291
77222052
105739259
213432102
195318330
159696153
215728070
106150688
101933397
91984947
159684148
106749699
77221537
53870648
92010876
77093676
3658759
53935781
135754401
201292928
89315846
89314752
89316116
77221062
113258408
77221515
89316162
165627281
197186848
217761261
25047200
221225758
249029652
263355381
14083868
247061398
158756251
114833098
245772734
245772753
101933513
245770813
180581977
89314219
262972429
195663365
1808167
195326412
245769966
194769533
192950504
247566128
146272310
183538766
195852053
90116378
121364544
172024874
5144251
43801503
206993097
215727702
172929730
215051928
77222344
177197407
77220781
105739294
195952208
213384126
213430558
77222593
186256392
89315128
101931359
91984633
127478008
53871191
193196012
197888035
103807640
217386201
125742727
159627932
195573606
92002623
193736986
204473034
137440402
53777152
77221191
197161989
77222738
77221841
101932803
96034357
203463088
159813647
197161991
77221304
215728072
137438293
77222702
77220939
23653457
4780917
114937969
147920903
52329763
176909221
73207240
207841177
127844385
56454897
77105730
7827502
20520720
113540577
14053724
100376369
208126918
14684952
641906
17336360
11189120
27594632
1445365
125009501
245787155
248755020
2126103
261823411
72202103
83757977
121185870
261962024
203701754
132366467
195801664
210766198
58616751
202895294
151950544
209332788
96357336
197587865
117595535
69764534
253395674
209332856
176906756
247567461
114046590
177117486
11708387
182713460
192950026
212314788
58543601
249012378
131140001
252591771
203865315
10405966
997535
196150482
210766196
48629558
4218241
248755013
4175505
262687301
172154901
249659344
76012203
202650475
248777663
58493549
209398575
10142496
181699638
192103431
208122582
217419842
81437585
249246535
111165275
191045569
221516864
217276114
252892314
47504741
58163977
194451813
161467299
11371241
191366519
253410452
6313601
180230986
253306299
178514167
208128941
148802194
899429
249055402
200673234
1353607
193605362
1471887
160585834
160585830
196280107
250107214
74983590
75701775
130233548
200780117
190707612
262452948
69360612
190701454
7440075
84457161
253391300
10140336
11371245
7644510
83620148
174121454
3957061
4184211
215141303
201693190
261813984
196001691
193988323
24403748
198523716
423567
45321628
205942273
249290394
10752432
5067155
46789763
19662170
131139976
696191
2711451
145288039
52199511
202879290
197652268
543079
40429228
216332003
141247997
253572702
194959720
180400055
184878608
251590739
10866303
205506466
253642359
244330745
1325401
48753264
196488155
189161030
13528057
189938281
252714188
98187425
248587799
579936
48040533
7718725
77476777
191726058
261151779
207831764
77221300
68586415
2393621
2649259
57354850
90135317
185242029
76299772
77221096
77221954
190702862
74021319
253470345
7644018
196001728
213886900
48864244
163902724
102463959
7204289
249160999
56021249
602763
48619255
248343213
117137089
448500
104465376
118877609
766164
75455516
91343712
116397448
49066823
163582290
243123856
53770835
251585379
13446506
4299719
261825152
11313199
179577222
101931266
89316080
218761465
386609
76228337
184649036
23036854
451109
77221676
47276023
45329906
48592466
13967732
77220745
55284632
529048
549808
220658892
263021076
253410363
21031782
250060682
194959709
10597936
58145328
181699597
75540324
974014
46789751
109793162
40052057
2174033
251735754
3794225
180230955
91998922
178514165
227720532
23134408
218756107
73522872
970445
15446403
58339990
83757985
63867818
254113537
250743300
1576149
42459038
177254335
1353605
190739729
367559
172024654
247681215
427898
70847906
225297522
834056
603035
1007205
202490785
253248346
127033543
134842775
1590265
53770322
8081895
42459034
42302849
77221170
25909898
73278024
109861982
36497854
3027465
37727316
31877653
146275515
198926300
252714198
7172783
183727498
12403242
451596
33492441
1827647
58087962
2126107
192949078
252026091
91985744
101683404
195660441
213710408
197168190
176560836
227760541
199034526
48362510
198518315
572292
49873914
77221235
195822368
190109664
927152
103870560
101931925
215116586
157530103
253865979
51613367
105375433
525565
253411934
1028704
6010325
197354960
251547941
1914985
76305754
105663939
220659032
196897173
44924934
1210281
76753164
213488450
261994733
217292447
217292451
253311154
195797759
56271593
96366365
7645108
6313597
35191892
51287035
181699634
176909240
261944909
75696174
251532936
180400012
75440557
190702868
253043412
105663923
200696518
74983594
246772999
249089758
10227726
242693663
190707606
200851397
127033052
209334828
215184994
120511823
123502873
49253288
254132174
262795173
155550598
199542682
17045196
41894603
214920109
7823296
748864
119962740
66681010
47161849
262773882
113454056
3284561
190702830
110594182
7957429
77221921
251533048
249739565
56814904
147762019
76175428
23357111
5143981
160920592
190707618
201088277
87959729
12331685
587026
14513729
181938622
25733162
82923212
104741629
246773001
246067235
36500474
191956076
10284061
24864550
186369502
247239936
207377686
176752965
56362836
251279520
169312874
7440067
196029345
251275374
1029420
165023972
570479
49186053
248818648
10006878
35355718
8286960
170780848
35847040
58709866
195952106
53935833
180400046
39532033
58992119
71683069
198296811
64988216
100376362
33543681
48592482
199242869
252093767
11656639
3472311
193742534
253620330
1697193
77221522
4939487
40060903
249022746
249858383
184940461
248383530
149779858
248880607
127526925
158773333
252906243
204941486
101096879
138092522
217125610
51286888
90056905
98021904
191949201
197210270
748881
3041047
352450
249383400
19662192
44976201
185242036
186176807
149781046
77665450
94161548
48997201
855222
192972258
83751179
1207279
200673107
148802212
6313621
209320355
109576811
339724
2695233
205958159
191541098
1374583
31205954
2884149
25740941
189267134
248372897
1338935
94172163
94159129
4085883
15267831
179439273
242620858
25909896
198386026
249921191
216204604
11708385
764304
860812
195858394
77220929
253099573
210413489
127591147
184304551
15686467
217350261
2783965
235719540
242434574
184297052
148866375
53936014
91272089
47774486
10190705
202650469
248800135
714013
10857700
261965214
81133757
76748060
1071288
47292656
14615204
6313637
159865223
7021461
193555846
176752948
172476450
197897248
249253573
142791745
2003089
253129535
15609950
39820469
127033021
128534559
190702847
1363599
193006254
77036045
1510021
127033397
89315597
12633622
92551559
245185653
251461072
83749670
180609947
599112
202429190
216331906
38417869
10191030
4780897
195814567
255339161
77221483
253656643
23036856
77230251
262452951
49811001
208210944
186139603
30629072
168181401
207933155
146491361
10752051
249026372
158622115
128534718
202605235
153045599
101932058
195732834
249610680
94159123
253068336
261963188
76282192
74609773
204874990
249220053
58709095
63924619
195306007
260931846
89314232
76282203
32636720
2438583
146274102
29353962
7826249
36804904
158492548
249568532
204398847
8004578
10227724
192949182
210416280
5745751
104557743
169887068
110594179
260933209
248741681
196521502
199640839
209603417
203995983
214584885
207642238
67835582
216213312
22385767
113157316
179990620
58709539
172024886
202185560
247260418
213964780
116577639
76286237
185006375
116577585
194393831
44808484
77222392
435458
41263282
212993250
195849664
92551646
205031161
146728909
346913
192948792
193600451
253070478
77221308
207155743
19349142
249535098
19250096
253097602
53770253
2920815
185434811
149520256
10054358
102552241
96037639
192950617
10577934
200779108
216213535
172024658
214091710
73108451
24981400
183570228
247442543
169297059
105739669
198889502
188575762
106732806
177295120
182149679
53935831
1005224
101933259
251575664
58709123
192949734
77221178
91914252
115818569
217500518
198390925
72882543
251873877
44604878
136765372
202631237
176752837
229968198
109861906
195851980
216463873
116577591
230309265
162025611
77221127
204436313
77733103
174606930
248823414
201930381
194584723
1537217
351606
361774
25739730
53094283
101932075
205917097
77221115
626887
77222804
113507697
578720
58163973
192951090
2665095
208176652
247463371
73438251
11656613
262806760
225946979
189267886
4122107
77222827
68774252
76776248
127692383
190738015
74012439
45349391
71957689
242798247
71947999
44976207
73827220
247289802
250063331
72290294
262792196
43109593
980922
76656769
6512105
10693271
16877413
383038
5743607
208415445
197144643
892683
196544884
194396485
169500669
90116519
196538255
175724212
202226292
10805989
214915889
256464350
77221699
193746066
7204279
205879255
34790767
105664045
253570333
168900654
192948644
91985565
173481344
263086140
191296468
48149400
235731278
4086199
7440079
19879740
197464931
1621207
212484337
194583508
77220990
215794091
114902650
65032170
77243050
230007854
186207194
92551622
263085097
96200947
230518620
263104550
183680793
47142039
194568540
203292512
94803499
181699632
202246177
208405367
249141710
392662
253194704
102405534
106206469
988532
262451763
117926963
179952619
73687707
70743643
242503017
423568
248723767
250230238
168577928
434984
53252582
179063942
196382820
367167
137941618
214829026
65030371
72291812
6471217
49026028
49186247
249784793
206641204
434990
101931449
127033172
253576336
49605464
135552435
188117475
35829798
251575872
208778465
184801142
249092236
249156887
399216
159397296
249679697
393554
106749703
16683964
249150114
6313629
197592877
47242748
7384673
253586095
213698537
23609971
262914988
247681416
45321622
194487249
34180314
53252586
140221867
10196201
185900205
192639710
3087245
1197151
4780911
216213318
262338097
208210984
75376701
203016370
181754670
217387184
101933798
260810324
204473073
918812
101932748
88089973
185024819
72878795
76727336
193927584
2248197
42057383
7601745
44983215
192339426
427528
192290294
262870727
173673971
96034348
405899
1419677
263084691
262903806
14956182
192324325
253361436
146272246
1743991
77221395
250335034
125590770
33753748
53935819
72291820
197354916
252415129
434983
242728879
104744345
261967580
251737501
5743599
159814724
135720318
262816953
47242740
30793214
208109077
200976568
173671952
11130627
77059067
149520254
205843335
249111755
202475562
186067943
185813167
48592474
77447061
77222820
187746372
201998120
214189340
77221197
420271
242101734
72330198
1696341
105060985
77222449
253113409
3658471
199671080
66471632
7021469
184438273
136796217
183481653
715181
203776167
190702844
215789896
79007725
215161176
198292542
53935795
3472315
168181430
137442928
193896899
186256417
130416598
263023736
212351546
176926442
176791102
477665
7982632
210273696
196247805
104744321
262450262
33492443
1914981
261963709
247757572
75530160
243086213
127032388
261037630
53871550
42800517
6825221
46305782
215914454
87660050
146272395
215914665
262085825
77222606
254023076
242894379
207892914
514671
252073317
139236869
178831399
211315218
251590757
193711227
177529584
349212
192950819
208210952
21761329
191761738
185811803
216199263
2916517
199552163
113485881
77221812
249152054
103807603
248682946
230039369
890414
540467
119404215
106150695
1063870
77220737
178032819
1069438
208405444
86418119
229726692
48150233
127692581
127033569
229701772
263104492
178110982
101933401
259568244
178322979
77221215
405141
77222365
77220993
77222220
1577267
203982898
62254856
254079909
249890233
76656767
249023963
77222704
77220967
521521
251967339
194769517
105740037
247454208
77222666
724527
199977780
11656624
101932926
77221614
242189693
197592879
177140533
4984095
96031643
94904228
262452954
146224770
252343316
20555387
247921240
77220876
89314894
201615314
204941418
215136551
53805836
77221079
247415311
188947245
190702866
191809710
66471614
215140232
249029859
101932281
108545248
179158501
217125692
216472659
89315812
49280072
192875870
242863816
229741377
242076092
194199955
249092216
248585452
242494114
208097036
69248390
249054533
177860456
249764002
160814526
2431527
177117548
109087265
98187421
177344472
77222025
180399910
746830
263104514
194087120
154533279
86418121
251547949
194477488
209603387
94277386
192545489
185006382
127033589
214096730
47161843
78976745
89314172
42217614
82996520
103807612
72154846
248741573
116665742
194396489
207019034
213942491
127033269
189065475
160814467
231663246
248276958
385202
2916519
389848
262725541
243086278
202529271
257867675
77221446
48982133
173673944
7774993
101933277
89796453
249785750
194787156
254132185
53935939
3472317
8286962
262086094
153521902
2893033
194199544
584967
68194009
140447309
262522979
192950481
3859449
36131996
77220933
51600471
77221181
89316289
214824976
262303516
77221915
656472
191088375
208776521
207368043
197412290
76748050
194487251
248808099
47273267
36302323
137442388
21379181
466795
262456336
249934830
109067791
35443612
53770280
35191902
77222633
77222498
257824382
77221898
42966382
180975795
689520
10100079
246851873
135720256
125273719
51376712
204806057
367714
253444175
230039174
212555693
215720921
208100314
201107317
103807679
247294732
251276586
96037623
36888859
186489797
188229136
89314865
10406924
254148789
77221199
197663155
199038485
263085166
247902097
205290305
262905502
191354275
249032974
217531409
44872649
53770006
197641732
197165583
77222395
249723565
252163026
463080
208126942
175526802
251921173
200023494
77222627
89317368
110204717
263099887
263209638
263104663
200711471
116566882
50269975
109090653
11656615
263109105
187888211
215784989
215793857
215794022
210524083
249145175
53826847
197464911
72745509
127033462
249879186
214242697
204117033
89315711
77220965
193619838
16257042
7826244
77222349
263105080
204301979
45320088
193151811
189466496
183481670
256546573
389851
204808647
249934755
72291810
201293152
210514562
253129552
242619984
197210104
529658
345689
196761388
170072444
257835535
49873917
197168351
89894031
190087716
248798364
175526887
197062935
202045937
208430279
184698112
171580948
101933784
246168609
216333445
53870676
36487773
81133418
215779629
204806051
252060825
242716550
412147
248651417
89315755
38483296
216283519
249659348
68586409
88043404
252062223
20700105
242078662
253113433
204806049
127692128
184473132
2714159
87446435
169377521
184945524
229775057
77221766
451597
53871107
53935789
109505436
195966248
199051037
262083025
262461434
155353216
89315668
77222657
188947793
96034333
32192497
172024656
359551
213499909
249349068
395365
253626950
205113433
39314024
253412198
203112160
77665452
247301706
3794899
229967964
77221546
149778115
254188821
253626954
87651289
183553175
163576671
101933673
115418344
229967769
107798675
3715833
64988220
214004680
250349339
253391281
249054852
76656771
89314151
90116479
249569893
215776587
249875166
259310946
208778539
200646330
73593770
258543212
53983104
201998131
173636785
250386416
193748398
214501848
252357071
127692102
185781830
160671720
4061101
76528245
197897224
199006796
371421
215543478
165021258
255228508
77222811
35474348
196579338
247305039
46772955
95250469
191391627
77221389
1696343
53770846
242434325
176080922
213711589
87660034
176704006
196196915
181933825
197740290
247884872
213863521
181699640
192948782
261995024
192511934
22141360
104557893
48753378
184947622
207476961
197652274
202529433
2180179
253905541
53252562
260206881
206544459
154859990
2916515
201089581
196395463
58709886
90116501
7826248
764015
7865961
53770413
46772969
252913708
171586776
521143
198592522
76217399
253905507
215543611
127031694
10006874
101931853
1659977
127692483
262664091
7496309
89316330
163739499
89315411
159588698
53872046
195573694
215914929
389220
168900652
200767512
125400747
184945807
125793408
247281118
89316302
207476008
77221272
2721455
92004230
194584530
57432701
207492006
221029912
145130754
362281
261963587
79008324
602338
70743632
248400305
193196014
98071087
3957059
197821125
53771075
14855860
106150748
53770264
109577069
127033149
201437576
101933282
197561001
388644
53748632
187157818
87631826
215040259
69999225
147961136
204302074
77221299
253721418
89315801
167019778
245185261
77220827
195325749
242718093
82999663
2393623
53770289
199039089
251768340
7204281
191629427
210531015
53935809
168899460
530637
248849698
169520823
184410208
163793727
208119431
248611171
77221622
146272642
235338198
77222005
164250851
194396492
81245168
242867098
253398206
15686469
253058930
760715
248638032
4086213
114046588
103807657
168181446
146781196
189462899
2126101
248644524
201249084
248214416
14100926
186575354
20698154
2950331
7779328
77577470
191376663
45175769
89315183
44604978
860792
171463847
85375475
77665540
212559326
191949051
214169554
169377615
197821149
108716647
393736
73668282
77221103
214189444
242866695
127382686
248703294
194591849
580225
24996964
24997240
101932378
207478628
77221708
77222641
483438
44888074
195827703
216099366
749154
77745316
85396165
92551401
177887817
250067209
101931377
197662097
101683181
229967397
209867643
17464348
729878
53770402
160814612
127538476
215140222
1647127
77221138
77221541
253398208
250062982
213871934
203025711
205506503
196287379
180400000
176905786
212425720
183230571
7991004
201122823
207360526
379453
203998703
124891027
246772823
261839012
92552231
200677834
247406375
77231232
53935594
644383
204661034
96200956
125417133
209400391
199041268
127692283
105366558
216099851
253161600
138102022
243086197
242449705
199038673
243086205
2880921
242660590
177254257
251929405
169543563
163739556
77221556
6320063
180221379
207368022
242213139
250020026
77560841
138040705
194585629
230054025
353456
1029828
155200592
193212471
252342295
192950457
206560714
53777102
53770968
199941004
96200999
218735088
195319125
127692255
101932785
197905857
580672
205506453
384804
23435413
66471634
345679
249054151
206253491
259310767
244690982
178108509
174248133
467591
218735068
209171162
249935396
77222034
74823802
100285162
197652251
219460766
211692449
113333312
200673099
77221875
101931839
141232922
566272
247451404
194787389
251441897
251276340
438597
207933168
84873025
1007810
7865643
190702846
244132714
208800411
193152644
148866381
836204
6294927
116577587
89314616
77220974
193602432
101931517
127692447
89315304
89314808
249237803
358250
7237877
199897583
67966443
116577649
230124773
116577595
52614038
45175770
53826837
10118592
101931413
43893203
159439464
247274968
8141389
252357187
257867747
242101811
197625420
101933086
249033640
77222008
130997087
249875150
72308265
249160355
261803615
260814295
52329765
249875170
253257464
242084231
215040255
182541459
252892459
260923774
190707634
173481387
1647103
107026337
202796286
72199563
98648742
253216022
262688284
104268048
164323204
15698171
173481350
262792230
262915023
197587870
184100770
186202568
203219365
251532467
187785413
142898091
165021248
126676456
261833755
181699672
12007400
197587864
208228577
214003218
148008778
223883047
130996086
20750205
15693031
77109214
149534867
190335667
195827031
169006428
76229326
193897108
196219979
22153467
58035573
207368020
72745501
252949043
249659346
176522862
51372587
194568666
263078153
253097988
161961368
257759771
253258027
6876621
15125960
262910036
49444492
191148982
207255119
8284868
202429188
58209773
1826117
212351484
195201138
199034115
195993358
204803647
12292656
2732427
3158797
242497281
11388441
77243058
10694900
57771799
74534842
223900698
205821000
49439489
260115473
36156124
177529580
163726151
111108053
248342839
185654055
71671058
192949666
180851000
49998524
181699610
209386051
259542125
16680371
179158942
251267822
261840652
205894405
184667371
249895521
215910760
179158946
6947125
261800580
178776416
196554776
214099124
186262546
179408351
10006872
196219991
260924187
261827269
145641463
535822
75440553
10382954
186234931
28341649
1207297
249487226
1914987
77328513
196889681
17923874
127991078
188375284
190702850
197366695
249682244
66510848
53872075
197658036
214928034
1677929
209334940
54752875
253152316
207830880
207830908
77220998
249012380
186207130
59254209
77560712
87672638
28672447
249306025
185097166
223800362
148802208
189937889
171091155
253319003
181120111
389846
225911266
38118070
217898901
32916024
172445088
193716778
192164543
249577501
205506472
259512098
262681324
205751561
148008762
603024
19481781
248818309
223846092
34455298
257778019
213960980
249687330
2329013
100988518
161903417
41096978
208415093
223833131
165707342
225921927
177234508
87704072
35242517
225969445
173672047
149534845
261827271
192986896
32352557
184080598
199970674
159785873
245253872
213861822
230056139
38072837
155550595
249054307
113117302
191654132
25121123
261832147
244690966
25740436
117221134
194954061
11285179
47036056
31207384
14058104
77031233
214615644
73159162
48873331
171581021
173186375
37946942
10382551
179058884
10866316
200766673
128711604
193737014
985256
77222283
176487506
38072137
213534457
261840648
262451666
262681403
225911561
262451664
49441700
262960317
87672805
136941156
50497029
250229487
55205996
77580343
197920812
198326072
261828153
262891714
208745202
173557676
189937984
71672017
201624162
217776515
190702870
10806487
200010611
190702833
263098911
262512099
28277772
208778435
181118421
250020158
204204627
190553919
247678678
263098309
174606962
136076637
77639170
77109211
248650832
215292692
158563273
155555985
247254429
10277500
243034987
184945916
222703427
10593981
127032061
263109553
249017018
248319420
24262679
79007775
206643144
77221781
193893304
184878544
66682048
262792186
208288696
41227465
221236601
253190483
210273627
252591758
190703212
108716657
248789006
95108320
77560708
38120303
262823792
3876413
249935450
53770260
179764577
248777733
198901411
260931845
602365
102552316
176080861
77221747
247269932
212484405
696231
253395581
179951281
176080909
226170192
181776215
230572306
76837841
192949559
249387455
70511708
14260727
262605339
77639108
263100018
263104496
162025557
182482224
188321824
196354516
248818479
77560803
160755326
70637406
177063109
403431
36701242
186575373
263104723
53872077
201244443
16287612
10679600
4179199
53935803
53777115
200728994
176792240
261964856
212607495
195787967
230056079
980918
36873740
262073058
213728198
38072352
89315854
262980753
249220241
197347047
179534738
181924640
192949775
77446860
207831802
248173636
261832157
207491333
192949698
249771752
71671487
249534465
50215736
262904803
251384462
250386338
261974872
65443440
35453640
191357144
15674175
186706019
100299259
193151984
219636889
251275774
10738330
66681836
214001582
66681710
128674833
247446336
127031872
183482054
197658105
197897234
247464572
77222209
40744274
260120579
208210969
210530301
146274643
192811687
260934663
114411627
43700306
53826904
215545091
127242583
116741496
198511521
194568668
244131693
185860342
181249003
184873798
249065208
185851611
205522287
51600469
34320326
38121607
77639164
252663434
263047622
75792980
263086397
186217452
214770423
52666063
214912118
8175895
90745928
8090977
108966265
242496577
213997347
207831804
249798765
20959348
209864181
263104534
439669
48719646
160814578
15183781
183481837
195797415
17597773
261828125
132927488
57902361
11276426
215136630
262677006
201687479
262697070
161541476
101933516
197897250
203843957
77447115
208778404
201509253
182744869
116566874
263097257
176522910
214592661
77580245
40746973
74198804
2657461
36131998
77580301
185097295
244168377
204473097
181998075
77222372
242501934
77220808
176150591
12141172
192705158
263100990
208208254
5109737
208745642
248587374
250469527
190318845
250083549
205290031
247943107
209608260
77560781
102552319
208119603
217566825
198801146
186234935
127692422
54597876
210138320
176778464
55209558
36978648
177062920
191914687
214203622
115246767
178085574
210509616
198414097
102552326
243035999
261964861
4465271
257759263
146271756
20364154
197530303
249645272
207830910
215775835
110153284
253040814
22386004
160356255
55239095
244690888
58709569
192950510
114895648
197897210
205972893
77221924
212328961
197597246
160577494
98823273
217562202
249960738
209603433
405902
198244054
253044140
254132112
50420622
252803307
262605367
249306020
53776041
249220256
42873230
249306022
71670825
194114721
171580744
149707211
249268753
76658150
200673248
54926325
36705686
14353075
180723487
212572472
207831806
28238701
174435282
10581650
108676283
206648653
261974852
213972823
96009603
136795966
184934205
111635610
207553720
127033479
89314271
203422547
12804601
249388576
249995875
262083106
197745249
202185779
183375622
187183482
208117262
600384
77580350
245776267
194208304
241839777
204267186
201630862
117202944
10670680
253609458
188919875
190547039
181121931
22866130
253152759
30886308
214101663
53203915
201953315
192949966
40621416
184861267
77447033
217525117
214656447
193858813
227126856
164922375
26495633
197824180
253152263
171580681
187193446
214190330
243121623
46772997
41210859
191770376
247831225
95070191
177623512
21025838
190725060
52883967
37287215
215792332
223858734
25073919
262732728
186495622
190320348
109369036
77446890
89314256
213534429
230202553
249349168
77560771
54926127
34750072
50751277
164323161
197652272
196554760
36374297
198735915
118897257
11285219
8173485
249971159
127591451
171580789
248168283
42560956
77577496
184334885
359553
190092978
248163680
254132108
197878962
250377741
181909451
32351708
24822367
77560773
214595804
192161739
72001048
73476500
197951851
163687164
212568270
171585842
217412843
218752756
262915411
246772790
184941038
250386353
108493411
53252588
209864185
230039130
210524750
184895056
249220247
209613266
249947246
248686855
248782610
247953311
254187502
53229014
205899569
212565041
101931814
191438193
230082484
253620313
195185140
192583082
50074642
248496818
242491975
215870685
77446849
171585922
53203190
214122932
38634776
261975733
10384347
248166742
199038272
40423632
77580271
215485897
165705649
247301960
204665290
73165030
192948982
38117720
37407178
36970028
84881837
181448825
154492418
38119406
77560826
77639226
225926063
54753169
201250819
197412499
199518267
77580139
146276819
61892384
184333886
216983206
191630386
246772889
72120432
192949750
204184510
77580268
202742716
147886922
223738447
249092324
179220976
164323180
77105715
147751656
243018028
155530485
201843821
114616857
200997185
77580183
413110
200946095
179059904
177068244
73177069
196153308
194489888
262904799
77639112
77221752
77580195
125405716
176910923
247840504
205858689
201679163
247657132
253620303
119698670
208067589
216933899
127031655
44867180
161253460
77877660
195709507
67280964
201245189
32588925
209870838
15182134
263085369
175176030
15180927
191682327
191529665
198245891
190181195
247718713
185405666
77560817
81576235
247260631
77577410
197531626
201856542
173554705
114619555
195301018
77560752
214615479
263084725
171586005
116668798
250339437
261974825
10156033
132183756
189386358
201251207
201308619
109861872
77580193
201857846
177158804
254187864
177529562
197366512
218752557
75376681
77221373
241732764
96034332
205921253
254187936
254187618
15913441
229723807
262664397
77560821
183540626
253620309
205857348
208797922
50939399
73209661
252663456
77560748
53226667
197897232
205899525
117595545
198419528
209870844
77221758
176767212
139979286
244316351
25056503
195303944
248801406
198643941
201348216
77222357
91847155
203974184
2422067
203018893
178602196
63462880
184617637
77447083
243089114
195951941
198957714
185175749
22414587
191592875
198593135
205921412
214210719
206669841
214096506
249570760
185863013
253158622
163739440
184873918
114895583
215792011
187871351
200851409
249289065
223943577
179978768
248524244
179913007
101932721
77461849
244169833
187182657
248704821
77446878
77560735
249971157
200005251
209608262
77576285
212759409
217778509
127032676
95498384
117073296
77461835
186369536
21205394
215792107
213864998
165707497
146271671
181453537
171584596
153411224
77560815
193736769
248178638
185172791
199175695
248414609
190338643
154364716
200981501
215738593
67254578
173449189
201244504
77461861
10866555
183526396
247837646
198957920
181249082
187811690
183501918
225926201
77446848
22878071
91544419
106348543
147564573
217474387
171807691
192705140
242625498
247953313
210512539
183719450
184781897
209165793
117064424
167421804
216285739
200720516
186165926
217207423
160580304
189472696
192950809
96009684
205811828
207314409
196554772
204049605
91998734
154880463
246852289
249130068
46345211
199120890
213942646
146274688
217125667
117080266
248846486
213674988
196219983
207933161
210512569
11384617
24823020
154861084
77560791
243003874
77577482
186080596
96009642
77220857
190109612
195089204
77580354
77580365
193154749
77447085
146275532
201106756
42814749
247845660
186497699
101932310
111646917
14256591
41097954
41251190
19763950
77580093
169377658
253248293
214693353
194954054
181452664
213671217
105231476
77577466
206253521
215136600
178533651
195089187
77577422
77577504
140222198
176898504
184330228
188229225
184873899
206784512
223925418
222660964
49410571
215792009
21016000
191894531
201245214
92358840
77580357
217207421
207018880
77639168
42403801
205113410
207491498
213598756
185737655
182111766
225195183
77577430
77580371
25062349
207376459
125409862
252212410
95039289
177991446
684818
406650
201623878
249935421
182786430
15202585
248359957
195837257
196156138
50420872
212218091
205031191
77221270
198897885
198897839
189266368
248619215
10673162
148636823
25063750
87392044
207960454
11384740
77577380
35226209
149527171
77639190
212474333
180253136
77560807
193736638
127832126
252867658
186156796
202425439
77580156
201088222
216982815
101932089
215799060
187931623
181119495
247853461
215792005
87960998
54917428
181453574
208778358
146274672
213997343
248848691
199040173
87612813
77461845
180346914
248165735
146271998
77857675
77580338
207342452
213964747
168006480
193692023
77577516
176815747
169377564
195916183
84881518
99056545
185466800
2404433
195844733
209867785
185873549
201106680
248179444
77639261
195666903
215775839
210129566
89314272
209606351
77580249
195828136
248179638
77447039
215914456
215914450
199040246
242502782
77560789
77577508
77560834
77577398
176768343
249640348
77461853
185851693
77461851
213475025
77639298
263085176
96009700
214508554
242693628
215040080
253099558
201122893
206860131
212556392
212465931
77221919
197091494
69568238
230323519
193568679
203215306
176761057
181452666
202395081
179167718
178062088
77639139
246855029
184878632
249600361
178606009
163793508
218752865
77560702
32351724
212329194
77577471
127032118
212424971
225959692
91985188
117791512
77222131
77577388
180722042
118419920
193710364
15077077
91986144
77580235
186369458
77560726
106150754
215775608
77231163
201623867
77577418
432890
77577462
185991902
197897204
154931760
77461823
77560709
198906733
8196545
77221947
100299111
206253434
36570266
262687988
56094203
154365366
2404435
201622666
227309456
77580122
77580315
189476343
254895950
145978383
92551651
77560811
77877662
179969624
195844730
195662493
20324831
77560745
77560742
179533119
46112721
179059624
185743823
2422059
13901175
251444020
77639244
201613867
77577454
77577490
77222778
77858291
77446880
22159854
77577540
209863938
77560783
195856442
217776253
195294136
77204165
263103789
77577450
263272838
108130850
160814516
242451679
176767258
190241919
196313838
263335355
213470811
175724211
212610790
77447069
77446874
73526350
77220733
200851407
203065537
206781765
77580181
217613418
180722546
94118348
165707208
91985183
203053523
77580373
109861978
196146602
154923900
42250715
77580283
177268409
218752654
196554765
215775717
193128778
30886310
77560797
77580153
63479713
149779879
201622704
77221256
77577533
77560713
109862005
149774992
197618998
154924178
190087718
53935570
196141122
77639291
109295430
77221504
121973506
207024536
214497623
77446852
146102304
249035896
193006759
77446876
263393600
26136047
89315589
94277429
190087675
197546569
128857518
195866882
195822583
195666895
195304973
159724760
242501036
127033444
176768317
195709352
77221439
247841631
248177475
77577512
77447046
77447031
193904312
195300930
195323591
195322244
195305772
195323705
243091429
194199278
198958732
77560843
77580218
77580189
77577510
77639085
187240637
195856775
253248047
242502778
101932282
89315731
253166407
242502753
173449158
263098292
102552333
14088289
263207513
87660044
77447075
204301999
77577386
77577474
202413097
208097062
221516841
200646420
170466500
176784548
251575605
230126745
191635910
213534377
77447055
190707624
263291691
34747678
77577434
184617753
116722980
217500610
251276479
6544499
201243180
96014028
204317963
195299934
263275071
263275063
249054427
250378120
168004974
249577772
77580363
77577486
206560539
77580239
42586164
77220949
247285720
193006866
73354555
191683213
77220892
92002625
113117280
188375176
192948708
206253528
186080648
77560833
176817156
77461877
197412816
77580349
198414614
77560714
77222502
242501916
249092404
242501918
38121854
244169071
243047826
215897812
247842305
201643578
183539915
77221354
106362113
40752878
242501048
77639272
77222417
222704518
77639093
195477985
201538668
38143377
195662491
196049332
89314918
77639109
8175871
195305792
77580289
215914452
244332966
195287262
10160089
201844687
201476161
195911665
209319612
230041751
242502786
77447029
198957980
195328210
242502769
263040482
263079980
77639268
63434180
77639096
103870570
53207014
217778500
40383310
77577390
77580127
263085124
230127882
230127908
230128058
202529511
247705323
230126599
77560767
211956652
164848115
253089639
247799362
185410938
225937105
177307838
192949870
199006653
89316185
249149907
252804031
193007030
77577404
203201037
77577500
218752814
32785882
77639286
173554626
32613911
176309120
77580368
198898382
185466588
174608094
55284146
203499080
74535510
185868491
185449986
77878975
206781640
165188994
106516650
77461865
193708580
105366595
77560799
77461825
186156874
77580143
185448209
181119335
160814401
192987154
176897663
91986515
175419545
263272802
263291680
263102415
77447117
22138908
248523038
174309380
77580113
101932983
77446841
77222462
178036314
215897810
215897814
195815343
195303955
195841291
199037367
36827898
36829030
12279172
242501928
55210829
53302804
77577407
207831786
49165025
77560765
77639259
197626702
160582238
25071010
199006669
197639598
77639090
230127384
248176666
194182376
38594919
77639078
263207681
263209732
77577484
190289119
212564440
230127055
77221757
230020344
230127760
207933163
177140627
263082084
128711692
263206708
248590212
242628115
242693622
165023958
77580275
77560763
10827741
77447043
201243197
77221484
212462569
197842475
205423887
96034337
53871099
193155501
77580347
210523654
31207440
96031637
125137384
194583055
77560724
75573505
200981503
77560753
77446870
125409753
204105518
77580353
189179430
77577506
77577514
159696068
77580081
186156845
77447073
77222102
159915723
134677448
255411372
7982628
255611960
262758761
262976039
108752960
128535076
262799764
53293038
32639696
149776444
65024421
207831795
143906241
77865077
166437973
48963029
181453319
262870185
119055976
199176414
95472859
202203581
9349859
243035358
138070468
214666435
37455752
252765067
184226803
32688807
247245053
52417994
4605667
168899455
163567799
109427954
149844592
262516015
207032985
196906635
217145071
225206708
75764819
241732750
252664492
193858873
9999368
15619908
212468183
216332051
241821079
262732333
262524079
247254460
203973131
85350803
10736977
253113456
177768925
184939383
191265883
249659396
91609686
249023200
190702852
199530602
259568236
191356940
12294152
6544495
190353661
188318470
54751682
26494384
32589214
223819477
183111435
52287353
251929674
22118877
12604592
214927703
199037049
73169611
218752561
146271327
77461847
263041089
262778916
253665981
96201048
263085288
254189237
196897126
77221456
185005875
101932954
182748371
105740061
206560753
91734265
188849116
186085749
253319063
260961592
251551356
193736765
207831773
54752613
252867650
79561248
174558135
194418190
184878830
47158812
25293177
262732726
94716620
202439389
187598267
187874491
197548064
208310737
52678800
21574738
111712021
194004160
184884073
171876672
77877664
119407556
242799773
158448952
191530035
180736967
252950182
77639210
74200644
253721426
247473246
32413031
4485903
89315552
92551406
207831784
118228702
187226605
184591261
178954978
201622619
215736593
248171347
172349078
177529578
34859021
176785169
192949510
177529590
177529512
77580251
86516146
760820
162839009
185863827
15123213
77857680
159439226
77461858
187927301
155763508
261028569
248776555
253660181
161255537
247943248
72606265
248801793
189463845
203499069
221796468
42242927
119642618
200677532
197847959
160671632
187904620
182851075
158866402
195673117
253578244
42657166
207294488
191266033
195738483
77221008
200673053
192062635
208843604
180346565
222660503
77560785
254146311
182709313
184879860
207295196
191536179
24743301
108493403
248708673
186304781
148008768
214508705
367615
247473021
185714044
186234939
208100312
82953515
197677612
253160989
202770494
215531197
77580262
187942954
200673058
78495940
50416084
77461863
187927716
253401964
77580167
16228521
192863155
145777688
177529575
209863933
212961737
215727569
187895876
190702858
134284727
187183337
174600602
214693323
197603830
19763805
253657542
248697263
201036161
199527707
195948500
209913848
45613721
198127423
15532447
195323915
90524020
159383436
170628882
192949502
167425974
48136518
262344800
92552225
212262804
77580165
127033468
77447020
200650744
130353357
187232926
148008773
192862922
187217823
190702874
25120339
180723634
208109075
199973992
180737033
193000901
183540269
248176237
262725456
190119035
2404431
194954056
147988214
253089632
77577480
248169571
249136390
187241314
192364517
191592436
176298916
176784648
253160503
160580195
212426608
10681246
77639138
15117163
194004410
207831794
155701353
214617392
55443108
187896439
222696000
182748504
195324069
207293823
217525034
149778982
208103275
149405077
212565065
15532404
199693019
77639211
149781044
251733653
176391235
198746799
214010541
111499804
212607981
203006061
185863558
77577448
37656100
77639067
221796139
77639288
201845212
77560734
177723260
100299022
200019142
25067387
200651007
221516844
174745984
193736787
53599470
185768640
184495526
101639607
73756640
91832899
130828380
242423659
136080509
154920664
87988375
84881577
184879027
196912486
77639236
249789668
146274094
247473291
182976180
28670927
77580083
125046925
212474351
217776551
182711286
187245701
247446764
214498233
119229176
197897238
200037820
176378728
77580159
36159335
180737301
247842875
188940656
192364667
262462113
77580109
69561859
101931265
10111490
191267436
253089603
92551511
211303526
249789620
113791446
215557158
77639100
244169815
102552306
252727549
196054825
89315549
77580273
263085627
77639133
77639128
242626988
212962046
207831790
223931058
208415100
247949565
77639174
136080528
182733522
262687653
77446863
176788261
186305056
176788055
77580090
227330345
217440255
101933223
102121183
77639278
188849228
77577546
77580311
118789668
263085201
91846967
208056304
263352345
96013238
99056205
77580243
77580175
113454156
119989675
11658049
10706839
36389219
177529588
177529586
261996577
135339466
181691561
107015947
89315787
77580261
77447063
77577460
77447102
194372315
77447101
77580255
173554366
184489298
263104296
176821679
195821511
242124188
158999871
176430871
176784618
191630746
166088447
77447108
15202742
249141706
106150733
77639246
196912499
77580293
77639074
76286235
208778372
197340586
263352332
247949624
263345139
108966133
53840029
173577039
249570602
206316831
77639230
186305269
176785000
183544559
192705067
103870634
42242087
262456018
94129419
187888680
201099378
77461857
77560740
42443388
180736905
211949224
117315712
207732599
212963362
25061121
247949617
263352343
119234338
188576475
36387808
77447107
77639240
77577458
148643402
149520239
37409851
54782541
76305752
37751165
249875509
229738684
259326570
148008785
221226054
90574741
190702841
230079431
117254518
85350805
177860578
189267697
259326549
10226616
202020030
208778370
262653400
199582812
107098913
127032597
106059819
248319418
55124646
207831778
217778547
252591792
250365661
27189072
4942319
91985051
208778152
77461837
77461879
150169834
177068010
207831780
259326631
184122902
7621426
43695409
163724958
176791181
207830872
201625313
87631853
262464457
91853735
186243733
34749072
24824407
77222021
10709472
102552297
212580606
19763679
177078055
251274332
130061246
208119601
212580414
246163500
174317284
207831798
246163506
55659621
77580111
254092665
101931580
197062963
180723580
185756712
77580089
198342327
214584778
181667524
247718717
263104548
187182960
248789306
177747817
249052083
72813219
212993135
149963308
189460898
53297739
47158816
189464168
249372632
255765256
15203099
50215212
246163529
165705686
191266910
184873943
261832161
176919160
55212067
176732395
246163542
77639149
111005488
193881071
163875182
177067919
246163517
193715860
105366550
246163508
10670628
185880651
187913502
77446846
188935798
199889958
34977453
247412971
147060995
246163494
246163569
246163478
246163556
246163483
24154976
249029694
249220252
195536312
177529582
200851450
100299337
250082095
102552289
193736779
131526305
207019031
176892671
213683887
182754096
249934693
184486567
117034032
187216843
192020145
145246614
74547095
98696194
114895506
212607972
253362715
77221506
246014463
187889557
212476306
208738724
253362719
247413049
221791000
221791719
133935414
210512578
16154765
114895610
35613428
246010089
188927438
77461873
221791262
120573073
252062229
77878432
247412838
247412961
247413052
247413142
77446844
89314578
263105023
214584881
77858289
77639102
217777592
199969215
263085348
207831810
179059449
247413095
186303896
77639154
221791472
191267377
117555980
191267413
77639224
11286503
247958463
214011122
217419215
247412998
248230144
77878434
173577798
263209472
67251192
173999824
152464642
197636446
196150464
202661687
262732740
190702832
101933609
207830860
222627165
215342803
192948804
207830889
185098330
249373467
208100316
262826115
248247948
186265609
177860574
216097175
207831776
56845916
205113426
262826260
150938907
144405316
214693382
208069272
23638069
151483528
181453561
162025627
176009277
249051884
149974909
119055930
248789302
204803162
176343222
207911326
262465278
207831766
253721907
209415188
253722194
137144033
208118283
249218385
117073579
186348395
167374526
207294238
247959794
214010539
91985515
92010531
102552328
101683213
43693037
154921558
247958306
248789300
192948926
249052169
216400977
152370958
246852930
184873896
214928423
117735039
208738726
263303878
41241757
193156015
147024585
77639171
262699498
262732337
27225792
149520309
190702835
211309079
121105679
137941480
77447034
116199325
187887991
253134525
246853041
87999653
197090152
214879563
206544449
261840615
215870331
68572274
207830864
251231230
174372556
198747534
208405607
251551390
19597901
213863508
205973458
40407776
250548877
198740639
242504780
196859952
216283973
19764360
242504782
114895517
204930830
214873832
235879505
213498660
139987854
201110626
210513736
242504784
77639178
193007580
136731484
117036025
194102769
215767035
207831762
263104639
253161182
252861872
253565412
183482096
252591733
58461930
28673491
123081704
163580205
163725743
251268291
248852784
117586325
184617944
88798529
249220258
247887811
122150848
181667654
193154093
204055770
159717927
168900644
180745166
11661528
116552803
193736777
137922215
177302197
263084795
145778070
192048457
197101762
204806061
252631878
254188069
249921270
162735207
161897218
252357123
206945996
202510834
241915528
101037350
10102877
207831792
125363152
73872773
176939516
105739819
53917758
172024629
200633786
175167325
139208033
50215993
196762741
167462177
152818161
129179365
189932332
205303870
186137307
158208448
105739729
250339589
253318289
253620058
52678618
252357121
149767086
194105449
137853967
263291700
207830877
66510850
214495404
250060816
193511505
253548166
252357067
117594416
191763353
217125798
253317743
217156073
128711710
196762538
247878740
249051425
196288487
196288192
196285189
196288537
252357171
195891003
192881523
195881696
262691765
262691927
154453886
92551655
253396151
250062266
186106273
192451468
177528854