203215228
1742011
198510523
190529625
575206
190547225
50904574
91562331
351843
185447783
176522924
212440889
190530732
247464766
55669520
71988686
49309268
203229562
131532369
207754882
340299
198768472
197578344
49272545
131532374
74542727
257859355
347837
1070976
347868
74278645
55669518
127707510
71988682
101931684
74278649
136812778
215210365
166529605
253043595
207298473
342010
68823234
250741358
205506559
347923
340348
6999677
32192515
184243311
223893733
225206620
248697714
196388247
250742679
439349
207311653
190547113
153409221
203404576
58209262
201430820
58209240
252106483
203402972
166417592
175526851
252106456
180750174
213787656
190547162
575205
212211804
182468735
201308086
263099708
205506543
252079829
203401365
262074585
253191098
248362963
263099678
198614084
166417493
145172863
124893167
129138534
263099207
132304479
263099414
182547402
216296860
217125689
201386060
263098956
263099282
263099240
263207657
75549118
120183258