202961861
217721724
217722021
217721672
197530325
217721637
217722773
125508484
217721776
197530333
217721822
125508472
139975753
2206957
58710812
2030929
202961902
217722669
217721989
217722076
258667336
139989751
192988613
192173800
217721734
217721740
139975764
908449
192951360
217721968
55287781
139975766
139989749
217208090
109852210
217721786
125506946
171653803
263097633
263179630
192951398
217721936
58710996
139975770
139975774
217721932
225195280
263097198
2530485
193101694
263179614
139989755
217722816
197620675
202961936
102133122
258667306
109852134
139989739
109852137
217722636
202961970
197530389
263179632
197652402
139989763
139989761
225195284
258667312
258667316
171653863
192174016
139975768
139975755
217721820
263097828
263097719
261840858