184417027
176933390
75338644
207726229
107077295
142029354
142232910
190352555
195996255
5545275
102378105
79664058
106807074
87982596
102401905
125258897
26270151
198335848
177339078
181249704
148809254
106806688
25594114
127195575
7983172
139422137
179493044
16388103
98085371
110249400
197531615
136037542
180236430
95295653
186435839
116050371
247924210
7904778
171157533
138147276
141091166
191494385
257553381
140003611
243038991
107016592
27615217
165852563
27615242
28359849
87940924
134242668
145221036
159812899
146919876
248715874
147326671
121228555
178056830
83681314
249580633
55448490
258379155
108593624
177897444
2430767
74178556
249530334
144463416
50606177
247718311
125604434
207400829
145134290
73645511
148851470
140206769
196825011
196824927
23419108
121228498
262891883
196824924
94712868
249488579
53983400
162092067
197065475
124955817
95733360
243002378
171934314
77851666
42470969
194827182
135547528
186816171
145537038
93178705
249582393
106006170
197862899
171612929
257552436
145563398
148075125
115224910
116756474
248742250
36317932
148850910
118288152
14265494
53654204
194827191
199221934
185877721
125161704
127046545
167581061
123533581
15263775
247793293
229714686
162092124
218754991
204083423
207042345
163574883
242645393
137996526
194825918
38273130
162092121
255173622
129646390
50885572
148808946
262852560
129726688
74176181
107016497
29394607
166031872
106112532
148809417
194806097
23418430
243044207
159899424
217641264
465654
97925457
249578148
144504491
194826591
148699728
214919581
147011446
215162403
136742325
148698645
146981202
127881107
164379595
248649116
259487313
58985963
158210250
122870755
208526404
259485267
21441769
151611706
189341426
148967734
181979155
31129334
177898039
44615669
257771461
199730841
158409624
29376048
128326507
125603356
249089520
249578944
198953434
147764287
214943748
203497877
190505811
177737029
205510473
177735494
164538187
144461980
138355644
249579814
180745951
157568088
254082495
262476324
253621080
262661993
199951308
181928223
263266485
258752235
122645872
164346412
137004387
196824871
138014703
259484635
75648261
3579701
25206252
13853965
248907292
194567266
252857630
188723118
155019123
251324534
259485942
135072244
149195154
135072872
207354608
214819406
163543968
207346111
199107368
252614514
119501426
263061973
260792795
196865658
146492249
216419925
262456789
25206149
189182950
162092061
143886549
191678504
254006188
259487864
215120063
113189765
109853879
197862478
148698962
200852768
253622486
124273131
173098496
172840722
263062298
263047137
252720758
196865707
137994894
196865665
196825074
129724453
141015016
57382260
53242959
25553830
207564933
107776412
207562790
148850770
136742348
122873799
140332591
253074046
254082871
254082950
259488424
259486946
253782421
198435962
253623230
198696141
252783585
187838771
153989396
168730214
148940062
173237547
139510872
262719121
262659762
208398528
129421621
129423437
165631284
208399070
94584551
74735664
77851910
181217572
122873335
247906434
151946883
106806775
190242222
195474397
182546354
167146804
252354755
221253966
170987068
252784659
215162027
207564658
210137781
122874163
253043922
252672828
249112118
465670
261814011
249570962
200002381
254089426
210617317
42470954
259488384
138014110
208396395
154415428
3579707
242487457
129711890
207346188
188723902
214933658
168562400
187838717
154184639
190481226
147919130
132103034
247718304
171093614
253625405
253624463
262478012
249578734
75007859
122873971
207854411
147011412
259484578
132082889
136989135
23419904
34767640
245769822
145671585
171612919
133667819
147117483
251393595
177220111
215736424
263266429
115433451
196825019
208398391
8183978
205674445
263042892
15263779
95733373
29378397
98737241
25207172
24584456
31129424