71907876
101983078
90888310
96300365
77774771
207035122
208056306
143144162
74542768
343300
255599464
262907268
249771960
247346483
101905124
148812181
151712453
77154505
175147115
251984596
354090
251984635
1519257
134283879
91612738
5835161
202604460
195821029
429562
472390
68201138
129147901
248817406
107409676
247895149
251984804
211958625
96018682
90959780
216296822
247927063
77756283
417850
172477106
136403515
201308072
262515436
401983
207333738
204068843
537748
172476339
247896904
250549064
214947766
251984730
195881317
474244
229735736
259489600
216296814
242817411
217648274
249644335
246160166
262455697
247256706
358171
253113401
472221
182712987
242773690
214189112
49073024
217648276
173726353
201308451
77154511
207281430
127032378
180219093
75948576
129138553
198296803
1615867
209385528
129152728
251984636
247895152
201308034
200679392
249569921
216213298
143144270
534534
247566434
180847678
255304875
127591100
202529519
202529351
247799403
246137913
242789073
149534856
247895155
247895151
253720166
129138380
249644183
171022573
196180886
242787777
74037837
74038354
246125088
74037830
257848089
213144208
109861934
214930600
198510311
32645919
182300751
127031842
147564427
74038039
74038026
245769544
129138471
242778835
143618155
197635212
193602985
62013673
247302584
20959201
129163304
249574296
202028403
129138384
190842071
149534853
178226087
201385722
216983123
127032173
127591109
127591104
262053189
179765200
246160934
147564411
202034016
127591488
204420611
134360915
222638933
132304354
120183723
262053167
182300985
242802312
132302645
120183846
263401410