138269668
198509147
29284650
20584134
169376042
230048580
212213013
406293
135716474
76172058
162366776
492661
198509483
20584136
88929175
250389086
165150435
20584138
31970495
84637400
173763075
84590010
58755103
57318113
212213031
205001898
146271968
77094511
192360435
58566236
527206
85800036
22504233
1677931
9059283
192208886
229810642
110354514
248978294
76172121
35222319
249683566
26332990
132366457
194103343
35222064
3017917
207819035
72031972
4311057
74982842
31970473
31970455
757804
56003707
199243457
207811615
37793731
176522613
219151856
206145524
14767081
20584194
2077301
71202384
14462529
247921812
527230
209379520
262295224
517542
217513968
7188041
44983197
203397265
193213684
112350147
104557565
173447641
193013129
150936964
31250892
454299
74943723
139909185
192987750
165626771
165627299
72770774
197652245
229810757
225386687
192413994
1535547
263208530
72000007
32583277
93949895
262843000
41746258
176759792
252080162
252079042
262692310
31970453
217514378
245189558
91121874
198081516
214654662
177886281
137129365
252080143
263074688
263076936
205506458
172361030
216724463
227440618
252078443
262692190
262692404
176803052
3953699
252079987
249180903
214654807
260791520
197170146
92488258
229810594
198074783
245196853
249846865
172360883
262692049
262676177
183558417
114944766