262414772
262754636
102893964
95089972
216353667
175833959
14160729
144028791
17016081
128656374
248762548
185497002
12491533
93389
1712399
105614586
13815417
137828066
147764231
14655498
25088118
144411228
205814191
197626285
1891757
141581537
1411419
13816094
471090
248982538
207940946
187185740
52382825
203959988
144464046
16864069
144341088
79964739
242092417
187837016
182318345
187837700
160270237
160268982
147399382
190519577
70552350
52570622
84305164
182318389
95449912
51654417
169866646
92813839
57029796
116742953
205814399
105212238
147384742
35222930
4502769
249396284
10073860
100132290
248647439
12491540
215034620
14164769
92812979
14056021
7391907
25083864
207561
115433697
225947148
241759028
16024245
147761080
189176858
149718936
215748293
96585723
205814196
13814051
25005785
15518808
129233474
52653905
170781323
104806971
19698290
123442661
252357249
198783738
95449910
215464107
97921619
89053125
182318551
25006018
253127596
14656947
208678938
1411441
158804226
95449896
25761522
254256919
213558739
786276
25004238
95449899
114195087
242443025
214742274
54057048
174012
200004535
14883967
80990911
1405553
168733023
174561898
124887213
10819079
115441018
248646220
10831036
176819538
27923257
14648484
160269273
74814541
122874189
131280514
14678881
83020788
149744853
123346681
182318334
241758970
145973767
145974189
125604323
106545781
158631247
108961830
208678928
158788408
185653709
193564914
108938299
15488828
111579
20836524
209602745
150881978
109367195
895474
96557784
147761089
171734689
76680699
14940915
182318533
173078
248647403
93327
208069225
786186
93306
247445372
254256936
169935556
204929171
244169754
194096656
177998862
48333258
189867461
169897440
141738832
87966124
463796
141581099
173058
158804591
96579085
14161803
133830809
128325785
202338297
248648639
70663101
25691285
152780963
173044
2003699
786280
142243182
93926494
207710188
158790075
108923873
248647143
182318331
122872782
249842161
148006904
112441915
108922447
248646361
201293643
14639149
95001145
185503062
1535579
13633467
158803192
14314939
117577849
248923110
205019785
145411393
113930156
53770630
172793
212285508
15094423
247310817
263042841
70660126
21266430
158630564
153817765
188671669
93245653
248647972
21268571
15160351
230038433
248647161
263071497
263264354
156226856
895482
33806813
15307964
163832385
755536
70661710
253127616
10829299
182318067
182318174
15516709
173733585
144342690
895464
33805737
58405082
92817844
26622214
97921255
123442197
210763318
212285495
34709143
249576853
1411411
26334161
1891747
79886410
92817902
104791299
895420
14647521
59300541
59453391
225199860
13850024
102736052
158801901
1411355
79460126
182318532
117434717
34709228
181123603
14159429
1411427
36575622
149756317
208402795
182318096
105665183
127554124
158789080
205814197
198787092
14660329
175469
207174518
20836544
248646222
242079411
52290164
225199931
757635
57025954
37792223
1891761
36705079
410482
37792657
96557076
31715809
158631320
123442214
26086151
73682085
104804693
37788780
64640302
158803523
248646307
895458
169470021
37791289
147854588
149754257
14356555
473952
37933906
149916230
117835804
215543756
198539598
160268811
410492
79906803
143503895
79941867
99338806
1891733
37792514
93066
126734579
114688186
26342571
247426773
895476
895460
20874774
131421465
68491048
117835726
20836651
148075973
158802976
3679663
26353082
57026239
40270787
93314
26627332
15518317
182318494
14639069
13460941
200004600
137301623
150881816
33804544
158630082
25764690
68206356
23410410
174085037
153664177
20836526
48110319
895456
21769280
25691370
68248831
1891731
31998809
207400364
53749390
112441574
137808823
20856889
172804
59299495
33808497
14056027
141581029
145411190
133830765
50560018
1891789
104869278
53770647
7391943
104869017
73611053
170742340
225947190
209409211
27993919
895478
15094415
47247397
177495832
247448041
164539867
248647724
144178026
252682270
182318564
254256823
187836916
15162015
36702190
214500790
200002943
95448205
473876
159438216
116119061
254256801
167581214
93926610
141581188
15506426
68214080
15506606
10401341
242467896
212051105
193741795
214656117
37792880
58685379
21259917
248648589
248646330
248646415
169380325
248646596
111680626
19993527
15516607
48110457
141581444
85241247
106545461
24591066
877654
25762407
92810531
179522912
57149622
166398108
110212788
55332626
88771474
35951349
166447169
189867826
63537262
145562729
182318171
74341135
20836536
25760590
92916
55238892
14957888
188785074
23423835
125603763
182318084
28044943
20856896
20856883
248646266
19295787
253127482
15098827
174481245
20856893
209603359
207400427
182318406
104903305
50699966
248789443
147764244
92808465
68199737
632791
95090936
253067130
7391877
114687087
20836660
121172336
24404217
519285
195636399
193743023
60746902
182318224
25476305
191357858
133488898
217647931
243118179
786282
15098886
207565086
68778444
792470
44946426
253127613
182318524
133830949
248646272
192636
248646191
68209620
215625203
215543335
54352308
76587783
15515857
21266471
138900838
792482
248214832
106233542
91573401
152828660
14638641
201648931
173956199
144684161
757661
13897070
251931086
166445479
79963449
248647769
4510299
117426636
24899135
895428
21785313
53759645
144447958
133563655
122871224
26140467
124274796
36028435
20856887
96585863
248646122
248646369
252357247
248647579
52406707
253128063
216204954
14158634
225947212
210763416
152565111
187837225
239196113
104899471
193742368
182318463
95090130
217763314
85241176
144046027
83021092
214500774
249030537
225947181
187836871
23416908
248647956
169621254
248646041
248646167
458139
54623
177783890
1535551
108908929
21268495
187838983
207565356
15159699
48110551
156646458
108918823
182318161
252568648
104903276
157096589
242092421
123442433
248647225
79918933
248646278
13944530
161861111
93348
24199236
124887195
214655988
25756583
68072322
247906560
26340704
169621274
26343433
248647736
248646323
248648668
198965982
895480
877686
93218
21687176
145101997
19295866
212463549
102108653
73610919
149916317
110069471
172674444
214742293
169499754
21034987
154857971
144342493
187839331
104950879
210878342
203911901
15648363
138900836
171591131
171729962
43182895
97043510
124887154
187838190
25406553
143613795
153884819
37792409
214868193
125542244
65651485
254257271
254257178
254257167
254257055
248066386
254257117
254257026
254257270
248066678
95014268
207564479
170838265
187838097
131347187
205030217
90089115
73824998
262029937
89212816
95449916
77576852
50715560
108314572
254082930
253898404
11776181
248211727
189681137
174398133
104902230
20875299
207554722
263061977
214500793
153021343
248646359
248648511
137747176
27843939
248647264
248647781
20856938
20836968
160269260
166446319
31975659
248648295
248646247
31961231
248646347
198967277
197068239
225947210
120169718
27820230
180536443
10401369
215625072
15648307
215543257
140214356
15648333
15648346
13815978
19293718
76582483
133713196
78523244
15098868
71047143
173649546
104899446
144342681
144342588
94427237
104903049
110212914
42197938
15648341
145097395
10401348
152729518
106907192
14957873
112098376
71958807
214927993
172344710
214813655
193077938
144340736
58678959
104903376
95448212
170880720
249533487
253127541
253127436
76826842
254256745
253389765
254256757
254257219
44983628
227036300
259320730
253388641
248066387
254256877
254257166
254082896
253120090
15159522
207564473
14659512
89212260
23784750
133829402
48811997
53980467
73653803
125604506
187837438
187837394
252568463
214500829
148700111
72900907
214919872
34168815
15648345
15480625
150881859
14659268
131421683
112441147
113105712
247324254
158803212
104793125
117835598
114687086
117096789
206296304
253103782
15098769
15648349
214500811
214500826
7391957
138384680
149397968
262748076
225947169
253190259
263024189
248647517
35967633
169621265
153021386
152709623
169621285
248646454
248647175
248648571
248646448
248646355
27985478
248647541
248647433
248646379
166447185
248646537
258184189
50194231
198967500
43009020
247906903
120339100
164490792
214908749
151611233
19295844
14958001
15648297
15648315
50348098
14160429
14958196
252568632
187838533
133829559
47251117
168497825
15648321
85241551
15648327
15098864
25759583
149193060
249896773
141581079
174145273
56948871
170986135
199730999
176813509
83430165
144340993
14056045
14958233
15098919
164455422
248162586
254082929
182154838
253163962
254082726
254256957
254257125
254256964
254256981
118688637
15648367
15098782
14056035
225957776
215116374
253344916
116018419
163887816
15098336
187838635
144340633
83430468
19290771
170860947
252568443
161904106
95449920
104897214
169848504
214500741
258859558
117576307
119404146
253389866
262750299
80931778
36035822
35956832
248648537
248646466
248646383
169621258
169621289
169621264
169621281
248647771
166444598
248647754
166444551
123442186
248646325
248648194
248646003
248646212
248646438
248646432
23829771
248646282
248647085
248647926
248647658
248648517
121172651
248647383
248647791
92146136
27820217
249220204
262757041
111298094
117577579
247906488
144342410
225958105
15648303
215624233
215545026
14638608
205814578
15515424
181217032
53748986
108891124
247906829
15648291
15648317
19290523
205110939
15160214
22777788
165780548
207565538
174144539
73609169
171555122
148698922
166071549
48110518
141581004
162383226
15648365
20717358
83429899
69511625
253074042
254082841
254082352
253619328
19398751
50348410
198783818
95448246
70093053
177904607
179581317
253388731
182318132
254256786
254257107
254257297
254256810
151509195
142391669
15648359
205019709
19293785
249896783
23167421
207565158
178713647
157480587
15489533
217763298
122868548
136874746
15648343
252761598
84866969
16532524
172183695
158802887
104795269
187837521
15648357
114688625
133832449
95046616
156789904
141581581
133832676
145113910
7391921
262734088
114689471
249220102
73194033
247906688
219164815
263083525
19335499
248646302
248646411
248646313
248646244
248646357
248646216
248648621
248647708
96557689
248646363
248646335
248648609
248646442
248647547
248646389
248646479
209408936
169621240
169621283
169621280
248647412
153589531
97921561
68248418
166445553
153021304
248646146
152348765
180957502
23520223
263316826
22014526
31714857
1891763
22095995
161904139
248647246
215625504
215624669
262020384
1535581
15098819
15648299
59299374
15098908
53757643
54391660
77576868
15648295
29393030
15648323
15648309
10401334
202712942
144341786
246532697
22777857
203911984
144342863
144342545
144341964
52241876
207564719
48810791
155263303
207565369
207565346
110069701
15098881
15648353
159669341
155263254
15482065
154857702
76010813
251085784
94585559
116018295
145104314
165779413
15648369
252791476
16732531
138562402
106544852
189681179
207565509
95648690
171593404
209602657
15098825
136041295
114688983
176133147
49048196
207565378
208307291
47251643
19447853
20866146
76826626
14958093
196770076
247425993
253292402
205281333
258858868
255349712
190400174
254256988
182318492
248066717
254257245
254256859
182318427
254256832
248066460
182318180
104903372
253346310
133563508
155243854
158630186
138383326
121330327
121332393
125273590
262304743
169621295
248646224
248646434
248647611
248648054
248648691
248646403
26317678
169621290
166444556
248647775
248648012
248646513
248647351
248647525
20836569
169380868
243086258
248646148
248647988
248646246
152827984
248647369
248646213
248648048
248647449
50349817
24592016
165181988
25552392
198967280
198965361
50007206
50782583
208277879
217709119
120169228
19398770
120169209
120339999
85241541
178339460
253388718
180536169
215540967
15648301
50715421
73127985
15648337
15648311
15648329
50334053
1535583
14656218
13672297
31974631
15648293
249896798
252568642
144045837
170744491
203911910
207564633
170851266
78954964
106540108
20866315
15648361
102112026
122869858
148818108
181918053
17953083
144340762
144342424
76480256
15172420
195971274
119487679
15161874
15648355
15648351
168562672
188830794
15159701
22777435
56948975
127365392
214742329
193077899
252568641
162008199
114686071
255349696
104903352
259321422
254025326
5860463
39726629
104791420
150882031
210124653
216204886
182153209
249896744
253389835
248066780
248066375
253388579
248066399
254257211
254256834
254256871
254257124
182318230
254256815
149658458
158811517
97925490
128325549
187838088
164538944
214500856
190136510
98556319
97496851
97496845
248646337
248646365
248646351
169621249
248646393
248646526
263042914
152816309
153021311
153021368
181132809
59262954
169621279
1891781
20836546
96557678
248648421
59264029
248647483
248646490
248647509
248647578
248647990
248647385
167953089
216001171
248647756
15648339
145108006
248066362
253388677
106545191
251931061
49090306
115132323
48751432
165631064
75821653
23264026
120168668
149363250
177783720
75326735
146491741
215543296
14650644
15648313
50347329
10045737
20865932
51707889
15648305
953901