174427255
174427185
192838236
174320504
140769284
110876005
144507700
201936987
185863831
192812836
131280632
144521231
205483250
157121539
128326636
144507771
144516624
131280547
176692579
107362468
144922037
144514372
140768892
141581005
126110233
198515635
252566353
192835889
147117825
144507238
115101802
31692405
205483171
195996532
110875896
160171144
58817875
204414200
159095442
144924777
205904686
140769192
154181895
195768882
58893729
31653651
144507826
73315311
110875930
110877373
110875763
253414252
196021903
131280619
95852502
136260572
129233555
110876561
244132682
127286322
201936878
144507612
205717747
168563577
122645930
192725412
205483110
148699254
126944947
171289331
248739459
217708590
205483189
205483222
192686693
139565344
215097658
168561515
221236174
193012035
215097893
192876689
200685239
171999696
192689079
144923849
205904000
168564865
144507737
215097802
192729559
247718245
205483018
197554687
201936919
144507386
122438812
214868205
248649163
205483170
117904387
192705084
248648547
248649171
192737977
144514536
249202094
44090049
131280749
168535235
131280819
177625712
225380468
192876650
110875923
125571878
192737435
31658213
221236854
205483109
159095590
116391801
24645441
248646985
44662556
131280550
184944022
76471145
144516498
261952473
154182903
131280702
155699881
154184160
128326387
154183978
156113079
196948934
134652553
58882674
658823
200686005
140769416
110876425
98177013
144922261
205483147
205903822
112712597
140769174
118248009
122645926
215097730
192704879
252540037
215097649
189648909
195435113
196952243
192729079
192726790
215097748
230027657
261823392
192832018
171993376
58893758
98177512
192736635
206659427
58323785
205287502
177530110
174829730
144520972
156113050
252077796
110875400
205483045
244300865
107362343
225379055
142328865
131280667
140769283
121228271
100391413
220684630
252577317
230027571
154182152
154184667
151611699
48617931
199972960
154182283
203954172
171970842
247907008
171968888
121228773
168534790
205904017
154181959
215097762
131280531
122426600
205709206
31656174
225355220
107363154
33172823
140768659
253413824
162593309
130043358
201936854
198893079
252076587
252080443
154184242
215097665
140768785
174830047
165030564
253413919
253413956
55356880
94955818
116391583
200730794
116392864
159095262
154182395
155699887
154182984
192863850
192877062
94955807
205483239
261952331
32996601
150880117
140769407
33386786
154182415
205483095
252576629
114572199
49091058
192801769
110875453
103601405
205483017
126734577
205483115
192790982
205483058
113560848
253413951
125720487
263024288
244301845
205483142
115551997
117904336
226192306
113235654
261823875
205483229
261952365
118247982
203892176
116392974
205483072
131280732
192833462
205822969
262756406
140769111
140769381
192829549
798460
21226667
168562144
252106317
192527259
121228249
192812155
181218193
244301492
130043322
205904058
23350419
252595523
193013133
252575792
95272237
110876268
246161660
24545285
131280570
55357170
252630151
168535575
252398671
205903469
168610399
140879749
205483015
140768713
206659347
203585960
221237131
206659421
192670171
116681866
220694911
220813501
214867992
115268030
209399762
249204458
205483077
215097745
122829078
205904806
206659356
165030875
118248024
226171678
139565332
122873140
116388157
186814811
115323835
251384031
215097911
252630270
252595398
252595310
205483232
11404461
164578301
171991722
192670162
214153823
215097680
115323173
139565428
24545294
139565290
126734574
37795485
202641374
253413769
261952519
261952390
214868335
205483065
115552921
122426786
68397956
192705400
67269164
199977825
154182988
195875444
247718323
139565360
122874024
126765775
247718239
207562714
132858330
199243451
197126627
248738214
221235606
253414119
253414155
253414248
253414020
253414255
253414232
253414226
253414137
253414181
253414088
215097744
215097713
253414025
115318323
155694819
156113048
155699131
131280686
155699111
155507704
131280699
253413677
253413629
253413613
187623000
189588711
187622752
145562713
246532704
252787603
253413870
253413783
253413761
253413736
253413847
199977796
139565541
252533906
252791479
252790529
253413573
253413841
253413939
252765958
253413931
253413502
253413997
253413493
253414165
55356632
55356412
253413558
253413829
253414109
61415042
253413974
253413899
253413508
253413501
253413459
253413923
253413526
253413625
253413715
253413644
253413673
253413616
253413686
253413550
253413895
253413990
205483143
205483172
126944190
125720707
262079111
171989917
139565612
262016667
262016664
262852637
247718271
263266517
171795528
150929289
150929191
150928903
262756888
253414190
253413548
253414129
253413414
156113068
253388645
44662367
154183550
200630394
200683748
214087756
154184668
252536662
247730803
122873131
23938067
247741345
122872173
139565267
253413416
253413772
253413787
253413779
253413689
253413611
253413619
253413695
253413657
187623101
253414216
253414057
253414022
253414009
253414081
253414041
253414208
253414032
253414179
216395844
139565605
248223976
15251344
154182339
139565346
229700762
146403754
27724733
59433305
187838277
172840458
139565262
15200798
187838571
253413660
253413612
253413707
253413839
253413784
126945656
253413885
253413831
253413486
253413907
253413958
253413456
253413545
253413522
253413507
253413399
116200316
253413969
253413454
253413861
253413408
253413900
253413816
187622554
253413458
253413827
249206727
252766520
253413819
253413984
253413424
253413469
253413851
253413853
253414094
106699677
95533765
253414048
253414230
253414257
253414196
214867821
215097667
215097642
215098063
214868294
155507688
156113083
155699860
155691483
155507702
122391994
187393625
155699113
156113030
156113047
155699124
156113061
253414234
154182924
249030410
249030310
262852851
262016674
262852618
140768666
263024203
168534962
252630190
150929015
44660726
192726579
121253419
248646979
122645862
192670160
192670175
253413904
192725635
192725912
252078119
247932131
252400950
59433856
59433921
154183462
201293497
119501281
239195993
139565424
154184513
192690711
253413487
253413945
253414000
253413947
253413426
253413472
253413569
253413528
253413413
253413938
253413446
253413516
253413464
253413452
253413862
253413979
253413798
253413828
253413440
253413884
253413575
187623436
55355966
155699873
155694822
155700037
155700010
131280799
155694827
155700042
131280575
155507700
155699110
110875499
253413748
253413733
253413395
253413743
253413703
253413726
253413781
253413720
126945879
205483294
205483196
115698738
248936971
220750137
134650903
252069083
252070379
253414117
253414127
253414084
253414242
253414185
253414060
253414047
253414163
253414161
253414033
253414212
215097666
214868077
214867956
215097692
214868088
215097771
253414228
253413795
253413823
253413609
253413594
253413509
252765497
252765060
253413505
253414115
253414066
253414153
115325367
247718235
140103284
253238145
253413646
253413645
253413678
253413605
253413656
253413666
253413638
262842672
262016678
252388067
252595477
166037813
202645307
117265850
206659452
206659446
130043318
261833632
192683779
205904807
122645892
253413401
253413406
253413425
44660202
253413766
253413804
253414183
253413441
253413992
197065679
144735684
66076191
184944502
66480160
68079273
139565174
144924684
164576027
139565248
132857871
252066227
154184676
139565726
220822135
220726586
248732054
221238097
217764185
248936370
253414238
253413852
253413470
253413539
253413869
253413473
253413902
253414143
253413582
262016680
253413518
189589371
253413785
253413908
253413467
253413468
253413883
253413537
253413600
253413584
253413775
253413688
253413742
253413717
253413443
253413691
253413702
253413912
253413937
253413480
253413471
253413485
253414006
253413680
253413732
253413652
253413637
253413620
253413651
155700061
155699119
131280886
155507690
155694825
155691494
131280592
155700034
248223972
253413916
253413534
253413808
253414077
253414141
253414147
253414123
253414051
253414073
253414202
253414167
253414098
253414194
253414204
253414169
253414222
253414055
253414107
214867740
214867924
215098109
215098009
253414059
253414188
214868233
214868300
253414092
253414175
115334867
95518641
253238147
139565292
139565299
122873141
199124505
118247963
66672384
203586659
144922473
95855545
61413383
144341911
262793955
239195978
262852725
171787036
263266523
252595427
202645103
119348135
263208504
263208438
150928767
253413431
253413402
253413953
253413423
55356710
193012872
203875026
214087563
199972778
139565288
199973693
199175119
139565482
248224031
66672012
242204334
66512085
214087425
139565355
203892341
67269915
252534302
253413633
253413670
253413557
253413626
253413589
253413713
253413627
27723797
54414121
27708085
248224000
144922745
252083858
122872606
248223986
226220114
67270317
139565236
23350414
154184388
253413788
253413421
253413771
253413675
253413830
253414139
253414030
253413601
253413432
252765268
253413400
253413585
253413891
253413845
187585696
253413929
253413889
253413393
253413864
253413967
253413858
253413878
253413578
253413892
253413812
253413564
248224019
121004404
253414133
253414011
253414096
253414037
253414013
253414157
253414023
253414224
253414113
253414065
253414131
253413962
253414014
253414090
214868044
214868086
214867974
214867631
215097639
215097805
253413807
253413563
253413415
253414003
253413435
253413910
253413840
253413880
253413811
253413943
253413855
156113034
156113069
156113037
156113038
155691505
155694814
131280548
155700036
95513211
253413737
253413760
253413735
253413933
253413497
221236728
221237589
220684974
253397419
126945268
205483287
263076574
263266444
159095474
252629427
209408905
192722014
192670173
45150438
253413438
253413954
261952336
253413451
261952407
253413846
49091295
201293835
249637319
239196236
139565201
179952729
139565311
214742234
242204338
203954099
203586761
189341428
205050548
199977012
253413663
253413667
253413664
253413636
253413617
253413728
253413723
253413587
248732580
215118441
27723995
253413872
253413983
253413890
253413552
253413924
253413551
253413588
215098075
215098031
214868237
253414052
253414111
253414192
253413991
253414210
253414198
253414177
253414145
253414236
253414067
253414121
253414220
253414135
253414038
253414214
95854950
253413930
126946138
126944712
226207519
253413571
253238148
253413520
253413568
253413986
253413909
55356171
27726119
253414240
253413803
253413946
253413433
253413975
253413478
253413457
253413525
253413915
253413409
253413495
253413998
253413818
253413876
253413496
253413968
247731270
24161196
253413752
253413745
253413756
253413701
253413692
253413714
253413790
253413755
253413764
253413708
189587844
254082671
156113080
156113051
155699864
156113062
155699875
155699112
155694828
155694815
131280602
155699122
155694832
262449918
150929235
263208308
130043337
192670185
206659360
243082651
130043302
125569009
130043366
149193813
139565191
262016666
262852665
168532449
253413519
253413544
253413604
198967029
110876430
261952405
253413577
261952483
253414024
253413491
192688544
196950538
192729917
130043250
114572158
55357573
55356977
55355868
55355594