22864624
191529994
25204429
34752428
23437566
32222713
34752193
32222232
32222709
34752290
29357106
22881893
25202281
22866095
32222129
32221922
23436877
25202299
22881942
35859733
36316468
208213250
37794813
25204188
25201722
22864472
29355249
25205338
24166156
25538040
25203779
29356504
25204192
23438424
174003255
32222279
594367
32222722
22876432
32221982
22881964
25202442
25203699
25980621
25205797
23439043
22878273
25204415
25204353
22882065
34752588
243245257
87787104
27609081
23438231
25204513
23438897
22955447
36316237
25203652
29355149
26149080
32222099
25203174
41375049
34757292
25205233
32222701
22866514
34757983