242770600
252131256
78290763
253218815
94383325
208124532
247446851
207400594
248380417
248167763
447164
248936928
203231465
151994935
202960208
252887546
214757473
211924955
262517766
214497208
205540677
249156893
136235806
77665056
202895295
144779882
142833449
130416595
209398526
174038838
142833447
6554327
74643168
213301700
248380411
187805737
192788797
73238663
249092222
214498442
169621651
214922281
192295782
181928999
72711428
89903244
102629316
106605309
262454614
208368706
14950013
188660611
147764389
195201177
248590140
188660615
188660609
188660620
249644244
198271640
209378661
131366477
59282421
207774669
190859600
109298269
135322596
46812041
57047792
54737990
262405505
145898390
130743629
122336550
71090276
163165068
17001047
215985381
247813774
174626700
205540599
104325711
169606793
112368151
49253295
76528249
181699668
206718476
247654287
50215903
198230124
243083955
247334278
183892003
249373006
261801619
166437164
734250
95316897
253068756
261809209
170820969
160188616
11224055
95311710
172274463
130743633
260686261
11224053
247919199
220677815
75513719
33543699
50440315
138934385
201071214
249645405
186191713
25402889
109793157
23240554
204954619
183334462
198271683
198119254
71149254
413799
198696146
182985629
8119996
50047503
262892506
263241744
249787342
1636767
253097433
126725665
262905384
261885873
125009505
249674877
4719929
143144210
2803805
184410324
206093126
834012
213710681
247666608
179546068
50215191
247705845
248727269
212927540
136403491
14524148
169621653
89594003
117595305
215198792
184787584
167047227
262758236
249277972
202529408
252271951
196019513
249767904
50254521
209273750
181915301
195841372
249961402
258128052
8115265
5472539
198254607
7104885
196603291
196016767
217535048
250019528
251984648
17001141
3954351
3954383
169914763
248225815
249237942
50254527
127077155
2778635
182996754
248518705
10405974
143217510
249876551
248544770
54928586
188660619
214826481
253127167
5435977
196022372
31622963
44984255
249767896
248543047
73878867
44859968
170820917
194420717
76305758
112368144
212981945
210163835
235573457
192153047
199530444
215119468
248683396
247799382
72668424
186884137
247337112
211960773
98764758
249967036
217524245
77221380
211315225
191433413
248085548
169411397
249245605
59618895
197388007
174606516
14645353
229786653
247919006
249787351
92564021
143145962
123915913
261962822
261962827
217272619
185855723
3954353
197635291
77717440
197853107
127077151
249237940
253546156
261961830
189172372
249011392
209605853
213848224
251830683
21494932
249767900
14178102
261962814
247446346
249644347
214921110
4050699
152105067
14453297
10395784
177117488
52854770
175541440
215221325
215135660
261962820
241732213
163578368
249644225
188960466
261969676
98764778
250020338
143969955
32474021
217336268
195472375
248538024
197635176
249646590
4947201
183262910
215221786
146846340
249787335
249953631
35534252
182984062
143144208
249352038
261961768
249644265
5144111
204429404
99056176
195301110
172476328
146995059
172476082
182993109
177681756
7104889
214948953
201308321
230203659
261969638
261961528
247705847
1935493
249273815
199709823
199536126
90712643
48523403
253187968
203469072
215221607
258766872
212610802
56722648
4121413
24603178
201308380
152105081
146398515
67652288
249257672
206663338
172475807
14770666
261969649
249872579
251396175
209170399
114435266
127033212
248591502
180736421
214948982
14453299
196193881
249351941
127591122
203996099
224074748
253187954
249644236
197853223
250335063
252070562
213847879
54422668
197853246
190546661
202529158
247657975
109862090
250335040
247446308
198894919
88249929
261969657
200849083
6137279
249645998
214154676
259459456
47454235
249268726
713675
213522055
214921468
230203334
249652610
202510868
249872570
109776179
214189209
211331701
188660616
210732839
182565542
50047505
162526685
158461654
155390338
200848418
186711818
164275021
167127586
214920738
214921415
190455922
183313925
195806606
247446116
188660613
182986531
203465147
180961087
214921116
249653721
198598646
249971984
195814758
189462492
206665582
198898622
198430868
198869326
172476125
215694587
250456873
182992944
48982963
127032144
230203653
247920610
193771732
181793868
198816275
32371056
186884254
12488092
13407559
249856800
192155197
259455783
155390267
249569911
195472363
987725
260742252
214860774
249653719
201114898
220661935
120183375
190337027
169128164
50215871
168697086
216296891
174240102
247446318
167120040
48329802
833776
4050705
212894638
22535799
242638395
255298800
249569765
184080561
197635958
202529672
8297156
195548053
252226451
182992895
197626587
202510842
186590569
132783388
23424448
208064646
214915878
213702220
190355432
190335866
132302695
120183818
109862040
172475888
200768159
92680361
186073071
172476923
155495164
202611344
252078473
136403512
242085587
137941568
195301095
153466302
127032802
235366290
214189125
230245087
135423756
101931612
182300887
50214881
213522648
213517947
213865047
190502351
23435669
4050701
197627404
252301449
214921076
143144213
217267372
182985250
73513766
247245198
50215988
204985311
129138465
250078201
184419380
172475910
161253283
184079681
214582186
249644293
249569843
249569801
249569837
249569809
249644280
242085723
109886099
127692533
118375043
249974570
249869002
190502355
197853140
219146928
252429834
263275078
263275016
263275147
127033415
246208122
207273673
109861885
249257646
199942862
124107164
263395969
191919924
101931550
216285760
189460640
247245192
250458081
50047501
249973001
134615394
136240087
155447759
134615018
249569875
249619247
174256582
215122881
172476476
214189413
157317126
253266747
182300953
249351832
197626622
167062892
249855970
214861629
169817944
219146977
2875007
190455184
263394280
188660623
127031594
159693952
201114016
178109149
175542042
167615600
263396175
114141090
3954419
198593984
198593514
263372340
263104008
199536129
201385777
217440599
89314719
155409768
127591324
249569759
250071012
73513768
182301020
197629165
120183296
167211550
181998006
198119263
127032683
137941562
202529524
137941661
243096395
4050703
146369008
198732114
190333346
251984808
247245184
263396123
198909083
199672182
172476861
263109815
192850454
182986292
249569881
249569729
249569873
248589263
159867538
127692149
248774000
242869494
202333835
262806131
230244955
182301016
129138564
190502234
2298725
7100147
127032181
211925103
263054473
251998848
263309843
179694920
247245188
95268099
190455532
109861953
109641031
109862103
89315218
11351699
263275106
263109320
263416142
247289793
263053845
205349079
263199363