247858581
248936930
2469661
3976835
13065337
48658400
251444983
197719871
48658394
13673966
40824600
859053
55407407
169099364
43341584
2873383
54051756
51376699
54051754
51376708
485326
897989
41492701
21129050
861192
13061338
13065331
1932331
17336364
51376702
1513855
1355895
14990459
4687533
3794199
13061423
1587281
2906447
40824596
57180809
5974553
1823525
189573835
17530147
149534847
1886279
53924654
4687529
2202105
486350
2583037
526329
2982497
92763764
4687535
4687531
73481690
73482133
1674007
248839921
225216828
2880299
192949429
2982465
3149769
13941933
165023962
17719704
15254915
225195098
215890843
87108688
40824597
15612817
3024831
11873727
2907277
146363425
5974545
24015376
857978
3024679
4280013
249659363
4687527
199890148
4889061
1674005
217318366
51957708
194033286
2902225
109109714
192459622
194489313
192453236
194033274
970532
146225998
249853667
146225025
146225167
57520291
1725527
122817489
252079167
146225007
91089597
51957706
79603006
113526775
208103504
91833091
146222965
249785816
175526891
217629785
175526906
77900448
449923
252039152
249269593
38484300
106882809
249785822
229736247
243035322
250052315
214930444
210513558
262463265
149199102
194489361
249211745
178032379
249029784
218748278
215727094
198515442
249760815
194489362
192458763
13290564
2879923
2852761
107462599
146225072
76756195
252606875
214189141
194033279
194033272
194033278
35355716
248773716
146225078
109109594
194033270
146225014
2361967
6332379
195845301
451728
53871388
160449161
172024985
146224576
195844812
192452786
247302568
48166626
53871396
195640085
195300129
120183680
146224981
162025741
198515269
192459302
207337069
165145285
195300135
194033276
188714272
177274890
198368127
53833202
195292125
201055517
192459724
198515220
146225055
189595819
192459777
53871129
198564387
53833191
115885020
195640066
109109675
201308137
146224830
194489336
194489344
3658755
195844885
149198032
201385820
154476175
109109678
146224836
146224822
192458462
198515198
263381026
15267821
53826841
200710308
207841114
109018530
261993080
50414368
3876677
248755010
243094541
158641027
87547362
54053521
201580268
21031780
38436486
143858325
174037877
103550551
127077157
134313604
57761618
76528029
54308767
203701749
193897099
216724574
111537689
192909292
182972777
76175424
193979870
201592092
13673968
58957235
76278485
253393150
199177647
48841784
171549981
51903728
13673964
260810133
187827433
997549
187827438
110448030
117595280
59107043
114896023
595476
196517619
148760915
170490622
224959061
248781469
261823323
163149658
66452062
207398344
261825190
5087505
262687880
185027514
148761077
248176871
196001724
53722909
8835161
102412533
419336
253305434
109488203
19274771
109488209
109488211
186290800
242076129
182149644
252099044
6766205
129911452
109488205
247901934
148866412
43341578
19783680
252571325
262687634
262687687
261995835
148866344
216724582
214490418
361908
200627662
982037
43341577
132834655
760251
74793313
146224278
73680686
25557704
246772895
77269893
252138656
646673
149531821
201004693
168924459
197636443
66067659
43341583
235728500
247311440
206308058
196932300
42460486
15267825
261970704
177860570
5023493
191260641
127032225
606191
199177645
262909310
236113770
997529
109282351
21326550
215618883
247444701
888211
44858351
41493255
57708766
57911668
161903419
156824943
55067711
262812009
67607088
21031760
262452980
127692450
262691918
615837
180103993
262892210
413096
145134926
4365225
251275423
262338127
2393625
683219
146274569
91832896
252574270
179938904
2202109
111711731
262569405
127692472
217514823
110204641
44433396
251275654
262451675
21130350
3647851
197657918
44858143
242980613
253393198
27582653
251381598
393443
913266
194959718
51376704
48543855
248207400
55067707
419249
260810308
193099634
193109496
57180817
57180811
134313606
193099628
69177751
249619472
242281379
171549988
158868275
553859
249257140
157250483
17719728
2119903
449571
161961361
215544818
76013335
83789519
187341520
164932239
190702831
43986355
151645823
90866357
141002531
55093773
4698327
41492152
201122305
247658612
427449
262066005
152700527
106605693
1471833
183250421
193109498
111537683
22643187
14746553
247448854
260810296
55605406
183551343
262691831
907708
2149567
1823527
2906093
249921297
262581996
260813903
195545835
197072586
198214258
177274837
17719702
970447
153608283
167210783
137941244
423272
261808858
248004886
33543715
261965462
207398349
492876
209306675
105736391
170330629
207244644
16967879
72079032
246772885
129355980
49365821
177727481
56514278
17528626
6690759
13101929
24603188
255299833
53775022
188137027
239314536
46649781
254859673
28057027
258284616
1954013
57587821
197320322
111322367
197406267
92503582
178219251
150372905
438454
253252960
195287245
215617766
482247
197897222
46305794
340026
49640886
55998430
124767708
247479493
35283861
155463012
84786454
160449159
249372922
55066557
109109499
79561343
434171
146226219
14529483
183315088
206147895
191914718
109019778
40052159
249958374
58547337
181998063
263063980
1725525
24017754
71345379
35193354
595480
184859044
36723876
102887973
210527062
263063984
57965533
127591610
55070247
90885611
107212223
115967810
215200730
74024702
50883581
109369159
146225070
215101416
173420792
179063974
205819812
94347530
113540582
205813809
114271480
67607090
148600247
122336562
251417378
142791773
219163417
243223699
1471831
54051752
20460124
262691861
24165072
131388799
66107833
26358078
1059658
540867
467583
46344117
37289747
139507270
262455625
262455645
203204618
51851874
208507369
208739689
45175775
257866685
27633936
248523154
67889293
159947242
258284620
215545143
186986445
340502
37699909
195822391
16967912
1429127
196395653
122812555
249954815
104309999
198958656
163739576
255175062
247936759
356297
199251387
249553042
89766747
186668993
521546
51376710
262905678
262344793
262455599
175545179
91832901
21435647
87726799
261970950
259568224
242504796
249035922
209302315
1954187
248556238
48592470
415476
199895208
3656207
208739630
199892980
93374921
263239211
196338080
64988223
38089864
208739544
126814162
197897218
254896870
55066555
262892309
203065485
262691913
196203482
87546490
249489584
180609942
13065341
595478
199006640
19578815
44859801
183481659
251445407
261034705
53871194
348174
194585502
201293258
50269973
198958676
215543878
262905350
129138370
262694255
1941033
262983867
192588122
158812920
208074919
201292132
434170
214187927
262345032
49463318
140579352
252641824
179063972
208739587
208405375
1215273
262452982
85375647
194595455
505670
2202103
229736472
248430476
196180776
34180385
260928461
251445397
182090511
127033567
202529449
242976313
260794283
145134962
195860294
199177641
202604465
352165
159914217
205858497
186495597
195852106
194583652
109109687
49396263
251445549
262845674
58807122
1645493
557784
50883579
578249
251983006
254896850
252345978
45613732
253468337
212424557
251982922
426555
198495057
199242682
149119800
144611454
127692228
255466162
78015037
149095222
208789387
212465752
253468295
217577642
201292148
260967960
262570518
197003319
253468303
196180778
262455643
251982949
428435
202961780
188697934
55330092
144611531
208436101
208739640
124767702
197154160
53871402
13782192
252867098
900070
467927
146226229
210755765
53748777
416425
92145942
262783976
262892038
48544204
248343215
73207153
262453000
190298253
207760198
109109570
2431529
248619071
174215355
32220171
252794149
46688343
212241474
262016106
206907635
252664539
550112
109109585
192564272
202055583
145130562
109765192
216333761
172024868
249372913
241666771
148939889
148551644
1429125
736378
193237247
71957691
36992405
237228830
252768044
177187599
250364401
193005359
193736658
192949237
206480712
197850110
201759771
199892704
262053181
472387
24957726
165030727
187444114
394782
193736664
109109659
198958627
437447
549801
195861530
217577802
212424870
252770474
109109739
194583656
442826
62349864
262016116
36827340
209608417
450679
173093667
132196515
194586211
137966224
85396264
207521414
478622
197647859
189177311
144542341
127692130
49185983
250741819
193646128
109109489
541206
195506364
249349176
252574477
188134905
262065991
215101373
262891958
127692230
252643115
242498239
24153057
201836966
140376176
261810713
253660461
208738739
62349860
255455645
255466214
230016248
217125821
244236919
152517438
41072108
215620773
215615730
262345023
252765539
249372924
113550761
127032208
109109578
208602470
452912
252575724
252763916
70202813
641868
190741070
51348705
215797556
49745274
48758527
196338097
261810700
252771093
137941294
163831472
179520695
182735483
262345026
646151
208740744
53826902
247306135
163580421
210527449
179988653
38235259
492983
252764293
127032777
218748174
190157234
215802330
109109565
252574232
127692531
262984150
140221883
125868157
200765444
77665546
109109530
193736650
463104
199597322
146223831
43801501
199598203
215543865
186457047
209608148
88917447
193268397
136984617
235855452
199974420
195858372
262891879
181451947
46344115
199243246
200815367
216285771
225240756
109109628
201308068
249963831
146271176
208178157
129138521
215104828
109109708
252671623
262037780
540385
177975814
248652752
183055121
203950210
252768001
192563664
249881911
249213274
200677851
182474472
197745371
74624902
195814304
257766269
208740301
247760205
161539856
261811186
202394837
14699293
215613674
185510427
253104869
125623373
252578548
249052382
207759472
252643854
189573844
250562443
24155257
42090209
215545224
166085713
163576683
205840416
195319586
205730799
190749545
248763050
213498797
240129567
176761068
251383006
204428571
249813518
215545190
109109486
258284624
208739680
197618846
451182
248843086
227164646
195292171
208415555
261809990
252570746
344010
129138572
48889710
248418228
242693582
1661279
261811142
261810937
261812134
147689168
176734427
166359349
76527761
229976324
17016823
261810703
201055530
252569566
209606105
262086149
103625739
58497925
248896525
10395424
192951111
252585246
249646826
125435888
195292175
262345030
438537
213954089
261812048
207710200
181449657
197162131
204049302
24153005
193268410
193268380
480193
783911
127032873
38483575
205837940
215543807
200766929
247879818
122521475
195306832
109109600
242075917
195316462
13782194
53991434
215896368
210524077
207765788
574112
927297
253319005
261809764
248822568
252766458
203950212
199965041
200615963
137966159
226698633
78957098
185448046
125432106
166359321
201877320
180223371
194595469
21147137
225240703
195671021
245767727
109109705
49191793
145134954
109109542
198955698
215525170
215545156
67607077
96927673
262345028
253403298
145134960
261811216
213676906
127692444
253166328
109109562
202604412
200614429
43109583
200615951
197641879
179528235
196514273
215802277
215104804
242101909
215896370
215767979
194525886
547608
247444966
235389314
201798944
260928477
190156725
23427026
193237237
170331076
185439125
177145286
183570209
20430589
187191368
186984227
215723248
177136404
242486813
249668334
4365081
135424433
195861792
195300751
196055075
195866942
49648487
84981065
137936398
251445463
215525188
215618309
195862438
49212236
453299
43801506
109210225
252635520
204049307
521536
193263936
16210435
201055513
127033128
214831329
213724098
196904755
172475706
138618722
183701852
115225868
205838393
207280402
177158859
195668683
248896529
195671016
252794203
127591302
242718043
248215974
24999997
239146679
252596985
252578364
493002
195863181
177617577
195862617
460589
247655749
152105078
206248640
197381075
202223057
201914510
179980732
250364349
197314843
195852109
172934713
626789
195844854
109109517
248684020
249668093
249037385
184417145
249052303
206480495
210755767
196054948
245767752
249813542
183038032
215767977
245769402
195664463
215617591
194595591
249881886
230529102
173568504
176939649
215620323
159891293
409759
247816498
202529521
179063566
253229908
42971729
253227547
195845178
195559349
215796896
215797250
215796752
195856966
198996078
213954012
125867107
114569617
215797653
215797322
193736654
129138250
199597681
252671646
205819905
195859297
127591105
195860720
174321415
195860761
183052034
253360325
193263854
249772219
263337107
208740493
179758366
185006359
53748422
217497088
193925971
190156616
200815554
201841929
129138280
198824224
77222077
11816122
166359327
201891947
190109326
178603815
186483247
201877317
178545066
199975286
202625889
200815567
193643177
201622752
210523656
243121612
182994396
183525000
188322723
242504493
195801339
248899163
245769456
249037285
194583745
194583747
245769669
245767723
48481871
195845998
188050025
248683403
248679161
195863404
242723565
242722810
53826876
51070611
261807694
141333760
200573257
195559344
182786356
201055533
252870466
252870425
252870503
182115218
263294177
253182552
253293522
213669735
252649303
200561689
249039095
195859848
127692303
193263815
127692197
188995431
177998604
263395903
127031840
201293240
200813039
120183583
214831331
190156339
214831333
143144374
201293379
183223783
263106877
249145685
195827644
109109605
242504489
242504485
242504495
195821811
230563045
195844893
194770529
245767729
245769691
127692087
227122491
229976959
195845987
188057608
109109513
261829870
195328062
67889298
176933466
199040021
180576259
186433825
261807703
4069821
194588024
258284622
109109588
193736666
208740742
253182706
253293520
210426495
235856645
185438276
253626944
192197011
253239797
253239795
199597402
202529359
259536001
2067475
201385841
195859325
201385603
179690039
230038397
201568504
195852226
263105356
194585052
193411465
201293214
215580054
163576685
129138312
200765551
161536174
127032361
263106890
182543143
202859074
176885805
249039137
38545330
180229658
194563109
164848237
24155054
217497086
129138489
197634550
7708919
215802328
261829975
53869715
434668
248899172
245769428
109109660
182800113
182975985
248841399
245767755
245767691
19577022
195845981
195845995
109109519
245769703
245769688
245769675
230368525
195863336
195827658
215767946
215767897
195319588
249029755
195863376
194200543
129138600
197381061
249038710
261807701
215796900
109109610
125874103
263251768
263251687
214916534
252603672
252581216
212569379
215797488
127033550
199974736
205290209
188352723
253103795
186495570
186395091
263278419
109109528
193601947
183054967
127591449
195860770
195860747
109109592
263105368
263105375
6802475
250364412
177308138
201383266
127033030
215723246
197745368
245766194
202636710
201698575
186479842
201293203
196525485
201709196
245766203
53869719
177312947
189528570
251382779
186495252
53872101
25190244
195305005
109109596
194583763
195801344
195801478
196055077
242076509
195664385
215617593
245769479
195328023
245767748
245767725
195808286
245767744
252793948
42970991
259770670
245769727
109109669
201385997
53107736
42092238
230310757
262475744
210524090
202782583
186304587
194585014
249039221
159890037
618325
500483
214189438
215797062
215796965
214189178
215796973
263251679
247442547
1667325
253293526
213672313
213708094
252632450
201385758
195859853
249041163
262972773
251383306
177145213
196904408
49786840
181451970
181992164
200615943
200815402
178218242
248792344
210524740
38233066
200766902
77031214
200766931
262477177
249145683
195952178
208069851
38090410
182786594
201385776
195668640
230552103
195822490
195861799
242504491
245769506
245767741
245767719
127591348
373109
219453408
248798712
262466019
263102348
252870498
261812054
146226446
160814479
210134580
205290215
179983662
127033433
215797257
215797357
195328045
180381242
76756136
242722833
245769718
194585016
261807696
195861547
249213276
46178818
215796857
215797025
109862001
263251697
201293366
210755993
193261723
247299213
195860292
193601922
253360315
193601925
207504390
263308203
195852240
194585057
129138271
197315173
201795524
77015938
120183365
198858937
200766492
171937564
194183481
181993100
197624427
87834261
190090688
200812912
53833179
214921120
186484323
202796256
125869116
185668589
262984253
263106892
248755029
103379147
545278
197588247
251395989
26168610
262903955
205942269
246208032
78015041
252912093
148600242
259479626
247858745
110448020
10084275
262796288
197142885
59235432
258284713
173406524
25144396
257537738
263049471
253210653
177924880
110448019
248004990
25144368
107410035
207398362
75612437
104074401
200976579
196932362
106703848
196853079
252138652
157252253
197894996
208734412
259568256
8087401
248445562
176522692
262792307
197352178
193979844
262464081
11220951
172365666
208623862
42190371
180224923
251448902
108177983
259568254
249387294
258284719
75608977
190707678
19761804
81499978
257845158
49873824
11277416
260222319
254022207
258284709
242660600
167019514
102428481
254073510
10120288
104370281
50884654
195861358
247415558
109109523
14522406
136020881
148797469
252005941
257759965
20453254
845553
259514103
25118135
24766025
97825974
197850091
208738753
198425373
51286692
1517213
247346471
79465383
262455617
260222200
4984097
174444202
263074982
182785147
56200970
252671730
260222330
260222314
247415251
254037981
72331146
244307275
259535994
859175
247062657
258284715
170105240
248325683
205414637
169379480
247239904
200010682
37292796
262852682
81437618
253629162
217568419
252422993
248545107
197746037
12735175
79560731
35458872
44447043
186090003
165030719
193005871
54377331
24765754
263048892
410105
197340973
165707868
135552441
250230847
186317962
248545004
259542766
10369452
208738746
66461801
128669692
173449323
183362168
252965983
200768149
213490673
14057926
179805639
212565076
174293276
205311865
148940449
262512093
207398360
49745278
252062782
199171224
11407716
178957491
24934161
73679854
94390904
208436541
197894998
113452588
177980309
195861406
262691096
25117901
201622315
195863442
202661579
257759831
197745237
184423223
197627833
158716091
202639983
262906077
197663396
48115282
215221692
202654617
59252857
252768802
46158804
97678001
106119685
195863455
199543119
51286826
199978206
251274750
245774618
193601821
191530002
198859038
146225822
203950162
37927340
235854914
38066761
262887455
253101184
262085484
193601916
261810106
193263785
81035298
197412234
197645087
198512085
252767980
179193959
215545111
250338943
201860503
22782820
249390980
9688463
190707676
206147926
250338941
204204838
252635173
197595342
204848484
8175883
197607044
197644114
213698485
261002741
248541358
202961363
179805604
56202675
252646075
42846780
48115321
261810992
252392046
116947326
173449196
201795865
193536795
261810399
198523780
41072579
37921006
200789492
197601182
242483969
134284776
250084779
179584445
252767685
226130712
36313684
242504752
90576212
113117513
209871119
176778466
261811391
235856155
252636123
249390694
197162378
171089968
203015290
248574872
183525122
177617735
245768087
195845207
193223882
208405335
245774513
250343537
197576390
248492297
199006585
208507072
208738285
197897194
146225661
252769043
200969875
249382898
184410314
215221636
200995355
202051841
114830477
195801935
261809712
127692294
199037000
199889490
243017176
122521513
545932
245766171
252804189
249390929
193268366
250343531
114944768
197602794
235877302
201548835
127692357
252090822
48123810
193411389
197590164
248794210
37917823
55797260
4364909
249038535
209866422
249038452
251275932
10570561
196048816
197299745
263206744
252584505
214922305
206205028
202612857
200790027
206874047
193224543
249037022
215257703
200788889
253360640
248206696
178603835
202242936
35457909
197235379
153409159
113165433
209865234
146226315
195814781
245766192
242504611
242504602
229962959
171125840
197644862
205926840
197644316
213185330
171580907
253362245
203201081
195861361
249775752
242983082
153409157
34750590
172342072
197604650
140221881
197604653
198567977
114770604
50302317
254896291
37927596
195323925
178010763
262887283
242504778
195328314
242504744
245768125
245768145
195845212
263104585
208776529
202062572
261811223
204302356
252647612
202611393
200768157
193268354
263339486
69838424
173347862
213526956
197162307
201293047
36710643
250338934
197120315
201246571
197165074
249037212
53833218
11384926
230368427
171125463
245766169
242504746
242504769
242504615
245768047
195292179
195323059
174933109
212992415
199669151
204049312
193263769
199036808
8025968
248732949
102132815
163576679
201237594
113161247
31318428
66227441
171140972
201600628
199039661
262784824
245766165
242504600
196054999
263040883
245768137
149779823
261811287
253362247
215545127
199974953
195861352
113117512
55512208
201246190
248805645
201237645
114831452
197663301
206147980
197165076
35242313
248499402
253360634
250343542
209865231
200787329
127591535
242504593
196055001
242504767
245768040
245768082
245768117
16211633
176938776
208062175
146272402
176938322
205414452
120471755
252671502
201074020
204940567
195863458
195863444
195861346
202611845
182484020
210522655
113543590
201293033
203016208
208747503
197823212
206686419
263413064
252912096
205625925
177772638
254073695
242488487
73203530
10120976
73682817
370811
80358840
73685374
12765697
25144196
13673970
253098496
203433288
177924937
33485705
148940378
11474698
58695341
148939873
35471153
134284486
202767765
252298199
252635523
57784410
263063974
72222991
262907032
262746915
11407386
172350487
52727582
13328027
35191896
182541461
69248886
50301126
15117280
253395959
35408153
196517685
185860401
21570198
252390170
247212309
40427319
15173342
148797719
35410147
56745634
2442161
252571334
172368315
56745861
261829886
33502236
148940393
73483761
169379478
201998779
35483256
253619368
35431502
197847351
243037645
107467461
19880773
179058530
199543378
252671506
49410750
148797443
206245878
84865840
252640863
205543082
40750383
24932826
49429499
260933287
261945633
16230189
35434730
35438381
212424878
199541610
36361877
205563583
10694791
94393791
73209893
10752496
208741956
171097360
252768806
84865655
37401906
187182748
96006269
11592695
108965065
184430494
191672397
172349664
20462504
197366280
197411131
88096712
207267590
200672447
41790957
206245880
249971762
172369675
38068311
35480719
242693600
205927383
40824602
205290069
201243303
252765971
181449647
248293187
35477849
248293172
179757404
404011
208740740
184419699
198127113
195861978
21270360
93072423
243036826
74783479
39942116
93069200
252768062
15170237
176731652
143174411
183332149
201296317
54994886
197645068
201243296
41578414
249971715
21266982
11285183
248293204
201701135
194465182
39333567
201798414
33420923
201305527
174248145
97678563
248293202
21266776
262704783
21266581
49455422
195861981
185709322
88095805
252580988
263347836
96002434
198415774
191436146
108964764
181181995
173752008
199978740
195863326
46439819
201296629
205414605
197745208
252766790
201698801
195807104
73202482
11382366
10309018
35410433
195822494
21266850
15172717
198120034
49459812
194465897
48116387
201295361
15172139
195862530
195862598
15169285
206783882
176902015
181788961
201295815
201426550
194769659
253281783
77322619
197897240
215525230
242743168
214584879
184433823
197366047
182976573
178778211
172368056
248293335
195866950
195306838
195326431
195306866
248293344
21300997
140141534
36329609
39947851
37923057
195863408
176910173
262551603
36704683
204302282
223949941
189473285
35931011
59234153
263385505
195852254
196054885
195852259
204302361
194200687
46689153
209866419
93071056
190155334
56200130
212607477
197499378
251983135
199125520
15174456
247401667
10398468
11591703
21301270
186318174
114730679
73203156
145977552
79396154
145549081
174599765
94409926
37793814
250595912
148940447
248590474
248687340
208742046
13930323
143174541
34744490
197062965
174248957
176789377
137563641
23598599
188784319
176731704
193701867
109083922
196205264
40626270
73594380
108317897
193411537
170338409
205566585
35446118
252714276
11855743
39334490
192032989
176765079
195801672
52343862
205414531
192460288
93067626
81595045
201695383
252862038
14875845
201622134
190582268
206798352
184419081
208741982
253161190
176937704
62230444
192471671
84866307
201307841
50275362
176765863
172352772
137607916
114895710
172369955
241482461
10570789
195523735
24408685
117046816
173577892
242075251
53993001
197499426
247442535
173577880
21301454
114895598
208741970
137976873
55795735
174602483
206794461
177145306
205291394
195852278
176767155
176789519
176789424
208741967
248133855
51376706
79565300
258284711
185517194
54777110
261832149
195993449
77578583
51957710
77323110
258284725
137238804
194033275
10650587
258284723
162865519
208742056
252570534
24149846
253040794
258284721
190582693
77765063
6721583
177772901
174247793
253297395
34746661
190582578
217123540
108956755
186208862
105736501
66104107
208378563
206314512
195863481
201305760
153920917
77323294
208386425
262550886
195863479
195860139
195853764
15173892
195861240
72606188
176766551
75983628
195859868
137918175
213675729
195860952
192705722
72647922
468008
77317086
53047309
195853754
203016476
183551389
5079449
17719743
247243561
158706437
262605378
198111127
24154843
53993102
99838179
205572924
201430946
159484696
247892526
145134966
190582841
243716562
159979652
53993335
106518340
247243592
199108804
107469084
195993436
248793577
198867744
195861455
247243596
195859583
54512596
176822188
127591592
195861447
127692473
195859349
21301088
254089571
253097574
161964702
167019479
5079359
262891475
159017056
159733583
201385830
262906070
248805368
159974651
159893278
157277701
195852834
201385974
248796469
201386054
195853750
248764386
157244552
260810305
52346615
262084886
174246442
208432619
190124357
247241465
208432701
263251682
252819234
35131239
52347870
109083898
77516376
201841005
202771648
200749493
201012084
252912100
242180949
154297241
242482827
209320472
217574486
178951731
10226596
77578312
172940374
108312683