199582064
253212192
115972858
199731341
196373994
191693167
253721493
202961021
176144899
252908592
156111621
197907335
189458189
209390373
473823
188039858
227286191
196705156
242719098
216197600
253219927
222680673
144488773
198457796
197806401
21135853
225268007
189371286
197835064
87153481
185652797
230049923
137694572
105614680
222687915
214151874
160514439
252133064
13988181
143003314
19392667
11838843
197512656
61822962
195202555
74277909
45871974
168869571
89208872
70055100
88979638
135517790
112369189
79450768
114646622
188941136
119289563
117574842
25204684
230009417
116564678
473767
147117827
188709678
58961968
217318524
473810
196856613
51989744
126959496
129712868
117274638
107449460
202837380
252584656
51437443
139723500
198202551
116566187
21603221
245764739
131280519
187328949
42351623
79115668
118261600
208076791
192788897
204439526
138385807
14984071
35859787
192677821
225236352
17901493
170331312
216198212
213702211
13558248
130457538
133878961
252819611
244166032
205262782
170333278
143715099
222687902
117271819
117272371
217320054
215983325
77157610
147117821
150868287
137848228
261025124
13296048
242724346
202623359
169737416
141765833
71882663
144488900
3657567
242411421
98083070
63681386
101871977
176507054
95736194
116737602
125967811
247802429
103786432
55475184
170766774
115520720
105614644
163875680
181135105
20959517
101871964
213539439
168726667
129233535
171558307
144505012
217319322
198043340
52753552
190229851
248474716
71882214
216204430
152018769
217274181
197408853
166159636
156178286
214013497
217519875
196894288
148940442
140102865
147117815
189204041
13309929
89209816
200686342
117268017
203898275
110875772
426763
154261481
148077025
99841215
203785258
88977387
141363330
77661747
124477646
217178102
138446705
252162514
133925347
242411423
13859133
12503431
217268273
205072060
147369612
99841748
191092899
89208804
115101918
156177332
217333386
143003326
147431808
139449383
71507414
226155285
186486373
35726269
206715361
192876685
21227640
48841830
131280796
108225792
212324698
242078721
117091837
110876300
52461474
203953883
110876107
147588810
116618940
121221681
546455
198893345
108645216
242411426
253190366
171612669
2209635
253220137
196797638
116200918
473769
29398012
165968909
47227681
14984391
188710732
212285522
225171451
198900178
188104736
474031
546452
96574334
184797749
47227142
76153816
252044548
196068976
88046579
144488994
187329114
473815
226078909
203922828
210145836
243044224
473811
205800920
186292466
147117832
88973339
214589789
186292594
131280504
188710833
198312234
188710511
262065387
116618545
262812081
92017489
125604285
197213089
252496712
1227789
116382946
96588441
225906279
144401930
176660457
262657332
144735045
164539448
71883197
114571960
157978058
191123341
262065388
52256835
13806854
135351337
144870555
115999301
153658517
202064747
205904410
68308720
210761196
222687870
185896949
188708223
206659354
170739230
88966027
59477822
230027617
1544285
11201540
147491573
73102447
225914345
106906694
116382389
133885142
42584863
112367766
141362230
225236144
25205607
157215151
170741321
16178514
100351996
130011926
186740882
110876645
188709839
90605497
221268726
217271351
160514583
110876305
249009518
141364050
216203770
188710534
261024975
1327697
252162493
176219814
188710673
112448206
114428432
213845620
89481833
251931645
143713972
197924685
170747458
160514368
23416677
11387779
205483248
124274312
185976543
121318945
33449839
156177006
125604440
121317323
71883605
110876323
100150630
217276148
125179073
66528962
155691480
3878413
215982260
110876704
212323642
207159898
106539550
13803695
191901305
13334687
217177201
201936853
46611270
261952514
116563034
203898327
184647464
31695095
89207365
188710338
171122874
131280662
114571877
79115728
87627733
125603808
181122063
202645398
1013180
199737824
215983163
185979967
131280682
125603782
106514522
143664409
249498953
106540196
121162045
242090669
209408898
176217532
40723723
262065082
243044222
116350283
255223167
121228774
46695725
168733062
175182962
243058199
174280600
139491032
203958141
155506993
129233601
198030685
243245821
94282919
110876465
205708061
546528
208276042
252792530
251932070
176506258
183328529
242883433
110876148
154181914
251926662
110875443
143001819
196225096
99839382
69323421
131280610
230027733
55816257
177736095
192774376
199632159
144737535
114571992
162590064
214662069
144924415
248947341
151594078
185976540
188710713
186740500
198079096
23409722
186745065
216197583
106514728
131280875
147117812
92383730
187839248
191093010
263020936
473806
59478839
5780729
188710388
252133079
42360000
110875470
89481996
247840059
109427993
125967212
199971876
158631479
197924752
106540695
262426660
164578288
104215182
214662172
252912370
214662247
78957673
247442319
206659422
116382670
252638632
48602218
13423414
214662321
131280899
97044605
175426155
209379655
213702037
132074519
217285636
217764318
104893060
151596746
41084802
217918903
157214824
125967499
147854078
155106980
52257000
140746897
203957982
139441487
198201271
53331777
110876062
77875040
216197798
220682607
1013190
197408643
157200010
156177195
108183750
198224283
216211237
144735478
484257
121223242
79115726
52231526
28731077
206659348
216097634
124478212
3047529
217271644
222687928
22052541
88976941
107005148
241981525
143952561
59464979
196141500
79115717
205904372
156789018
192706198
78555110
110875633
170846015
116564297
168984950
252028041
252216950
77328818
147117822
144402604
81577187
41413304
185006767
179755139
249220306
72458481
25206639
168987470
78957589
216098652
170282484
484240
78983922
111821328
248742082
202793516
125604345
53827232
185976518
110876122
155506986
116203629
12503442
198967507
473807
217320472
303175
200841232
188710079
193484970
217520785
131280789
2092323
1209453
48842885
473813
152058920
252612037
172312911
252859242
208634305
50216450
698321
165968685
85563243
37794968
21337710
217273977
133830835
144505340
473792
96550022
249877706
252857992
154183196
33133995
165760802
133831643
203898000
149099349
84566925
144737003
125967219
110876994
129866907
129449988
131280557
89481835
171796448
216097042
110876186
197417008
226662697
76153814
79115716
185976506
41439914
144268510
176818378
217130931
126694556
474034
131187037
5780723
244164477
48953050
484245
143000186
198435639
214860409
140313534
217489066
186485170
147431803
68548586
110876494
77223266
654113
428147
473770
121603466
192721742
36319113
546527
248648561
122645887
473797
13422756
244303785
96557844
546522
122829024
58961986
473822
197179258
205257326
114571837
106364610
198081120
76153195
546526
82391041
62879897
73866058
82389121
206618500
152784384
11491849
135560518
249033043
105631061
146477790
110876076
473808
122645922
194183687
262674882
546323
484247
519310
2092351
137867587
77876756
79471667
173449595
198962566
252246274
106540128
48006760
253389738
200996126
33452857
188710376
137127100
149408289
193525044
168984727
44108145
41773170
248086215
176553594
13912768
191092995
242204342
96557298
15600962
118259124
43163956
98541436
58961970
205258014
176771452
41882253
21285740
170284293
192721727
217519625
170169717
77875303
187824486
172312936
185991381
147012472
131280539
70051299
252016674
187829537
198319979
72974596
252861798
249220310
188708242
244166187
13334068
77051483
152103221
118259234
193730754
262656942
26601488
164333841
31978183
169270842
29358804
546327
23412854
52127198
143002981
252017057
67499085
546517
160516300
108220044
99841734
198966880
89217230
177431709
143685222
110875509
122829117
108615376
58453162
131280897
51569456
168985398
168985485
23635033
249145937
159728999
146276972
118259714
225907503
242099962
144183702
249145957
206659462
262657025
196515946
195722746
473821
155506994
247295363
14143394
217119085
68305271
50724529
58992624
192951682
96584557
690870
82403081
115547292
21328310
198436048
164491183
212285520
200685432
101265313
112171065
262654648
14983969
217521884
79115713
95569796
110875544
247804591
110876580
262657306
36711159
193485687
198893199
110876288
72579883
207239164
200686211
89179930
70038954
251383968
247718316
133828812
138386562
66580514
82403077
188708168
212482070
144757938
170749460
214867812
169620137
170846523
171558325
205903373
50216538
262657003
244132794
198545907
261952509
263088967
3306889
3047527
52503709
201804490
201791992
140103086
138893184
262976209
262657666
33453499
99841651
173674414
130171865
253286261
194960487
140769427
194183698
473819
115922150
20555532
33388554
121253601
50410265
47225032
163875725
118257560
253319119
78555351
162119668
141663084
124275271
95737382
225912001
198966879
89178831
155506990
132858109
58348965
135096851
26612815
197924846
194478605
79115666
14231937
68668944
201027622
137864988
11345667
131280508
143003307
215545116
118260275
176751045
546454
911498
79115722
20575091
190861973
189476328
161310600
101872292
473803
59225460
156177387
77876458
132883257
225264235
164055103
144184857
155053298
140768712
253179237
185991358
77328966
190339604
140132237
185976520
473809
125595471
160518311
110876199
170283613
162590245
47226379
65368401
85563690
33452060
79471672
170293011
186485264
196947567
110876678
216197296
22244881
9859971
156113073
145681863
144505591
206245839
546519
546345
32946140
255223166
214046645
196560577
96550034
121168118
20959527
121154401
183678380
473804
130456500
150997152
166101808
546518
47217809
171789163
26613915
216178718
198965802
178032761
101872075
73496869
198193323
67515722
216396647
3525757
185976536
110875683
217180008
198962124
22246586
99098421
133563148
225216854
10705994
106364817
225231876
203477108
248976515
185872873
210429656
72186793
102005764
428161
992062
110876525
16174577
207554700
262654660
262653849
205905016
546365
48010797
546425
80960649
546329
26613952
99841523
473794
77223295
212565249
101872508
82391557
546371
23418604
87045479
35860736
99841858
168587489
107005121
546442
83750521
248649048
492701
101872227
77223316
150910547
44108214
192769453
206596644
205964097
13944564
252912076
167457250
909884
192721718
226062985
201648888
105631023
67516396
110875454
216006962
247804720
205046903
149193654
118261004
135407495
546484
203912112
251384023
131280715
110876904
121345425
14143585
110876723
133832614
190862840
546423
992068
546426
546424
96552731
96557375
48011892
120472292
546419
190355343
35860375
141644369
101872294
172906453
654115
10782043
192951676
193640587
205904947
79115669
197065962
44108125
77223300
196936415
104216028
95141852
133160111
144737974
106540174
86284978
189938344
203898570
197515243
146786025
131961190
225923681
139489661
110875506
131280822
131280560
252053195
251384026
70218721
174162723
174172244
226049761
168723321
164055881
206490292
199972847
205565575
198080130
213857781
148851590
2092349
546476
102378536
250073718
32946146
100286039
23628487
546421
50491287
141644558
546369
23412798
25981198
546477
992060
992070
32225162
72606360
225195298
110876167
217179030
137863554
473786
197183122
79115720
44108205
160514402
53921254
160177445
22246947
76677452
20202214
182558514
144489768
199243236
216006956
106906405
252016385
145557421
242093801
140103676
133832694
546521
109434769
106366389
175468387
105630963
32946144
12503418
473768
253319117
992046
546326
168846624
58961994
13334506
204411593
95732327
262659877
262657005
546487
81577185
37152653
546386
992044
546372
107005161
82390025
96552150
546448
546450
192951728
55290006
19347505
492695
198965821
177436594
110876130
198962979
188708534
251926942
44108249
185964207
77223260
44108238
100530909
216396158
72186660
484230
136826184
135725251
72954103
201816906
110342338
106364706
89215948
155506992
89217958
239196298
67514301
546520
145796733
164490954
16420532
133926856
214962217
207555164
165966395
546370
23418844
73301331
84873960
32722885
253319121
32225094
165756683
262656998
262657715
262653911
262659501
148078706
262653835
422661
35450714
82389773
546374
165760815
546516
242411419
113792925
126492
156177747
157833267
252242129
248642981
909283
72860518
48012553
132858781
205566270
133807661
205568791
106539507
127878844
142996163
212285506
118259871
77876891
167149871
92384343
171121272
189942769
225957830
203208906
155507692
171791774
187829560
473789
992064
82389320
95675786
262675036
137553367
262657367
262653876
262659446
262659438
492696
82389714
546478
55681772
546449
82390114
992058
117375619
546422
992054
44108258
137862737
150910347
53257474
202217702
185978315
22245827
22246589
5780727
144737981
205566844
97891000
106539910
97891083
210155087
203922891
136418493
132858611
97890853
132858395
153592616
225932658
226813412
203958984
226978776
132858667
153592713
225221782
141765172
203951191
145563495
173649320
146781126
143000579
143711254
149959691
117091808
97890837
14231962
203912268
77116855
143612618
203912388
249563498
225964756
105619075
133832567
252788958
144492596
37132278
248171375
215545321
215596889
215546997
248957068
248957284
169609007
251384002
251384158
252044455
251928015
251928598
251384191
251384110
252016308
252784510
198081324
146449237
140103616
255427545
52126480
52126505
259321099
131280695
155700057
253390269
253298323
253300138
252548227
189945261
105625537
247435112
2092357
150997852
166398410
252078008
215896143
25198877
113105702
7718037
71677819
72106674
253238642
253189753
247907007
117045851
110875480
546344
216006952
253298129
253298453
253870128
253601043
225913482
546475
2092353
168962680
243005714
198384685
225911197
17903083
110876730
196069422
32946138
110875880
138383331
262975176
262912892
262657021
262657344
262657312
262659834
169381590
25004202
26613173
82390116
105232010
97816393
99839011
79450719
96574230
123442311
35450625
78957669
96585156
33457485
107005459
97817080
97816845
101876194
26613158
48602113
23418637
165762891
71683743
121228511
29359127
226644992
262655030
262657007
262654640
262657393
262659426
262655201
262655040
262655197
262655205
262654668
217489088
262656410
262656415
262657001
262657661
262657373
262656406
262656425
262657318
262657650
262655044
262655189
262655162
74260402
209409514
152550163
31800927
192951753
171652272
202645459
25980701
97816270
99841870
41876855
77051440
78957677
209330740
249220300
152705460
173449778
192951761
202641523
50216949
105231983
77328828
99841848
99841482
96586193
78555384
96574234
76251282
81577044
99841521
76469609
99841211
123442026
50217617
50410371
153837071
105231992
37152573
97817413
172906351
35860371
122829136
96291033
202645352
141663188
132021036
58961984
202645021
198547767
216205440
198965396
110876318
197064218
23626960
55290004
197068642
198893399
197180748
4509991
252243096
172907737
205962906
188376496
182969657
160754149
57147177
52126598
95574419
25730613
48011159
133672532
249563734
144487591
213723162
125967276
205691832
198080300
199235866
171558113
106539942
201648743
200649471
247718274
140103368
73102445
92384720
162590835
242616591
252566631
108517472
144506081
199243632
203275691
214742089
162199431
187838630
187838331
106539170
6498467
203959787
203911337
164538925
55130056
124658543
72562786
72458664
52127038
252592565
262065448
110875377
110875410
251929713
247907276
546338
226711562
187860513
226165815
225926044
108512345
132858811
196199533
122873289
162590812
106539860
252079380
92811406
198078557
206473532
97042873
226137883
73102457
181005024
132859019
203922256
230027635
144757243
204822071
203923002
201296582
73102443
252796690
72106593
248957273
546373
248173432
248170481
248957025
215545093
215545220
215545336
215590520
248944321
187412628
177212722
247731171
148077381
77117017
144505281
160369083
204439103
226833186
243034057
225909659
171558096
203585326
171121603
6498471
201645013
190819454
248066571
252018650
103634864
546339
15234329
546341
546349
253299694
253189700
546346
546456
251928684
253382069
161035738
251384185
252053289
252015607
251931188
252016465
252044313
252018386
251384172
251928972
252044359
214867841
214867959
251384046
252015071
251383986
251384193
254859580
131280736
131280684
89209671
131280586
121367563
248066359
59395522
155506983
204871855
196305180
110875882
110877049
110876603
110875461
110876587
215034627
114687938
192859021
171794494
171794552
48010263
97511270
25005960
76251317
32224989
123442720
88046581
99841603
26613929
99841220
84567177
39360697
101876187
123442032
32224652
74330085
165762122
99841513
66580518
96586369
96554499
92503929
101265315
37152712
32224942
101265448
101265468
101265444
101873828
68544940
97817354
48006642
31517226
50217670
58992611
4338117
37152433
116878167
26613550
99839384
102758585
35860738
99841568
76251459
31518386
33453493
77702632
26615369
97817382
23418797
262674627
262655226
262658968
262655253
262659816
262659452
262659865
262655251
262659813
262657663
262656408
262659867
262657713
262654642
262656398
262659495
262659818
262657701
262659428
262657364
262656391
262656345
262674757
262675044
262655179
262657377
262655073
262656973
209409050
202641853
202641482
202643319
212110910
249347400
169380964
195129628
150905969
171587933
262659341
202641827
152784808
147588639
173674371
147588122
186172387
214662100
214661942
48602288
122645868
165809290
182969667
204413140
55290008
150947689
209334652
263274246
197066224
208274400
197180430
197067608
197065705
198962648
248643046
151642619
122829079
185978195
247730818
59130803
59130805
247907018
114572063
150910374
160177505
5780725
10818624
52126926
36317480
14233195
52126444
42468303
263062601
263062757
263358443
263062895
252079875
53853286
140843940
144492649
203897884
199254072
205691739
252543495
226616538
187839538
125615026
212928015
247718344
147011373
140170364
166398331
247718256
10705704
197505304
95170007
248957120
201648880
154184495
187837855
106540162
92810528
168962653
197514350
225221802
106539726
198080144
252400780
149191485
58272931
146781162
118258694
252784580
110875462
110875438
110875418
198079873
155691506
131280879
131280895
131280827
114572154
131280538
252015732
252054192
251518060
251384132
251384154
252018410
251920402
251384183
252044498
251384030
251384009
251518023
252052847
214868298
178050911
210429730
546332
2092355
2092329
248957219
215548158
174172077
174172128
248956956
225210635
225208155
253298312
158017155
187838395
252682392
215545133
215590166
215596823
215596690
215545919
215546063
198435689
225921949
251531064
108517786
106539734
201648929
77876855
133832124
201308663
247718174
140103665
226343413
74559941
202516652
144490895
106540241
106364718
133828502
247436694
106539917
247730883
198081326
252044415
253300061
144771069
95548671
251926861
252103643
251937306
96311114
104234709
58451834
52296101
51709015
52126781
52130838
73371118
262064119
252015859
150997718
106364707
144483113
225906152
6498463
77876279
131143159
164537287
97043926
2092325
2092333
546480
546388
118263186
16369460
198435625
141805371
110377739
262913643
252868157
262658984
262654664
150947939
34285694
99840329
262657680
262656379
262653829
262655232
262657342
209410090
23635508
37152592
76153199
96554589
105232246
99841664
41876497
97817415
33457203
99841850
41876591
105232248
122522128
101265450
97816658
96290434
120472290
141644371
36318274
204625807
260645029
156178192
248361166
156178248
248294976
137840494
200039810
251231713
253248147
184647292
172906257
173797200
263246470
202229616
217764384
156178029
200794576
125967826
88974369
134279142
91778355
241787191
89178267
184326968
177746810
131342105
210129501
99071645
89204162
241659930
205483203
146270167
205483043
128321345
214656451
201938911
474036
25203916
225209876
225209824
156178509
198481736
46125945
10499639
249684003
200844373
95737878
33387297
192936152
209104391
246770634
200843214
155700012
39360831
253227794
247856645
31519005
225209867
118261133
225209793
202643108
188711430
125967586
198220945
209176873
179952756
39361228
249347415
172215427
130440979
219406629
110875997
173726295
247856652
248947075
156177026
172215425
156177223
247219385
253248608
186741123
253070882
172215423
170745868
120370969
127881518
185006759
191123262
143967136
244883604
21284258
201936944
212234821
108564281
131262612
197924855
197924750
253134222
130415244
249391883
192936159
177747889
158016560
6765069
188711764
184786682
137867637
186634411
156177603
115772059
158017315
16355529
121173017
39360112
198966919
246772142
253629912
253133775
159895359
253227758
225209851
188710663
207210153
156177373
205483217
110875402
156177280
166209
36711257
204302211
141662741
6054767
120777761
206659337
247817827
155691497
87636360
184334472
156177560
202229610
160170129
263062559
212985928
247238530
252859123
170752341
186264558
245773974
121253389
225209838
39360816
39360821
26664985
200844122
96934416
52216778
250747082
156177734
197924713
206294627
246163749
59130817
87636448
156177338
156178216
169452772
199607643
202229614
244984690
159899205
243035037
253247968
134275792
13667507
247199280
42469091
242694363
205822963
21460277
121270997
144208491
200843223
247239250
22670900
249946723
71684495
82390136
205863326
156178011
204302514
143335840
200844374
147588697
206480514
197924706
221240104
110876279
52375148
26603786
200970802
144921532
68662092
202229612
121954145
193619692
29357795
188708883
172215418
24547310
109010789
156178304
221238304
249940320
216204816
165040949
191516866
22672094
83430991
133786436
169721376
131280579
198349841
172215431
109448283
247856663
41095712
118257629
183930405
35450292
146287513
83430126
209402700
207007329
245764826
250747075
253227707
252044225
125967494
36318895
216173848
206716070
198078415
137600147
187839079
192048349
251929862
156177399
198349872
200685458
252162497
188708696
242504971
71692201
176742974
31698227
197669299
217481803
263040749
149771852
160171319
73465204
217287666
24547183
220684427
32224157
83431452
135397508
199631453
110876314
67391824
156178073
220822751
144936809
31519001
191123306
108564666
35860568
137593867
246770357
248913585
141643963
205483096
156177578
158017203
26612846
35860349
155130298
200682465
82389073
217289893
157841909
191092876
197388187
67607420
208906235
68819999
176523006
206481207
118259900
205483280
147343221
58499604
108895584
83430060
108564101
205483264
12503403
26601755
87636450
121954448
31518655
48602361
1084884
208109120
189204049
68692867
205858384
97891072
198435633
205866692
205116743
138245592
242694294
12503327
209379188
50217193
34768146
250020562
183930379
35860105
209379652
204927050
13666991
110877138
84873975
35860280
42470994
35449944
262674978
35860754
216178733
173450190
249114763
24905838
135465253
168194536
248723564
110875436
105137519
125967294
207239790
11654185
124040750
48602382
26614131
82391126
48602089
183112634
209409513
262659807
29881955
198963453
172190991
133450758
11654173
247238720
87636154
48119751
35860721
10686240
140102921
188710985
118258425
11654171
245256522
247933152
198395008
176523000
66232174
31518661
82389156
48602355
58961980
198893082
97891066
154184491
84177121
65378804
84324231
188710514
181000078
143967090
167151378
143003024
56523694
252790322
248731708
31993509
252018399
65390367
118260801
156113075
131280707
155700024
164576460
218736185
216173198
249040569
170736592
239196252
110876683
32946148
262975016
241787083
88046506
76153784
68305175
35860719
33454787
33454791
262660138
116966242
262658988
217387521
31519008
4338095
35860861
107005154
35450854
65394166
188711608
110876158
29830749
262806789
263179638
205962744
205962595
205962082
263388816
188710708
84325578
203586086
170443569
183520940
134652582
245767263
252877431
252877454
52216768
225968351
83430549
134652141
207360552
199248162
205572863
153593449
107350870
219170468
251929797
251384166
251926228
200684473
131280800
170443537
252053992
23416310
263061938
263105106
78555714
32224353
31519014
99839879
99841192
99839322
99841866
72051031
141644417
87045363
78555204
87045361
99839394
33455596
202644059
262674236
262656967
262656381
25206112
78553858
42470653
33456149
217387354
4486833
150929744
150947378
198892779
193486362
198493751
88046637
242812184
120777522
144735139
97890877
200685012
97890813
173726257
147975897
117656511
56095970
255427506
258274217
115099202
68570551
160175074
131280568
160169470
252017392
214867703
214868204
251928134
252054212
218736186
248723671
248723213
25208028
108563886
84326571
54484238
140934762
213721647
202635367
11654179
103539944
78555771
25005411
35860083
25206143
99839396
55290090
26604070
78555740
23636099
99841860
87636436
36316943
42471025
42470651
78555674
25005261
35859776
108923105
150930161
68494239
183112241
204302213
208632590
173450181
147343205
147588658
147588589
165756679
217387479
250722639
209379644
185751227
208276990
65394192
198892816
263396720
203959084
97890777
225215451
147607830
252054222
252016894
252018357
68570525
155699134
160170801
252792423
187837146
132859109
65372227
252877430
243299970
32720995
225215078
202447731
156177404
52213811
263104956
214606687
262656385
262656383
262674406
262658992
262659001
215174777
26613399
26613487
99841767
35451570
99841199
34768148
72051037
25002755
99842066
35860927
50724299
26602085
35860713
249347417
185654368
249093425
63677167
99842059
99841808
262656387
262656954
35860097
42470655
195573735
252062373
29879788
208275114
211944745
135283465
263383955
210884341
214153912
160753677
188710582
24547157
24645834
176584584
176583126
263358625
133928423
252789619
97891013
56522375
203009357
65368642
198080411
260920556
251929881
251929017
251929908
251926505
252044343
251929000
252018262
251926328
252052910
243299964
252877497
147974789
255427471
131280650
131280843
252787333
198079965
84176745
203404758
215983370
189204015
37132857
205483068
118260875
245192824
262943871
263062492
263062356
33455588
25006249
99841197
217387503
198395010
214798592
34768144
48602343
195573788
262674591
35860765
262674944
9848804
183930381
185654374
253319113
31518659
25005329
23416792
72050950
99841789
188099416
34768132
32224351
26613628
99839388
159955755
197180132
197179283
110876329
197068459
21010866
24547177
179749392
195664753
249051434
73497723
201942455
75600977
148048540
68773611
68693234
106539847
205945167
203393128
110875426
251929048
252053111
252044522
251929072
91665549
252024042
205944717
192691373
118260432
160175190
180583440
110875580
262780532
262975162
214488082
194183667
248789447
31700820
253319115
99841785
25005931
262659003
33455637
52126757
262675056
52126376
25005287
25002880
25002717
99841222
4338103
96934424
202641481
202643779
248789449
99841765
41876938
73669328
47999336
4338099
25005527
25206141
99841218
23417959
33455594
65368380
206659436
251520429
197066875
193485232
197180361
200685021
251517919
205961669
248642980
251754972
127957125
243139326
120778268
248741920
263263339
248607480
252012513
209475784
209390323
202176837
217387340
73766992
215185960
204900510
250643073
252882083
137734778
58491835
252881814
21012340
60145696
68984865
182551210
187868307
207759745
193484502
79115710
208109233
198481416
170751697
201027870
262657033
252276411
193482186
79115707
107353829
24547185
210761207
60151427
156177114
24545529
89178350
262656996
197067763
262657029
97890801
24545323
89178317
245764798
198967392
146272235
79115684
215118677
262656948
62878948
215293775
166543154
204897649
245764777
253366655
97891035
198964077
252015853
262656983
245764706
50248136
260107778
59321258
87045351
203765031
104027979
252942313
25002819
252882039
85561356
186579685
165767004
185968266
59358478
252942179
49098079
105153435
200866511
68984861
215944630
202222617
197388178
210942056
220684169
133916052
83431498
218750257
35859923
195994152
216395792
193770541
73385290
59357481
204765491
222723836
97890999
253040996
113930065
197067925
199242989
97890821
97891034
214868224
214868022
219149375
179753742
206131581
262975338
179776469
179754957
250020564
87045347
165762168
201648855
141765035
173711622
82389490
262674530
179757418
97890829
97890768
207044611
183719435
208601130
135615512
31517993
31518017
41876942
262674524
250020566
24545409
195994150
173449682
24545398
22433479
65394164
252044304
251929812
182850997
73525398
230063571
73832115
73766673
208634896
217387322
35859925
7955456
252882013
94426891
139230799
22552755
252054216
222723870
262674792
262656971
208634898
250722641
210137132
197687776
174527554
200682997
167467342
164420700
179367828
97890808
56516869
252053264
252018376
251928848
251928310
252018418
251927924
77093597
97890805
83430724
262674543
9951215
262674936
171621732
24546109
207759763
133775501
191901314
195861666
198481612
190641508
179216532
7953402
195837458
252913678
207924241
193263996
97890956
149913654
146275435
146274253
88969236
197379731
10919593
97890947
249348768
263040934
97891014
88037908
161310338
245328853
56093778
56097518
88038882
56098181
88038411
215101662
56098733
195858805
56098550
56099025
249953290
160652188
56098335
97890968
97890832
97890971
97890807
88037917
139226054
56093080
7955070
192246061
213949580
56098080
262934604
97891037
97890785
88037819
97890881
147411474
179757842
262915078
262914693
253069974
10108409
117274248
207759761
117273142
192886758
21018580
161310430
250722615
179772501
248753017
97891041
77248825
97891050
97890844
92847928
97890830
97890861
97890826
97891021
97890885
250722617
97891068
97891005
252726522
92099398
97891007
97890782
97890865
92859769
97890834
205831585
97890955
50216549
213740203
199681855
97890841
97890988
92858648
250722650
92818445
92834194
194489893
242432589
97890800
239469144
97890775
55477998
252041477
97890953
196141677
65592306
13673458
110876522
97891087
97890798
97891024
196095748
197105195
97891077
97890809
24081000
195339303
250722627
247219483
202332110
32576043
173186943
97890995
35416869
230062774
202712986
97890960
97891056
97891001
198364512
214921596
250722637
167433058
247859423
212014519
257847943
251575773
252601451
97890957
97890981
97891042
97890967
61931023
212035223
195772235
211956666
174220923
97891018
214819905
200740664
213684168
187058500
23416641
97890787
214580212
97891020
97890996
97890849
97891048
7616391
97891923
141642176
171278778
21018548
21018574
202595896
21018563
21018546
97890983
203293765
97891043
21018552
21018560
198964055
21018569
21018550
21018540
97890993
21018566
21018565
21018555
21018613
21018543
21018610
198364910
21018557
97891030
97890842
97890913
198447779
58401027
53411048
97891031
250722633
97890857
97890972
20710990
59366566
97890779
97890961
97891029
97891006
97891052
98735207
209177919
173752892
59244892
97890856
258496321
97890772
202642343
249577101
202641544
97890906
173761111
173764386
201686886