560521
14619495
556080
337422
887410
490390
516853
879114
40033735
313918
880946
517028
490354
887436
488268
526330
448984
556874
195697003
712038
530842
520169
517033
879120
710350
260644089
4466241
490388
708661
55286949
141821453
203422631
2460977
198568589
22866275
1748595
44860348
646802
710300
517936
42660055
564547
442339
59288022
517963
214768244
552343
517934
566555
191814974
1748629
144885105
2460975
191816586
517984
197687583
546226
520366
516313
191780647
109681684
141819249
517988
710313
559878
517940
2460971
316824
566244
566800
76152515
196198043
141819547
25205979
263246279
45462238
263255719
262860837
209389667
109593830
263256016