262822166
7569931
74237584
462953
3849427
3854849
1586265
71944671
2182041
587055
9416785
3854823
1616563
587041
1586271
174134837
490375
56209049
2208381
1586239
65111185
1651791
2499511
2533403
56110607
58029881
252131099
1586263
448987
56106515
2499795
174134468
2499691
71308117
3854961
2259009
63852754
63675586
57758704
74534973
2208277
7569919
2259015
3768783
2208209
490260
56100140
517528
2208491
489903
3819181
2183693
194134465
11896951
646806
57703128
490030
587139
63820580
3768875
2096761
70774404
489782
74244130
57785540
489795
2097101
10685544
2208669
57856126
1616535
523697
324920
489849
128712793
10231885
1586253
57706445
1616543
57708822
6349737
47101429
174130336
1616537
3768781
3768869
58029263
7443097
2258983
58032417
57701722
57704488
57702345
5149155
7851523
57807832
74535977
135561367
58031808
71669218
70784637
1616545
48553864
2502963
2613077
3745655
235883145
2181959
2258987
57758410
1586241
2258973
111183776
72088890
170139326
262874265
262068353
2502965
2181949
3854881
57869727
70853664
57696776
72081900
63889147
58035909
2259003
7182869
21056709
2181961
262068284
2290841
2613073
128713550
524046
2258971
70784144
57708218
57701808
10053799
2208865
71043347
57702747
70857832
57698442
46819024
7851637
10229455
71567837
7443235
72082746
57707415
56198325
2096783
2181963
3770073
128724694
2258967
57814850
74254964
57703775
5148367
109856136
57791429
57758769
2530061
57703458
10233996
57702016
2181955
3576541
1384831
2182049
7569927