39376712
47142035
47142037
46755107
2697001
53559559
185909438
248789800
212213037
185909861
2812299
47142043
112350152
247299950
127031629
73112418
50442812
3233287
77156850
34554026
46755109
73113831
24791923
39307375
79606979
57705138
88000564
34263992
3283535
51037983
51037981
483818
3078021
57516957
262427093
506420
248790601
48629543
57516992
87573265
87573769
41067266
63924623
45347827
2207739
32753240
208445196
10372926
39307792
32589945
70851279
46107054
21309201
262803093
5835173
37793927
41066053
29175024
58939979
36994822
405737
262803330
199038430
16226242
248117452
46823840
4642785
10374185
67966612
253626971
84458049
88000558
203958083
212261068
33359073
39308019
212260849
22978781
1256497
137752617
40938767
73114097
247796449
248915788
25914368
173556088
25362767
136596059
251585413
76117851
84458047
36723955
46837060
2696999
173617456
25733763
2009399
2009397
57917875
176723787
2057049
184226422
247656299
88000562
2696997
468060
32753216
46823838
76048445
41068354
3308349
44156285
26666140
57871579
1313985
73855009
51064398
84458043
40752453
42686980
584201
4642797
73114024
41068352
68544749
138183015
57871581
66580072
56696848
24195173
35219928
11228282
54036360
21189501
14983744
2697009
247936766
84484602
35785868
50490723
40752448
32751299
146272006
34471326
20703811
247936770
216388076
88043382
506319
137261730
4642799
38611872
19939973
247936738
396636
506335
204437467
187197978
248113478
205161084
235852751
168660451
253293588
73856383
205161960
41071096
55060233
66579933
262803182
84458051
32100388
169330569
199738309
39324045
483896
1709271
205161868
1256495
248936326
14025773
72851567
197970484
77035588
253626862
46332520
253468323
51037979
67624671
185909456
24390437
56697259
48629555
48629539
76048439
3308279
558991
44618909
249092733
29354861
434228
172206432
249092605
249150125
41069736
173185536
54734173
137428815
493935
483821
202008004
37977092
21219333
253293590
24164620
7050773
21309195
173070924
32753209
242793557
6932267
19349128
4642791
50322255
4642789
39308461
4642793
14044909
22978477
163739509
19718930
175087242
73855005
255255873
244167369
252080220
92551597
200727340
175440605
3308329
66579997
7378485
199946376
247796547
50322681
262385847
82386943
210134582
4642795
32588523
19992329
29610887
1315561
94951472
29610891
25362753
214584800
187189234
21309191
178831523
1478897
549173
1677925
26517375
723685
140954292
51037985
262903731
262792262
199738860
242707574
53639899
187190665
24692565
29352867
48629549
63924630
969194
51267038
253444094
190660744
42242012
169330280
205162338
263103197
606623
37975733
66649757
2009401
14983736
207293869
21309189
199739703
137425085
19297959
35445506
48629545
97539220
58936394
25930441
247796360
461431
169404283
176652211
50685593
172844633
19919068
21309211
36337029
20823326
180922784
41320167
32753213
4704897
19991848
24692575
192949269
205161491
506328
204317924
443948
198208149
37972367
23432013
52413628
127591483
1068358
24390416
46623438
247655973
11228284
48982876
8149278
10005261
32053068
175087379
35675337
19913633
41320172
40938765
27731410
26666096
76048443
115254496
32591212
82499694
21309204
86789304
127692147
19916732
93297645
20270851
50215587
27731384
605468
14325196
646405
26666094
205162101
86866933
475681
3233337
247936757
396665
530129
29349092
555454
43341561
606711
33358007
247843242
32100386
200727490
16377753
77154515
7050765
20824157
195656039
84458045
262852739
191506228
32638454
37970494
24594504
205081417
205121845
169400525
459737
242276319
137417345
92552191
58936346
262046460
1387623
64704124
199685187
205695345
56697265
84950564
172829016
169401095
2633385
173189629
72018757
1315585
10077495
50430562
58751177
195840889
7378481
506853
262662808
205811055
195656061
195302762
7050761
34471316
72772676
177860441
3717517
507184
195301355
69026016
202782996
25930002
20463829
25553709
153466380
52788265
19993384
14176194
187190861
160920562
45014623
7050769
112442106
479980
262687775
205161358
21290094
477461
32591199
41556460
199738108
41551167
22648687
50481472
2386467
31263766
25553717
249200679
14166571
24390380
205973443
247796275
16169530
52665733
10639976
207565738
206488498
26519120
167614158
506322
3157653
41372573
35611898
396673
195656052
21309185
247658100
72478056
32590890
21309227
242791392
26359299
195841033
247796599
48978972
506378
72298947
1217919
443774
24164602
27731394
100383090
39371275
19991766
197854048
50481468
34748828
187190721
199944971
42846439
709080
607271
175438813
33337599
16145330
401728
146274511
46645684
55284153
605479
10209766
48980231
572533
195283649
14032712
19918603
19991874
217511127
3619425
136595863
10572611
580436
444553
42843064
527599
36710043
205818372
25001864
25960879
84484811
207291612
453416
52659273
34825114
187183378
187186862
187200201
15269213
32219329
569277
252870746
19911241
32424712
557319
92551424
152457914
52506077
53988482
248946985
605451
19992297
19991796
204429288
207491329
36257621
551472
15268962
45014523
198123510
167614229
181922797
187616698
7610134
173189618
686440
258215824
19991764
3318059
506506
247796625
199739329
205040349
396646
137482085
58709838
252080260
252078494
195651512
252078653
177887240
252078268
248935248
187188374
191818266
1387575
19297949
92551815
263196816
263196840
207280861
263030327
180879328
262899569
247843126
3157677
1217915
35445709
10576704
7610138
21309207
50481474
33360938
167614013
26315911
263104101
212265241
178831519
198889504
144637619
177515461
263088592
21843740
141808786
252079387
252077970
252078394
127692109
105633575
252079100
177886805
177887260
195651509
109109595
243245239
187201381
187186189
260933214
195301367
195301442
223944753
223942137
2130769
1677927
127032836
263208240
263103183
42684009
56697267
241022084
262792271
262792264
167615038
252040913
177860437
19939793
262803267
262792277
200976619
27731362
212581643
26598924
21306741
20466482
27732131
36258142
27731406
25409857
42240319
19939383
26666131
26210679
21309193
21309181
21291204
25553691
29610897
41933489
212214035
14025771
22531898
6472525
3576465
167610859
178831599
263335637
263335022
263335528
127692396
262662794
212324128
3717515
35221368
21309215
31596447
26666125
206334908
206334218
137432347
206334904
212323775
137415242
187183582
41016499
252079079
252079239
3637559
252078135
248936085
177887194
252636254
252080197
34749118
248585297
7866389
195841031
54422977
10782657
24593263
127032669
262803207
207933180
244173635
29610893
32590105
26315913
26666110
182131386
263335310
263335424
263241988
8872897
24593572
137260178
262662812
26666187
262792319
199618339
196488053
95249987
262662800
263335450
11238751
214189152
35789118
195302863
187183442
202529315
127032064
252078637
195841055
252078182
252079550
127032905
252079235
249093442
38609254
195656013
263193750
262903755
1677923
40848562
262792258
21610396
55282270
21309221
26845902
53607626
49011258
21309199
25930446
26087021
92552206
92552154
167615407
70668076
212214631
58721996
1465511
155771504
177860466
6303315
146990474
205695351
137129352
263291913
178831589
162352417
263110127
262662806
263369972
37888833
263334739
42843151
187185818
72606223
195841058
248939151
252079694
195840850
109109673
262636257
51033767
223943014
48979187
72099012
27731404
217535311
242872502
262454243
39839286
263099876
247831266
247936753
247936774
76696488
50246113
91544417
50490557
9688952
90671385
199915322
205289534
26845950
146988913
25362958
26845970
39334474
20267373
173189554
200727214
1617493
212214590
92552172
181170840
247921848
127591350
26666142
263243567
180874890
191506222
205695347
181256759
202179736
262662791
137131217
34554032
136587095
403855
137133585
138327449
142339663
216462132
202529554
202529543
195840893
39324638
76125997
252079264
252079289
252078371
252078698
26246556
92551981
252079923
252079933
195840895
201385787
252079322
195301450
195841025
206206021
263020982
229803831
15489923
204416921
8869629
4071161
65588311
257835547
21309229
247838127
61997519
247831234
252870740
25928089
167615528
180957700
35675375
15484758
15784378
36258671
26666184
21309179
180887460
242790120
212264116
1617487
212213853
262758611
127692330
262687082
207660687
396653
180584932
153890889
181922754
263088603
263088601
199619098
199602083
19991820
137415164
212961232
136482492