262391569
165659884
145499928
252176840
190859611
247945733
12724454
178299347
12436091
251547443
253038320
262807904
247930126
180723973
255474426
253671403
254416156
241756136
184059337
253317213
84885886
179575396
247930937
209382032
185594367
200819047
49368591
250056201
100958797
102564993
254086220
147272465
262656232
262466132
100974415
187011298
198482871
191139531
187011325
200727301
211927136
253629099
200726844
247858864
211312660
245774277
164077274
261113159
253721721
254411384
146110430
1932359
207852942
215296744
207852922
200727328
200726791
74983565
257845226
34271429
210427360
249464698
113687758
247929974
96545600
195202274
247776959
260830354
257865692
249577879
206483312
254411090
261823503
190565023
195202600
205246569
176051200
262725987
243037286
250006649
248788403
200727441
247830042
247807057
192459167
253721588
191807981
102600674
169916733
262654568
171244033
201842939
196021697
262790977
257770393
261815105
184068339
141980709
215911594
242618415
184437913
101301496
184067619
127032334
191412285
249055935
787110
190608444
252600468
202009761
184070009
207971062
216216777
200679323
175087093
253265750
175087036
252850171
250578929
92901040
595629
249885023
251116167
187011135
197644031
503004
142419237
257865862
176050631
84553758
164409961
777519
58605293
129573713
192459016
207970954
190608360
203084414
158851769
254095377
200726908
253081678
249425428
262637839
196472725
261823779
623847
217327251
7643180
603773
187011329
173464516
257846477
253705308
43875123
257845378
200819374
259542667
262749377
163579824
254089174
184058741
12724452
141980624
262790807
253468230
205926556
199007194
257552957
200725363
257844071
137131100
43872676
253689526
197637800
214578901
205811057
257768237
248059580
251125766
257831272
175422103
255175252
247321137
94086187
217440701
192477198
205926751
777525
207281046
248982658
177653747
72750890
80446963
193910778
255299871
247817493
186655086
56748745
254093199
262870889
201842771
247931297
252571332
1007139
247283708
34650200
253104795
257865748
261054650
257770199
188471155
214841668
30166796
253617829
259567978
221287324
172938620
260407283
56720000
197153811
251464503
77013458
200726663
200727603
247933021
257768064
195646212
184124064
595801
131218836
210732853
260442990
261809578
262429909
203084252
191808107
252383785
248523213
257537532
30166705
252060702
202334108
206688064
215914448
245774395
595939
142048568
255612031
164899719
261006050
253611189
250454463
262790817
457993
119257103
181255502
261809504
80436689
203084110
594986
214664883
263104936
102440486
153837027
186277486
253401488
164478371
191410889
595625
208129076
244303345
698746
253366840
242616386
203084200
698739
251734159
216742193
262663458
262024167
196559397
242657649
207280939
185334443
260451189
217500659
250447312
262749672
181255311
190608442
251392951
207970965
248886549
191807972
262807466
192459143
262465911
56720023
155022097
181783013
212117339
207280961
257844872
261799033
191349921
260845061
191402089
249258048
203084042
594712
177286645
210732849
262654842
172938921
208128769
190608467
187011568
250465285
190608422
262807474
190608294
262019144
248834857
1661983
36587401
254085227
200726936
200726776
193910772
190608323
217095804
647902
200727382
248801714
225194789
220740925
241685888
201914320
12724461
262473156
137260791
176845379
252106716
200727525
196021803
203084266
257758852
252079706
143526204
200727412
196021831
173383046
183702786
200727429
200726834
192459111
200726684
260836531
190860416
209324210
245774416
36587465
813952
222655547
249143464
457565
251734207
262915471
202333706
262522252
248182509
262899655
262790784
206376900
214651853
164340399
249414049
56750666
172445090
184904862
245774291
200726836
255074949
248834157
200817522
189194615
252893531
252765179
200726501
254410568
241732207
595739
253148534
253712708
249884279
616622
258403849
173631031
262725782
216246983
262458162
262822420
184082105
242717076
217124758
254090351
262871283
262884286
177165984
249891733
56719972
172445636
597912
253311931
217124824
260406739
245774389
241683952
587556
597954
177169340
200726649
260925684
263046832
255076123
117255153
203084160
212324588
197654726
263046022
203084190
262655114
262871163
247778644
262466333
202334095
263046243
181990455
138180902
174496744
200727644
262871064
178032279
252125794
212489593
191807976
603831
214581887
192155051
248799075
217497171
260928411
595714
249390334
248293756
254416146
595879
252159393
200727470
260928899
203084146
262663279
247275254
257844459
249034853
253148084
249532886
249091710
247275048
253290968
262570373
253059700
78945149
200727372
253184011
261823917
257925312
257834029
184112172
242657851
137502699
257866146
193910709
201843630
200727284
262569980
260845120
253213207
200726858
251734301
248799633
250213277
253326728
253062771
97121087
635061
262473074
258928641
244299300
181782882
245774397
200727433
196021849
253160936
257916561
190608335
216299337
92904969
30166143
594684
635052
262681046
206334867
625641
30166715
207281014
262656492
248522715
533376
191807971
193910686
165223029
262423564
221273471
262464330
111200843
261802804
190608478
154157943
262747868
212326819
36587473
206474149
138342129
253169233
262725391
262663565
262654217
200727541
245774345
187011521
200727653
200727192
203084458
193910738
262464522
261813008
262465023
195885743
216748584
191914844
608484
262434074
262452240
217500438
197210209
261974422
595271
597556
594917
36588278
595590
30166679
644408
252912216
254496946
252415127
253036647
260407144
213868339
200726598
262884169
200727476
190608500
203084273
638295
196338113
165346462
261823335
217103039
113773652
158851762
249891581
196338355
261808047
193395199
196555144
595611
594942
596178
195685848
197673896
252079366
252079675
252079797
252571420
259566579
253211678
252725323
207281070
222683677
253201197
195505502
252658513
262465411
262790925
188725395
190608320
216299386
597665
197670337
200727317
252078737
138183983
252631893
191808148
190608502
207281058
638288
191808103
242658227
124886438
248655588
201123124
30166838
201115019
248492824
208273245
235905985
202329531
257767900
191807969
30166689
253690791
252162321
257773334
154157912
595128
595791
595845
30166661
262767646
176845283
253543026
44048380
249204069
249093430
249273719
176056391
252605355
252179495
259511683
252649018
252672579
254078248
255412092
259512151
258407783
257758405
117099677
252638655
257861451
253284556
261038007
251395676
255516954
254077590
254087061
254092524
257291126
253689590
253689783
253708495
255175614
255410045
251256984
202529572
259566763
260406255
262902165
257770603
263114705
263117644
200727409
200727254
254117771
262729481
173865958
112058499
253104721
217464360
262899644
260831699
165223874
200726620
191808161
187011320
191808155
200727557
200726846
200727543
262871445
200727642
200727060
200726862
190608353
200727224
178032257
178032281
189194457
260941958
200726889
260222718
200726964
207251183
260832460
249890832
200725350
49011573
165206745
195916151
263104068
182732530
261974413
164076812
215160578
262085079
261974420
209871117
252080343
251734203
251540029
195541208
202242298
189182756
252079865
253175895
253149884
253403120
263045377
247778576
249035175
249937809
252635983
147352618
249938328
253689868
254113611
254080116
260827890
257846756
255422366
257759248
257866251
253281818
254090037
249568045
249568123
247661729
251257689
251575457
183218643
248723614
248799339
209399657
252183635
252685883
251257797
199039069
253630321
253720361
253713091
253712356
254114197
254091476
261801823
261803596
258393397
255298729
217124690
259535036
257759278
254094302
259515541
260115385
200817739
262692503
262745725
127033180
202475527
253290928
253100813
260406461
252098414
260830151
253616851
208495826
263104416
263046483
217443037
164434580
165660561
200726926
200727028
200727655
200726946
262898600
262570332
34493938
262569886
191808105
200727274
191807986
95893175
248523166
248523164
262655979
261970457
262655317
261815312
203084226
193910789
200726643
191807962
191807965
203084298
216299225
156679293
161978408
253397081
200726910
262898434
195912481
262725841
262570256
172796875
172363306
258402411
202010164
214189139
262807532
200727439
205809738
252078190
196152597
253264756
249941335
252276088
247661488
249205367
248235580
209301760
127591509
257538125
253493101
254086787
257442394
257843946
257866556
255410242
257846898
111005177
131246718
252581034
252875879
249937815
252672561
184082283
247817283
247817259
252635912
259535968
257779462
255427321
253212438
177290742
252571284
261840134
261072257
30166784
262688343
262744710
248936221
260406280
248722590
248838091
182300694
253656638
260845028
257844202
263119233
263046359
181990889
261809701
262654840
200727168
181782979
181782995
178032245
638301
248539058
193910841
247785966
174827263
178032265
200727496
262870742
262871427
174830351
200727279
200727651
260237726
253107695
191807989
192458951
196515706
200727480
241682864
161979825
197862367
191808097
195909376
201842799
262782411
253102485
217102680
204431718
261801968
249890131
217443151
137444795
127692522
199952335
191808095
263104787
200727299
200726986
230041717
168469929
253150071
251734381
252079818
197851362
249938148
252679687
206676973
249889994
248799909
253627450
253685150
253700546
254077882
254093672
254036937
261799000
261801340
253665626
257291234
255427736
257771746
261037593
261056625
216006645
261799488
252679878
255480497
251546298
248231002
248799658
261027658
257381322
252402052
262667328
262689543
253043748
253147189
253036640
254093355
253709454
260451180
261037161
263046925
263045429
178032249
191808139
256000137
262790864
202333791
196154767
200726847
245774399
197657208
262725419
191808169
200726612
191808113
217535305
174830343
198520896
260942285
254089564
195194374
217442321
263046062
34494478
245774298
200726602
198869819
187011274
200726614
247889208
30166695
201122966
172800677
249883902
90735524
254410800
253396712
197862476
242656550
249390297
202009499
12724464
190608458
263206678
594778
262453428
263046151
205807502
253211441
252079348
251540061
252078690
252079268
251734188
252078948
252078664
252079213
137441211
172437129
178944418
137432627
153470097
198028879
196152839
137504531
205707497
249891132
252649211
254078382
254089180
249938276
249938152
252183385
247950378
247830375
248798828
209399761
252858895
260845094
261800493
260115394
201385747
252858738
106901130
258379548
257846473
257847034
253679230
253629601
261815356
248983148
255656659
183481766
257772109
257787107
262734710
203084436
253713218
253486804
200727537
263104564
263045902
263048192
263046770
200726645
193910717
193910731
193910740
200727035
262899466
196338082
260926448
208306352
197827512
197852366
262790766
191807961
190608416
191808008
187011543
191807975
191807967
190608460
193910838
200726860
193910800
200727392
200726828
207970972
192459050
200727234
200727364
253103566
248522926
195647453
197656597
248492288
259542334
217102596
216397989
249889911
172939553
241684912
254095043
249884110
253396035
170124792
195948828
30166123
249824655
262782433
262782425
263046582
247376542
261974417
187289856
262748749
262797269
262899649
262767282
214189431
249035210
262790955
206335370
252078924
253629970
191808081
206675292
251544632
201113529
251447706
106907200
253344482
252680847
209399653
30166105
261819592
261037978
261802000
255478311
258379307
257290713
255638365
257757914
255611703
257759619
253432390
257758871
253517058
254080664
254090085
260967975
260925575
255371297
259535841
261815203
249890264
249938918
249937899
252632151
257767716
262909717
200726819
200726780
193910768
262570363
200726921
200727566
200726793
262663500
164583209
190608314
190608342
197851360
253160991
253160996
190608302
89008375
253161477
106893163
163726579
164077116
216299318
249885297
249891225
252060841
214665967
205391171
190608484
262758416
189941129
253197542
254410960
198091324
257845331
172482625
253689838
172482384
200727326
202529502
127031562
250720771
253212227
253148351
248723336
260818564
247323061
262676128
253483082
262782427
260795272
190608452
183477795
263048029
207970953
26292897
262899488
200726640
36587481
200727342
182465745
200726870
252078399
137256782
253253404
195740339
252138064
252079906
253253481
263047541
137256699