68774264
48980474
51711216
8149202
198455188
217696341
32993351
52788686
245787193
217696337
253183243
1496065
245787201
48035309
253396846
4484169
1374357
6907027
182541454
245787175
245787171
1667501
441311
140045033
207475550
170870062
207475554
198692448
491759
1374361
13383458
215548530
235728507
8149204
207281234
255480972
99019035
245787160
245787185
852930
852932
253043592
245787165
102440084
51285052
245787179
170870027
252632302
30764432
76286244
141237963
17960426
847682
42873174
178957815
191923856
121624988
245787199
121625062
207565701
257846569
22445534
245787173
245787197
915316
493073
556801
245787183
2906043
189177222
3955775
682020
252024894
205973482
1374359
163034289
248650685
64314252
208560322
37412137
64319839
20286470
64319414
247264627
253396848
598727
7338419
125430602
2907163
192452445
163167096
31206007
170466591
46773009
1220923
125430694
174295304
62312695
259310970
48729745
245787157
243097258
2906045
245787176
245787195
245787169
125432046
979122
45823621
859151
206944813
207778223
263049091
13780744
203954325
31516156
262679554
165789538
208560323
1647131
31516081
1647129
197614960
216870810
73980290
209604552
246070195
198363726
249664599
146270262
1667495
261969901
1816785
116566859
13780740
207475548
196480324
2906047
243096840
213936309
244168498
243097289
248132342
17592094
12528800
208408669
25092924
197464863
135424101
253160985
207778724
146362975
193564802
839921
579839
242076199
252011560
58708704
58046252
17592089
197628067
43662465
81576301
207852951
197464869
55203681
51285083
241961835
129019773
5569107
17960418
41265462
655096
248362130
213936317
252080211
141212490
1582111
198192458
242076192
197629016
217778271
1667493
197628901
197628427
217385287
6776037
979014
164092120
58709467
1816783
197633923
187815760
164092284
655384
164092399
655323
68082677
146270369
207852926
250334800
6279319
207852955
198458486
262570216
20087685
108882504
72799921
29175018
531658
207281198
262789875
207341030
564643
207281212
249825622
87630877
136014222
72161137
6279195
212992634
3047999
261965017
248650695
47469956
198245805
127212819
61774264
46759445
1582119
208271114
241959806
250068965
960605
260110480
491760
197687409
55422211
222627359
200725212
11654447
207281394
8149222
164092259
252079681
26516884
253267121
540946
252040720
339812
252011571
37151548
1582121
208271116
249348698
208271102
209906192
68084124
171545029
82844947
209604547
135423985
655113
248650678
197464859
970550
213936227
197464921
598718
559167
171544779
209604747
47438241
197652296
124893203
252079811
22119736
207933256
471770
191606890
555949
6279031
655008
262512109
531650
213936440
26425245
249575106
493066
258820441
106362142
217385294
213936331
243097226
37151223
163477204
655233
532929
261952321
249938221
247061129
253267125
195961469
246072845
262030934
262030928
51285099
213936486
61473836
63047386
61776157
25001691
39358285
48730392
168900766
61924094
136014133
29175039
263104643
146226458
260803561
215737191
263048832
114945792
197719868
199999690
137243569
179513145
247275559
253089064
246070171
263105148
17960424
242076113
213936350
260811043
262699557
208917266
61575732
190539156
207563335
22367359
263389178
17960420
194135072
194141594
205506626
216213557
246062308
146226472
207933254
10124670
252062334
165212813
197464919
164092226
215737189
244332311
205893032
207933223
207841124
207281236
213936325
163021112
191808135
161947203
249348746
262758708
209604588
216285813
252078708
205892270
205893059
205892630
247061112
253267123
217123569
143970397
260110478
249664602
260110482
262030930
197512685
24999417
247887689
247556745
62293970
213936442
65105804
208634817
209298886
189688693
197628379
208068816
460434
248132337
248132340
253267127
35865973
2652449
213936354
187011470
208739253
16085838
207281192
109765265
242076102
170466579
171651739
87631907
215296870
260110484
252942468
262030932
252078719
135552451
208122302
58393057
183539215
847470
52199569
572546
200795302
50322468
10619461
253113405
114567263
66640896
253396853
199177637
214598375
213860880
105791596
191267960
72751113
19588948
205749384
208565584
253150605
207035103
257769856
101904819
198295574
206240811
261965154
249876845
253136307
88941674
20013862
16309369
44806225
67041231
247655838
192333880
251981492
250739471
247330247
249217676
7278079
566057
8287412
15254570
196554739
3793707
67041228
217648288
251393364
46654142
252044597
16309049
253554434
80417220
216090625
251996876
57326339
178240506
87218453
255480969
33733891
242161223
30792964
58296185
252084064
75540619
211924784
468931
184517066
214192867
208739264
74983596
7376307
686978
5807897
51252264
117374763
3017921
11287489
253234283
173631008
37793527
173175542
94718080
248538671
158501368
540417
192333863
139019416
68304882
66932130
191268733
69255750
173864188
195952878
75540637
548995
158501245
1938915
109295444
158501133
887773
182548588
48899017
208741847
22553208
216244281
253113459
879656
76359995
253865973
92564135
253319021
248538520
158560788
259389000
253319057
73836213
208808758
22548764
252011566
140859920
138878404
214165735
252078793
212484607
215618261
158562684
24947636
105529222
201359142
626270
212356702
193007892
217641314
253360656
188057279
200617441
247655821
158633815
787651
129138359
31205989
162025635
10565331
207368058
7338245
213936207
57768102
172276929
569808
194568566
535994
200795297
178240518
200086143
205802126
194960718
160836689
263291725
10124692
557332
247865542
194568578
250058717
195993428
10124683
10039608
242101878
177746982
192987863
205009734
67271223
89294862
23870343
225920234
197620514
225914030
31877962
41894595
88941689
32995343
249601551
257868944
24390487
580280
3042895
91641072
80417215
8149168
13780742
72459680
201653210
67271227
57768106
191808300
76774966
78011891
209387711
7278075
55503106
139294676
84589926
198224274
225212293
502280
225267232
162977574
118582426
879694
211949594
250020248
249959134
201088214
22535398
703293
10678492
235365493
260925511
251462643
177746990
203000865
181783141
2906049
48210078
45119629
225267000
206335223
31206003
6907023
36380668
3311721
160814504
247790444
181745445
242289400
56365028
49377362
68377425
174558268
208634822
208634820
94727978
249937332
249802991
140843383
654980
261985965
24390441
252726836
1647135
1647133
149394711
48025785
252909147
188280366
250103376
556221
184119295
879672
128626318
206651631
182851013
210968065
182548590
137425285
184085392
252011557
193563177
185654007
23436172
207976793
247326024
212438231
213936319
127032935
249883688
97545904
98942122
169818157
208917510
159010358
137906879
96009633
187183513
206694278
543031
32802795
107331692
7965690
134349210
255764983
205113422
225212289
251928260
130179368
6776033
262830442
253313366
5569111
179689711
54671967
6907025
146226499
172275075
3047291
169818242
652293
253043616
207281154
253271427
215412283
177783831
253237278
196521867
202997742
208118180
49477654
212236774
1938917
253282193
242102011
214212765
174294186
991000
257646222
198361185
160814618
181713423
47221257
158634072
242076133
47438207
252726842
1374365
6776041
252040816
247262696
72205653
11445910
172476143
205807472
159092447
6568525
213787776
205485407
33787532
225267141
198363085
213936539
216297309
90524293
163132317
49179691
209900519
36386247
4939493
43950723
77222882
138183562
262782073
194568562
253234560
217186539
221230934
241274224
207515317
257788628
23046239
248608863
176168257
241265953
251913805
195573614
107667560
7338481
248774116
10317627
174606920
229782540
225212291
48579422
209902403
249890934
32219581
262053169
157209221
75951339
1007131
386429
126594007
159060889
250251154
181973677
262052888
205148086
195655986
262053157
263101532
14110158
209294646
176522868
259537005
834653
184297858
46247010
248689836
174315454
262052791
120183541
146515666
105366566
190404319
213936493
159060579
259542739
89792769
158634028
244168740
32989537
25202505
249575520
252679798
171625565
208175369
77221203
25739172
175976691
78011835
202329797
197515759
111107348
207281375
1744583
5907107
262053145
154700146
147564633
184218680
179197612
182851141
213872908
210138490
429877
35364280
24989846
169375446
205539966
985509
253282621
207948417
207281140
209608506
71682145
191418081
125432144
217125847
248538830
2407109
184120845
251393373
247541120
213589266
206206057
214775710
12126051
14293325
249268643
184218472
210138527
214723439
6778701
252973112
244168877
187011583
171580938
262030725
207280945
206360027
185005751
177165854
200752307
213936432
158633884
213598785
209900734
169818330
209610749
215140196
102552273
76359214
402002
105366551
108956813
178000366
572913
252858761
248767061
213936277
180749870
196924642
208739121
205573809
137375135
249855053
159060795
158633757
177280214
159095767
215296972
195090831
249570874
249573960
187180444
262756048
215088225
203201061
207552904
77221265
253234562
22482299
207894103
185005810
207892779
217125819
253043265
196068264
262605388
217166923
178305681
194451804
1615869
167019699
206308788
146286590
166452266
207280980
207368041
158633726
178286283
213936343
213936261
158633806
158633957
204658938
208175247
3017919
209901275
159023505
209900552
160814620
248885786
242488752
262466476
259511016
262463652
263085093
263209975
249303923
197062975
263084686
22643140
22649784
34745014
160814403
158895910
154365496
158633772
171625569
213936395
171580966
176752939
253498400
262030722
195566974
214501395
195567010
209900936
137375132
257869328
253555902
257868816
249945274
7955076
259513780
259513782
251908719
263264631
252719671
207947847
195953089
16085836
146275425
207281379
7070113
205879253
210138252
217765743
209177391
205295028
177188021
214498746
189541727
159061881
224809408
182113264
213936303
247921061
247061613
194198632
214189273
208601057
213488446
136482186
253271667
259536998
253498405
213845506
215136566
214732024
137432951
172476281
171651684
203064797
205698790
252078274
206331051
137375265
252648290
260797481
207852944
253555910
259513789
205506391
257872361
263208661
159060446
262005291
161238732
215296974
209349542
207281410
213936288
1374367
207280978
195845070
196338177
6216049
246281919
193212459
246282101
246282228
252011531
191606880
204069453
257869266
215750751
174294206
262030730
259537000
259537003
253498461
209608508
137375120
207898398
249217674
252078129
252078714
252078776
198768748
162596050
1656011
260797479
77222377
253555905
251897944
213936430
247797130
149779881
36710122
247541289
207779007
247944827
209349476
17592108
1504681
213936507
198364368
263207866
263207491
137178298
176032960
196145595
208064275
212425065
195465379
253498434
263078557
253257460
213741037
106362218
176168360
215257375
91544629
213860007
171580901
92010280
263413058
182558761
191808143
263389193
876628
175976625
253555908
255109709
102578154
216002082
252099018
170466589
207778284
6547533
184121464
24989841
208408728
189542411
209610771
209904842
125146661
213936251
187011627
263207898
262756011
253097586
247921160
212961138
263098027
160814501
110996581
262030732
137375126
178321327
212552818
203202274
215917042
251417346
109765274
259513794
57768126
199039701
240626531
6778705
242488754
262890816
146271956
213886854
209610284
263209667
262656135
182851139
207281406
213936533
31206001
158633856
189673494
259489553
189170966
215750799
93041804
216327155
36376683
207398358
104719333
261951825
168771906
92010657
252078302
209867821
158868132
82384833
206310465
209609955
208906646
129976867
147564401
206359795
192167672
263389192
185653968
56365400
253468339
163739594
4182557
191782133
249772899
101783133
102655245
14453314
254023242
162100202
105794407
11122058
106365693
214495555
186877006
159597208
74426137
21039473
249033142
169545752
92859063
249220230
165992276
185584238
146270682
66067666
76552826
56903409
207007926
51597366
164084723
197897190
435477
197657917
20647237
173137622
262045648
251085782
92763879
168962625
210137548
90524245
36013784
403896
176487508
67041169
249252192
138226896
125346375
178096046
101301189
242149747
182848912
169545188
85457550
20750209
260435025
207475542
177818265
491685
251262853
190739541
609135
166453283
242075602
252050924
637370
1527081
208565595
179952631
50215214
97541406
144630777
15254572
581983
1731811
243324658
9689802
214598586
54047050
257925383
199139724
140834194
408749
190355622
626286
220662031
177564108
437141
124878019
626307
554902
36703670
176168247
22384401
179689616
171625689
188891633
48896250
134359584
191808032
168277495
351815
200774600
207641883
168962621
84866001
152933294
147564340
259514068
249921177
261801611
215704029
48541479
4200703
50876338
188048138
106996287
57405103
48541489
214614781
197416228
251384220
253277351
160784257
251462036
188050458
48541536
43362813
204339818
160784312
192765449
96176094
1731821
217519764
206488517
216003370
252011564
179361428
7164879
192333855
260110342
20954645
1731767
22173213
112456564
49180117
192774932
192123151
193748105
242424628
1731773
248789298
215136854
23593376
1731791
249796324
75983544
221224732
163021094
247883675
12041169
104763063
77914132
189589404
138143560
262048959
189588379
491775
15371779
215121608
249646830
252099022
205617760
208739173
213936358
172295404
137411559
195103535
133201831
209867976
187610457
160677283
207811650
249576336
102884102
206170125
254132146
48216554
177084768
172024652
247199800
193736785
569809
86819249
105614828
186577255
25202491
213936379
171580972
93924830
97535149
253258072
105614156
176522874
213936495
247927189
149844563
72319854
199031976
20427003
101426852
248689749
208648753
259514070
262913061
196522236
170262465
48897959
215136807
208739287
247757167
185772533
247540916
213853858
241667727
252714166
199671320
161454962
75968770
113528322
178294197
41165170
92513922
248912610
222662508
253197086
1252533
216505691
163167202
176734794
137432819
189940162
147568333
172295141
247944870
190853350
203144299
199036872
247539761
74684482
178278410
185775809
190703220
199514906
188768201
262036678
80413737
193131213
173093675
10914801
146272626
252699459
260110467
252638924
209610667
15160192
205967402
252079298
248619543
35129526
212326149
192020317
219148106
191418492
209349637
261809562
196488087
245772199
137440221
502293
192948682
144630496
77285108
8093144
215137896
168313524
177340179
58165703
222490279
199038744
247540103
215100204
256493171
198285063
208739157
146271615
253148577
177703715
191628735
207008064
252189416
261943247
187282309
183376620
118582594
213936462
253271368
173093669
262909857
208917721
209296919
213936452
193062809
263103859
248904307
209902422
6544491
197461131
201293067
137678095
261951835
247378271
261943244
188544568
171584520
187283326
210455750
82387045
25200587
502294
471324
215427070
263294083
55476782
263103179
126595439
208739269
246852565
208682495
259514066
252079507
171586333
192950107
109776144
215405098
150372898
260110333
210455748
252646199
217641316
247377920
260110326
260110340
72314828
77105740
258820718
263208957
263104280
263273837
160677305
48541484
209902418
213851928
215696133
252649815
252650818
208653268
34751376
172024648
173864204
209291707
192712892
260110243
401986
260110239
257868709
257868683
22157779
248774178
188544639
209610603
247446319
27611048
253281921
249578370
158774708
195573621
207367591
242424259
167016051
174182710
263104994
263104248
184774169
263295697
213936311
192455711
261951832
259514053
209349681
191808133
252078839
201293061
199889561
203200893
252638356
172081721
257886416
260110241
263207603
263104276
263209082
160754083
213936267
217500620
146271746
197687440
48541505
213936519
257868984
261808136
177493780
187610222
252040964
247540384
208648757
178294064
195953000
160799970
263209965
252386225
199889520
188427570
205809661
251383880
251451989
257868133
77222367
260110220
242101901
252639053
184256725
198562058
223745013
263265461
200673066
215483415
208652744
208917640
242424306
216505653
213936179
253148575
213787821
252079687
180749954
206377131
159914131
185943417
176926530
263413062
263412964
210277880
124036800
144637603
191349341
110883355
70844532
17369996
49960438
595601
75953361
146271974
254113527
25423466
254189159
73778048
249392700
34747353
96289995
595746
192692981
145279368
192034994
230323821
100352524
246931905
249208216
8095923
198515543
246168770
74283364
189642776
131496985
215641245
190167850
182459674
205828151
210151762
63547490
63563044
206052062
200630542
173832429
257787030
250208115
257859361
146271895
176454329
257857035
206376239
197213373
215641359
54081975
252093003
191283172
208097075
169909032
246856179
178240542
80358390
171463839
186256505
217778308
186233067
11157674
540280
213942664
257835605
263104731
263104608
179193872
249945100
174182716
248914354
242656498
208405821
68585022
3045149
549466
10404145
11327479
174558131
136067556
21446935
252159535
149781028
253149705
14109983
184082502
248773393
176458918
261833723
263063936
146271604
173151267
146271816
12043382
115884858
106362118
248882831
262405225
200618336
146481105
14109459
102853104
160671688
37953001
215732987
263085168
252683871
213936446
247543828
208906551
182851007
215136803
208739128
249268403
251536018
247540631
171468964
247799387
36646041
179367987
205831688
146274692
178294061
158101781
72613951
658713
215136799
14110036
263048297
124963603
207933238
96009678
152560516
1066188
213936301
193715795
204044610
558383
183377383
209298205
248905888
252683353
11465898
215197796
247543398
11529907
225947223
114578966
171581910
215296978
135600639
558381
247539077
41570834
27611029
215641241
213936213
213589241
192168423
135424438
77221165
27611042
77221531
146272294
3705205
34745639
248652121
527705
171679291
394999
253614101
173386596
59071586
215917036
170262259
146271908
77222415
248672250
193128597
262036594
185024818
253619358
137423039
531037
157118126
186369406
194584969
242051053
184281699
253183676
253047797
216127738
219132410
207019163
422028
209867937
263103209
263102639
246153884
162025593
248684014
173211589
216282150
152705156
209867697
185005773
149781024
60823547
203200945
84893733
215917038
248906033
261967606
262060998
251417349
7338163
103907094
26665882
168669685
209906134
209867943
145246612
252467291
248293689
146272064
252079251
217317295
260113176
241850043
263085340
262036443
209904935
197652264
252699371
253239651
208648689
72316583
262061004
262910024
263303915
215786449
215786445
130640931
185908248
170466569
136796073
240246158
72316585
177563498
262061001
76552027
262846118
253269073
208738918
26329490
202395077
201610665
159974466
16263286
262060990
105655729
250077032
185079504
246154987
247794642
146273588
263206760
136067867
209300743
209901278
242423736
194568601
214731902
72320919
159977392
215917040
111290696
169377633
169377629
46772871
120471684
249694168
249694174
176550198
261798579
6067585
129852750
53791346
120471643
180609861
196409859
74179512
78970025
248186190
101990318
258662677
257915902
70686194
179498922
140722133
249693877
58497927
247935715
247942546
6320055
149778506
176450426
262837513
262651235
259310769
58708807
148632256
192470408
196054990
262807107
34751439
211951578
217826176
177253124
71936951
197897242
208906600
8149236
467578
109470045
252913740
212463697
247261856
254189114
192333861
188060876
443956
158563275
262807095
132036963
247454783
243807898
65446070
149253701
249716443
176040033
242122097
446332
138396273
184085276
10404143
11466337
199969455
261963772
196426604
73633065
432672
262386058
165774042
243084000
184741700
247541850
192851055
243093496
55765907
173481990
187709853
261986172
217548864
74284506
251395898
262053371
202222613
258665856
200618606
180745666
174218245
210760813
187316017
56109208
191824374
10404139
230200932
216137744
249799016
215137158
132044012
248185989
216204613
216333091
196468190
12289556
179368074
248536851
191136651
252054447
248585462
29466308
247454920
11488434
208739178
176573768
213936113
201114085
208739274
149780949
252675516
177315418
195573584
197369957
174589147
11290270
173943259
102432464
193895483
263102413
248681224
247453488
257455377
199139655
249153695
182851022
230138795
193213200
137482249
84893942
248088810
173126401
220668866
183111398
208906650
55445290
74025075
170466557
230005841
209867939
169377621
249694172
169312747
168505472
39243839
248206029
249876388
160784212
101902164
249875992
169127442
164535523
247380994
229791753
186239122
115685296
11659936
170600191
125740065
262807048
222368011
73175840
178953198
172296440
198188003
262977574
132051937
168229158
54625082
201892438
137127926
217548860
74855115
252041187
24989827
174182718
242076090
107466589
174830017
209398606
250100439
176115749
92163626
10404141
199139960
216128926
201717853
214731872
106277396
248205896
249485308
190826619
138342292
183223759
186606549
248683508
54926465
249714458
437128
179952717
247935514
263334780
177552230
63537752
179371995
262676137
36332859
50264877
208118184
262664368
209905015
137429486
257835599
208652719
249487149
135053377
253613733
208906594
257490632
200724901
216244337
3724655
242406112
162124430
242406050
10212839
99884641
216137034
6894833
169818374
197971206
198825217
198825152
242406138
198824988
242406017
249609187
194130726
252024865
168305979
175550318
71510927
249414326
32711820
82386548
253183478
252681154
217500562
182319685
195221718
247445376
173449273
242076147
812793
213936480
249483826
208738923
175654559
193555572
555357
253444173
29477812
207281216
199671050
55552062
173409667
215139653
76564271
1731783
199671247
185105606
257835595
36678165
202710680
84893938
167019693
72176685
35735029
72173448
216138749
216296829
56359917
255299077
116239693
174829976
209906018
194517727
24449893
254132237
212427591
173831675
204279495
199583049
169594683
252422640
143016722
229699365
532019
114895929
55555199
136596676
141148036
178951560
160836713
85370526
247345719
146224580
72331746
48753239
217384417
212237388
608319
195190262
196051104
72335507
548773
209298919
198537793
95008576
245782725
58718718
2076107
248760192
209391305
162399291
191828826
208907094
36680780
141247125
263357467
149781026
205518710
261970749
198328061
113252762
185122092
198516570
218752550
248885149
250059764
214090515
248457208
215560629
239161105
189267975
188831253
247439335
248638380
190623890
263052066
45123843
113554156
252092980
132081632
198540582
210513592
247438674
249875198
247437499
208648687
145301857
179072427
205745305
159182246
249488221
112723682
58563127
168921448
242482754
242482752
215288755
207852930
208408753
197973439
198078261
198081545
247439226
198077234
263104574
249570356
193555685
248894226
207897137
206156337
212568315
184218974
206904006
261823868
242405927
198857519
198857379
193935701
208118182
242405972
242484544
195091134
263254758
194134598
26424772
32566848
194103345
194954070
193932343
261963806
242394388
262077695