338992
195283707
199540470
208056397
193111417
225195205
25205951
48984401
195472296
58705884
192988603
2865499
191780058
262859410
200976747
192799789
247903410
73385147
193107303
55285520
58705880
212485215
25002311
193101441
198996162
55552882
191823820
2865497
23010354
53924715
198495151
56003959
49379009
195472251
55284957
58710459
204941556
37794624
191780448
206248712
74451582
35869559
34757989
159969930
195472308
78553684
194183612
200976745
191779891
55285638
191779267
191779859
192173979
191779989
35751759
158622150
54047917
263179580
263179596
52112627
195283703
206248686
263179616
263179550
103475000
58710092
35779453
1748597
102758213
263179503
193101554