252357155
252884323
252357109
259310950
261840658
262037861
261839105
252884440
262890073
255294584
167444084
252357111
180749825
180749842
262889762
213565395
184904555
109485215
195573558
192950823
172472628
192688980
163678278
195696290
172247208
213565306
213565451
259310942
213565454
130083857
143809929
262846079
109488255
262037890
252357105
167444862
213565456
258215761
213565315
252357107
180749888
213565540
161238695
114431252
210425313
172472618
207983413
110264656
209399747
262845917
263022870
165030681
262051096
197337516
213565314
213565284
213565504
169861301
210425398
130093140
208615249
213565444
209399765
173718231
124526051
210425332
109484095
204044608
253549010
252877835
121005996
262792202
252078377
163685402
192540854
185881906
103754762
22647970
213565534
196336995
58839729
108938001
182319748
208428312
103754264
180749897
252080050
121006029
182320688
106349225
210425320
123441806
182144111
246773016
22651706
123441804
24165617
166084177
262037759
249245533
262907478
262845919
178831388
178831373
178831482
108130861
191818078
263196830
262907659
178831360
263196790
178831476
263118625
259310940
126005374
259568265
262067738
213565531
263022862
213565419
252040452
253587028
262857241
210425310
262046350
196338317
213565328
194961970
140970232
191987939
262654662
252882654
23425018
151950589
24593613
249693680
123441739
252040509
259310948
191579748
147761114
253210425
192675173
122521676
263102856
124040357
263199544
196338370
262688253
124040341
136235852
252078734
252040521
252040531
106348948
252357113
196337441
197748481
197653674
207331945
136236514
180340802
198562087
111189811
146275306
251546419
252078133
196337252
103817901
195028895
197749528
194960375
52813129
196877469
252078230
252077897
213980225
252079545
209399769
213565468
149520395
213565398
196877582
22649506
253620295
24862927
262077569
197653659
125089755
31515012
183538779
125089633
160419027
252080074
252078376
197645054
213565369
93178743
214759743
183538992
111365723
160789145
141110315
252079010
185626719
252080237
195861709
213565348
252078236
216280597
150545053
193684610
262077625
180749830
120183877
214759721
249389560
197654486
153408962
262010297
183538934
111366606
252078853
153409086
192674351
112539525
262654634
196869224
262302813
262295716
252079141
252078188
252078507
112549846
249693690
190827146
253185934
251734223
210425293
95856875
111367451
22648674
164259135
183538823
252080198
252080063
196373006
29354063
187696883
253176724
252080207
118522490
197645260
111189825
253247517
153409110
196373788
262688361
261840656
252040547
252078174
197654673
252066263
213565495
250540193
214759734
214759733
252575540
145429581
146260613
196373677
165118666
197653709
262068265
147878019
262701293
253176961
262908194
262792370
263022864
262792323
262792354
111704557
263103005
263099066
146270700
151950516
197568638
197626368
24593207
140100888
25000311
196683809
175445484
178831368
252040424
258567422
106361605
192990394
257552603
197645153
263337782
249390685
146271002
263103939
262803367
263358265
252078904
252078292
145417936
213565375
214759738
213565537
165030850
111371869
262301199
262792364
262792339
263104073
262792214
111189747
193737096
252040784
252040459
252040603
24164824
258552429
262972552
248207403
183539023
262606189
262688094
187688989
182107876
184468883
253554389
263379918
263388554
263358243
253248145
251734365
251734398
252078949
251734384
252078972
250549005
196373524
252674352
214759866
213565553
252583432
147865571
262706143
112545034
111365644
111357140
112520184
262792224
262792356
262792198
262792358
125089597
97554650
24594211
262792246
182147972
252040467
252040442
196683742
252040439
249383781
249567982
187539746
185884833
112531691
196869275
172120318
249273682
263201442
263201931
263201639
263201283
263384975
263396674
251734292
251734314
251734168
252079133
251734150
263358245
263358263
203861669
263272789
197653740
214759936
145428350
214759969
197653776
262701145
253177031
111350199
111704049
111385906
112553870
111371291
110776070
151950470
262792208
262792265
262792188
262792372
24999822
25001365
25001940
111702970
249693686
252040756
183538661
262792411
262792331
262792260
262792333
193736897
252040480
183539056
262086706
182112719
180736399
263385685
263383796
263384148
263201851
263201800
263197028
262792347
263358255
251742287
252078472
252078732
251734259
262383291
263358249
263272788
252583992
194960463
165038902
160343990
25679107
251749270
249938339
144524531
143959240
213565399
213565324
213565381
248794234
262706822
262606216
244318546
31515184
111385325
111364800
262792206
262792407
262792399
112550370
262792337
263103071
97555644
252040519
22652529
178831642
140101009
110709400
118522546
262792403
263195866
263372760
263390690
172112635
252078617
253149902
251734293
252077988
252079082
252078833
197654546
213565406
210425297
214759871
249938190
198671453
262907998
197406240
262295300
262792321
262792210
262792409
110682657
111367922
112544460
112543937
263068576
262792180
262792194
101459560
24594367
25000002
111350560
178831303
249287154
194344455
262792401
263337799
118522520
263198013
97555177
262792242
263395852
251741992
251734346
251734215
252078183
262915337
252078168
132304206
252078772
251734349
118522499
263358257