176654072
247239725
110585305
95090744
97553886
34708919
114572265
142226546
95090259
185006773
253136515
95090728
216198496
242724345
160269621
136942986
95090550
34708921
160270129
217181000
34708933
168976163
160269171
34708926
217180712
136349883
133929297
216227183
120303476
217181367
253184636
123442793
143676174
168956160
169381684
152892866
74452036
99140148
217181511
466026
249145309
141014110
199244060
35924699
152172206
67242226
192175193
164543215
792562
229769109
217180667
248646391
58963727
174317297
31517790
25003273
136349890
109250070
117309859
96546161
168929074
169380331
23409515
72944319
105665122
160269224
392014
95090945
160269542
169382731
173674367
133219343
96556636
160670231
205814290
187839534
169111385
96586865
24950098
792552
112642672
86628775
242724396
1986745
95038639
199224400
173674363
173449648
248647651
217181549
185404081
111059095
171590005
144269646
254148189
171089361
162530270
144402741
114230497
120455305
169381676
147977423
454245
83020774
215161574
191823956
217180974
156202330
212471305
82389417
147977718
116737763
251754933
14692547
171652268
173449704
193640616
157824744
158623688
158623682
100285744
96575423
96585835
261157818
24731803
262653819
95864204
253264864
217181361
455341
25005939
173449798
62740946
174183062
169379752
112243394
25680303
19421612
150374430
147978393
130175271
121799011
200946101
215902697
96578087
171589797
248646626
117986027
155529526
174145707
217181899
171089275
158623836
25538168
96553011
88960574
633139
145563402
102268957
216204842
96589345
156202186
96589497
31516647
120472241
455343
22629341
186470437
14247374
191823944
208411372
197502031
131299938
153657385
23296918
177703790
96587843
96554680
176522340
87136257
169865720
215794672
225919320
200013128
261157826
251392314
187838874
253239255
169935558
32225249
25679223
59396011
32225211
57065827
242096626
109262756
117079824
12380197
92000716
75008154
110585222
106539518
160694002
31517682
96583645
112441236
109355504
23377156
108989414
189341098
83020773
89298193
122873102
173674102
457426
104250434
108991141
138393402
102268900
95295641
83021067
50701838
110583592
217180310
61943444
177339253
144341134
49961574
157426495
95025964
349707
157426652
199241966
102268896
39360691
247432311
144341125
171258283
54444382
215163361
129712551
129713225
95090402
181998168
146754194
792564
106540256
23407273
61558034
199241535
162408
173449720
97467501
140332423
10820293
217181234
127120053
115222801
96556085
136007800
82008161
452807
128327005
54798895
144463769
174183109
41084980
116156260
95052557
197568650
206245883
109209514
260920831
214012925
202643826
262656423
1535559
115093714
83020975
230027613
247275815
792556
141014152
153382865
77754415
111422093
109209810
31516617
83020790
219462184
243058579
215982980
190242123
174183115
262656421
262656427
153592597
262605449
82391434
134852207
160268870
33456740
148698003
142403253
114434145
559919
205814271
251983851
97651577
54798893
162429
128328069
251322025
113183379
26105010
160270292
53701901
155707200
23407410
117105695
144341362
54799755
641898
97922167
215746944
180567084
792494
11655853
50274263
248646373
261157809
219161240
11655966
50768641
248648735
123481640
262654629
261157805
171258331
217181408
54798941
20480094
154491935
158189102
171590049
25004245
23409568
23407797
217181079
155269245
97043870
109356912
129252261
23404417
160269314
68124617
95052656
349091
217180262
116018402
117985550
156202194
577954
26313942
158623808
108962230
124526210
160269439
50743312
132042240
23405540
216227340
129711778
138218922
109369591
104250881
197687744
14696434
188710314
35548152
144342237
128326527
76183736
29358154
198942096
54443087
157426160
177478778
199240956
195875451
144342395
127353877
115232845
97517000
127554309
261157828
149765675
169380366
157824820
214762023
207936140
80960549
123442824
20480084
102261499
196480669
97517783
73766980
59439333
154454436
171558088
127353264
248325889
139146117
104268241
109209317
160269664
205709800
162593458
104598422
174627616
125603463
262674877
209409160
156202291
162451
65592622
248325887
162593379
126053915
115093705
104268250
792568
13894564
121678653
100285899
54442843
97517129
293684
122873946
115093720
181567541
173674332
160446
10237136
96585790
195875367
792566
23299701
104258688
170979910
96553519
158623660
261157820
252102549
157426560
54386120
81808262
85241489
172840399
215746672
50274253
25206750
32224185
105671416
144342812
96574336
108241150
262605504
257859422
85241635
155149892
792550
92963309
247718309
214824033
112441379
130436807
14694525
253190305
117194133
157824766
559680
31519403
157824822
160269004
213887366
83021019
253214089
31602843
160269172
217180752
141009745
158623789
98847725
217181632
133563676
202643907
187328707
154184718
109010754
109010758
83020723
117310428
41876459
133162728
144339564
85241298
14188287
95028043
68124560
155200663
242488726
248648050
31517150
1535561
117327286
111059113
242652811
26091237
96553639
251754917
156202190
82391824
41877077
14694883
56307608
23404299
173449692
157824804
174143622
214762020
112441257
114687171
248596306
56259347
457418
117577908
2447921
248648342
14295096
14055959
251573859
97043946
104261337
262656361
34708929
158584115
139472332
214762017
104250853
242652845
191367413
96552741
160944295
150374455
58498232
217181072
216197729
246643784
104268248
156680009
104268239
135650245
103555009
214762074
136983178
136978489
11656065
197504539
202644028
143463415
157824774
37152470
473703
200683745
158788154
131280556
23832820
95029043
215092645
171652231
171063481
102261705
27578667
50274236
85241261
14761628
104268243
457410
217751044
116018331
160269113
117473209
192951984
25680291
174143753
205814342
82006781
27846346
14687708
130978306
60846803
144342891
148850717
14181201
203911951
261157813
68124562
37152779
248648222
184876050
187295421
133931370
201004201
4994241
205507398
95036159
86424596
102137521
171258306
25005389
261964291
197513497
100157651
183685623
185977067
202642340
157824788
37153220
116018583
11655948
174144565
174399472
160269057
29357700
158623857
173450192
165627407
633113
241636798
124044966
177625717
182969669
158623711
66640901
215794146
148699118
96586796
169380824
248646656
200844824
82008543
102261507
455219
135715994
168498296
189340913
82003976
153593458
109262753
95089970
792538
109377830
104258620
117153067
50735032
96553488
202644553
51121054
200752620
171590045
261157807
72944570
25004259
31698247
116018220
68532483
129711750
577961
54384451
96585809
99717282
108404606
132144613
262862173
141096929
262605453
117985861
96554100
248646473
248647630
262674518
178011758
97499542
156202264
147587704
181268259
517146
31517709
121228488
58074656
96583521
95295678
214762016
85241237
198435651
167955717
115103661
10238331
104612172
127554603
214762053
144341865
104260952
188831341
98724728
26328971
97497360
262653909
248646446
169380894
259568302
120472286
96934210
10237138
102133366
25679239
121798988
41876548
37153264
158623672
248648551
20480105
152530061
559789
204634377
144340436
89270679
122871609
82226095
172741883
11785810
105175836
217486234
217524957
217488912
117254455
11655886
143613261
176684003
792572
95090873
70202960
195697065
96556542
23641442
156202260
248646436
242488485
54440849
54442676
259484957
146491823
13603222
140132051
144463588
66812233
206662566
194960798
117324039
171558342
611272
102261692
125604178
23401750
23402288
79460121
82391860
262674363
55425756
58140724
25006430
72314956
156202258
248325914
248646597
247261881
84567237
46695123
559788
641944
160834890
91457944
153412297
16554214
196342354
187839278
230027618
85241191
155215753
104267861
158623818
261157830
261157811
72527401
202645863
123442814
82938771
96589262
177479401
262674922
96557423
96578620
97517115
96550676
248647294
169381067
248647728
96545893
141096727
198436071
21179407
89211270
111132415
197501342
197504143
106364989
189341907
85241540
85241536
243008257
200651516
111133136
179952307
186434281
109209878
75335755
200762265
153594674
168192627
197831912
143613771
196093431
197505730
141581350
142699702
249581245
115103540
229703696
113332017
147347702
106540282
97044169
101044670
215157016
150562311
165991539
148700545
144703775
207777641
250061968
195875405
197514620
207565385
247295967
128327714
216112039
48282471
253239460
253239262
260920762
260920808
104261696
98133590
225957936
160369040
257843294
257842890
127354358
131280653
95090098
119710394
75337217
174144943
187838495
21607210
138899111
252400817
176832515
197504949
85241157
245764809
11655901
11655899
105671481
157426341
105671467
11656060
117330608
138560463
253238844
254082532
253239444
253239269
253239253
253239426
253238878
253239237
253239188
253239228
253072402
253076393
186211684
5952937
122303267
104258518
242191018
252819388
262698868
197175617
262640568
262640570
261860668
129252264
132709524
242191128
263191161
263186036
214694598
124275205
195103778
217500668
229703127
262674743
262674559
262674458
262674486
121172741
121171920
182969672
112171055
248646692
171588126
171587937
157824816
158623668
173911372
160671822
157824732
171588951
37152240
37152425
82390431
26613040
61557331
112170975
35450286
96588156
10237140
77328988
96554640
31518918
170988116
174144562
148871846
248643135
97922141
199051639
248646413
198966272
116254762
248810254
248323293
248436975
248314641
214762067
181219556
76588760
144243385
17613767
181217438
141014105
35199168
37707952
214762068
263042842
197670725
187839237
144342925
171091315
145134286
127554483
215166431
196483844
215736827
219457731
82006011
105671504
11655859
116018634
13829049
187838873
199174520
104399415
14055953
187839189
145411657
215093848
115093690
115103631
259487766
253239410
253239199
177737003
207853855
249584433
160368995
132354113
112944507
195875357
68549084
122872270
216421206
201004150
106539997
141581134
23291053
193779176
197515559
106364710
164538825
243057237
187837494
252784514
191346340
253239404
253239435
168733469
168725918
173130502
207565026
35450263
214742048
143249011
20861092
262084625
170337754
253239428
253239197
253239397
253239412
36711075
253238846
253239382
253239240
253074559
253239271
13295003
253238829
48282501
110750266
50559854
247296845
260920555
259487809
116200099
260920746
260920740
260920729
260920722
260920446
11656073
11656067
260920527
260920677
260920569
35213153
35207508
208658183
104396962
104551649
11655884
214868071
253127936
254257138
259488956
116031747
2524133
124275779
20641056
115802333
168726308
191331580
127353183
127353393
110165655
249089823
138383476
261857360
192358767
95982943
127353367
263062579
263076521
263188937
263042890
253238827
263208244
100285732
96586495
263091912
121172475
96545906
48012527
96574805
96557565
50274232
248646469
25004297
96551920
262674875
190138955
262674898
262674567
262674918
249089805
157824808
157824836
248325908
174183078
169380927
169380674
157824760
142608746
152753938
102133628
248646465
248646612
248647242
248646273
248005875
248325922
169380808
169380962
186675151
121172191
157824824
248646551
262656352
262674476
72527372
25002745
123442199
102133355
96546625
119026677
96546578
170767082
248646696
248646672
253620519
248648763
248005883
171588091
171652240
174144620
248647527
248648565
56636368
31698245
54446441
56304103
50274249
214762072
248502349
198966772
198966583
198967496
208274449
138821917
198963427
248814181
248642968
95295983
19421620
24914294
248304972
249193710
247265942
167452868
133450838
247906723
48515036
84838303
85750027
214762022
91458023
192951821
85187512
85241301
85241487
207400783
216450942
207854287
128325281
78633013
171558525
197500551
187839451
115100520
133829124
199252256
91384940
197501290
199122521
148006114
115103518
101628654
239196165
87636112
133832009
153404310
186435771
223759017
177625667
247444648
115225055
197504695
189341922
239196097
116638764
144758264
171558448
174144612
201004200
141581359
144341563
171558216
119719390
196208543
73193160
117310879
260920681
254082755
96588184
73638501
35212656
95090738
131280664
127354077
127353889
254256899
88794192
127354138
98446304
138145396
135077913
104397396
252784431
253189632
96588180
253239263
253239345
253239466
253239336
219164440
215099454
254082977
247447242
136742372
134852569
11655953
59522339
65590437
248780332
260920531
260920734
259487827
157426386
104596806
95449724
792512
153413549
119501425
214818884
110750225
104401472
137852640
189342085
165997927
253239280
96588186
253238859
48282490
253239475
187838871
247437512
148698841
135716532
126796842
154184393
186805751
180252688
261881080
247906583
198941840
198932439
198929611
216281177
249220051
214762052
262674506
174183068
91457817
248646531
263103884
262674737
202641702
248646486
169381532
248005879
156202262
153821684
227245734
206378500
248648751
248647684
116757821
189366231
50274240
50274238
117985936
23401623
169380866
249012546
147588770
157824764
214809857
157824778
197687762
96553736
82938972
73385521
37152211
123442889
124041419
25005832
248647996
160944258
153589578
248648010
124526195
73766718
142613246
169380996
169381666
156202181
169379723
50274271
50274255
50274258
50274225
248526242
248534943
248859700
248815660
139927791
457433
248451668
248816640
103400907
198893813
198965677
206086395
263167829
248529670
248453002
248310540
262674934
252385950
889687
195994156
215983465
95863991
42471035
95866956
4655373
205814561
124273198
230374214
94091662
148700401
115100451
115100259
76592007
117576941
144755862
125604347
203911849
199235976
199241937
247718181
144342375
104611404
95052245
188831991
134511321
136202387
150160211
154184605
104611310
200847574
48282591
115093694
197505655
187839105
85187474
176832757
199244205
219163986
219163795
219160623
83020682
73641108
35215552
66481197
95027113
11656070
11655961
11656017
260920599
260920453
260920589
260920839
96588182
252784553
253268915
253239370
252400778
131366053
198537087
260920826
260920837
260920517
260920773
260920654
117035918
127354473
131280712
253128041
253127995
104261445
95449718
104265104
251983234
253239175
252911831
144756574
11655878
201295683
106539429
225958016
187278558
112441840
144341931
89212354
252563923
248435568
112242126
104268230
181500667
158207137
136033478
143612050
106540231
71744008
129711170
251324561
251393188
148851424
73402600
160520034
127353747
198435628
127353231
140313342
261849677
261869659
261858714
261849785
262862240
263062582
252401069
187328750
114688127
214762040
263249737
247907248
248647591
119026553
41876596
153585034
158623861
169380843
248646502
248646475
247261622
121172825
147593039
169379694
198192639
248648539
248647619
248646452
248646555
61555599
96555462
96578120
97513802
225272887
56636376
54440027
121796011
56744849
56744847
96585588
157824738
262654627
262674704
262653817
262674430
262674980
96551432
248646484
192951584
171587954
157824772
169380553
95866691
96587733
72944325
67242108
72944454
23401133
61557259
96574432
158623826
158623697
175527351
139984303
108238762
58138037
56627444
248646674
50274251
50766375
96586491
106539886
177479937
248811456
248812715
248304892
214762044
160450684
248438637
248322746
195850465
91546158
14107417
262605500
214762025
205814554
200689554
214762063
48606321
100018206
14695561
148698821
105671403
147817001
200847388
212048391
109209913
215094252
189203984
48114455
214818293
81807989
112441876
14323006
106539843
133823334
164536880
144708634
171558527
144340689
176522303
195875377
187837286
195875396
11655865
128327234
176522279
92959980
219458088
212933931
78967047
104611391
247731200
254082480
177319633
214908606
198995431
153545733
122873150
169898829
187836986
97044843
71562140
109209911
248787443
207854273
162752316
133831541
78967261
187839319
11656003
260920379
78631845
253272985
253239311
220667283
253239307
260920528
260920273
11656057
260920743
117318242
174627620
253238825
792508
253239433
115966462
253238770
253239473
12383117
244678397
116200056
260920587
254256934
127354148
131280616
127354403
116048403
116123809
104260299
251929471
139420310
181501572
105671510
109967082
116972090
249089833
255763974
261853856
263042769
186992994
187328776
263060311
124041270
151950807
209409635
202643810
209409247
262674700
262674286
48005581
262653917
262656363
262674569
262653823
262674884
191757239
169380496
248646517
177703689
158623847
157824768
156202252
96580612
102133372
23409693
61556034
103869901
37152579
124041016
101876133
123442490
125508757
158623692
249535397
202643831
202643966
121172938
248648727
248646397
56636380
54443277
147588047
248005881
139294250
248646405
24623546
248647624
248646498
96546614
248646584
160944252
248005885
180609989
157824848
248648703
157824806
169380565
56796978
57036484
165968883
103870693
96586091
152829422
50274216
96586493
50274269
206467644
227427048
225272911
120472163
21769222
96578093
229769101
247906653
229769137
263172479
263173083
248643157
262038003
248318401
248312893
24913021
19996978
12246908
214762048
12503356
37152720
73570548
262653915
145411792
147011085
112441644
205240397
104611356
144341912
243011935
76251919
94097859
248645105
11655951
182114501
188832389
133829703
134507160
109479123
59596916
14325877
187837044
20003337
106539243
106539132
112125959
115100294
148007352
144342384
148074803
201004311
180948062
251323941
153661213
187836969
128325269
198207226
197513355
148809362
116018151
103869149
179549021
187838763
215154030
252064947
197513127
156032129
95449709
257842963
260920637
192928965
260920760
260920506
260920509
260920306
117313345
260920334
104599780
253238873
253239179
239824229
253239309
251983218
553475
253239468
252784480
253239172
253238840
253238842
253239236
253238855
253239413
12383077
151509182
55874338
121229110
76725410
253239406
73185931
137744719
15489761
227183431
11655869
249276983
249531550
138903523
76587931
164539295
197503461
197503864
187837041
196486666
247907192
82007168
73283241
48116157
253238860
96547023
168727234
254082610
21077483
95038146
95090430
95052464
116001330
116051543
253128096
181500431
181502282
114687895
117577519
141038359
261883409
261851056
261864767
261880434
191357478
247906573
192678433
263190541
3255805
181998142
156202250
156202254
248789455
157824782
248646456
175527348
192951626
158623865
204663300
262657638
248647511
121950080
56182776
56636372
91089909
96551412
248647491
171089337
262674886
196058221
262674962
263179657
262674379
262674410
25004273
103866939
39360299
31518675
124041525
125089978
57036482
57036480
251590810
202644128
209409067
157824727
248006030
157824802
173449708
156202272
169380512
158623743
248646543
248646471
248648040
50274242
96554389
153585008
26091438
170687218
180750075
56636365
174143567
79459955
227179193
225272878
225272930
198962325
117473239
248809306
214762059
248533916
140132137
144243294
168712903
62735458
74330282
141340960
214762051
25680284
262654619
154279778
88956897
114685400