75953557
168283405
53434797
168293266
11122712
146223395
178294073
53532186
213728190
199692508
192048665
187338036
201877500
75636226
242789587
9695881
72001057
252401956
128649312
171170802
126853168
214493674
56757447
198889496
193151000
71149569
9490657
173135247
59078520
207007287
5458537
126474205
15256884
72917578
39228816
3152291
147265098
121236564
252357181
169640937
175146856
176069376
126925272
58220389
88259908
46259908
136980493
214113403
38265901
196944533
45663835
75639706
192692368
147294619
206795253
100202726
199030589
108216023
196045541
58947645
68169402
159342665
89001327
101297001
201679854
162361397
180867656
214928785
204392466
8128223
4219547
205808261
20286543
833843
187622420
207005202
212330085
66708835
84872895
191575510
252583326
195439159
104273015
262725406
251534173
13890971
200976596
247305123
255306155
130314065
33420492
51949394
107803858
7738575
204810749
213929996
253412718
208206775
95039274
15170403
75441270
199101334
204625780
205018784
198591267
91515694
247960070
51443986
125744318
125139190
5563321
196059810
20131511
192161724
199196854
111193347
166845892
137559856
208597486
193433863
251772936
186591873
230083088
77339644
402452
217525189
166525097
253410305
254080062
202064524
195192080
65587899
14108995
215122682
27858586
261831234
186590639
147964307
147220978
103793574
47169146
109369389
253284241
198644358
160787486
42824439
518835
163021166
262902502
138435222
181679960
51107884
214783185
253059583
140221935
94278464
204301249
82884444
6770925
182851032
201847244
53495947
245770275
172406910
203905127
253254821
242629737
20288915
55472608
210153233
249599087
201567929
255338283
188833244
4979013
201439728
201091337
197143021
254093334
257759833
254093575
174013170
186440072
191704682
200672419
244300311
255612299
598974
58299449
208026296
800672
160814423
221271239
94071401
121048238
146593468
201032366
244300542
4476515
31170988
204001258
248422510
186752736
210137036
242120456
249348560
257845098
13115224
205696535
254132152
52112435
208650240
531229
253565424
152380024
65026264
93181758
127692234
247432930
210137040
188548615
218753130
242984398
202490652
40981422
144565853
253056906
247857744
252784342
135266754
94829666
20132455
253631825
198499818
198126596
177947511
121386959
260940052
195855744
182565535
248590457
80187160
230062341
4305823
154188390
12733123
166525103
25001608
57813168
252714162
104654942
93166345
171585838
108800320
154189614
204428259
172079749
5469595
173885621
154189814
202328942
31170045
199901881
205506395
242766826
143880726
143524041
13099517
252795401
251551388
209303424
185448254
187182667
262605341
188057611
2013617
96289898
249934695
262053161
3152303
214730886
253253476
196837651
254077884
189280018
210137038
249847121
252795385
199952945
195901919
255349772
197920249
2801909
100396118
190700991
206473902
253555919
255612082
253349703
253630698
252795411
68360463
252784118
252828511
66649854
20287068
206378481
185440590
192950931
207519217
217489594
181562804
31231270
191139137
68494430
77222094
129138417
209331983
220661053
253621222
96027966
250016336
247662273
259512807
253556150
262688002
252063250
225961363
118899990
129138552
135266219
190757896
46465129
255410152
24348550
227161711
208591499
208410574
246397833
210146828
225961371
161239205
214768421
195864190
192949019
11741798
36359773
53900702
187872683
205707630
77231656
249493121
135968335
215720825
188833581
178944420
146265123
159820725
135220655
6691209
76213079
6519189
252780935
118890459
252780937
217124613
192783761
258752486
164597597
252784112
135961032
164817123
32832104
164694890
221018140
20286473
192782570
172359289
205351076
106180850
254086452
196932299
230080996
96289774
198780760
692051
172474804
212598526
12658438
259512747
190701188
13107878
198707250
146271548
146226418
252780945
186313325
252784116
24912510
2764645
106893334
230082491
137946671
253274795
216107933
111223251
192339306
191129708
247269927
199706278
60746398
19853376
209403362
20286505
262797265
230052285
230083007
188833577
255605890
72943363
205683944
207968695
184217308
107461397
172176179
105546205
118582545
77963305
16833414
165343097
196048825
212964427
252040838
7738584
77230816
135461145
254093558
205115162
197833302
114944360
253349705
247678649
263208179
193146978
212557678
7258615
91617494
160814592
211255718
208566321
247261250
90192233
200970205
248176696
167017909
127591564
105534656
244301708
260933171
247261252
120183899
192858712
72289730
259310812
252780927
204986930
171928294
181772215
157966713
248590466
258552419
171948974
252060306
196518673
214186212
263049338
115129052
201477752
135270110
184308855
118419973
259512980
255612240
252853761
155763993
253411496
50080986
208064391
253410299
209388465
11955479
106362468
253151909
178566805
253070804
210513552
260813097
230001618
72819401
181703875
146273688
192449393
214200154
204665186
72025570
248634801
253151836
253263708
208435771
252060935
184226160
201629906
7614670
166653440
197906040
34748810
142792024
259481516
247303220
208560865
252784110
74891028
95039266
255349776
252784350
173819865
215720852
190726654
67241457
188880738
118582479
191355470
255347596
209608717
172474857
172362442
173177086
252795407
252795428
199678915
184101545
249935044
34353994
206673646
15445963
252795405
183683479
73192491
251396017
252784124
252960923
197669151
198365377
252826472
214818731
195192078
254093232
12202506
64334796
77774563
200778941
209614228
191355370
260811404
204068603
188834740
165160297
191575840
253237342
184099161
203998461
252400557
253057736
178932912
80613608
191445887
260933032
247306898
230359089
127591197
208218478
58298706
216332036
253264436
253412722
261944304
148708672
257766864
252784344
55503497
261944313
200921546
160370224
192815051
202217457
249389613
208565109
38112007
198224296
190537938
154223822
114944413
193455481
71062544
208443543
128711603
128823078
253627603
190553917
261957077
120183750
242760836
46059736
197899508
108130808
204302612
183907618
251577745
204871690
199106256
225220538
69083320
202233372
253411551
205897649
199752138
189176873
208218811
262806660
167542156
204055772
720128
180582823
255612275
179135662
250078190
504626
201291813
145550232
188844607
252795389
255605659
182980688
191715426
255628153
192950933
198584782
109886147
252795403
921258
208067450
114945548
190701427
119692686
11337328
74535507
257759829
254089544
253627707
225961357
210884500
208780701
105258487
257763266
249935016
253265861
201622735
202028668
73628722
204871646
255349500
257759615
27959171
125886332
128823165
173568527
181982688
140580872
209413823
209411806
262674040
252795386
252795397
198223837
244690902
173691345
193210665
98924363
254077714
253211392
260933206
189633506
106521788
191571903
261956825
531592
188834058
172474752
34746977
216225409
247287126
203945267
161541418
53623426
253468611
189641490
203016695
209177687
74891374
253090625
67244398
202067538
117918085
247256766
252854190
252784114
189035260
258752504
202447815
252795418
215727724
257767914
261834639
201580261
248741539
252784354
129138309
118886333
261803950
259513805
254086976
211255709
174182691
198522436
225961365
143892841
180002478
148732932
255605647
247405888
12115224
196854310
190214627
188836389
252795377
189630615
261956776
184410390
253631633
130774898
193513871
174236818
204302614
218753184
71907866
171903417
125732150
225209405
258571252
195192110
210127524
255338285
214200298
173093865
193896504
77231777
247405898
185005749
19647290
189633565
211948445
166417544
262030474
106317454
198924158
201623477
208906963
192859074
253285018
252780933
257759532
253618735
198897987
99056751
209875242
86865930
217125690
253234233
208412817
258670071
212476317
254078289
208206719
253236414
1892769
175647530
228990920
143370824
69660110
253395961
248247554
209418691
259514969
56602776
253236329
182090394
201559724
249950204
69675506
252854315
77231624
159384894
199951633
201801907
225209399
208174270
209411745
252784348
155879757
253412713
208224003
171020982
249852170
209612206
228990836
207395728
208326954
34747674
201630845
92010741
205257246
251552348
247661973
242954137
225209403
225209401
215544038
187871424
254093162
262030476
209848818
208232947
193210134
252795421
200852851
208600941
191504904
215727198
202529219
195192209
137971784
255395251
50242620
73251886
173809579
127692241
253211387
186089216
185410051
34748522
197337661
209601032
202626665
242500248
217123567
262688052
134754392
202781617
197905925
199679524
53944460
195864084
247301108
117918065
261957837
258571122
255406887
254077853
197417339
249610753
201801860
252853808
200037757
251982264
138049985
140221855
41149178
201569180
127692575
261958719
204941501
208437235
237718065
212992159
202346105
212484345
190701450
78625267
198902777
210138355
181982674
253253325
204302617
208411764
261801558
190155344
202343756
201561298
253349699
197604843
211949426
253274697
151950491
104825796
125499186
247945311
177996422
132304600
192949047
169553723
106897799
184886670
253412716
259512788
228990860
171104791
225200822
251447104
215561720
45728239
204665346
178957566
262656161
262664426
212992261
254077729
254078396
257759546
257759934
255630353
182090325
188832916
205819696
228990828
208219207
210968789
117315644
189463335
209900856
54405034
67245699
184084714
77231142
77231078
96691839
95065904
188835169
204765321
167542232
208915472
253363455
209387036
262860802
170466480
252854322
208615783
209411726
208642201
207332032
210274873
254080629
253721363
253621628
250099957
209608714
261944299
188548060
215105303
228990850
249950206
197900252
77231602
208437274
73753320
192733539
197833980
34745681
201614981
50242676
208603828
210163694
208169019
253070019
253282541
208560888
252854088
212992444
193441030
253618731
252795423
253004571
258848152
1892763
208063062
188695906
225221510
195864464
253211390
202238588
202715305
258628316
210274868
201073663
178482704
198916595
244309537
201798892
249136359
203433625
193209955
173617323
201614395
195863897
195863935
127591548
209333082
210153220
254093153
259512773
258552411
253232318
208617974
202242125
253720865
189494353
184588041
253317802
250099564
204302620
253349701
262030478
170466602
206715180
67241567
164158613
255612296
191472394
149779825
225961367
201467408
210274751
199703816
124893057
210274787
215544550
208168971
252784122
252780939
252795413
206715145
252784352
254077672
254093679
208065038
255427253
210156220
186591135
215727722
205810677
192949027
202771005
67241494
192950675
252854107
185449537
197899916
201621871
73273290
249934724
51976689
253274622
262797506
242781556
253304951
253057429
252795399
212564379
508169
208603791
258806011
254080895
253700852
242423873
144919509
201842920
167017924
209311286
208290390
208907016
248980943
254113900
195855740
127692207
253211385
149779000
204871538
214817025
186738391
200678906
225961369
149520311
201932991
139484879
201291797
188837402
188835514
247301753
242075173
208174317
165193031
74857094
167739724
59509795
63537938
248248530
173616948
171760115
208615799
197595151
197603963
185751254
249004536
209177681
112083203
113117374
208064357
207753199
201629565
208432429
210143671
172360788
201389626
208224755
119693884
106362463
182300596
225209393
221018128
195864054
195863943
208435686
208474530
208170104
208906946
258752536
506326
258805937
208600951
253057490
230001474
208406450
254093430
254092769
208435584
253627789
255349770
255425575
254113839
254086507
253621678
253627648
254093047
254113808
254086650
253720935
253690766
253628348
255430561
252828314
258668078
167034139
253253222
253265349
252999806
201568988
253232307
208064263
208317487
208066651
253236422
182108583
181992253
253412329
189176727
244308963
248767576
249664431
140221901
248762159
180390906
183054164
225210815
201385856
196055036
228990926
114945261
208643402
166057492
205748807
210878238
209890925
208233220
199638703
11717255
166417499
77230897
214582170
210968761
192782487
248524247
208600958
179062982
201391383
34683397
198902083
105792905
201615325
191949173
229699846
210276096
257759570
198894851
99056526
191717273
208613403
201798670
201027493
197834736
194769569
208560725
203422509
181982692
195953233
208201163
248643294
242766327
248643219
207831317
209870728
248767602
1784621
206086521
175647553
207753214
261799679
209387024
193459739
125732429
67839299
172175857
178940920
201613755
213710099
253148434
208220022
209608178
209607759
180568171
195863967
215544623
208428305
208220054
208644241
209331981
208286599
208299866
208410691
208433179
253335793
208174932
208067231
219161628
230001257
253363863
257763373
253276821
258670003
188689935
63923380
216399449
258571258
253005022
255317224
254113691
210165973
255612232
208219166
254113852
253005280
257759560
255430574
255430551
212567577
212475172
255612230
254093043
254113596
253628677
254086797
85472845
68493852
208137649
253618733
202771813
110203363
210968015
248003417
215544099
195864559
215543978
218753360
261944297
197417337
208917709
68577449
215160134
202020154
202242294
191714256
192275952
68494176
116961297
208064252
202708183
257759630
114907812
201475916
201567790
169446654
77231353
186483449
201874522
209273865
207563049
253721358
210274825
147824264
175167402
254086672
159345972
202062606
182714933
211008093
210147028
257763206
198868867
199037032
215544496
195864080
1784619
197595439
251447088
197595147
257865298
172474683
141822822
247300597
188844331
248592414
206652992
260922686
197644964
242618227
242435715
201891882
201475390
201802159
201856178
201475529
204059222
262878683
208615825
208568835
209332780
208596398
208219921
258820436
262725550
253081546
253274721
253258089
253265617
219157035
252853759
198365899
208169008
253412331
255466180
255407021
258571159
255605423
255349684
255349678
254089756
254085715
258820785
254093226
254113566
253635857
254086192
254080631
254080534
254088927
253666063
253629215
253627567
253665786
253720821
257759821
208197157
258571248
253005271
252853757
252853755
252795383
252784356
253056831
252958318
200752429
201629456
258752512
258668562
258820793
258823429
206636845
254089766
195864241
188769065
184587573
195864482
228990842
195864379
230367254
208429717
255627592
208186353
176293232
180346846
257759613
214735948
207642900
201475796
211255706
183678873
140582260
252854337
255612305
250059501
202019459
208299870
257767671
215726898
214200300
95125988
195873646
118693316
249457535
243091125
207596530
249007374
248592422
194352176
209887294
208174752
180575685
181237907
242075386
214200398
249934842
188051545
173206733
169813139
142000728
148732613
155764813
141819328
182974852
172474659
174238795
209332030
208065022
201801941
209320270
248822274
208917843
201802211
166057456
201877180
258552409
207753240
88253149
127032622
263067257
208064290
41015808
208474538
210144911
209417225
208644487
258666985
259513897
252853857
252853795
253258492
253268878
252780929
252795391
255612259
257763297
257765726
204302623
259514714
259512784
212474242
213489819
253300545
208474508
258567527
208587274
252780943
252853815
252795395
252784120
258668377
253412123
190506325
254093230
195192177
253660467
253618737
208223785
253265682
182551239
207335608
208913608
257759658
254078623
263265382
201385731
249025823
215544127
208165654
183078308
195864355
201385702
215727726
173891031
263277664
208314803
208594227
177207831
207753244
201476202
144916914
214582301
190172119
178581499
182465317
214582283
107211773
208196167
190725492
201842928
208285318
124892979
102140987
210886560
215720854
205562193
201629458
253665938
208780705
201853349
181808991
203583557
258823435
262085390
154774611
167738984
224170844
243090421
210138324
208168951
208587389
188833624
249934878
173617391
202064644
243093160
248441566
188833716
257915396
208174774
208615791
207831341
201615310
203927396
209273057
258820795
225209395
222308271
215544637
195864175
209608095
262878685
209418262
208299648
208437465
208220048
208174832
210968101
230001219
209418723
253305252
212310557
209177771
253265677
207658956
252795393
113528796
253070800
201431022
253258480
249693755
253056826
247446361
213691905
255612242
255630278
255612236
255349750
255430533
254093158
254093516
254093160
254089680
254078835
254085578
253621936
253627684
209303757
208066614
181996789
187186604
208595937
214200413
218753497
257759605
174308798
218753364
215544007
218753362
263395915
178941195
178524230
171787033
257766433
217771942
202154454
118419921
205120772
211948415
215561718
249114613
252854090
209303675
248547188
201090467
210881460
244301018
147431525
181982663
202024505
178941051
201426543
257759598
257759580
201623578
247927778
181993224
201856171
197900441
255627431
203433736
209413807
95039286
181982676
208591515
212474028
263440003
199940040
206665980
250456131
197899544
188844748
242075294
242075406
104832077
251447099
251447093
200849166
63453626
169814105
174398307
217123710
117926952
218753368
230356980
209177691
253273110
258646649
230001347
230001275
252784346
253005169
253412899
253056911
202292296
253282469
259513852
201420032
259513824
257759542
208286614
209612295
208169023
178957555
257759564
258666971
258571114
157518880
198085722
254086326
254089864
253412119
253720745
253628705
201630453
254078143
254085901
255406985
255612289
255349511
253621821
253691093
253621875
253662067
255349682
255376573
255612261
255349531
255349529
183232609
208223992
208591339
201613837
208174297
202709194
201476078
71046905
209870618
50243082
210145780
262843817
262053183
181808984
259512761
225209397
208064353
208642205
215544631
195864129
262878679
208587421
261798868
261798871
209613588
209320502
208433196
211255623
208474545
208915551
253236433
142212162
252850874
208913585
253305824
215544105
262030480
114944311
202063474
263394404
218753358
195864546
195801710
228990931
230357875
176897873
214160511
201873334
181463030
204771237
197595445
191445724
193605209
197595443
201621899
255612270
140221934
181926128
208137093
211948489
114945439
206561231
202065961
181809086
205148904
197576224
140220400
208780718
96690934
189558460
208430057
210878236
190489693
201621968
214200356
197833931
211949370
189631443
208432664
243224099
193523719
181809057
257763247