144203242
214186191
197214000
92552019
87726331
136941173
185889844
927195
24861881
3608621
242425015
251092368
245787187
194042797
259455675
79202152
3608617
19948893
260810128
1028730
1387541
160104966
67460843
101818123
355179
154234238
174293421
32613945
107707543
69764543
131879454
158762483
48695383
67451595
182728418
77733105
24862376
193209808
73268489
44607887
176293416
81132069
251418022
130295376
152177501
179575533
171060130
117202674
92010547
75482723
127031924
249680259
206672640
261801606
129138475
49270263
158745335
193209816
183687677
79760218
150601725
242453137
262846170
77717878
162395452
190701722
250078442
539780
197964830
20152326
261801842
84637123
3608639
984938
190301555
195306944
357221
88821629
163170440
211133692
14641497
555345
22081374
139529614
205576401
260847307
427748
159011346
12127869
201090120
163511938
76756053
196319590
260810292
109910842
252573299
225386406
198205245
195305061
22482303
13290511
68836333
703675
394922
37414162
225941053
3082823
62359270
77733101
174854289
77231663
195306836
95059259
197344438
119286042
68593991
203201594
208566332
392101
205406855
194096848
182729439
188059224
205691340
116032023
181754560
119063759
53500640
118582425
158762480
146663141
859141
155637448
120183334
19701759
5907345
37216446
92010772
191432379
137941579
46768312
13385358
5907333
985242
15690064
7308953
158762489
137850924
56697263
35497189
208915914
115667142
453529
193209835
123447249
12647215
189172477
92551871
1205105
568925
922401
35593299
208643570
177731576
176735183
1734355
208779573
201385836
357948
4595801
137567545
77231356
357947
147877983
213573723
197592844
242619910
11253636
190782354
181979516
103355013
263083155
344911
41978094
52657740
14543876
49031766
92440992
169577322
1052842
262525579
113527106
583680
77221689
149272185
48695644
11253626
203201344
202343236
113117294
356281
140579060
32003444
197212992
198520484
25144255
21312846
69573026
206667703
198256866
203852576
154231108
127033481
12121387
129138508
132194817
1028804
5907341
11338293
351884
248788406
194206884
262030880
99505943
184035689
252092808
204644099
216986314
77230979
161252912
32748183
160796349
205926754
203722488
262030874
263071377
550428
185449916
59362971
208590267
262656175
209386361
149661833
263113121
253169255
215730330
92551584
177998902
158762500
316333
207789927
92010782
140503188
48587055
214050722
193330177
248565047
92551758
67844595
35127793
198583782
74460135
67852105
252869389
3082827
76755046
217477581
128711639
77674601
113117397
57791779
154228438
255179549
49048774
162619249
251547665
180603748
124155996
201090142
809801
171198279
204667284
108939119
167531994
19391423
207941011
32001905
140323585
139531975
160796335
148807554
161522354
113117319
4584807
193515395
124892991
84457347
195531139
247346491
67078448
201386013
171022585
202231437
14303672
175167865
137941684
253179608
114945774
5907337
194208585
129135865
249038689
221237889
182563446
97859488
75454263
207915039
222659583
247269917
203929729
985240
381742
870577
596242
216387929
22367158
195305748
205985198
118694864
252386211
158762477
253662217
533787
35730413
174647898
196854262
205756298
252354619
399371
147370297
253467975
207354926
154856540
68049231
199607894
6398567
627911
15739278
72878792
455156
192376837
184218194
5199361
200750316
173394116
5202423
248682565
153041348
215796754
42876227
132302688
119238419
253133490
199671767
203850053
214933035
183678255
247901167
26292907
200004509
160796344
212049676
113069184
5564573
178219916
262664325
262656146
343039
119197245
194198040
77230761
35675016
251984789
38534013
190755686
247405884
199078819
198202165
172475809
179121120
247399644
148807266
201090922
212476332
160394441
34514146
445641
200005240
118528276
200005153
142791679
203039755
252869354
205417734
222676154
172335587
201308309
249373486
1310639
42845140
48633212
70535202
131138721
106362589
435060
253182414
209402872
247256713
203986425
114895992
95084125
215619383
247548423
54804919
247346465
88891045
20632309
192548791
184070577
131138727
253178766
54805466
203110675
176881244
236092857
262664438
574029
27732544
133041895
195791429
247256642
54891933
243085001
253179837
253497494
213691741
37216595
92551863
10271785
217125605
171959619
144324105
253178274
148047841
72649756
397143
248384377
200005609
177190771
162768978
54898466
548039
207502949
36413135
253291167
20583910
534323
201090694
119238374
184058736
253497955
35410623
538025
20283407
172067278
250077693
207643123
36701460
214730223
198650654
262664343
246853128
213679985
247405882
188265576
252882910
260982404
146065920
129138400
163831419
36263954
77094475
48555371
14544229
19902239
92551782
132302800
215221546
533788
36701810
116961304
252341164
53013080
41098447
114895590
429704
205379620
191764531
163566850
129135435
214822190
20847368
37468718
14040331
127032832
249373237
15973045
215727757
25481793
217124719
217125705
127692459
252726863
136403534
202229595
181236966
205832691
215730326
153325211
261983423
166085878
92010553
143144241
205019172
114895691
194096654
138049977
16989651
98300927
39370621
171475034
14382222
142046456
253317862
49650832
184415808
190455803
48676549
173559429
53575233
178781285
253291163
177058479
55508697
102074706
249173550
202604351
74750110
112083189
247749164
249515401
152557069
35593611
35591905
217124853
217125599
216986214
217125685
252079955
181799145
186106434
253467971
36774332
250078449
14382298
160796371
250077605
129138503
11339931
129138290
263246321
222659476
146554555
98330538
214154709
202604378
247269923
195881666
262891578
262891580
15076275
92552102
15080484
36373594
201055551
202847466
205753293
36702049
257847091
249289250
195955363
262834559
201293623
192276112
192169333
366848
198914436
249023636
181910052
247921383
253497078
177961816
36165803
177995001
172476183
19902187
171022576
138049785
140101138
163131991
77230824
36702037
184767741
117315853
214582211
69699729
195548918
181789243
177270308
215400053
139496275
202005519
149334451
179413234
189413657
181799295
253291165
32225266
78945326
215726996
242142736
114944965
21179756
32012934
20131341
13426667
5201963
24628960
178786664
115254468
11373501
14382175
216462283
14761667
198618652
253150192
252078391
216387964
35785344
52662046
247748827
213705487
197592822
127692280
35594376
253467980
250078314
115254400
179757304
12502204
192705069
263040949
954466
36701484
117315643
247896660
14303660
33114127
196025294
249348734
247346495
246397706
31098697
178957579
16253859
35787251
15081365
212564372
252884632
171861033
36700868
21312866
12041844
199706086
180923085
127032495
119698021
262045978
205136490
261800520
247269914
36313152
14462537
253291173
247581313
247581183
195791591
140252416
178787422
23393341
200969844
43105978
12205877
139496366
16052615
215720807
36701458
154029781
117310765
157073385
200005428
172476054
114945272
33117507
33112482
21312915
5202489
35732878
183240296
263384842
20640285
176737463
262061964
262061960
201386053
23732148
201385905
217125706
216462134
117315726
91820785
195312017
189941329
259564594
202475541
262704593
197778497
140221898
92551959
259317168
132303211
36701447
133064153
262891567
239266336
208913587
53143774
183262709
247269931
249220867
76386453
35734282
263041346
262664317
252884621
37134967
247370785
253094693
242432578
248676236
176736314
176779007
254093792
191217705
252913657
194563096
32003163
246856796
15479041
262030882
201308096
261800528
45645694
86969898
206820806
20586797
21792243
150892437
214582325
216462296
162772543
118419978
37134907
54799335
214822285
205815633
116030821
200032738
148806954
120183410
119698725
188321517
5201813
31207442
53935247
138049990
141827696
162111184
117315750
214933019
185435630
181773471
35127751
21312840
32007635
35793208
23226907
195873385
242723646
199126609
131139998
194584138
195846957
194767278
216387847
163376345
216462282
154442054
51087193
262061958
180565584
25033904
215122438
199516077
229798887
229798759
175810424
185905390
197603405
249522481
94106242
129138478
26292895
115644777
129138483
41925981
343576
246772204
117315693
36701770
36701806
21334967
116029697
248294056
207946342
196141165
262664331
242100482
260931827
262834638
262834682
35733332
84076196
247302574
213712823
123612269
16998719
185406941
132961262
37468728
252913667
32007004
92551913
123865704
21335710
92551991
29207165
184410705
140252088
20621677
138049821
13994301
66831643
21010171
178779275
32351783
124893142
214822259
119698136
215544816
34822544
39371280
16159824
36701095
76527988
215378608
36705077
207938901
7256817
262526192
119718947
114945449
114945107
21312842
10271791
248635372
200616824
33337534
21312844
32003818
21312917
32007624
32004056
24156971
253152175
195846946
129138297
171215041
262061973
181503341
247748995
193568183
217123713
259564592
180568274
154876002
259564590
215730328
179498699
262705025
179234167
178776884
252876255
119324452
216387985
197227235
38292176
247446364
177138594
247302607
41926022
92551458
242768634
14838753
32410662
92552049
192288073
138374205
221023719
262030872
127692334
127692213
42842778
119699075
54803674
138049828
66765294
127210519
50874329
19902144
25247727
189688754
10311400
92552067
119698166
49722198
6086947
127360419
147986980
243099071
149529224
35716104
149779027
92551601
201795671
204300914
77231528
177989562
174468237
119188710
132304588
213675056
106349348
194769526
253291171
118899927
32850007
114944581
114944637
102080969
179555646
177315692
177267201
259564587
127591582
127591334
214189223
213704706
35594211
216387891
73787198
35905734
175799572
216387862
216983280
194772910
194584127
197603369
5199735
263060435
177976214
212557729
247256643
119398335
242125514
16084428
34513949
44607898
35732227
32013893
119698264
196574852
208195037
20275428
117315622
117315834
119330596
355502
117315659
36701760
199692755
143916678
77231685
198517033
187212976
229972450
75651057
117315882
182481458
77231522
118582566
36700835
161878408
147806575
115254369
183262900
20700617
160796351
206118927
147415606
77231503
192178706
162765465
140221886
262733320
247581315
253497839
73592060
32590990
10271783
19687705
21792148
45651498
32885678