74362508
188940817
136143567
77900446
69644752
145977554
188960732
212212997
145288031
200780132
161256053
145288035
179952621
243093004
188960734
22438813
156821160
147796035
59556808
132206365
105778970
573716
145300492
168559528
7308683
161930959
177016814
10297987
247406907
79937334
249016549
170770455
253100005
214595244
247406904
7308707
252130425
212563273
252130183
17048299
243093211
145977558
249662744
252129444
20440325
242695378
117832420
202182078
185851672
20441034
20438127
17048295
187011899
170094958
196517627
51563576
247406901
91097224
249016567
212317619
20441112
191077718
247406911
184624043
207336685
186741672
204435863
249662746
248908610
204753416
134594877
252130372
173710473
151745272
69644750
171070385
247406902
183540831
249252596
85623302
156821185
179058159
43810537
20700672
253621243
247640435
173358027
248093890
157194652
58709598
203463480
214761300
198294746
249662750
249662752
28163044
248774383
107620077
182113308
144379736
217511379
185851678
151745268
144380026
185851719
75284541
111581991
183540828
201430936
186628589
248343828
214924416
243084131
202182081
202771834
174207259
197418093
183540832
185449965
252632175
183540838
174558194
183540850
197626020
66579952
249662747
194521189
143959754
193708762
203499121
182107762
213568355
169749419
146065912
202203396
199591702
181170975
215116627
202055739
246160533
32220542
214760169
160677906
144380003
215141932
207337164
181170537
160286887
247982973
249970031
184627356
1577233
262676953
204610437
107626974
189466411
184245551
213565863
137025194
20440458
183540848
253097458
248773524
20441138
247273793
140412079
20438205
177941578
20440484
195912477
183540846
199592769
218745286
159854532
217440344
175414421
249054305
252040718
159654667
197973481
145167505
181170721
194205649
173632745
190544305
183531638
204665715
214931176
248538387
249945278
20438277
197625698
217500618
27593845
139496241
212603129
198530137
197626742
120068539
263114643
249664807
215478867
260668056
183540827
17048307
179221064
258668387
191148978
144379658
22651917
127032198
361657
98128586
146065913
22651898
225917420
207965547
196544415
177941553
180923969
189140712
28686638
263115102
17048297
246855728
186166189
225214402
177264274
183540835
177991754
144379666
82386606
215748772
247640467
196527488
145564298
200862306
180923971
160371995
159884953
180967902
180721043
136143597
889684
185851642
168900839
226775305
165021207
197975160
178297560
208387776
212600531
16969304
144379943
190172035
206205118
43810543
204874725
190171551
144379995
43810547
260671987
182112147
185851703
195814827
183526478
144380348
206473518
199583192
183540842
140580546
216296802
199582674
199595950
260668290
212474335
171550204
202497824
113430233
194199744
258668381
258805975
197618967
196757675
160287008
215480729
182484168
185925196
226744411
369112
216285730
216983310
144380520
194200348
199965076
183727562
192020303
213564082
183540843
216285742
202020088
212561862
253052062
177941580
185925192
207965800
113004492
113004627
214921044
199596672
215726714
185925256
186165924
185991859
186256548
155302442
215725864
113430239
262746056
190171838
190171756
248567429
185991806
185991869
214823940
215725907
187746329
186369442
186165918
186257638
183540837
215480929
215111449
199582565
214203520
248176323
186369214
185925215
253149237
216285717
155465363
249569714
242075327
249489547
195289131
155303626
215561694
202854834
202854841
253324943
253239718
253324941
263100927
253239711
195289159
169817763
169817729
75283344
112170047
17048301
43810539
248523328
214860778
253310469
253310460
207562922
253310471
185851701
197626356
186080586
185925164
186080656
185925258
161255613
186166219
186080602
185925205
186369470
214824411
214824948
252632544
197626349
215725882
193530460
155302421
215221252
263100158
263100031
263100194
75283342
113430144
75283346
75284537
17048309
199597235
75284543
214937496
212474339
258668389
257759827
197626378
185851680
186166191
113758346
205427895
186256536
146086121
186080594
216285753
186369580
186080658
180581212
197626327
148868845
244299862
185991883
160286653
186165932
214824263
185991849
194789952
191141969
186166217
185991863
216209325
252078331
215748827
155306611
242443864
215727231
257866424
182112722
214189354
246160539
253324947
263100176
199583043
214912097
247792748
253052064
215748778
183681997
186369448
197626370
186080642
185925253
197626343
191422991
186369436
187288695
185991855
186256566
185991867
185925231
181993136
247777205
186369528
185991912
160286962
214824462
185925212
199752912
186080640
185925219
186256542
214824297
215561702
155302399
248544846
101932649
206204991
169817769
195289157
75284569
75284571
214860696
214908491
10297985
252078234
185851682
180581029
185991881
186080608
186256562
194790172
186257634
186369532
186369476
189177345
10297993
186165912
185925229
107627123
180967489
186080519
215141199
162528588
191915110
215111201
214823936
186256540
185991908
186165938
186369584
182484932
186165208
186080588
215725866
198821544
202511215
193701741
179059451
248774220
201796409
92146113
248744586
75283348
75284545
75283340
75284538
253310442
195946673
169817752
215748829
207192351
214921732
214912085
248800980
186257636
146249258
186369578
193716731
214582360
197624976
215725884
186165916
186166215
176441968
157205162
212256458
185851674
197625976
185851717
215141205
186080379
186369456
199763422
185271848
177941570
263453451
212050059
193701819
182112724
215110844
215561692
255299365
247982377
242864196
155306497
169817741
215727233
247799360
263100016
262704944
169376003
183678203
248211167
253324945
197626374
185851723
180969235
197626400
203499102
193619932
191423059
171470035
185851684
197625997
159974198
186080654
214824265
186257616
185991910
246397674
160286689
214823966