106185389
162834879
208505786
166327477
208499898
186880673
76541999
183058543
190857216
208506053
189945468
208506112
167686691
196339394
193044531
179757414
201580006
248590016
152762382
103404689
195111515
195649312
168114449
250552353
104612979
161311604
91325057
186112407
2465671
9688940
183497053
2004571
2004569
186880665
71659545
186880675
166327481
85549938
248591269
101771803
208506107
148040875
186880666
161344359
248184204
190857210
195649281
101771795
193044489
212489578
181770157
186112397
181170551
188057282
178226077
171177035
14699357
104612981
145207768
182541457
242501283
161309462
71052595
253425859
53716257
101771782
189945462
119244213
107347524
166327478
189940691
8288311
104612970
175167553
41372079
195649298
185055215
963523
67446710
180233732
72002398
186880669
188407172
67447302
253614364
248185480
74496711
249278350
483345
190857208
253614394
1403933
55150228
71090827
103404663
2040669
247277762
77712384
164855570
2040671
249204844
92904307
14699359
84263779
215296750
160837029
120461240
149267482
149269087
76658954
208506099
101771837
76544376
91540570
149268147
123962645
108067398
166643058
196341102
1600119
189940677
38189090
7676171
67235684
189945465
241754519
257925181
195111944
101771790
14949047
248585294
184833278
72640668
213701678
216721478
96512975
189940682
53269096
197628488
71052597
143219797
140441577
71052599
141816142
253577674
10251515
73826834
39311317
165144209
14949702
195649310
164077308
168114553
76558388
56581093
257915704
193044573
145630312
197628064
164486555
145248321
195112127
101771896
72000011
188714539
185351749
257916786
963487
963521
184419904
195649280
160818826
139271913
257925388
186112403
150528959
252912088
36319842
110878706
197628310
2040689
193978841
139270931
90936964
190857218
179371288
145555677
178219345
253614549
151438502
185944998
87491595
1549747
253614341
110461345
103404683
178219305
253620607
183038070
14753653
1891205
59433288
14949053
195649305
205417879
198243953
10775721
186880663
252098524
8090343
80937543
14699375
253613794
206340599
187936765
8180223
109391227
13330013
67447101
253614422
250204240
117033413
212324104
8090345
103404687
257537668
51953292
14949043
8090347
151817772
8180219
5369661
1891215
214840809
249269266
24281853
207565713
164314130
79877222
257915848
89701691
76775236
197628597
101771825
164077213
75437222
249277465
36337102
151437306
249203278
56582633
253444110
257916759
217422400
56028295
65490449
8180229
104612985
213488962
253787247
48945045
145555710
195210649
169716758
253620639
49733267
193044547
57763340
91540540
139306730
184832857
101771829
213488921
252098632
85259098
65474199
213701883
89763765
145207651
249202995
2040705
145555753
160640788
72002400
101771823
250467436
208506106
193773446
247938445
1600117
195522367
164535192
253198125
91540476
68555225
144926875
48944992
57816185
217778310
253045189
171177147
219457759
14743589
209923739
74613689
252079283
253618751
76176334
194525006
67805391
262074549
1600115
249776848
65468850
49058572
183570251
258928787
65484939
195649318
215111425
102130257
1600127
212489572
258928691
35126131
176720621
178219315
48813299
252078111
217778062
253613735
68546207
68431222
152769050
149269453
171210806
67806518
174878596
178219569
39286743
56226984
78487117
257925234
165679244
181980789
160640846
35276750
145555580
169818828
32220963
11709656
36413374
160635031
258926619
197636440
213489446
151431913
176832732
262845622
151425628
201113693
50478477
248538612
262694743
14738933
2234083
184098085
244132186
116971658
56027350
65482426
253614110
53269094
76266487
42729826
72002394
185659078
197638358
252026952
144526468
1600113
165144204
581115
66117321
24281587
14709260
72002390
10197381
103404671
215047356
35266252
67072833
216368443
143171440
144924763
252080335
24281786
214893663
158461062
258369195
252701289
217778241
247936692
195210545
252711733
76116924
145207669
165038789
151347158
32218664
35241072
1252529
2040639
145555690
57017063
32217391
135322836
252386358
2040703
49568053
110478142
72224482
145457001
50309109
107896647
253349968
212489597
247937088
205606366
215047366
110953809
178219293
14699365
110468890
172437039
250203181
36776221
38189092
14949041
8180217
10251517
53301565
143164596
13856189
8442135
9688946
48944905
244307803
164484848
10600326
174865636
178219296
103404623
195520965
187843353
1056740
8180227
2465673
102268649
555797
181170733
247939590
72207120
253722623
197654590
35785291
14709262
38188973
67446837
48945108
10721837
72572999
242616223
67446904
5569101
110473372
48945204
3557887
186112405
103400597
139507207
74613679
144924337
10282223
94718168
244303581
68619481
1746979
24280778
32591557
176550319
257925175
209899433
110970857
247394616
49058236
75765060
217441596
183570204
49524612
74615501
2040665
253613925
77712392
2040715
9688944
2465675
193978836
211312656
144932852
74496874
248732002
76175397
110471284
49248463
181990978
247942385
103404643
48945071
158783257
247941708
215911852
12436088
257916726
87904749
1891207
188714537
68594588
258905041
133934130
213488958
263071394
139305793
221018212
216157568
105661258
12436086
3557839
186880670
188057277
68545178
57040114
107709260
14949051
252098597
263044367
57842929
103404657
189945467
193978840
247401345
257925247
181991159
212580107
2040737
194789538
72631200
189945464
68646391
41273519
185055210
180233287
253620803
197004368
103524566
50315143
252098923
195649294
188471366
151439961
1600123
242075017
67574084
46749901
68604472
253614024
257915763
92144756
253614097
10600320
9798458
213488748
249567431
103404673
195649296
1010176
254187225
190231725
53401083
695485
49524346
55045333
253613691
9688950
50308067
183570368
9688948
50779405
164789905
8090339
8090341
68612468
68619222
72203557
143174408
76176636
12436087
248877070
14699393
69644742
38189072
176140971
160265947
108946454
249414885
190857206
67621640
252079501
257925144
253446414
253614042
262075406
244306938
76659268
8442138
181991139
8442144
10867304
175142705
53405878
29170528
164534699
202011005
215969616
251267457
979763
176550317
74408441
68644333
48944964
217778289
253620752
144923775
195649291
24281464
14750836
215488822
198090923
103665047
103400566
143321767
68881667
103404661
212580483
146223076
57842935
1703333
595661
2465677
68555290
8180209
74496587
8180213
67674611
50399677
253613974
76659094
1502597
185658414
1574815
68892586
52904051
2040735
57596737
58076538
77712386
77717436
8442119
198091217
247940176
591667
62660421
1403931
189174012
259513141
41750954
68618151
50310313
35308425
247940229
214893479
8442121
192036193
252098693
57816181
110953434
199916190
94283995
10600330
153508315
132193793
186112400
199691687
778971
601213
211961402
195649288
596015
214840743
34823860
1549749
1703337
35602926
187843352
68600771
68559646
67703705
10126356
67871714
107896735
257916476
41273277
250339013
1073248
14303709
208062730
14699369
152557100
14753201
89701695
2004577
24281367
110912863
1073258
695480
963525
68600311
8180211
249202865
68154044
67864930
247830040
181991377
251540038
67690228
74404777
55045242
195521713
252905527
252080072
252079971
178219342
262691829
98636524
263052488
263193925
181991436
2040649
8442123
247815886
49064631
14949055
57604461
39292302
192628695
216243973
177816002
210399376
14751506
2040653
262060778
262060785
204297815
174015977
192153055
199515834
1989209
263352328
247879369
172437028
214731930
67890152
248989784
252079805
252080367
67650638
67595632
262068476
254138811
225201288
252080187
252166042
252570509
253282149
253176740
209906031
27732439
41557413
253285140
252078482
262526036
262673521
248914190
250370508
263272862
65003664
248538419
71656376
2075327
174173839
165205713
197828342
181991042
247941774
165220988
14949039
216244174
103404647
160058980
252023365
197670121
8180207
201842692
163736556
110460835
185397071
176118884
195662872
263348509
263352686
1703331
253169140
249463714
51953123
8180215
252672167
252079624
247831215
247838142
252078041
257290840
247749649
41870249
50514025
258928665
48921202
249204224
249035202
252079981
75410921
68600432
253614062
253614020
212489586
193137984
240199067
164433217
181461075
14699361
172370048
181096136
135502748
1408739
1549737
46620802
247937679
187636949
103400622
115150432
175087071
249452308
77149964
189697900
50779406
184518292
188714540
190857214
248990002
49528893
206362936
49531076
263193901
248800131
10395075
247838102
249372974
261813043
209879265
252672175
252078679
249205821
252078581
87636120
36407003
24281315
252079977
195649300
250595914
9688942
71658025
197854458
103404669
72203798
93208030
15727181
164374064
103404649
262692046
198253631
247940472
174851949
161978484
59199699
139275262
143221473
215947761
216238892
180347324
178219699
14699380
262060773
103404697
214117845
1891209
177776764
262748841
172437009
183038072
249463716
49570775
49525257
252905555
252973957
252078728
252078751
67622866
67087890
260925147
258928675
253177039
252079602
252079616
251734440
252078069
262056560
41231058
249204742
251535632
252078082
39297790
67900167
39290632
107902853
39296921
248986045
42730984
257916459
263048795
195649314
183066351
263265946
87901350
217210804
247938758
242500615
165938550
77774393
78920342
59199829
176227788
195913013
164491401
36568930
53797295
61226362
57816178
63037950
2040651
214838168
14709264
10600324
5369657
10600322
1591323
117033355
59199571
199649150
199516216
253689717
262060783
262676188
1703325
1703327
1703321
192637776
35308520
195520969
184444358
195522363
176550311
172437051
252079606
249938264
66731053
249662616
262053488
262054134
50398762
252570607
252079151
252077908
253405758
252078179
252078030
251734412
252079066
252649234
252080158
252080307
258928885
258928706
249205922
247380013
107669473
107670412
32495122
39298565
254188406
36337104
212489570
195649304
89701693
68889044
57842939
8112960
32128895
31515340
174876939
92144901
252099052
247941146
197899312
14699362
252098788
54362481
36372485
179945826
247399522
247680565
39334230
263348409
185055213
51100908
186112399
249463719
51952845
42730832