70224520
150783204
247301696
115478654
251544698
106997685
1544255
35450299
34627028
171282019
201290915
127203905
110965784
201290876
143820994
50723774
205240264
192912897
148011340
50704249
78895866
189337948
73569032
107492789
99140033
242087779
69157607
172976793
168954478
139306500
137672122
205001875
46766482
54918276
1544251
172379023
21125806
173883829
187829721
78903147
179994349
181920224
196156547
17612070
213560975
163580508
16442081
195470662
129528018
87569484
146502516
181920515
56555584
124274383
157056276
95769365
207273786
21774445
607653
171089357
19787507
124275018
209409955
107367134
21845984
187837393
95335435
130780517
54387479
12081623
192288262
253150748
41252850
190691778
101117081
196802425
169804677
90588761
139068651
137301611
14707720
186392653
53833173
83613020
99276137
79553815
198211930
251324248
116892431
106538982
73686038
31127863
101855940
129527850
16718788
109853620
157481193
56846452
14531719
32674752
102153476
197749019
1544259
143112341
214922205
607665
206673472
110378503
129711522
91271943
173450063
170293108
87960389
140862961
92516420
198211917
148697900
91457857
118258236
188710210
110378499
144757276
1544249
12338231
140999584
110965804
101913802
108598324
147977462
472825
42740681
1544263
190096451
171587946
124041057
100931010
110994142
188961776
114194330
83398274
96557650
205004678
193323162
110961110
68982774
133828546
137575958
22413177
198282484
143292910
72313877
21390154
129646494
9951020
120294424
163721089
466521
56400346
144923456
174631178
190826485
83398024
215175750
95295820
129948693
169077307
11780972
108591203
25411295
56400770
132074713
100190222
107492780
32695239
197182431
102104440
185243626
109854081
154532885
137673885
212980561
215990257
205817129
113891448
206984991
205037588
159947323
252015330
48647834
111968903
122868658
115225018
111129417
32247306
137551740
97513368
101420662
22083413
193980685
128326620
25692816
138902191
217181307
166530497
143170772
193200789
167495486
6702967
167567162
118375219
246855715
253039827
98152379
172678458
201979988
40978744
73653041
473019
197924746
195646872
138933530
138899859
87650397
1544261
58325451
23818057
55456926
42151657
27820215
145563082
193742686
24737656
200738860
96557397
466531
248884498
95335631
41885957
162241034
60669847
169060515
24702007
208070422
168541650
168657887
15096361
157072304
198966336
45129229
136118106
124041101
160909796
193485951
219461225
186188794
247481203
22414691
90712697
202641762
21820295
160835242
162384400
91457885
92869075
255338024
245764750
174399525
98869901
1544257
168794940
100917305
20980792
473011
197041935
207555295
100285797
76677577
146994469
151427304
73402218
195646915
35924511
110965682
216357515
129528001
214163752
169054894
140769597
166336337
134565935
202644274
108844240
161022691
139229369
171968465
188710251
137301529
139230768
168722974
176673304
78634865
187837326
13531062
146448102
155314906
253280297
78684314
262394255
195647021
188703741
181689344
253076324
253182532
247681185
80895119
154312597
113557639
257553284
217101936
144230400
218755102
25411495
73570381
177655050
55015081
195646814
200738881
164538818
197065385
154283743
171063532
216157121
1544265
88240761
100286097
111363648
70803216
152769207
125604169
217181371
195646845
199685063
168542220
96552366
193126052
195985702
252011879
129586712
254077351
179949344
162247615
111608112
252185219
58933174
252854831
187838648
242288850
50413380
214809767
113727102
257767420
139294123
205404931
179193813
195647019
192140118
152915513
98030752
138934233
147977265
134247675
123574037
114360344
113166251
194566998
247296794
164268537
138848866
164540581
208418859
129601214
187839602
107143501
118735756
107306242
138932783
163582710
155510191
114436914
101421719
139077549
78032436
162158360
184284055
113930124
193980880
99139373
144464194
137673783
168541748
195875397
247841733
147010221
122870627
95295688
186162051
153593762
207891078
73402575
87532800
134566340
191930781
168467127
96546484
133669615
34623606
219134867
166153574
112128390
116765943
123956562
204301209
200699389
216927997
96578159
225957807
106540205
174183125
138615260
247277218
22410398
123432360
175685192
138844807
140103403
248647250
152924384
246853712
163298752
141797478
249880975
160909334
162406995
148077399
51988109
108808049
113837031
135408237
157481422
172098435
96545964
89481756
96552529
2029997
216950497
166153008
166152095
100930655
200521531
197505672
247986073
215095077
122870748
73653005
262393324
10073727
217154470
132074916
45129996
31209175
157169592
187838212
169926902
213559281
119699364
133562962
153972637
192698763
54473373
142721226
146365154
98863543
144756989
200653687
127734257
105737648
140821760
36181450
185905291
90714402
191770610
106540006
158790711
195646804
168794655
248649222
10016427
168068274
214160988
122869011
217647901
170986673
149383746
253074613
45976509
199638714
75307925
213518026
168247799
21252284
167542068
168729329
108593571
132074833
198451812
186287118
202020202
90588611
110965670
91433144
141014204
150997346
49499156
52259561
102006685
145563664
188711585
175783959
49182614
95295586
139478879
250086354
45372795
134507317
83935354
83614073
187836779
204761730
201170640
35924697
95335564
214912894
152829540
197182886
225219768
202643450
136522739
204745977
98132457
169927433
186096367
1660185
90518908
89472415
129712097
148889959
111128419
201941960
148699413
162158147
193890183
127199160
125913944
109504964
95862498
92342181
206463668
198448129
200672755
99139731
114830617
195646900
164266112
207749197
101425358
179998961
105282114
11424002
177280033
195754822
207719764
139216729
119026496
202643494
202035553
466523
108280490
198915749
197628962
202642088
76153860
188711948
177657454
247296797
216465789
206304406
7990628
206678275
257832384
473018
202642162
129310085
192330715
143006654
197182328
192912073
195875288
176700414
198228484
187837473
114572215
138899028
95766584
135044042
96575231
209409811
248649169
559958
91457948
180737760
202005411
120338941
155347567
162481015
212610357
73402250
83021088
144339611
137572675
242652789
202010597
209409475
92162616
212610627
177280948
171063472
23407454
250940968
176582184
102439087
252532102
164270756
115948753
199539690
134749539
87534427
165935104
201170652
197966839
153677704
168729359
202643503
202643870
262674535
87787833
473016
202005395
136818631
149711284
151933801
14679109
247983510
202643329
115968839
248647121
473012
1544267
196156871
120337845
160909699
143613901
120294693
169083749
202642264
97816750
115695143
26652462
473017
164270896
27820224
15363856
155610041
216227916
101077816
94878507
169373730
214758005
215746933
170988980
22070750
217172155
188708740
144401686
38137520
142249408
197850099
169642927
138617395
165085023
188710603
49274364
138846734
114537476
122874027
54624414
84714533
2523173
247294894
199051444
146493015
56309731
148699404
242092471
50413381
122868588
114922462
198453601
132081656
110965709
95335705
164540387
148698269
253321115
20330908
139230706
156660164
197775463
82389787
144756296
87650419
213559341
86404355
97454231
83398472
100187032
102445075
153306415
160215337
202645373
175784752
172100050
213558876
145848232
125865620
164536248
10819725
198282919
195646959
106539952
195646921
134407826
11952758
194564812
164806423
150890366
187839575
200701066
89054348
200682642
202645611
248647099
202641701
54597951
184687026
84107937
169650048
178713608
194458036
163299960
148809662
148808681
147352135
214887501
172678162
2028227
50413385
43051831
466146
138842625
123956635
57245561
143007052
145563195
95335468
214732534
114686035
79458542
142875071
167524441
188708773
190162010
29011063
136873653
214618772
110987588
73402126
179736449
11499114
199111777
27725677
170139562
129211223
175685658
202644554
105343337
189461530
148011402
143860518
23376183
195646870
202644828
206290843
59519882
87534310
162157433
109434692
466151
112531758
67215164
120463322
163659807
11598550
153972644
144342602
171512429
206678298
165961994
110378806
196995649
198962220
164266342
59261050
138852552
102377802
95335432
217180343
106280733
175686296
206469496
73402289
169972468
134598634
166153060
139179508
122870270
73402675
187839160
87707373
195875346
157822825
140131736
155411052
159095470
168726672
78584299
119084049
132993780
243044230
241787138
241787131
2305871
191960919
96547008
248647113
197802738
91457790
193483256
197066064
164044262
217180536
181920630
253892208
82228959
175782907
165691133
149453629
204421328
195646837
188709935
135407742
122871258
150252958
171591883
172098166
145563912
85837227
140103312
90519358
133562607
143613274
144463048
177656153
110378493
148677189
191136311
77451915
175685522
157823116
150614975
91751928
140316852
217195174
67607804
248647097
209409439
150374427
171089359
559959
96573901
473024
248648837
473021
164266147
42620276
212476680
29012642
204927007
122870054
162200817
472824
128325747
148698754
148011133
147398378
89481759
119025557
98394615
158895807
253190481
162053431
203803867
162158268
136219580
201705593
138336082
87910739
138383496
201704393
473025
34707768
473013
97454588
248647948
91458021
67016779
1544253
188711551
124274962
27820209
197063988
197064073
110961106
169644399
32118014
113929947
199539032
106364813
138616963
137564247
123956586
92804776
87910531
144463005
195875432
90718059
155412177
212603341
129309717
473014
207749244
201843863
92364350
133563623
179211554
118102162
141014180
81651784
98134365
195284072
200685933
32224545
164270861
136336738
112441078
162399400
185884957
185841467
138148031
193450535
120462279
87650278
169923228
68017475
91433141
145847844
116814989
159597156
130780916
192714609
139480353
195646953
117033844
97489740
128326389
106540155
187837569
73402134
182813778
174317287
206664965
115149817
208526916
121330245
74330260
202642580
91457990
107492752
198547114
144910635
217180631
116016489
160217686
20729453
137301462
73402692
169594925
147011909
91391901
204562674
168723387
156177612
180848347
207388963
138898913
148809374
73402750
133832060
203787988
106540065
113634395
202645235
22080834
51031503
473023
56901760
41113241
207502058
26460689
34622206
197183169
202726589
134931256
165789819
39855306
110960865
16657925
15244417
132074864
148074731
103996807
194958020
11423875
167579286
201702352
249468316
89443948
151687940
202596461
243088525
202414123
159603944
203807349
202957005
167570862
206118929
149193382
164536077
172451797
138933451
106540272
163299151
187837231
169452338
128325362
106539947
196518685
187838794
128326556
191283227
170742519
90093391
172351887
122868545
123432023
159620970
169273157
167580246
149195978
248215275
132782514
145563718
197366577
201850530
187839069
216967837
201170648
148700345
160073339
172287027
2080961
213517170
159023391
203785245
166151888
197860870
195646798
172024465
171808589
169336322
187839133
242153221
210298304
134956448
187838313
106539671
169651818
140614957
248680812
187837771
207377767
194794185
148075073
138617502
205963536
166150830
207752508
206502253
175685280
173157392
122830758
249466871
119718830
187839316
249643997
206665479
217647682
249394966
250014534
251392157
208682221
169362204
183370796
95051614
164055397
140357329
169925370
123433323
189936368
175685450
144181450
169601251
208742857
169374070
247556345
172366950
89958180
122874000
208684178
177655100
214690217
172098641
172022616
229699742
107492733
85798708
170433620
164048035
201170682
253295478
23063100
171888629
139142478
253242740
168517208
162617818
253198706
253072969
143938560
138014587
144501018
170882717
138824539
110962537
108131748
114909185
114921678
256061755
127382463
251324167
97490026
97489818
97489360
172456090
91369247
127880474
138602426
229700338
148010900
97650083
167579827
188707324
164057259
195647017
177763570
203203026
254023129
253614417
214093600
100297148
124044956
255258653
97489951
97490282
253279670
195225075
111518941
141972246
19930813
239824381
214823103
249816228
206452082
172379717
139192231
192691439
201796393
167644868
171925431
203787613
249738449
205684747
166149433
171579392
135408128
169083239
151659388
171593307
208681763
106539274
189341359
213883523
90095047
215592670
201176981
203429191
175783027
176709546
197514777
90088591
189341559
185594406
169272811
172099404
172095644
134507141
261816462
261818847
124044960
188041578
169043294
169043692
253122122
253124215
262392496
257833524
257832391
257831695
77451941
199145959
116812694
262451135
262451170
170918525
262602892
472837
262488972
141037729
1544275
218732423
245769888
168545188
160143398
124272970
119078577
158183476
262796400
138617911
96183732
118997364
262726784
176591475
78524024
90923572
146386656
144462764
144757564
201954153
146034290
263077710
263078598
263077536
263078393
262381793
263042817
202706381
113481527
113481346
262305166
103866775
120472321
96552426
11233251
248647125
147977640
248648056
42155158
58528924
1227773
196068286
113792266
53806312
173450071
248647228
115103509
124275569
252720895
201941915
247906754
24736338
177286621
95769745
52789011
202644152
209409146
202644904
202644790
202643356
262674890
262675020
262674710
34708345
34632914
202643096
202645813
202643666
209409619
249005461
177482559
102105569
34630372
242493787
109437123
263316848
201176938
158850189
198893239
208274523
198487391
197182414
89047555
115232821
10016417
197182776
197066908
208275860
198964453
248923191
202006592
247906924
169453255
202005432
176582649
253619995
10016423
185718669
4503099
120340259
249466865
146492519
146492034
146492315
242121832
146493541
146492595
124276817
181430721
168913513
143405711
97486198
90438218
34707651
34628263
181218960
16098089
242448059
252770811
192912066
249646170
182476012
161466014
172423243
89579103
230086399
106539987
187838024
203794421
198824697
185173129
247572388
163271454
252012696
249937482
251016045
169930450
115763211
187839181
147649385
195929734
140333059
199141866
172451879
206126800
187838029
128325137
162159181
248278754
151659501
201804697
90089599
194567348
113039380
176435780
249467516
242294624
125370073
172248374
162091006
116775694
91163492
147543213
148850345
249643992
249643995
139230889
164022561
160293853
197048039
117071405
169375918
95297208
133674202
168467335
134262285
203784295
133831600
98863630
98863564
170868104
191930811
249945693
155398868
172452122
201170675
149461301
199974234
205018218
139632858
144754917
106539689
137301304
131032113
169193574
128327428
100296758
100294171
143468267
143468176
219458005
262383037
249238352
213559021
117764687
171869208
197776155
207853874
248497493
201170667
117071831
177818137
169208588
166152411
181249628
83693834
183685603
172096439
164051674
151658737
153594251
154000417
206714463
162399229
217645835
170325107
170869864
203803802
128326200
98600060
247841121
247403341
192121127
191005977
202231700
201170677
252292832
125541654
201170664
106540194
198822195
164538973
201170641
203774875
175828450
164059195
169381448
139480218
155215982
161266358
201170656
192374418
249738878
161253842
187837292
133829634
201702090
133661789
169379875
251508798
150249083
155189114
206307699
213517200
251552721
252721975
106539492
242154093
247448514
140148529
203203035
168732974
251324162
54903801
252797093
207747409
171849243
70435226
136686864
165674425
128326658
170845244
250015485
167544971
143612111
143863089
249466652
207364728
98867989
229714019
188704121
202596469
196051785
183915799
163939468
149711006
151452014
187837625
91243164
148700503
171104621
176585084
198435933
254903955
19930815
253076332
253891996
253892003
253891559
146448322
135222211
95770225
252037208
154494551
129734936
208059220
253163748
253164411
117076588
117075095
253348632
200701354
261965748
179581312
177754868
260933418
203540414
56072774
243080165
157536714
170880714
170877691
258861391
254256906
153492484
46604091
262599718
121978352
130020598
22477810
116807055
248930587
59407547
109431506
262726630
242652827
165644106
196022415
207830562
138382702
127226783
147388872
255372625
172021814
121331035
35911028
113482182
113483648
118997462
144754046
263074999
247906394
215736443
262581900
80968159
263207769
252627095
36318995
74207968
23417473
39360484
96547361
124041511
150374460
248648515
34708406
248648153
96589126
209410085
56901682
48290718
262674480
97486165
202645655
209408911
248648553
147977996
58528899
73530687
248648923
34708314
34630482
26149219
34632799
248646644
222723889
2292155
248648799
34635267
52259668
17010262
149935944
3702715
227179301
260895828
198545366
168545875
110906192
217519637
198492176
164270773
139077866
198965001
27820211
248343197
164270798
153579673
141972315
198961221
198964486
198966574
197065331
106540280
154961478
149600001
176581983
176582505
132820323
242092410
4503249
185840875
141096934
242798564
205514191
262037938
197804246
105299731
217181727
144197366
134931246
181219453
167408917
171009158
169074656
87862584
29161861
10173884
14989740
192912058
180346848
182475963
249583401
206678221
171156412
214845296
95769304
48602186
248803938
168498427
213517636
213517654
248409757
128327869
195646896
170383024
187839266
187838359
252157647
169352484
171936378
198228448
162158204
199011352
170867825
201170654
166152856
172248669
168882243
177525643
247686520
212603368
91267579
217570159
169392985
138615298
145220168
203783689
91432592
195875394
175968157
165674436
148077330
202231480
151764892
169687452
215162741
173642550
92810814
138853132
148698597
214742096
127993142
163826344
201843232
175684375
118053451
148700263
155263513
171888386
215195317
106539593
172346155
206470176
142392439
187837522
197504822
171865891
187838912
52278469
206307222
207749198
172454494
208324548
176436613
14147940
197504564
249583038
183370188
145564076
198418302
149195589
143612751
169685061
206123176
168507084
201845027
197546410
194187903
128328068
147947561
172456020
23411223
197514604
162475527
138843809
106539208
195754660
147010035
133561013
137572282
150248648
167926663
110987584
151499622
248221842
186240527
90090230
200653148
206451926
172020468
200738790
133714458
164267965
187838920
152810044
253891520
162473930
254082568
89144941
177903618
117076679
170444141
169920831
141529564
197865322
125370193
87909011
138147052
257831913
253320726
257771383
257552184
253624154
262484727
121978818
23050806
124044953
182813525
262481499
242652955
253296335
253078996
253074844
253075806
253074445
253076438
147100297
205263576
192113702
162158721
177492465
204927354
247426758
134852276
205018186
205894663
129593754
214742335
151687626
155421987
170325108
195150765
203786589
31518267
187836955
187839467
11423483
206101891
201348956
107308771
149195164
183370760
138603204
164049911
171671703
249815474
136024089
175161688
248362586
214868284
200701225
195225553
156673080
162137074
261663601
11655810
170965778
251276543
252012681
90089836
172029537
144757466
172095467
147011608
200653230
164268383
204892807
229803280
144464010
247363101
149193438
176463224
166152857
164268202
200652816
148809595
144230436
89750860
195647066
200655062
247731286
252286644
173972466
174403123
100296710
100295571
253238938
161022789
102006414
26478586
1544269
214094716
164601985
117260413
162155487
215592675
97019379
206665101
173630496
198884352
129309800
171211972
163859189
155248901
155216678
247411792
162158122
116817832
106539560
202512428
83205075
262599510
206676903
170761266
170454049
185898663
159767781
96186174
117790329
138385660
119084287
169474239
262831365
182103115
197496414
77029867
156177252
209543867
168363429
198892819
137526065
51716204
38143397
181920804
48781571
20916745
83398471
105294517
167932897
95335491
76834946
150686789
110961010
83398247
143113716
115902389
181921023
110965749
20912708
132074934
134845346
186433431
110961107
105343069
169499523
132074890
179717936
15245928
25403172
95335529
170806956
28003320
152710109
142858613
109853961
103848275
1080008
54143774
100930716
55355220
35133419
26348340
214924382
58913161
80974586
91449945
185925106
175686722
85798689
33340922
163052857
252644831
128593918
35079005
1661921
55353201
169356731
176660966
91471751
21782352
212956755
262773886
96419576
101082285
36318398
91412183
15302875
165214990
1080020
187838878
15245733
143176490
106075822
55348779
168190354
21740280
45150190
253492309
96874525
95335514
202643567
35507498
95295677
1080012
213999018
78634345
28030302
83398452
146493663
91457815
107877964
163869036
100931206
127351402
194583563
201695517
87912379
183555851
91457819
253663816
83397773
207749169
101114797
25072673
217172076
803701
186079928
19276714
208273802
43238907
2016701
168496148
201176995
91457832
197094810
109023550
198487273
119087293
180850827
174038308
105290630
1661917
17613301
217147905
133667686
118998154
150560706
206678261
88817818
100285735
202642438
112687702
187837135
163135321
242098170
201176982
101098004
216299182
13304193
208529012
185850451
57761348
212476170
70859566
206678206
206678209
160407108
168197714
50491143
100128640
253169385
144197217
181920905
124275178
169625725
160571624
109764068
215099565
167938278
164254512
249644052
165937862
166009879
167520123
83613136
24855557
72967917
50304513
175686061
225923683
209410114
202642851
181218070
194958198
165939049
225938139
96337266
165686700
25410378
172248029
143326580
170249497
167520139
170837884
140953383
164070208
171587608
170478387
169232481
242096228
73245426
249644093
249644101
225938748
242095042
165686860
198228498
248804895
248497719
169270544
169341216
193247234
187837118
249468883
188210565
249644080
249644091
249644097
177496466
214863205
169623938
56902842
249644089
225936992
138932801
73244236
165911371
171591850
170475328
163715801
217170088
247403806
170332809
214822774
199997576
170288050
166069247
165915868
253327465
171587630
143604457
169461978
140148567
242098094
170248404
249643984
174855569
172249620
170838233
175684683
172332242
176250131
206678228
202231722
247840723
206678249
206678222
206678296
253164463
253625721
46058243
218732324
15443649
48011108
48003897
63162932
48011076
48001710
100286080
47999731
195151445
114779280
110699846
21728239
20239450
202644203
262674851
91457834
55511619
7164481
115949816
115947052
198545609
198892692
175686467
14707639
168153792
206123378
103996664
171557274
113232776
149707720
168464996
155154390
175685347
172286762
225173683
206678208
170806685
207557409
206678233
113075100
171590890
172100197
121974869
251324194
229727526
194782873
177817931
151659585
172021878
172219105
170177915
249643991
249644055
249644005
249644043
198734277
79551626
249644102
195951074
176477275
159645052
261992401
15295526
167524445
145564093
171104284
195646912
205963855
242093893
163714611
187838312
163863802
170329654
172364718
160582470
144464643
35841880
229732798
249644039
171118100
249644099
205388098
200790820
155155112
204562867
175684606
169642770
249644065
260222277
253623060
205399028
101090808
113915201
140478970
169462012
56611824
218732346
206675674
88042496
84784555
262817073
263028868
15432490
76822109
48011725
48004633
47999893
100286023
21814956
202642658
146641511
81375655
25070361
22286993
21924695
172839620
208273717
198483038
193483141
208273775
164270959
198893261
263309290
164266124
25071031
93308471
102076154
168723038
206678211
206678241
206678269
252888217
170325250
169457587
213883723
170490881
166153157
168897797
177493696
165654582
165676268
146448218
170837996
170727676
172096146
134020447
168546157
155248713
163859129
132858610
249644038
249644076
249644045
198228482
206105249
175686326
173150573
163865702
249643977
164048612
171828552
172269787
249644004
249643981
176250555
172370648
152565217
168546853
139227060
170401774
249260657
173150464
253077610
20981494
204281265
169083797
175685169
196724583
166002045
87650838
208371301
185850348
170814576
170160372
175685324
86210841
212603344
171828690
206126798
200701741
249644070
205528386
170297141
130777008
242097499
249484275
142267355
192268539
79458659
169642093
144480010
170184787
189342087
218732432
157202563
262382149
257836300
91457773
25072675
50410285
76822260
146448189
202604322
96121672
82432674
198892731
58915841
208277228
263318597
36866825
25070431
110961089
128593617
15255484
212476832
146492760
206103296
169276014
176262905
177444244
198591608
201844797
149712009
160571191
189757803
163715226
172020416
139062443
169391572
145649391
242098047
166153696
172331927
112020081
98219081
167938559
143888810
249644059
249644037
249644046
155340481
113035467
202233062
166010458
164160999
169396977
175684804
176812959
172022350
155155290
163833326
163301551
122869106
169390046
215891476
145844888
247667738
198119970
262017783
2891867
2878863
206678240
206678299
206678285
206678234
206678250
206678262
206678219
206678232
55351579
95769131
170475466
251021635
194957895
185850473
170165197
166068752
170177650
162200692
143809532
171801763
212603621
198228460
155348956
195647075
205894654
169408947
242094565
172373315
170491525
167520118
194957939
137852680
16718594
138900610
115536348
163812167
206123248
177910395
122872106
172331839
187837453
170154001
207718974
2878753
242173534
249006328
170868766
172341801
194188194
170981466
107263893
262382701
218732410
218732392
172380907
169860687
149772707
262801856
206678244
242108565
206051967
250095899
72902432
27820235
48000682
48000449
48008406
1080014
48001144
209408972
45372780
164074368
102105922
55458636
197180136
217515908
217629983
208273751
87993063
162848640
208273957
133922942
105343287
141972192
164266502
30733731
173653017
167520192
207722873
197062018
171168759
206678292
206678227
206678258
206678212
146448011
176476828
247655961
170123318
176695623
173303033
168546131
109664183
168539484
208373296
170858036
129586711
55834436
169266934
175684573
170740797
170154483
183080922
249890733
258861431
33394884
175686588
136022671
2878643
170748447
217527510
253074111
253075471
215110879
172100652
171199059
171808223
143486512
172095370
177782124
172344182
168466931
89707807
90093599
171587587
249644087
249644094
176453964
167532475
249643979
206678235
249643982
144464921
170783137
248261556
22620891
155256749
206714537
168153910
230081561
207364459
179805394
172099663
216439220
148698621
173625866
153412742
36852931
91247791
210509381
155414222
158816508
165674287
172840885
169409136
197865137
107270665
214169597
212552179
172101293
141796908
189757849
171869169
155248641
169684063
172269037
205543970
57807001
214941609
163848841
172331857
194957896
172096597
28108928
202957038
170866753
195150320
139191787
262701695
87907837
158817425
170471741
77029884
262876431
98965158
157153058
21928515
209409192
202644176
202642403
150374471
48011468
100286025
48001170
50410277
76822198
50410259
115945477
32363493
32668934
197851456
120550410
100096390
29955925
263355424
128590132
53546949
35458978
181217131
70802508
48652740
37887029
254187410
56385807
155252964
187839121
171168708
171593756
172455048
207718841
169194330
168897860
195896862
176716114
170869759
155154787
188210152
185850310
229786130
164055445
176436091
176127892
168153492
159668510
138820513
195151094
170745142
169381343
171590850
217168059
152730295
171579396
170869711
202232686
163723469
177783965
163580772
175685802
172900329
225172040
172021946
171557225
175831137
171166269
134417434
169077723
171550824
172287423
194957915
163868944
160405757
170869721
186637599
170123184
177925435
247655874
168549406
168869757
89052511
207749181
170311144
169417000
164062218
165927163
175685133
167906413
215118325
21582768
206678289
206678220
206678210
206678288
206678284
206678248
206678264
214824134
55967575
252721981
250094574
107272645
249644075
249644047
249643990
249644063
249644001
169356653
172287687
176437246
165652759
214937678
100930919
179580688
170869321
169390139
172331869
175686456
170858428
146943022
172345873
249644121
249644051
249644034
249644069
249644079
249644030
249644066
144179609
91162530
242174177
190157216
205262545
170336315
170920525
83801092
91432939
172096473
106540167
169383851
202644199
202642573
202642779
100285746
114815205
48010815
48010785
48012415
48002603
150374546
16779130
36971740
21390092
25069789
57286087
172364417
262915910
263078795
251125762
163715827
195647007
263310740
197182749
197180702
208276764
1953171
197179561
87992410
163892331
198966852
197179662
195126497
253619705
113484435
253892573
160836500
174097490
35868359
20914813
105281593
105342423
44183822
187837290
95335672
202645794
20910402
95335525
143605902
105344377
118264623
33341020
202644802
187839334
176701428
177835831
242115395
166531931
110987576
204609756
197064594
139558613
195219355
187837592
101096033
101920736
206458270
125744385
73103367
50410322
105344741
2879531
143605772
230307575
247870298
164161179
158810741
3101029
171550986
249644072
125744397
129586548
206678293
261816804
187837856
48011927
48012141
165631177
262073180
139919530
138705991
141616672
143095583
170339438
171557644
187837662
144480554
173008277
177447908
172386282
249644061
169270481
170153772
156032901
253663757
242289699
204609793
201170650
184252563
170346503
164500878
212603615
166333924
214948652
171889204
187838241
172331956
140128944
48009962
48011233
48010388
48012097
154951811
11232653
144667875
253662866
193483577
198964837
214155449
146506595
194957946
204609938
143022369
242098452
177910634
187838170
173289070
169077706
215094648
214824961
253165141
253121771
205050702
169417097
169266915
248821355
172095850
201170670
163869410
148569948
149598150
252771056
212476987
170346860
146994719
162478489
214936826
202877150
169341150
169393169
138838215
159668306
171888253
188545240
160759468
138838092
138838159
209409885
48010142
12083310
160404664
197067826
133714307
164538918
135063860
159858274
133159540
172386390
170772044
201170658
170741023
167937990
150784281
254147949
85798678
87909335
191682383
48010856
24738316
140389833
83397784
83398608
26297021
193482951
33341059
101096241
176697906
101103559
195864636
115149923
213999016
144183131
95335602
33340960
101105131
206265632
110471890
176946605
101089806
216902523
101091621
95335647
201699216
97019889
146994718
158816252
131032382
196509681
101114503
171932231
197182632
181218345
157045009
144332074
203790121
172021843
262301679
216102611
155200447
101117652
20917284
197066212
249644119
89054569
172100952
55458352
169270478
48011536
48011709
48011398
212476277
158816343
169450750
199684125
138820482
251552143
195646991
135108763
169266914
74282931
101133025
101080317
248654374
48011564
198964899
197851480
172693296
147476891
194957927
110960825
168979589
242281584
55003666
202013197
52089150
844979
50413387
7074849
195227900
201855009
201803583
197067537
101127424
101080884
209408920
101112406
242092411
143888652
196069889
102759660
242119854
202642096
143885827
172096149
48010448
209409325
132993976
170165189
158810350
249484011
191930815
73103864
55003975
212603509
157059602
135072038
172097796
195339856
148715017
170863963
133714399
172331921
197107263
48984512
101155247
110987604
247798097
201852375
201803641
55457400
122763217
143114050
100930854
101141639
170339236
120294778
169956816
31590862
141662126
153742730
95335658
170999465
201805907
101123800
95335600
101133527
249483845
101133964
171681102
169715153
143886051
165845742
101091659
138909336
143886546
100930222
134749934
199629781
172332007
101120173
110961024
166069425
170838167
101126289
55003255
55002838
262932689
101123303
101089530
253312224
82067261
195299478
117258063
101107412
139294337
95335450
170165330
111970005
199168584
134749571
205528344
205528378
205528345
205528364
93931123
215154872
261867950
263263826
117795464
263258513
263189702
261849930
261876363