115783491
52127110
45217404
114805823
114805831
217172201
215464064
213681798
45209927
174143860
115225413
14883186
202645509
116614084
37659472
205533003
186192373
100132287
114571250
100132353
102132184
160269418
144465509
251396166
45217166
45212531
45217145
45218596
127554396
89222285
186200601
186194491
105665070
198539137
216907953
207200639
73183647
205819249
160270297
13299947
45209463
37698765
96407871
160268958
160270209
153656896
22015247
247730584
96421099
114948516
114738365
154283795
207710407
198536987
154235202
102132830
210147213
11713835
247302811
81758174
91774083
14772768
102132684
14875727
175550476
160270373
43342058
4679899
116747370
247561384
13465222
45211100
48276794
37563183
14655171
144463736
16251826
106244250
43342049
114948531
45213449
216907966
174145283
247301807
186432446
58992804
82391170
111520033
184758895
185653735
73724942
51699807
115639544
100133442
73850833
206663345
139043424
20667506
114948501
195875407
45209291
102058879
127554117
101878449
114805842
14295361
250073802
11627843
45212578
43833572
173038639
174143737
144465101
75621714
10098309
37715020
198773284
14295372
230218142
203757792
115453517
181979111
253127773
43812140
162019476
115453594
45213377
45212363
108926333
191217068
45212932
45217130
45211338
45214894
43833494
115086647
23307076
99841476
82389173
115225450
160269293
53407199
114571248
206612167
114948650
101845849
45214878
192295751
193483379
158097646
210144191
20477865
115453567
242652865
42262562
24377125
41404978
248223995
114946937
115281552
105736770
253127643
105631243
349137
45212596
102058141
105617716
114946518
91773814
127554360
45210101
59454056
107005350
195916877
45209008
29145364
186433721
144465869
102058398
100132474
114948514
220682615
145076477
144463577
114805869
59453755
212598379
73866128
114948535
160269226
45209899
20856899
42248
115225431
174144163
786182
114805857
45217358
154181962
45216730
113964351
249955795
114805843
31960158
206669229
11189963
82390050
177290624
179719630
85241337
186192755
188832260
41259
258219394
45212455
14868195
36312777
31960150
114571227
58992474
45214855
45209258
13299935
45217271
242191038
99841436
114948529
114948498
14537423
114621651
184075874
143809435
253766787
168610674
45218915
91773780
94303212
174143621
10164612
135715301
13860592
109844363
349012
111109713
113779037
230041762
212285515
208099487
113406962
186199443
116018670
113711281
14841934
102132241
4679903
45220784
45218631
114948496
258231061
165988376
192291808
160269615
115639488
349008
786262
4679907
160270324
46578733
216907913
247731153
68237271
116018206
101876331
37577837
37967077
160269137
244164297
116018547
786272
101877172
216907936
41182
114948519
45208942
113289973
184785575
92817878
114948491
143809397
127577167
20541884
114948495
45214900
139153226
200013142
101871310
12410166
116982171
160269083
45208972
12113034
206623210
73147791
45209884
48282486
43833500
100610574
41129
246889897
83020739
45217047
97825715
116018507
23307329
262674753
73147803
37698686
249826118
24592421
12113562
166084214
249022714
116018127
105700692
104406294
114948513
186318674
14204346
12410348
166445200
115281323
10244763
14768566
220682600
59453964
10164675
11626393
166445213
241777374
93926480
225958205
186460069
167613418
75948466
101844696
115639548
213893007
198540218
214591685
31960154
169621292
135407188
45217221
33541173
143157744
45215047
82006765
786268
114805855
104406517
45209269
73147849
31820659
40957244
253127910
31960146
42312
115225341
114948506
168192630
206644293
174144559
4027099
33507651
37690154
14274381
14840240
215902943
35969988
172147060
214742037
114197876
31960156
41294582
41404958
41294481
114805861
104406372
14877939
102132228
162023063
349196
179951315
48282647
114805859
4679915
115453526
13293824
144463443
196013385
10164595
48282463
349135
116595365
115453528
14336451
14875605
2868615
176254576
204415098
67956879
183339159
230038962
114948523
189475867
206652693
178229028
102059027
125786938
206851278
184908949
121172694
20856942
48756038
99841421
164941116
205292601
25004050
786264
152359882
349051
115639501
45219017
23307319
15499872
82389194
19993514
205694653
197501716
67956274
175550420
198455710
10165045
10244904
99841237
349133
41294479
41404996
209409236
43812129
301619
37698690
45211230
21919908
31820691
216907850
173830953
160406372
158137245
186434253
114571184
73147741
23414280
41014
116746404
50415983
15384971
24597831
14274430
31144260
166446353
173039857
216907874
219156475
189681099
113284074
75834524
118150189
184473084
37698818
203904901
68313
301626
39998303
71188900
46578722
48282587
114948537
114805853
14274356
24592433
101597893
129256958
195925395
101873801
186436564
125273618
41294501
67956572
37698827
20856979
143147451
248648505
253324997
14274374
14336364
252768973
166444542
173829771
166444625
93926482
102132213
786260
157832628
786168
41294570
73785870
45212816
258219114
186191259
251575769
21919856
17896464
15321785
14204358
98759817
9844768
14841007
2562879
85241311
174144324
75948818
191315731
216907999
247447448
242753641
214691659
182091655
201168008
144463477
197503016
191358027
102125506
31960144
31960142
208188689
208188742
208188913
254091875
252517982
250032722
116971615
20856955
24458915
248648929
26756569
99841659
99841460
24618403
349132
23482039
20542098
20477862
48282643
48282455
150865584
258215850
20541986
120168972
191955094
45217227
114948533
127014908
24597776
22015127
15384993
27605863
15321742
198893502
254091826
199244756
120168606
74158943
263440638
166447190
263047105
143808582
248644510
102132223
197502770
131345181
195926604
165991987
189681143
197514617
174144234
101878294
67956760
216908016
162593428
166451545
249032736
183348466
181687284
31960162
175550637
253175797
208188755
208188846
208188774
254091853
254091828
252517967
169621296
73147783
73147710
73147797
48756131
48282375
82390031
41294567
41294511
153015672
248647365
524014
349015
258223052
164937174
118760346
348996
110942495
20462822
24618618
41404966
91773670
173039650
248646666
349989
43812110
42088
114948511
258222585
177747739
50417070
15502279
15321738
15384991
24608085
31960065
93926488
51991662
14880118
137826672
67956699
154858225
191315582
172840902
36722015
32576059
133832058
76068441
262640594
253383006
183481794
214742170
197504159
93926477
174144665
252568410
216907885
170437621
174144416
19445068
230122036
31960138
31960160
206621635
207830379
42243899
251575775
252601457
42157
104406308
45213295
45211404
48282621
248648619
73147708
48282488
48282593
116986603
248648876
48282408
190844017
37698853
1409727
258219098
45212802
120168707
24608239
24597792
14336476
260793000
97887830
173554255
166446329
263440732
166446362
160406652
13384531
22760056
119259209
83431089
32319006
199243855
197514406
129256990
197514674
174144855
143809139
118102113
253346562
253127653
214867659
92817817
214672823
197502437
169399473
144342771
48282514
252400966
101873645
197514988
31960148
208210773
208188574
186454363
254091877
254091871
254091885
252601437
252517969
102133025
248648587
349018
248648792
40967
349006
349131
248646727
39360488
99839392
48282625
48282616
73147765
73147787
41294493
114805847
258215931
258230967
258219130
14204320
14336415
21919970
14204324
14336384
50417535
215545305
349017
42313
263440394
166445248
166445557
166445262
210946724
9844726
136073671
67955873
14204314
116018548
177271357
247257211
136218806
67956633
112441495
67956989
242760362
36400306
144341967
195921218
19445344
169644229
6821191
183484073
214868321
242652829
206619390
206675270
206672973
254091879
252714396
252517991
252517993
263105102
42262614
48282428
73147795
48282479
73147799
48282426
48282447
43812095
248646529
349035
205292607
191217244
58992656
205810235
258231073
51282507
15384997
14336423
14053000
25552402
215560384
241892235
167512992
215592473
51991666
43833564
166447156
36034910
144464263
187837513
32576063
101876362
197514395
129256947
76103024
182090374
182089780
181673987
214867630
214867880
158159024
260920747
247300281
12053028
186583712
174145175
107005316
73147805
99840762
48282439
73147736
48282612
248647331
248648533
248648897
48282449
248648843
102059123
93926468
145087814
4679909
349142
20541901
20462817
349988
349010
114948502
45208797
212218514
20480092
73147714
114948505
258222595
45217173
104406695
45218647
45220982
201164537
145100505
186270949
206850785
186193585
208210925
208188929
208187906
254091861
251575774
254091824
21315710
14204354
22015221
15321744
263310308
14874932
173766782