15857188
173449530
172025083
78957205
116668126
115920353
15857184
198285310
76152660
51520395
15857220
197530424
105664704
172025093
197620715
197530359
56002080
160402401
160402355
120459452
192951149
55288590
192951307
55287146
198285219
120459550
197652392
196220908
160654505
160402399
109852175
160604175
212110272
88046389
263208936
197620558
192951245
170870808
55289077
35446643
102132989
2181783
160604129
109860544
160604123
55288034
22954954
197620667
55288259
197620717
192951195
63973544
209393052
192951273
49556954
160402325
160604134
160604173
54729138
50722412
160402405
160604159
263179501
192951325
197620643
206248798
15857168
261840763
35446177
77702378
58710677
58710262
25203096
262707077
262046910
160604196
55285916
261840770
24594762
210514063
192951285
192951141
192951219
263097896
115935504
197620751
192951470
153990489
172025146
147575741
206248666
15908422
196220839
192951462
160402335
192951277
197652432
193101517
191778999