88791130
184468967
98355902
114572110
88794399
98178239
114571941
87521731
105910471
150934173
200854227
242724386
217181648
171588122
187889757
185006719
169380548
32431365
169380265
215543355
105837988
105835879
36730001
88796445
153663735
185006736
144342621
160269957
98572355
210795941
213721115
198438362
517124
170427912
109262820
123442216
32431374
259748655
119026545
120562400
177703786
198088228
88791216
207729466
170424701
199670998
217180854
114572091
131170208
160269822
210760680
32431354
225919273
198528988
26614890
169379719
32431370
226979454
121656234
169379762
169380845
131170213
32431383
169381093
262674698
517120
105614545
114399192
257867507
101410796
392000
182969652
127353327
145389941
32431472
209612226
32431369
126734981
252771251
115255498
217166569
110786649
96557632
96585614
96588936
96586804
157426773
37795435
32889106
187328705
96573871
173450137
248649109
96554568
20269698
120472298
125603641
101872708
29380054
73402140
144402721
58221442
87380506
145400322
144340760
144339823
187328714
116135710
517116
188710519
198436081
82391888
466457
465593
14945559
214824025
103869032
91457961
56913154
248647329
133828478
154487439
151500180
133629995
160268966
207639361
125604629
109005998
115257216
214824061
252561504
73402335
129713118
144342800
157198969
114572200
207640584
73402636
103823775
160270412
89248871
126734601
212927557
10761043
130784970
465264
83021132
253238817
115264663
73516781
103867777
10738088
56909849
240937237
144401650
214868103
11656146
115533787
205709788
56004002
190142347
160269535
107341470
197070507
10761041
10761039
97510233
169467828
262653827
244173165
251754991
91773764
216203917
196283439
96588264
153378291
262653831
187328806
14757646
96568183
115263001
208135858
11656129
11656151
130785412
164538528
262653821
392012
254710792
96589394
136080391
58546061
192358814
465277
89249736
88798869
14057103
175527353
203852607
113930073
88800979
217727398
36699055
168353022
32431464
208561274
145935825
213558636
248647407
144342176
185991198
177450038
125604344
54008529
163148304
153260737
96574777
93362693
52138801
215101561
185751220
225272876
114435124
96553323
1227779
182485551
117006781
217181009
88798687
85241141
95295544
55456901
420188
129713079
32289833
35222067
91457923
114367214
187293468
20955549
14057127
154184477
96579581
185751224
248643131
247906997
97044619
131405332
202644986
202642072
182969675
213550959
126734922
110205524
169381580
144339526
17475003
97910257
102269235
97044139
452795
23409537
177436034
14763417
192932029
73402492
102378910
11404125
170995004
91773789
216203897
167491675
216203896
44822287
117097594
115263605
73402448
420192
96546647
208103668
144341909
170432651
159095286
168364632
73402763
46695785
73402609
117092324
145673925
125089906
169381065
466174
225272894
114456085
134852619
73402066
100314133
118139119
27610894
87504712
105639525
139294348
103869829
59536606
217181327
98132860
125750135
2292289
87530348
36366481
52111949
32431352
56914358
114438563
130816323
217180791
216171184
349109
68677369
185006717
32431356
14057552
196225373
95295578
56914925
241038940
153665076
466179
225175096
121172807
74036173
88792319
1657751
145425131
67290305
133947031
66747951
114572240
247402770
169266864
127353399
96553869
198966194
248267871
206681730
102269842
73402227
112441420
247907330
113106511
200685708
32224169
78554630
216203902
133830722
260827725
113105886
136740947
187328830
190467900
14057601
240925088
253078504
114435501
217180601
99139216
217533384
240911947
97042475
32431395
216280401
202962110
125603323
188832320
149653640
517123
125603931
131280814
76826033
126734672
117064313
222723867
87391428
259484531
93245008
25981156
170640104
89245671
1227777
130783398
39773162
171590677
465265
242344822
242344810
222677707
466176
10761023
89245096
85241504
163812713
144340523
73402118
244301283
246532721
114435439
35808742
227183196
117025505
117002094
101171566
187328644
198929944
114687251
25002713
169380410
192951889
222723894
169380057
262037999
10761033
75302415
98567117
142651146
103869835
547022
209409652
189314301
121656413
96587610
14663112
196156485
197505338
216203930
73402555
85241313
21271051
73402226
225267166
191357913
102269567
14578070
262659359
98132812
202642592
248647919
262037950
158623820
257835762
466456
116159649
87380325
248647327
248648941
187983077
96557302
32431379
109890632
73402731
73402267
73402509
169266876
89261893
149488333
39773860
67817764
73402564
240973970
114688034
103867804
91457937
185006721
248005859
103869259
507878
48458199
34768432
56608418
213887362
10761049
191357915
98132856
146491886
73402330
73402057
35010271
126734829
73402024
106990615
82005379
96334913
163812552
140286757
23175331
229703732
122467259
105643504
33457173
96575302
96573774
198562444
248646846
121794429
225272916
96583870
191367348
88794023
164540614
458223
148851596
222696017
198435637
83020978
162404103
73402307
73402690
198435744
199738686
85241610
242443727
83021050
73402666
87382876
112263972
114685873
465271
202644303
120569664
349110
262653896
83751020
466181
33456789
25206707
213887370
34768429
149980740
443295
35808042
73402220
21060806
246533111
73402114
73402507
117024689
117003587
89253121
88797485
240900089
23970120
144341460
169380357
148868248
105638093
116159599
96589605
113005772
145626870
82391095
177407060
175577
91457840
189264225
82008129
35857073
148006319
96588698
209423007
197503549
53297022
160369440
148850314
125603413
143412395
96587267
112259575
128325612
46695767
73402635
144342535
162593448
50584750
122869931
163543623
243046855
216203905
136080496
188831338
145410489
153593170
14663221
248907311
58015614
141581263
148850731
187839517
197505745
122873544
192970284
21334531
143412745
67823280
73402093
207854171
114687682
55613836
188831558
73402614
144342224
209423205
154155311
35853898
82938840
114685561
129232483
254082312
253238823
253238580
253238688
253238863
253077146
253238567
208537252
254257105
88798260
89302478
254257023
127354638
87378567
254257065
253292249
145563783
253238589
225171198
252400949
248372533
59376645
214753861
189341993
201126161
188832386
73402769
253238821
253238612
114685753
73402686
794428
35856035
124887237
88798531
260920267
260920432
116136036
253238625
260920581
117067627
116966575
117067740
117023686
117024347
117002653
100314414
73402521
262462601
115532541
89262358
262831380
215242451
203961002
77871526
167930225
116159671
33456163
34768686
96585438
23419400
166389897
96574514
113792438
96555722
25005981
182969665
189492547
148868201
248648678
25206084
192951837
262659812
248649339
102133440
96578153
23419828
452793
125509019
98131895
257835756
177703716
213887352
80960699
192951710
2447917
136742052
216007074
103475445
103869257
96546653
169381540
102133344
262659442
262658351
262658948
262659367
262659509
262659434
99840333
262674776
262657997
262654658
262658377
202641614
91457824
262658379
91457928
177347538
177444339
199118095
23625826
23636826
114572115
206086401
225171186
117722577
25006516
75423716
262654603
242652851
95295610
189266437
262038036
144464886
217181169
175976645
175970358
44600644
144317266
257843093
21272439
55848364
98132849
103475437
82008383
145420265
70844018
125603847
58727263
201307870
154184688
196377855
73402037
106539180
112229551
106540122
84982915
144341448
144340555
241054961
188831941
122870920
216203900
244170214
248582403
143612233
72314843
197500852
32223755
182115043
136825704
197514239
205003071
144341468
251656558
102523052
20917297
129309892
71169013
162175759
35839426
119252654
254082636
254082907
149194533
124887253
207830671
73402144
67822136
96580051
73402136
207042186
52523881
171558302
136080950
188831756
148809958
70844774
144342061
248582473
125604006
87389363
200853933
202239482
26601528
253238553
253238591
214603518
253238711
253238792
58727275
117065436
117092848
217728180
242652801
11656140
251929825
38719753
115263730
253292608
208554506
259486913
254256909
101167184
140287203
107340560
205775678
130773835
253163397
242652831
190547726
190547724
116631655
101639738
253292452
155110611
138955147
263076514
124273490
127354116
88800040
120549099
96585164
99841321
99840339
99842062
98556289
169379629
263103872
80960379
96586619
96545980
23419837
96586275
116159610
116159758
37152459
68544911
23419849
120562081
248647147
248648739
23419286
262659361
262659499
25002996
262659503
252357239
173450017
36318442
248647429
222723865
248647151
248648831
248325893
173911273
56608389
10761045
213887348
192951811
97482660
185006730
49641798
262037974
97510840
113792524
123442683
96578220
99044141
102758612
96546413
248647962
173450007
120553742
29358919
248647465
96574978
98565290
225272851
140995014
121172171
248647942
248649121
248648749
161527280
206086399
44957433
71969189
206086385
247906568
96585096
33456784
31176341
230374206
144317167
159496983
168670622
262757690
191367233
216203925
248005861
96574499
35827893
175688128
213561326
216476652
59417565
16315604
21270873
14664797
225171187
252596726
44822414
85241599
130773581
169898622
144465692
128326558
122868935
214077619
199738569
124887319
73402261
196817440
122872844
134852123
145371331
15592555
122871553
169935820
134918122
14756752
96355403
133828344
145400821
242443740
86422848
102269834
124887160
167509345
214922143
71160433
35854375
240945721
147816603
125604018
46695788
201648182
73402712
164540335
163812755
127354563
117005222
117002741
117067791
117092739
117668488
117092346
196225116
253246736
257842985
114401400
107342624
191367231
130784837
10665099
185862240
185862318
253238627
253238752
14057122
253238560
253238693
253238558
141733534
133830464
148698059
259487723
191367235
253292625
95864096
144339629
164536161
249896790
247907171
127353208
213558472
262726661
114686124
253052221
214868000
141096786
263041948
195193708
198914731
263105384
99840335
99841323
103475439
176523008
262674256
123442496
96575195
96552743
114436877
96588246
97479944
96573804
105232101
96574554
29374259
73301168
29358917
96557003
96579685
152410426
96574660
88046532
119315429
262657962
262659430
262659363
136741809
188996255
248649167
248649183
188383661
169380882
148868181
202962175
169381664
222723901
222723849
169381544
248649351
195994163
148868218
174933156
58085266
91457965
91458039
56608387
138148794
225175101
225272889
217519131
225272844
24908728
139294352
10761035
79192045
155019717
201040164
229769123
97483782
57839126
72306483
189263945
96585094
216203908
44600816
181218514
70802398
67817523
38716701
59373470
38724820
30736908
205315716
26816020
212317694
189340974
145221012
214656539
108711448
73402013
252159969
122868843
43184419
140333216
207565561
197513057
125603726
163812757
216203926
240952290
251392296
148809089
188831521
17896375
249896780
130978291
187836939
97044050
253238605
253238864
253238571
32431470
145389930
253127861
254082314
208529064
114435432
16700543
260920529
117067668
116958202
198436022
184591872
260920302
143808491
163812264
207565582
111287789
160758705
122871254
145563651
144339671
205507357
102523000
53301449
205003080
207809432
85187510
47069770
108879854
50216162
199533034
253238717
253238676
253238654
55848314
114687762
128325872
59260726
187837600
125604621
244170464
147816476
199175597
216203895
97001657
23417232
156679998
144465313
249583081
148699405
164537913
248907157
173011802
214498249
101172992
100313433
144506136
262462676
127353205
191421740
191357890
124274127
263076532
101638257
187328651
198911502
263076537
96574655
263103905
262653892
262659349
248649359
262659497
262659505
96574651
25207496
88793414
249168968
107034694
56608414
96586061
96550433
96583536
140356410
116567734
31191575
97517789
96575197
96574475
96578151
91089991
25680198
116159605
96552861
23636726
103869387
209379657
192951535
185751240
202643910
262654615
262659828
98132091
102133346
262659857
102133350
262675046
121181005
248649345
36318445
169380289
96584539
183376104
222723851
262654656
202645286
202642836
202645039
248647117
248649068
148868228
213887376
248646880
169380051
222723859
213887372
177344431
195284057
102269571
163148649
102522474
39776470
23401156
175717881
144313068
217180913
146493812
146491787
33457444
120553392
96585088
262038046
190511436
252400938
125603994
108676085
102269828
143864330
114685361
35816752
122873155
247667048
133830769
246532689
144342566
59417596
144339394
122173159
73402707
17475520
248907294
124887309
246532698
96831179
89253821
260920860
253238733
260920640
88797383
225171188
260920553
252819397
31176348
259485525
222677686
124899043
95864369
115258210
114288694
253049940
253052042
253238587
253238616
253238815
253238663
253238731
253238652
216203912
196768430
137071234
253238682
217720246
108880163
112266323
111421934
112440953
130026105
117067722
117066338
117067809
117067185
116913207
117065595
257764012
88796301
98565660
88797299
151509477
212606771
187839394
35137790
114689117
154184498
144479130
133828298
50584551
14381916
145418108
145409886
71168888
91399261
74558400
133830968
200629563
197515111
204064833
125603704
198898289
102269575
59373876
141581305
165968957
203912083
191899298
204012982
73402579
162752495
207562558
79553233
254082853
59376405
21384612
170432553
114403486
101185932
144629651
101171557
102523004
201295614
50584578
44823031
114402765
140286209
14666198
190547722
125773044
201795376
138386783
88794074
253292318
191357898
68240828
191357966
198942328
140131872
102133444
209409251
174183054
171590690
171588203
58563748
56608379
56608420
96557381
23622115
163148217
199124957
177440558
78966160
262038038
96553648
116159651
96556127
107005107
120563209
263103755
99841292
248647499
174183048
103475443
122443400
262659830
80960697
213887344
14757858
262655048
14758036
262658375
262659357
262659422
262654611
262653825
145418243
145429653
176522998
248325904
169381000
192951564
169381637
142564735
122522161
32224389
96552105
96557695
96585092
33457175
248647283
32224894
96585454
96551844
71684362
96553661
96553642
96554720
96586277
146036432
96589396
96575181
152457920
145431623
96556802
192951825
248649046
248649129
166538326
252102524
247906888
25002914
25004229
253664048
248643008
252400863
114688795
121656456
247906779
147816442
125604088
96554095
163812405
97044624
73402072
145423347
73402616
73402138
147325988
197513813
73402699
96580049
125603491
182114866
197500294
144327141
144758002
145134449
148809454
112204069
143865954
48146944
125604022
145562501
173130479
148698511
77516384
147011340
73402704
122872438
182485554
148077332
58189762
81076766
248907345
14756112
214922032
55423168
38726682
117023757
117067873
117092316
117097636
117092433
117095984
260920702
260920820
123481774
252401013
261816469
160827736
114435471
252102345
214867848
247199829
253238661
253238750
253238703
257842848
123155090
225175094
253238680
253238712
254082528
253238755
253292470
253238819
205483269
199240755
164538465
251392256
35813842
115533861
144342743
162175754
199629588
133830870
112440965
165844531
207830739
145426112
200851732
124887162
166119562
252159520
14381066
82003974
254082533
253292354
168726375
112440993
253292472
248066597
86581086
131280536
89233468
131280847
107340916
112204182
114402831
100314621
107339722
112262776
112194753
130783443
114688597
1651271
127353612
197161460
102134508
191367270
189203887
263076544
263076509
114689216
124273262
213887364
213887354
174183082
173449834
171590059
96580238
171587979
248647181
96578149
96578117
169379744
262658414
262655050
169381040
120567796
96585616
263104224
14576206
262658355
262654601
262451844
103868965
262659859
262674232
89481771
262038026
23419696
67242092
74543595
103475435
99841397
263103800
263105116
99840337
213887368
213887356
169380835
243165669
113792426
48005225
96584549
89481985
96578497
96558056
82938828
96575217
33456786
222723857
36624540
52865446
25207703
142624421
10761021
120490887
120550948
79191960
177448748
216007060
263042849
216007063
49641860
25206701
96575253
75332702
169381649
110205526
44957871
242652812
189263675
201045688
32223587
44607006
98132851
98132847
141014186
146493045
144312303
141014236
53296771
181218383
181218227
59260428
140131213
114687857