207256575
73787185
204078065
249157126
215141307
97594364
202895291
78632968
261993078
249693332
136539753
137241901
203231463
208289515
252858860
127654479
252564161
69624539
206308040
77230663
205745317
261038018
199901869
202891560
572985
200780121
192339430
162426359
128635778
253358200
57905707
251279426
204661038
262454618
247289798
70743650
249160358
188535338
255611962
192339905
262454612
143217511
255611966
255611968
125528587
249157118
132366463
205928397
158307840
208124554
262434320
249157121
262806663
255611963
77590322
208121657
251577063
199176577
77403145
82518650
203231461
79110444
56307244
207494283
192909294
262725402
77109217
253358313
193988316
252857451
129355968
216406450
94803796
141002533
87443841
107798663
253357802
2286207
262972749
132834653
252859177
54694180
200634061
782280
222679649
159385675
149573908
249854956
262972627
225911092
189945399
214493613
56819709
59049716
217149569
469101
198643651
703292
88197002
253409742
245769552
96029968
447075
93843274
253629740
23199426
107101956
252583316
645882
143219853
199607903
98740795
184048136
252858864
73259735
252035448
777248
73175842
51492508
97589652
219161866
73191208
159814706
208100977
243090395
217336263
77032223
251345289
201936428
344772
192704701
3642099
7164855
263035681
249795884
188299042
207891149
74429414
2298675
253103843
539773
262525575
254896309
76393256
191058455
58627102
59362957
59553864
54609022
253136513
161386560
368027
54046994
74695662
253402961
208411743
242426795
190705740
16258388
252035428
178231985
260110370
535728
178231969
249680747
435394
190087869
215197002
610612
186086953
253136488
195287449
491712
253107375
146286394
551419
45874028
532680
195801973
262899519
262656137
149781293
438722
480226
204661036
214658780
77230657
192048663
214075597
262433886
113540586
602472
206784509
4115799
52749308
162867684
572982
202529128
255611958
535730
51262941
45270071
217478202
35954726
212992667
89793156
53059898
76286241
201423942
51262938
146988862
247720833
777258
77221388
58444925
139296702
191822385
555540
247706850
777256
229773845
404185
829894
782188
248694881
375185
242012337
555376
213562693
87236131
536094
252763130
97923382
261823501
198591156
191427031
186268868
248766076
198643641
258284696
176767149
99862768
262301498
63473606
47579026
451720
258284698
249382475
90522883
206607112
229697387
417214
573933
2100375
213794737
94598138
262582158
98044280
537793
77721043
96057075
532967
195863818
8121789
2298745
190469298
2633165
545018
87823921
53486725
195622829
425731
129381393
77230659
59594013
261833329
247720839
45842927
625319
73687713
177774600
190464438
201944130
564848
205039747
574676
104558877
2792861
361905
190703416
518770
201852674
196423948
51251645
156234335
207903350
181453960
252799690
479818
200617429
100858080
817338
77105705
555428
134800375
217315514
193204742
248740094
343603
192108023
31515333
491744
105740343
31514965
185443169
200820355
555128
7922982
199176573
180722555
116961305
782185
192666016
781927
34747773
217351146
185225539
193419081
217764542
602558
190087677
168905922
189539463
598763
777211
249575697
248754503
77109213
440757
7164863
178533661
212992628
782255
612230
249653780
777271
480164
47603311
249880906
341868
258284530
637333
694264
485347
193615814
469530
2422007
555503
202413936
578595
213475934
341871
187843329
73879863
777249
345977
177619618
338825
192376832
207341135
212551848
179954128
605785
253116243
555456
148802206
479042
491733
777241
602533
570299
263072552
129355973
1953613
127250552
193204953
177775337
137694366
344820
1466877
601940
782267
178606748
253039788
186140146
202010191
474163
101476984
777204
262067461
142791749
746432
227022546
214188740
491336
11429314
242079383
573663
139296699
214815753
253470349
258284700
184243089
197084477
14320408
491432
262525563
193897105
195827102
142474690
247061561
8325629
193203694
247298277
696038
130776819
225211779
782211
404270
10593958
49203688
249696127
491331
10694011
263209899
187598474
262691668
420536
250199060
113887616
250017110
192861513
59049712
184046795
2634077
200618721
203293383
72225422
261833333
2634065
2634061
782217
2634073
244318208
252065593
194769512
62373313
440762
181699630
58481323
570810
192659210
252799818
13841533
63448526
184594792
782222
42873277
96031639
263210016
559192
1646893
395735
194810669
188255487
197604028
210416971
187555897
251470277
392830
203701744
56201029
96357341
573669
263033577
159034192
218738571
261839250
88917386
191911823
73215143
922383
263033643
225240989
242431170
3037365
97106806
195970094
10564062
72467561
261825638
258284526
203049353
194584014
54393807
198698531
101423646
782260
207007912
128711518
22145193
9859632
191675223
156234337
453654
113932636
210417461
213930936
344671
205021655
2686383
195305482
198901131
166079530
196193539
81506280
253158453
217764106
160138344
252079113
250106329
193710117
180750089
207825239
214908487
23266928
159026629
90374714
249824534
115254520
230206912
195288444
249938039
201430786
182098743
491739
555934
200784012
249388540
194149965
192666112
149534851
95938859
198295604
77481121
4291941
261963576
555491
185443160
252298718
11425587
72513472
22967154
261809676
555497
251532615
181224910
251418137
194752132
252867068
193107144
249878103
626044
782184
217765669
252640854
160368513
176711553
262982820
187445838
464044
160518496
222354233
249940631
221231173
191635965
202730739
199006667
193712924
625987
174588395
261962717
175453755
2100377
535664
249213568
249672037
191954455
262800492
53387768
201610672
248685755
159259044
261833331
16239406
215151134
202222456
242078514
225211783
192666645
66682001
491479
10593956
187595257
208115491
1275579
225214505
262045087
404259
127551334
144379630
191949170
262830549
205691837
207903998
104015147
55881500
242710930
247299379
250466803
214154706
203467895
218738574
212565105
177775075
247719149
57648722
782288
190755666
160749850
261962651
492482
262456027
214608854
205830035
247466168
2376349
140579110
113117338
203925756
197950185
214922338
198354003
626178
44822280
184410400
161903453
222399036
212557360
58124068
555502
188730962
252876992
216199560
212957212
215802336
7611825
160203267
777243
235877749
249388318
79110415
188299208
199898528
242200485
252641133
192473000
15722679
593507
38110509
57219190
126765680
242435700
72205999
201936438
197641842
251846871
541217
249309715
538029
493794
82489342
177273116
210418052
87914183
262045083
148600253
75490758
111614742
252671722
252649219
182458151
213771385
195288606
421864
225324237
75490756
559738
31514485
1466879
777209
601817
247883810
654683
598731
75490740
214604197
202862624
343538
193916527
253324879
193616226
493796
437963
22145348
782289
213562543
555352
531638
536082
535398
52105383
345306
1040334
190110263
215802334
184788498
493793
536348
217478628
212957257
137555859
892681
782181
3308019
75701477
199007155
456670
527555
612184
190537933
5221847
154856690
777491
85034910
90521130
250015936
83331057
57150157
261833294
225240886
187579654
7164871
85034902
777251
197086029
184832973
159811028
115977795
626135
554336
261995739
252768466
214915739
214115152
261962693
215802399
777299
195255676
151757137
252768452
10697512
204765735
249032824
253263810
193742443
251417946
35469068
202490787
107465518
154476165
261839247
1466875
342923
249681014
43435513
207782093
490961
56796547
213837393
261825640
203432795
195351455
85034903
203292352
242436796
188300669
109018532
184645958
95921504
505337
249658158
249388486
127032719
62260240
213574788
141002535
192862164
105379386
201072669
252389230
203054420
193720181
201610732
147319349
197623164
193623926
115851289
391943
225241037
208442994
258284702
89751486
247277664
181455473
195287451
32895023
248518549
219156905
253324874
261809674
177751112
147371254
252640146
258284524
35467716
424991
99056066
193748586
626080
249784851
152646010
219152270
7922996
248585114
721695
782297
248879947
261825644
82413531
262656096
540909
252585377
201936415
150939651
192354884
199236544
212958644
113232145
73518497
970455
111871954
526394
214500965
146261182
249238051
202007364
585277
217626013
782295
235538255
175810548
479343
195863823
159810974
4412663
252799533
191977797
200717379
205691734
241674110
50737383
219133280
149268117
230083794
261827077
215221504
45301610
777240
253409866
217764032
214759141
261839259
209389390
22143437
225324660
206945191
141298993
260925986
148556584
247952484
221231248
782197
179397256
218736549
214595779
193916523
49081249
173691342
250582549
159027109
248896468
55462096
203231454
212463436
550673
193206348
159026595
248133410
247657977
243034958
215725870
214113919
782180
177771340
225212297
206672697
197529892
558399
213930855
639292
214828993
11336319
185862584
207768466
214148000
555074
444160
212461814
782252
191655870
188318625
217144140
188375370
135423741
199038514
154245322
242079399
8870143
430590
246160445
253300487
262045112
261823530
555468
639282
508217
479105
470976
217471855
177339212
252578797
8145420
160784182
214921435
203052377
196055100
258284528
212463237
214200529
197622858
253382145
210524736
227161139
601739
10272331
626099
163792980
442776
230242028
540444
492472
341869
526152
507297
252683234
203840835
243083985
97015774
440777
252576918
260795367
248773381
148840299
653827
217613538
91130653
485426
202805801
214591773
229968490
137555855
204340137
199006665
199040244
473073
2881985
247730178
216213273
241630970
201308196
576377
533662
656940
177720515
202064932
195863531
385317
240330674
252632452
252273600
143523990
252638969
252671563
160518644
217489782
530722
555571
557785
438415
38110688
137966954
241959892
249289712
2422037
12701854
248737646
249679379
777259
152105126
187588259
247346342
497062
197623337
249713367
215221496
129291734
207400021
210418154
203244414
653837
527662
193916525
246160527
247286365
455153
249348745
222607408
341870
252605703
252393301
252389659
189538745
71078790
253282586
366111
886990
212461937
212555720
194473096
213490742
118796453
190606413
202179538
203848487
202885394
218736552
113067714
434169
626008
249954027
248739795
214933109
225212307
188315369
242079392
127031650
260918263
261825665
252352153
243083142
487312
375414
562866
248986290
61794281
252403945
384833
129138472
252562880
519067
262016189
450031
572427
691569
491436
194199275
407329
214595432
67869933
199752906
155443649
143018635
601538
626157
230206909
195288603
250017025
155495176
249853625
248986502
555969
92456143
254859498
530451
249157616
160437299
540170
127031969
252678459
492484
252641303
52720927
247302600
128711483
225386357
585282
127031553
253087106
520551
541035
253300500
246160518
253398050
593496
7164815
585278
172475708
214608654
1034962
202797518
212219587
155351480
109862055
636351
656550
193714803
221730264
248537824
50348649
248582223
250106562
209378536
217144096
193746050
193745909
202725153
259564142
135457175
261823837
249646727
155495092
196341439
261025816
247060032
197627274
215545037
250078035
250071104
215077715
225386079
146361602
246160523
253326509
193714592
195288421
1651883
214189056
261823520
247460114
252012904
250014779
185443163
199974940
148750671
7164859
31516133
6698223
246972102
252640257
252400495
252578473
263310993
252605584
205379702
186677709
253310554
127033157
253310559
186677801
261839253
252311535
247659661
262766048
214595963
193524258
212977408
202413871
246282854
217443646
203216281
205428004
204766203
897829
230242263
193623861
193207859
201090284
149180941
193525701
197634896
107651085
225379866
254188275
249784853
128626496
249371396
249646973
144637678
261025841
155439952
217628163
253042524
130770932
148793866
142815564
188375702
199126384
197553975
198584904
248797139
252352148
253324867
252352160
246160514
252352151
253300451
116936442
262971768
248519227
250020649
189192877
230241773
193513986
253106993
10564095
31515508
252390075
220669551
507210
57219188
247799397
210964838
7955529
95016543
260668103
195800705
249348756
252584421
252392927
252632525
252276404
252401702
252595820
252562095
212475170
206667793
7887166
200816346
200816251
209377395
261962687
203770429
262983687
252764745
263053857
192861515
191919685
190096858
37134822
201072625
230207734
202880190
162475642
235512190
79110416
246282706
195188038
215077384
202794325
248705002
218748235
195287260
120183238
201802639
166625649
214595966
193615830
215725868
247286419
202879145
202413794
249650107
247960708
138932012
225240882
186880516
250053075
249970671
50351009
250717672
261823863
172072726
155437847
155437280
155485218
254896247
257835488
144364447
261025826
146520128
253039784
395055
253324872
253346316
249569643
242193643
225212295
203208535
194583550
73879853
261809670
253300564
253326514
246160509
214595926
230241825
230242120
261809691
263201918
227089799
253237701
247275607
200628621
252605357
252639157
214861572
252401657
137941297
246397594
191956092
252574277
191422048
212561869
36313846
194521193
200766671
200766684
250003249
190106516
26412710
77231507
178470875
230207499
36700805
194457837
248707362
113569124
203110196
194005435
182100178
184627972
203000406
222605843
202879244
262837540
113886645
114945430
193568468
203176570
253273929
188975536
261823853
253324884
195738979
250054533
248569078
155467554
155440487
135444726
207768468
207768471
77222756
216462162
225212299
249244248
7887164
73879857
225386081
127033090
262970964
262552337
253324864
252352552
252352310
253326517
263034848
782273
262045074
193513492
247460199
55461809
397199
149355252
252562221
252635457
252649221
252630581
252635446
252630188
252279276
253310546
173972114
54356103
74749031
203128188
200847583
152550040
782283
177084732
262830193
174614182
196156424
208678745
215661661
204766205
36702021
194468325
196203091
246282647
193524473
76393258
32894860
32894943
161923173
192861543
214922295
50741399
50737210
249371765
198295853
253271435
249972297
250102922
160392839
103798987
103798886
155443703
248538740
249371650
253324881
136765425
248544035
250017500
209377452
146363608
207279606
210164009
129138530
19342908
225386074
127032110
262802823
252352155
262459759
230241951
193515161
195863529
249967641
263196062
262656149
127033403
248986429
247461030
249348757
242423740
263289997
212567516
206651330
174849006
252630160
252632422
252562245
252648306
252639138
252401693
176777532
262982805
160759027
253310557
10320714
190827169
221231298
252063526
249092171
230207593
192169323
201798416
176769569
209196955
235368633
203016765
214608008
200717354
217143708
176767157
262725563
48493281
178313412
246282768
116402844
140173688
246282737
113955044
206673650
201072618
230345173
128633391
250101206
249272275
213706696
226585305
253324877
198918606
192666294
194198009
261025832
247950501
249955964
261823865
260669136
253043080
155452500
155442588
160622679
249918136
249784842
439128
491491
508559
201090403
44820567
174263279
201855854
248538332
249238033
2422031
799717
213586333
191258974
214949001
252307006
252635748
59518001
252580611
252573771
252580160
252580446
6279787
260115317
128711494
250102437
2912229
178608068
195852047
138463768
215908520
146361124
246247172
252084187
255464440
86024095
253326507
252352157
491484
254139332
263054253
253164972
246282673
185447934
154261373
178247139
201072695
203462348
230207732
218736555
193685555
154228312
195478727
235877756
216213271
201476080
217443201
195186724
114237397
218736561
218748266
113107907
601553
192861545
68752192
184601543
250020214
255611970