1688439
2499555
1586131
338986
176535177
516323
435241
139246625
2466589
707577
435245
193878505
193737122
688847
22985178
35764348
648043
706959
116194925
556066
35896759
339199
2502989
195283730
2499757
31878728
50247557
191800336
707147
195283803
195697019
50078730
518348
316834
213883758
102758488
101871822
506006
50238818
31878720
253264574
195696995
195472289
111201640
2466577
191779958
66105295
103475195
142476373
195283805
205807584
2466587
102133260
248896340
116877973
263244256
168006464
102758279
195472360
191779213
176431490
263450700
82388784
55288850
263255871
2057145
73492373
26440298
41588665
167682955
50078772
101870954