248635637
258497234
67628717
108220273
213913043
193625106
188655710
247668391
206140990
253686803
190553820
161213006
144341231
108746427
59074015
58925061
58925069
188471128
188624738
126890600
258669824
225272859
182486748
76366880
58135572
188470676
248635536
161253546
116159753
27615236
27615227
166123403
214824116
257835728
27618544
196488252
152186140
121228758
261952465
83750910
188409015
146081199
108326593
81503777
247668270
147857903
216228104
162137110
185397541
194826223
181257361
138661830
193136241
191773786
214911536
191770252
257835708
191740369
61396249
207227373
196441590
100975248
251997572
129712491
198780886
184691788
201622816
121228233
182484051
249220670
182134511
258805603
87623517
66566749
172164083
63146546
262305059
257835780
213913664
248841431
162590787
25538394
180223349
242105449
56606883
257835772
195190165
56763079
215912988
215321886
190489604
207656559
254137893
188454523
183921241
257835629
252786872
254082783
138661319
49712843
254137913
216023524
253889566
166000448
114751521
23183850
126890506
54930693
252798048
21011858
198738789
252858789
192936170
5434363
27615235
82176747
254137873
102759987
195742445
254137871
82938773
254137905
245221936
262881741
253889600
253889594
262885767
247816946
174144657
242415064
23411632
257843282
253889588
190315443
174144911
32224107
13958480
257835746
192560654
59357072
199902115
43398420
208418840
246856717
59358714
247668007
13892236
116159665
27615218
52429465
245222229
100592989
21009559
190315445
109834852
161226146
144341359
27615258
117031434
58116930
217778213
191773838
184756329
81511224
59355742
208030600
99089224
64712006
247668276
58115236
107375580
195744692
190824223
225272925
28081872
117404343
126527789
225272866
245218872
195892621
170682180
104492211
149567729
259486311
63142080
110918464
193003657
74992417
59361656
194958651
112660579
59360572
247811885
246168453
23228343
144045600
174145623
83686360
2447903
49129533
259485759
23365777
21010510
104466528
259484377
257835770
94705506
192172282
192258299
44310449
193777488
197459957
254137891
259488827
77040320
185124290
253889586
183921286
148700435
174511269
25538192
84873896
26264032
121686585
254137903
243244921
257835744
10237041
149653551
167437655
254082591
183920152
253889576
161961355
195783396
103942634
121736027
91833686
22159199
25202231
81836610
190555700
10237047
196488264
242415060
254137907
254137911
10237119
191548090
253363989
10237049
2447901
260438926
262877987
117722573
194958642
166003849
259487645
190681128
214140346
43893360
91833302
194958660
59411874
171590349
257835647
10237043
111109418
145172076
94198594
54445072
105514279
213825243
199913890
262569778
252052028
188954636
194958644
257842930
180575664
25538467
144342814
115224222
262074704
257835726
257835786
247554904
166001687
220665302
27615225
27615233
219405950
2292265
174144487
196883311
193716658
55320725
206123330
195745585
57710570
161228286
166001621
59359406
245219333
188658168
25202205
243034078
93837747
170675483
81803477
83686632
83685516
32225556
24645976
217781193
5434355
245218237
174144558
116159661
196487548
194826156
257835623
169379800
77182361
261952423
188658028
83685712
117975261
193891364
133896343
257843185
259486671
259485739
144340081
63126633
116851408
23377287
257835617
116159667
118693211
191521517
140947035
225272855
261964315
49726583
215739657
207656777
13980269
163821646
189943390
148851077
48214277
253655072
93835167
83686320
83686005
195744558
248840075
73402720
201565354
10237046
192258268
23547463
262655054
2292269
253889590
257835754
257835645
82938879
77051538
2226069
82390899
84566948
174143790
262514573
67242159
188658124
152192939
217536006
180536270
215960492
75332320
75345788
155832976
207562598
138661451
54925980
139145330
132889329
121736014
55681699
217536014
116852447
243139990
252636242
254137865
10237050
196488285
82390859
23377415
254416131
84873878
84873875
254137897
257835774
253889598
257835732
242411415
171587966
196488256
58010640
59378388
194827354
121691311
248696793
196487859
195662082
13745815
127354537
253178836
174216210
55681417
139471763
174143727
14669377
26048317
190726768
16364563
250004302
25202191
112757793
21341293
197499396
117557250
204636421
108264219
254137875
196488317
262885528
62879981
32224648
82939115
23547458
129147644
259489079
259486191
55681724
146970720
28320162
58423031
185651574
83685405
151833078
82033305
20639991
2292205
116846218
198719377
188954637
23547466
245227927
82938842
2214955
84567244
82938765
84567112
82390879
174144372
189700796
2292253
145220659
252803245
185651559
138661566
253889580
98132409
51991791
253040933
257835621
119699199
262885603
261964185
220680832
82068917
3159449
16136000
13737722
165069479
142672070
63129381
83685732
103814034
132889097
25202202
184334058
21485103
82390633
82939180
174144071
103866582
82938777
82938846
73766814
82391725
254137909
82390847
196488289
253040980
257835740
253889578
117722600
129147770
121228186
208134666
259485230
259484705
194958647
248211714
158709693
170653516
168369086
114961734
207562549
196883344
100286247
184906560
132889161
134016813
73402301
146652211
23208759
184906351
207562595
143115023
190631571
196487922
147326468
23270244
225962817
21442521
207777608
73402280
190681414
198784273
159035657
145172487
207562597
144474915
182297841
26148733
194826374
175956059
249573580
14452751
3679689
162405514
180531120
142311774
40192947
259485023
194827237
162136856
174857601
191773783
134937575
174857524
184904605
25202243
2447905
194827730
201807196
253189635
254082999
254082910
254082682
254082542
249153180
205897681
217419739
183725386
2226087
215190639
16136079
133104436
214050930
190824039
190691330
204916791
204915585
116116066
183920861
183920981
116116320
204916961
243087791
199638494
191421462
201622365
63154948
10237048
23411863
263201516
263201546
263201774
263201544
196488295
242415062
262982149
188954673
192258281
147977904
3521223
196488248
26613917
262877883
23377125
262884314
222723896
253040955
253040970
192951949
253040972
254137845
257835724
253889596
257835782
254416106
254416108
94904391
23639499
23411097
123442395
254416144
254137883
257835716
10237057
10237044
10237055
23377485
10237053
100286071
263201502
263047019
263201760
263201786
98077093
67890383
66105709
66105704
121228347
63673421
52416184
98071074
244170513
243223425
189943141
171437888
144200218
13281390
263201534
263201524
263201469
263201485
196579719
263201462
174172388
66403646
263201563
263201561
263201552
208403415
263201504
145171940
249764474
194497154
199684152
182297827
2825417
122869696
122344748
207562582
174857056
18261251
164539777
194826550
18261373
148809450
133781781
148809435
202877530
148850234
188147621
247799350
194491287
225304072
130787666
259485732
7558615
248066675
117904181
251460263
259484573
185651554
254082339
205583176
14452778
198672573
174858022
210321066
210998246
144339401
190681149
247811829
207562584
126121376
198078375
202154638
145134275
14452754
18261141
145171380
14452750
174858215
126527760
254082856
254082545
103816313
262460496
198294919
252400887
248845619
248827846
248854295
188832620
262495045
109790401
172993578
190693138
112077730
204931377
204930997
109790385
112077527
204636472
116847830
191388961
199946854
262478841
263045882
216365870
195105001
63144806
254137867
263239837
23411175
23411027
98078517
263201577
263201770
72165857
196488283
98132395
25004204
5434351
103866595
23638746
35507150
2447913
5434339
260438868
257835637
254416104
257835768
257835657
257835722
257835653
257835661
253889584
242411413
263201793
263201762
263201784
263201548
23377381
253040943
78554669
196488246
169379792
263105047
249272727
249277171
249206870
196488242
262885616
74207899
23636126
174143698
262982104
189475512
263201736
263019850
253367694
67869849
189173712
48602083
48602132
215914935
194958649
117722602
263339413
3679677
259488626
259485744
16961138
263201565
263201458
263201471
263201512
263201754
259485116
263201556
131531008
14452766
207780349
210276297
73402698
198291977
138661469
207562793
229004245
122344730
189339998
204740281
132889019
10237052
190821451
73402801
26542938
145172654
190819591
14452764
166004408
23037292
254082739
14234942
258475796
185651560
261075567
259486833
262483549
217420099
262482327
262493747
4363499
27557409
172682250
262512213
125508936
254082631
242739192
248546120
249009743
248546081
253276525
252785734
209183414
190681259
122344763
208437832
191781164
122344747
95205843
58242056
206668318
73402789
251656601
198435648
148809220
148850803
138661628
208437827
251591687
249588956
95206505
103281821
58241919
105167693
259487806
259486478
254082350
259484793
259548367
257843307
195342118
198412228
164540756
162384449
184670691
194491735
133930088
262047369
176128561
174858690
170651016
122344762
194826299
204766239
198436079
214003269
191758810
116845096
244316576
191755799
214001485
191421437
191388943
144405361
43891432
144756834
262499661
263047011
149496552
98085602
262655056
263201764
263201778
38110910
262982088
188947907
263201460
242411417
249270997
2174687
249273702
78555405
147977836
174144135
174144771
174144270
174145328
59397302
59397117
257835651
257835718
257835766
254137881
254137859
257835643
38111040
245218365
253889570
257835760
257835736
257835714
257835712
257835655
253889592
3679673
73766958
32223290
32225184
82390821
222723885
82939188
23411416
124041303
48010678
10237060
32225337
94904409
72165855
94904393
107005342
222723839
147977894
20279509
58128540
66104966
91833279
188954603
117722569
116470638
262982208
63673370
165070615
122896584
66383922
66397012
59449351
259484887
259487380
262512211
215119980
217535952
119315347
262982095
19882324
10817544
41876954
263201473
263201550
263201456
263201475
263201489
263201526
263201520
263201583
263201510
263201522
131529754
263201579
263201506
171590012
26103959
190819509
14452732
172841163
174858489
183041808
174858054
55681711
73402377
92028143
184908348
114751258
184903732
199567928
194826988
138661585
243025322
194493923
248849662
252811860
214615616
195743084
253295271
207747176
259484636
249220438
259486516
259487912
259484678
105515767
116136095
20820701
148699925
176128627
174857132
91847901
155566434
173036332
79581974
168925989
138661956
198414704
183039548
114696355
252788094
195743356
188413260
20821008
249086313
14452758
63134349
207562543
32223239
189942770
214911253
15169499
62880042
138662080
194827642
194825955
190681044
73402070
169848938
225304094
208437837
14452734
14452782
262486022
133422287
14084449
262512143
115260379
116849555
214059684
204916888
190695567
184131641
204931703
197422106
204923231
244316583
262499144
191388914
201099398
199631558
252798049
158843448
259485456
258752367
152178994
196488260
196488268
222723887
196488250
120550802
2164399
249204809
67607457
107005238
254137899
254137885
257835778
257835673
257835627
253889602
254137851
254137895
254137901
257835675
257835663
25004305
103866980
82938775
23411237
257835669
91833358
55329302
262792497
98083768
254137887
32225190
23626823
68669158
35507106
50216593
196488305
242411409
160671832
169380772
257835631
257835635
23411471
120472140
25004018
149065493
23547460
41375118
98132433
263201466
10237042
10237039
253040947
263201758
67878773
122698715
72555673
215914933
25538284
48602118
217486428
244173813
94702949
145171285
171546919
214170664
25202179
25538576
13136950
13365371
107033623
262486433
263201481
263201791
263201538
263201491
263201542
171590029
263201464
213558195
263201454
144342590
3840039
208437829
212014631
209233741
25361271
138661782
196883294
190819279
144046509
149567543
147120342
60199916
14452755
14452748
19578495
148810045
21442836
174858280
174858491
248928146
259486784
75329250
11497091
138559108
25202208
249153019
252794399
249153182
198269652
196182370
249220400
183041004
154715852
122868945
162019579
207562580
174038533
104272839
262074040
14452742
122344736
200962902
25361613
207562586
207017975
195896530
145172438
148850227
207562604
145172652
14452746
98846675
254082963
20821136
254082645
213840793
81905092
201798949
174857948
133104802
144758064
207562587
249220648
191773827
204766246
252160539
205964015
190824334
183917498
190553705
214000517
204931496
252159914
112077858
204923164
188784937
191758805
183921359
172995598
205969212
196487789
262525423
143614069
46824902
262497487
191421467
199515077
191516971
259488204
21446629
262885168
68669160
19238759
27539428
257835748
254137915
257835641
84873871
23411012
72165861
13958458
38110973
23411232
82938761
14234099
23411064
37795116
2292233
263201508
242415066
263201768
82390839
72165863
263103944
263103916
263201571
98101830
98078026
196488244
253040938
196488254
196488313
253040982
262881706
257835667
257835742
254137869
257835750
257835649
257835776
257835639
72165827
77182532
107005242
3679681
196488307
147588067
253040951
102853380
195541268
189177250
263339419
192258381
263339417
25538535
196883336
66104199
145171205
21342874
92905740
124041135
14452756
263201585
263201483
86406609
11106983
217751041
263201575
263201569
263201581
117722571
263201567
263201518
110153289
190680888
48050463
144482813
161254329
145134542
103284699
32958624
210440465
147011630
208506021
10237056
173661096
190631566
95052016
200646272
192306025
148851549
174038529
31204104
208134956
182297849
174308605
122344758
4363549
76041256
254082737
262304817
262304988
215034625
5840357
259485045
193446499
248831749
248838316
249000868
247972642
254082398
174857820
162096694
198412013
116618144
193702075
214911443
247763612
170650038
198412287
170653327
174858476
208437844
25538174
254082904
262515438
262486700
262478959
262480162
262512144
262074689
262479948
109790419
183927395
83682724
145143196
188784324
213998717
191758803
190489678
172993808
188472291
214055815
190689650
183923798
25202224
58202338
21013121
23317667
247811935
63143560
263266454
189597399
253040976
196488266
245224117
222723883
253040940
253040953
23412064
91833254
32224589
32223292
123442040
171587959
196488299
171589327
242413922
174144693
249206537
263201514
263201766
23631287
88809856
78555401
48010767
73766812
77965935
23641310
25004091
3679691
253889604
254137889
253889568
254416102
257835720
188954707
10237040
253040930
196488262
253040968
242411411
257835665
257835659
257835730
254137917
253889574
253889572
41494987
35507110
48010588
189573934
174144583
263240167
263201776
174145501
263201734
5434367
248930456
48602152
262982154
194958575
194958571
25538103
166001654
259486935
192951610
257835671
263201573
263201498
209165916
263201479
197337943
263201528
263201752
263201554
263201559