254137126
22528018
191682238
688833
215609295
210154573
210154885
210155614
248789363
518019
25202373
45256492
35779599
198495216
35764272
5747085
436115
198638345
22865503
974695
2049009
249611076
485212
50247703
262745130
193880754
262895578
263099883
70805110
263082306
207256245
23439011
210155906
191809523
262706718
191780892
210138308
210144539
23436999
36316140
31587411
23437982
248556230
55288929
101262541
73585154
2015979
128732301
73584906
10863581
22985301
198996094
50074793
263077470
138137082
262706783
82937321
35896757
261961694
262465591
25201333
3782677
198583155
191690207
442290
210530683
193737142
435050
35779415
191652708
48755299
6902289
7203231
25201913
480952
956540
2016819
342558
25203147
191653718
35869382
22605919
74744294
44605261
210154477
195472343
416393
210154792
217513890
35856076
50074828
209391896
31587409
102758273
258894659
435092
416358
210138419
198573056
954704
198495145
198495153
315908
250099518
682215
262746444
31587407
2062057
73385342
250339537
976094
232797296
77627273
221229267
125508470
35869478
248567253
516991
193102103
193762658
44860480
263081748
45041124
192908974
248579231
907592
193128804
22987372
35794083
2163279
262790778
263080465
35896701
1390057
87045023
8357988
32222463
168040135
904364
193101829
3768807
218748224
907602
706401
248565644
577213
261157770
45026780
313772
198996365
202961869
89481481
249875754
31587479
35777635
560570
35856213
55101407
103474987
58710180
191780486
191652338
198572092
190703506
249853490
315930
143206848
202495422
574093
249876943
12030521
102758516
455957
118522587
3819171
31587450
35869376
957058
35751854
3765753
50238883
109945665
29355614
191780081
262746651
140627631
210145858
518057
2465159
1748623
35856192
174182866
516976
129662390
6553765
51991053
48983624
517989
22987306
214768279
193007617
140375018
35794279
101871713
250075356
35896767
35896775
35778413
102133139
248587815
193101788
25205760
116877755
64455247
193128702
193101479
191779038
249875468
142542352
250098579
250100660
263199743
209400291
2030899
121980276
214769091
263056359
263022917
140388875
262387280
193878868
196203928
190702939
204436526
193878733
190289330
250100422
2499583
3819049
3819025
14948162
4430621
262860065
50078286
263387806
263383860
263385787
198495283
3768809
263450786
263450718
108748254
263200380
263210278
263210020
263209530
263115266
263078439
263078031
68668566
193102126
193101794
263022999
217516537
141099835
190708962
209399412
202495799
202490910
209391301
250100161
249853572
193762110
262859337
59287984
35896699
2465235
3768837
263382844
263265611
263388567
263179610
263196894
263068482
263209578
225931997
191949429
193880677
250098295
250075761
249851998
193101395
200976683
248589375
58711230
101870996
102133262
102133082
23437274
22675086
221226501
262706141
217515390
262745287
191779638
202490783
204435744
262974344
8390230
8361727
74743902
35777677
74743888
263384138
263373333
263450744
108748257
129662376
26149128
263179546
263099846
263103298
55286797
195472261
191780266
2163723
262797508
209392685
250075967
250338780
198571201
140774407
141792256
263383933
263354548
263354482
262974025
14948170
3768859
2499711
2499751
50078284
3819115
1599559
3818671
3782575
3765697
263209088
263117522
263113549
215610006
263077176
191779791
215540801
225909397
214921689
214934565
225936420
217514425
262742461
2049283
198996107
193600659
142445775
250338328
250055627
263354648
2465259
35869349
263383759
14948166
3819081
3768945
263450739
263450648
147575798
179145804
214924081
218745266
22866563
262467976
174182992
263208274
263209013
263104502
263103034
262783230
140768504
198569265
140758671
263070339
263076931
25002440
198285430
22955702
55285748
102758493
59535778
103475218
195283756
250072418
250075853
250074269
250101527
250100020
143219828
250101916
249852184
263354345
2465067
50076285
14948168
262895700
2465261
2465247
73844057
263265610
263385068
263450752
73668738
263450796