225912339
205148094
208289682
104314228
113528319
89294863
230087269
208198121
192020150
67271338
53716219
208904481
82700700
230079413
76443018
112825941
242721616
261967577
192909304
176560456
248796471
91544546
249700235
208222226
72161356
157579054
11885886
103511949
128938543
245769554
253381016
69337688
10807784
90257133
254139686
11885884
161633750
198569572
184897049
209310721
253469886
91552304
68774260
53716215
186265470
57865425
109368962
171137376
148802202
190843369
198215147
214493605
76837849
53716221
10807782
114937970
225208996
207762488
1953615
201110678
184650965
216335337
247290870
253307299
253367688
98826603
248779150
252866232
190843478
105157493
55282245
137453693
185092235
56878220
229795095
69337684
186634401
70824817
185410045
254188110
253410409
217736546
198571322
193533059
143144351
217736422
69078513
195961943
57865421
215945425
700324
16440463
69337690
227677512
249571067
32818414
251384662
191949999
215185958
242034357
130356645
252569541
73525650
53716217
249399477
57865429
2120581
76182691
57865435
205829825
194397506
207782671
252874862
207782507
59553860
242620446
174824704
262837095
262747359
262870697
57898772
87642026
46914228
212326937
248267501
57865433
169411342
181712438
158496193
229728024
213881534
261114489
127032493
199542169
191755332
137114686
251925369
84591601
253713153
263103733
253420119
113527946
216009024
186476454
91544606
55422268
54351713
67712889
69337672
262450316
16440473
69337692
69337680
93070764
55461803
158741314
175724209
157822853
226873997
158235745
94904281
245769556
217479133
102381212
101807254
134736799
253358945
249885517
93022550
53716211
189940329
16230836
143939277
143185985
14082577
58709672
76837845
198565309
199102691
89012430
194456437
225264130
76014354
249390054
69337681
248783185
214095091
207295083
253098403
57942316
11885888
215139700
205303851
248696368
253414757
181926269
242001943
26662416
177704404
112520761
251957414
73850984
185435650
58397045
137453695
24164580
24164587
225947931
21844867
41265450
176215967
160754610
184651515
104558365
253420187
215951457
105739821
50215938
67273383
75697497
189642780
253313225
253366391
212607506
168586763
997531
262746540
194098686
262526953
140574426
215888262
137259085
4273275
230098279
253307363
247460146
225264290
145420744
224549163
190757840
188731015
143916862
230098935
249767555
257862874
183719307
184879149
177753074
187308737
194406739
77447881
251384572
210429836
207789624
130927334
193603476
155224593
217728942
230083061
241984931
246168105
69644756
149445479
71064925
189374966
252233026
246851461
188928020
37551045
199042696
261807625
194456439
24164812
184896977
192726226
199102781
253626980
261996603
50416094
262648782
215888061
247884827
23431536
120471858
597018
597005
185435147
199963042
249304586
49252832
169459481
55422286
212449932
53716212
98128673
248501579
198253805
247880154
177751423
190464328
248419962
6714893
230098292
249424387
105739817
253237676
183530621
181375519
191925607
159890041
248799878
124526073
250060678
212441264
182848762
185807502
252872742
10725776
260932760
215110820
215407948
186242148
215265846
204761769
225386339
205894415
199142024
55101334
205708106
184218176
84565197
82385802
186881395
74216605
22438901
200759332
7922998
230202709
190502341
450283
163169927
205149853
249052677
186634750
202283294
252099016
261114683
20490360
198577348
253129544
177767602
137453699
179955557
87642242
213954585
160607242
178217114
204538517
163167942
249425343
192287946
248256848
185888197
81135101
14082575
249485557
259079895
16440469
253367577
198593580
198572094
7178007
249091696
135319391
177753645
261114532
258897662
186704364
236154870
84565190
198577437
236156481
225386281
191148990
92657782
57898782
248447135
190630577
158741136
241996987
189699879
260234754
203228487
41875658
253311680
247319307
253276819
198651510
249579729
248877528
191389872
177704418
199028348
190755955
186881819
135411628
885158
189557151
204538540
249953015
242449827
225264999
225953899
249766007
121375265
260672036
248797626
27943011
215943886
242013355
248792411
216402758
254147078
147411816
198565577
1826663
176127768
73850811
203923374
263029304
258668152
219133422
6681659
252389437
55284286
254188716
241318525
158741355
191314603
194020013
199896156
163577790
225264319
251403781
252600848
215264536
215888416
184878493
242265036
215944709
252722576
222662774
197150887
221274755
190468930
254085411
260110559
184879853
87216701
891337
261038071
178000444
255719445
252601261
195469959
198779766
199049469
193878757
68586406
177704491
176752038
215888430
215970538
144523634
191592399
246851081
95310193
263048799
249410571
215092468
261799451
247935145
249668269
260735361
116158330
225920242
199896166
186578249
203280614
247782511
225386409
262734515
120471369
262677240
262909403
246167572
184218185
262688713
220677916
208765349
207296586
242075168
254123254
177273179
225953907
263040737
200763006
175534381
112169254
199263900
215876179
208778439
190468823
171624224
248986358
214094812
253419729
891351
186232577
149942466
149450897
263040619
134483206
230110133
203983547
262053021
247933465
174155641
248467887
200038980
222662283
174162809
198587095
21902438
242618038
263053359
212474343
251383926
142405128
99039404
105739815
202626965
241792316
198577411
58669302
180963465
242100098
193203778
214093796
210403793
87833261
260733958
263073382
241936066
207566240
104786107
69337686
173093806
185435632
213589294
200004319
192708076
252683432
184878656
247256981
253626946
200790008
248265765
249390319
186191660
21903189
213969317
160796451
253107110
230098177
199121044
82386386
255599308
190468532
199147491
249032109
205899736
190094912
193234694
246851201
242616298
199685321
210429944
56003695
222660953
183481526
214111871
256070566
184216579
59049720
251930476
155916241
262337502
251391661
190502343
262914946
243158518
206231397
250562229
55422243
102891013
251928366
209602626
156955450
77221085
178831331
247889216
251254391
138887329
198692549
161945348
214089949
204068853
181267929
186703133
196524311
243053275
22647623
208239173
150726294
203927148
246855001
196970436
206246606
22550131
249578767
158773305
210732354
229726586
195464670
212326389
253468641
195639906
77221593
205254898
248805395
26139486
150715857
138127648
108937710
68544759
225200838
184217867
178496441
250552334
143144179
252869398
241978615
71064921
254188222
48752912
213970461
158773348
69337678
207397502
189466675
207886613
249488607
72750579
205808063
52112442
25001801
214000421
201291899
249488811
183481609
107664671
163792337
251384718
198698711
163026861
15686495
205901824
252185793
81576416
44858582
195733031
211961545
235885090
217125788
186201745
176736455
217767121
57898770
167615251
201106827
201308278
249348677
261996316
72744013
187952545
214654961
200520544
197529755
249991294
177922007
116120072
207644855
194583816
167017959
157542780
190843338
205808061
216773646
136482513
168074345
191755684
189557111
69337676
258668092
253182373
253411931
196389367
146516793
215732933
192014722
212568523
248417514
257790404
199973221
166085318
168071590
192411800
159314255
137503549
203183808
214094075
252720177
213728065
173360425
72206781
184435575
116904711
142402392
181170569
230086118
262302702
252719951
173820526
163915148
194583801
253059026
216182318
202780390
214887211
251536431
182550182
139949886
167435526
215640848
263049491
191756411
214912726
251274340
214101483
190843397
183702824
249575561
263047544
178831452
214909159
198523447
167970787
179758121
198571418
214000441
196839445
113527215
190252181
179805618
250339440
262839111
263073428
199976783
236147255
262053185
248592525
209405905
160796244
247346482
178780445
89801345
255407023
247936525
204756898
260275966
253626952
252867639
203760057
76527972
252869791
252560878
215217571
259489547
225941643
190468662
192710223
257866720
252385616
253089115
247921273
207749470
247932961
169216787
214106788
242616583
250078777
180749834
184878671
248808224
58708351
261995670
253264080
253151894
249304462
225175194
207344561
261995923
236074463
198572166
230294585
258667806
247930974
253235363
227696610
217103829
251445050
253240510
215260571
163723064
252868836
259479854
215141194
53805783
199839965
206946067
248807300
252720163
216182621
140221876
185005895
242087983
209601934
137375729
201106773
262725544
169377715
253412138
252560797
248989619
249579345
142401323
174151656
189476103
230011597
247943420
214000455
216867176
213912408
198572230
213728105
251887632
250076656
35771109
185507977
108957010
146274092
252871791
183487931
170324877
193129909
252673485
231774887
189466588
249644218
32220041
206605384
129138372
262301364
214154664
253263909
242824278
251817979
252560953
186884321
252720131
252561402
257867961
169543674
177941792
249588823
199975245
190543428
214046870
186582931
180950866
136812870
164223273
204802841
206762968
254189132
251924933
35772547
247941203
242618270
215217610
176522646
260811258
115254242
172905882
177977170
67694213
129138289
137751468
236066272
184879902
151983974
246855778
173280806
251917507
262036293
208271092
190502316
84566340
169377711
212557733
248268082
214910545
192170894
195653748
192949816
202961762
84565480
72851589
249287162
249680256
247921019
257859785
214593837
173449325
252387236
192032371
207193398
205708126
251924907
251848974
254188129
255758652
260812071
190252004
253235378
190550430
199973702
186163112
190108291
181991023
252387285
247415678
216285757
262465700
179758076
261973998
262982429
221808888
252858773
263253595
263243772
135017969
252872683
255839890
260300893
130771577
203144164
199969343
207368052
101262204
52112474
261803662
207515291
199973121
181153132
189266891
199975078
196523718
253093789
77222292
215746200
263277334
153364300
207640395
203092356
194451370
189476193
225953917
216462248
262636251
262693191
201291865
225953891
205524186
98128120
206795464
263117482
120471847
36313872
22648783
199737844
206206045
145207612
217751209
253182634
251824685
254189047
260810618
253619382
247925870
242432201
212561838
35773599
242430585
225947035
184431874
206205068
261799681
215122901
214933058
197652282
194455100
178057571
209870733
263277941
263277939
186157329
137259351
195855537
195855535
247415618
248561768
260795253
202529701
247415676
225953903
225953919
189465507
215221572
262463164
219161765
179970116
196531755
197635246
213883133
205524303
68544755
217777320
263104256
263256137
263097284
263048984
58709251
102758052
179216270
210513700
253129540
252714288
248782713
252877616
196523321
105283897
249610723
257868739
172025063
183364865
253235370
117315658
248347181
196562337
200032095
185882315
201114909
202062903
105366565
204953258
261952090
225953895
225953889
247319498
262636267
203763645
214578601
247722563
262055745
253058734
214189486
253248187
251881638
254189073
248264118
214154729
206205110
199969311
186369212
248789030
252559511
72910482
207779661
247716918
251900164
253182547
208686857
263253674
192624385
192127973
183364743
263254224
79377596
247933091
215746204
190843459
101870246
189468766
217613749
181675017
248499366
263395244
137432900
251446712
242101694
163170856
198571204
195855484
247415668
253709647
191823494
247415743
190720520
262465764
179757995
182300945
57865423
225953913
50410131
242430712
260928551
225953905
177887825
87635064
263293719
99039068
208191810
248978400
252876481
248247875
263073291
252062249
198889583
168900739
192950113
198495006
36710455
262037879
248537208
199975647
199975545
199977064
186879712
213842933
184878170
184879022
189263968
128805407
215377808
212556401
14810713
263277336
195469995
207639595
172906049
227054946
249952930
241654029
203278203
225953887
225953885
225953909
178096227
215913947
174042363
241837957
259057603
193512221
187301621
253365035
251926815
252876882
251384751
207503055
48754577
35772006
199969320
186209398
163026571
254085223
215206354
178107512
35772004
69337673
253235353
199976952
203933629
206205086
201385831
127692361
260933351
115254279
212558516
174493864
198520407
200721857
198724096
177267247
113494067
207652132